nsga-ii 0.1 metric-min-ed-value 1.3609504094939167 0 
nsga-ii 0.1 metric-min-ed-solution 1.4839422667990696;0.5176724255292285;1.5176724255292284;0.5248015253471241;0.4981446428201925;1.5176724255292284;1.5389498611837362 0 
r-nsga-ii 0.1 metric-min-ed-value 1.355853437864582 0 
r-nsga-ii 0.1 metric-min-ed-solution 1.4707655941651223;0.5183846417841701;1.51838464178417;0.5237109234824436;0.4771395976987213;1.51838464178417;1.555531333715324 0 
nsga-iii 0.1 metric-min-ed-value 1.3658660923301478 0 
nsga-iii 0.1 metric-min-ed-solution 1.4883180076607683;0.5200640394068;1.5200640394068001;0.5255777630872447;0.4906540151450094;1.5200640394068001;1.5465917513916412 0 
nautilus-1 0.1 metric-min-ed-value 1.233710659893812 0 
nautilus-1 0.1 metric-min-ed-solution 1.4815289066137485;0.4447642007313953;1.429422679507521;0.4791187148907738;0.48099104723069086;1.4755765256613673;1.4699709674740942 0 
nautilus-2 0.1 metric-min-ed-value 1.1282810820946907 0 
nautilus-2 0.1 metric-min-ed-solution 1.437896226866815;0.39389529315999894;1.4000146639852522;0.4428374768710903;0.4376873528562368;1.435912099882688;1.4340567390742245 0 
nautilus-3 0.1 metric-min-ed-value 1.0598539983156552 0 
nautilus-3 0.1 metric-min-ed-solution 1.400587157940099;0.4005871579400991;1.400587157940099;0.4005871579400991;0.4005871579400991;1.400587157940099;1.400587157940099 0 
nsga-ii 0.2 metric-min-ed-value 1.3575398933777247 0 
nsga-ii 0.2 metric-min-ed-solution 1.4548792976304699;0.5203554881066604;1.5203554881066603;0.5263284435175595;0.46132832673616514;1.5203554881066603;1.5777927216452676 0 
r-nsga-ii 0.2 metric-min-ed-value 1.355853437864582 0 
r-nsga-ii 0.2 metric-min-ed-solution 1.4707655941651223;0.5183846417841701;1.51838464178417;0.5237109234824436;0.4771395976987213;1.51838464178417;1.555531333715324 0 
nsga-iii 0.2 metric-min-ed-value 1.3658660923301478 0 
nsga-iii 0.2 metric-min-ed-solution 1.4883180076607683;0.5200640394068;1.5200640394068001;0.5255777630872447;0.4906540151450094;1.5200640394068001;1.5465917513916412 0 
nautilus-1 0.2 metric-min-ed-value 1.2240088860933958 0 
nautilus-1 0.2 metric-min-ed-solution 1.4827622346451237;0.43561004043410567;1.4030308549137438;0.4859776817281143;0.48269601489134817;1.4748257267086156;1.4672463804272322 0 
nautilus-2 0.2 metric-min-ed-value 1.1047305580965032 0 
nautilus-2 0.2 metric-min-ed-solution 1.441864480835069;0.3434751250927721;1.3538608178314062;0.4604898120216748;0.44123785880333427;1.435912099882688;1.4303854932191795 0 
nautilus-3 0.2 metric-min-ed-value 1.031881753427329 0 
nautilus-3 0.2 metric-min-ed-solution 1.402571284924226;0.33616138763197584;1.3441769015298426;0.4358877397112691;0.4020073603189381;1.400587157940099;1.3989686517029285 0 
nsga-ii 0.3 metric-min-ed-value 1.3575398933777247 0 
nsga-ii 0.3 metric-min-ed-solution 1.4548792976304699;0.5203554881066604;1.5203554881066603;0.5263284435175595;0.46132832673616514;1.5203554881066603;1.5777927216452676 0 
r-nsga-ii 0.3 metric-min-ed-value 1.355853437864582 0 
r-nsga-ii 0.3 metric-min-ed-solution 1.4707655941651223;0.5183846417841701;1.51838464178417;0.5237109234824436;0.4771395976987213;1.51838464178417;1.555531333715324 0 
nsga-iii 0.3 metric-min-ed-value 1.3658660923301478 0 
nsga-iii 0.3 metric-min-ed-solution 1.4883180076607683;0.5200640394068;1.5200640394068001;0.5255777630872447;0.4906540151450094;1.5200640394068001;1.5465917513916412 0 
nautilus-1 0.3 metric-min-ed-value 1.2240088860933958 0 
nautilus-1 0.3 metric-min-ed-solution 1.4827622346451237;0.43561004043410567;1.4030308549137438;0.4859776817281143;0.48269601489134817;1.4748257267086156;1.4672463804272322 0 
nautilus-2 0.3 metric-min-ed-value 1.0800585725861553 0 
nautilus-2 0.3 metric-min-ed-solution 1.4478168617874498;0.29585607747372444;1.2871941511647393;0.4748211633854047;0.4476583570576688;1.435912099882688;1.4243851774130842 0 
nautilus-3 0.3 metric-min-ed-value 0.9706561392079215 0 
nautilus-3 0.3 metric-min-ed-solution 1.402571284924226;0.2885423400129283;1.2621256194785606;0.425564713064713;0.40295416190483074;1.3551326124855536;1.3981791364652845 0 
nsga-ii 0.4 metric-min-ed-value 1.3575398933777247 0 
nsga-ii 0.4 metric-min-ed-solution 1.4548792976304699;0.5203554881066604;1.5203554881066603;0.5263284435175595;0.46132832673616514;1.5203554881066603;1.5777927216452676 0 
r-nsga-ii 0.4 metric-min-ed-value 1.355853437864582 0 
r-nsga-ii 0.4 metric-min-ed-solution 1.4707655941651223;0.5183846417841701;1.51838464178417;0.5237109234824436;0.4771395976987213;1.51838464178417;1.555531333715324 0 
nsga-iii 0.4 metric-min-ed-value 1.3658660923301478 0 
nsga-iii 0.4 metric-min-ed-solution 1.4883180076607683;0.5200640394068;1.5200640394068001;0.5255777630872447;0.4906540151450094;1.5200640394068001;1.5465917513916412 0 
nautilus-1 0.4 metric-min-ed-value 1.2240088860933958 0 
nautilus-1 0.4 metric-min-ed-solution 1.4827622346451237;0.43561004043410567;1.4030308549137438;0.4859776817281143;0.48269601489134817;1.4748257267086156;1.4672463804272322 0 
nautilus-2 0.4 metric-min-ed-value 1.0765651759399169 0 
nautilus-2 0.4 metric-min-ed-solution 1.4537692427398308;0.2846515956810074;1.266681330651919;0.47982849251425086;0.45259947783404614;1.435912099882688;1.4193322798921622 0 
nautilus-3 0.4 metric-min-ed-value 0.9430677065230234 0 
nautilus-3 0.4 metric-min-ed-solution 1.404555411908353;0.22411656970480504;1.205715363068304;0.43122303622303626;0.4048773526261752;1.3551326124855536;1.3964422029424677 0 
nsga-ii 0.5 metric-min-ed-value 1.3575398933777247 0 
nsga-ii 0.5 metric-min-ed-solution 1.4548792976304699;0.5203554881066604;1.5203554881066603;0.5263284435175595;0.46132832673616514;1.5203554881066603;1.5777927216452676 0 
r-nsga-ii 0.5 metric-min-ed-value 1.355853437864582 0 
r-nsga-ii 0.5 metric-min-ed-solution 1.4707655941651223;0.5183846417841701;1.51838464178417;0.5237109234824436;0.4771395976987213;1.51838464178417;1.555531333715324 0 
nsga-iii 0.5 metric-min-ed-value 1.3658660923301478 0 
nsga-iii 0.5 metric-min-ed-solution 1.4883180076607683;0.5200640394068;1.5200640394068001;0.5255777630872447;0.4906540151450094;1.5200640394068001;1.5465917513916412 0 
nautilus-1 0.5 metric-min-ed-value 1.2240088860933958 0 
nautilus-1 0.5 metric-min-ed-solution 1.4827622346451237;0.43561004043410567;1.4030308549137438;0.4859776817281143;0.48269601489134817;1.4748257267086156;1.4672463804272322 0 
nautilus-2 0.5 metric-min-ed-value 1.0765651759399169 0 
nautilus-2 0.5 metric-min-ed-solution 1.4537692427398308;0.2846515956810074;1.266681330651919;0.47982849251425086;0.45259947783404614;1.435912099882688;1.4193322798921622 0 
nautilus-3 0.5 metric-min-ed-value 0.9310366961546305 0 
nautilus-3 0.5 metric-min-ed-solution 1.40653953889248;0.17649752208575736;1.1544333117862529;0.4468124001737448;0.4063567301041325;1.3551326124855536;1.3945473663721217 0 
nsga-ii 0.6 metric-min-ed-value 1.3575398933777247 0 
nsga-ii 0.6 metric-min-ed-solution 1.4548792976304699;0.5203554881066604;1.5203554881066603;0.5263284435175595;0.46132832673616514;1.5203554881066603;1.5777927216452676 0 
r-nsga-ii 0.6 metric-min-ed-value 1.355853437864582 0 
r-nsga-ii 0.6 metric-min-ed-solution 1.4707655941651223;0.5183846417841701;1.51838464178417;0.5237109234824436;0.4771395976987213;1.51838464178417;1.555531333715324 0 
nsga-iii 0.6 metric-min-ed-value 1.3658660923301478 0 
nsga-iii 0.6 metric-min-ed-solution 1.4883180076607683;0.5200640394068;1.5200640394068001;0.5255777630872447;0.4906540151450094;1.5200640394068001;1.5465917513916412 0 
nautilus-1 0.6 metric-min-ed-value 1.2240088860933958 0 
nautilus-1 0.6 metric-min-ed-solution 1.4827622346451237;0.43561004043410567;1.4030308549137438;0.4859776817281143;0.48269601489134817;1.4748257267086156;1.4672463804272322 0 
nautilus-2 0.6 metric-min-ed-value 1.0765651759399169 0 
nautilus-2 0.6 metric-min-ed-solution 1.4537692427398308;0.2846515956810074;1.266681330651919;0.47982849251425086;0.45259947783404614;1.435912099882688;1.4193322798921622 0 
nautilus-3 0.6 metric-min-ed-value 0.9256021849770408 0 
nautilus-3 0.6 metric-min-ed-solution 1.410507792860734;0.1372818358112476;1.1134076707606118;0.45751861609704747;0.4099664111503482;1.3551326124855536;1.3911524508502522 0 
nsga-ii 0.7 metric-min-ed-value 1.3575398933777247 0 
nsga-ii 0.7 metric-min-ed-solution 1.4548792976304699;0.5203554881066604;1.5203554881066603;0.5263284435175595;0.46132832673616514;1.5203554881066603;1.5777927216452676 0 
r-nsga-ii 0.7 metric-min-ed-value 1.355853437864582 0 
r-nsga-ii 0.7 metric-min-ed-solution 1.4707655941651223;0.5183846417841701;1.51838464178417;0.5237109234824436;0.4771395976987213;1.51838464178417;1.555531333715324 0 
nsga-iii 0.7 metric-min-ed-value 1.3658660923301478 0 
nsga-iii 0.7 metric-min-ed-solution 1.4883180076607683;0.5200640394068;1.5200640394068001;0.5255777630872447;0.4906540151450094;1.5200640394068001;1.5465917513916412 0 
nautilus-1 0.7 metric-min-ed-value 1.2240088860933958 0 
nautilus-1 0.7 metric-min-ed-solution 1.4827622346451237;0.43561004043410567;1.4030308549137438;0.4859776817281143;0.48269601489134817;1.4748257267086156;1.4672463804272322 0 
nautilus-2 0.7 metric-min-ed-value 1.0765651759399169 0 
nautilus-2 0.7 metric-min-ed-solution 1.4537692427398308;0.2846515956810074;1.266681330651919;0.47982849251425086;0.45259947783404614;1.435912099882688;1.4193322798921622 0 
nautilus-3 0.7 metric-min-ed-value 0.922506928906228 0 
nautilus-3 0.7 metric-min-ed-solution 1.4144760468289879;0.10086726998491707;1.0723820297349707;0.46475252317498306;0.414197430737306;1.3551326124855536;1.3874812049952072 0 
nsga-ii 0.8 metric-min-ed-value 1.3575398933777247 0 
nsga-ii 0.8 metric-min-ed-solution 1.4548792976304699;0.5203554881066604;1.5203554881066603;0.5263284435175595;0.46132832673616514;1.5203554881066603;1.5777927216452676 0 
r-nsga-ii 0.8 metric-min-ed-value 1.355853437864582 0 
r-nsga-ii 0.8 metric-min-ed-solution 1.4707655941651223;0.5183846417841701;1.51838464178417;0.5237109234824436;0.4771395976987213;1.51838464178417;1.555531333715324 0 
nsga-iii 0.8 metric-min-ed-value 1.3658660923301478 0 
nsga-iii 0.8 metric-min-ed-solution 1.4883180076607683;0.5200640394068;1.5200640394068001;0.5255777630872447;0.4906540151450094;1.5200640394068001;1.5465917513916412 0 
nautilus-1 0.8 metric-min-ed-value 1.2240088860933958 0 
nautilus-1 0.8 metric-min-ed-solution 1.4827622346451237;0.43561004043410567;1.4030308549137438;0.4859776817281143;0.48269601489134817;1.4748257267086156;1.4672463804272322 0 
nautilus-2 0.8 metric-min-ed-value 1.0765651759399169 0 
nautilus-2 0.8 metric-min-ed-solution 1.4537692427398308;0.2846515956810074;1.266681330651919;0.47982849251425086;0.45259947783404614;1.435912099882688;1.4193322798921622 0 
nautilus-3 0.8 metric-min-ed-value 0.922506928906228 0 
nautilus-3 0.8 metric-min-ed-solution 1.4144760468289879;0.10086726998491707;1.0723820297349707;0.46475252317498306;0.414197430737306;1.3551326124855536;1.3874812049952072 0 
nsga-ii 0.9 metric-min-ed-value 1.3575398933777247 0 
nsga-ii 0.9 metric-min-ed-solution 1.4548792976304699;0.5203554881066604;1.5203554881066603;0.5263284435175595;0.46132832673616514;1.5203554881066603;1.5777927216452676 0 
r-nsga-ii 0.9 metric-min-ed-value 1.355853437864582 0 
r-nsga-ii 0.9 metric-min-ed-solution 1.4707655941651223;0.5183846417841701;1.51838464178417;0.5237109234824436;0.4771395976987213;1.51838464178417;1.555531333715324 0 
nsga-iii 0.9 metric-min-ed-value 1.3658660923301478 0 
nsga-iii 0.9 metric-min-ed-solution 1.4883180076607683;0.5200640394068;1.5200640394068001;0.5255777630872447;0.4906540151450094;1.5200640394068001;1.5465917513916412 0 
nautilus-1 0.9 metric-min-ed-value 1.2240088860933958 0 
nautilus-1 0.9 metric-min-ed-solution 1.4827622346451237;0.43561004043410567;1.4030308549137438;0.4859776817281143;0.48269601489134817;1.4748257267086156;1.4672463804272322 0 
nautilus-2 0.9 metric-min-ed-value 1.0765651759399169 0 
nautilus-2 0.9 metric-min-ed-solution 1.4537692427398308;0.2846515956810074;1.266681330651919;0.47982849251425086;0.45259947783404614;1.435912099882688;1.4193322798921622 0 
nautilus-3 0.9 metric-min-ed-value 0.922506928906228 0 
nautilus-3 0.9 metric-min-ed-solution 1.4144760468289879;0.10086726998491707;1.0723820297349707;0.46475252317498306;0.414197430737306;1.3551326124855536;1.3874812049952072 0 
nsga-ii 1.0 metric-min-ed-value 1.3575398933777247 0 
nsga-ii 1.0 metric-min-ed-solution 1.4548792976304699;0.5203554881066604;1.5203554881066603;0.5263284435175595;0.46132832673616514;1.5203554881066603;1.5777927216452676 0 
r-nsga-ii 1.0 metric-min-ed-value 1.355853437864582 0 
r-nsga-ii 1.0 metric-min-ed-solution 1.4707655941651223;0.5183846417841701;1.51838464178417;0.5237109234824436;0.4771395976987213;1.51838464178417;1.555531333715324 0 
nsga-iii 1.0 metric-min-ed-value 1.3658660923301478 0 
nsga-iii 1.0 metric-min-ed-solution 1.4883180076607683;0.5200640394068;1.5200640394068001;0.5255777630872447;0.4906540151450094;1.5200640394068001;1.5465917513916412 0 
nautilus-1 1.0 metric-min-ed-value 1.2240088860933958 0 
nautilus-1 1.0 metric-min-ed-solution 1.4827622346451237;0.43561004043410567;1.4030308549137438;0.4859776817281143;0.48269601489134817;1.4748257267086156;1.4672463804272322 0 
nautilus-2 1.0 metric-min-ed-value 1.0765651759399169 0 
nautilus-2 1.0 metric-min-ed-solution 1.4537692427398308;0.2846515956810074;1.266681330651919;0.47982849251425086;0.45259947783404614;1.435912099882688;1.4193322798921622 0 
nautilus-3 1.0 metric-min-ed-value 0.922506928906228 0 
nautilus-3 1.0 metric-min-ed-solution 1.4144760468289879;0.10086726998491707;1.0723820297349707;0.46475252317498306;0.414197430737306;1.3551326124855536;1.3874812049952072 0 
