0.10294117647058823 0.0 0.0 0.588972138972139 0.10310166570936244 0.0 0.8958608542492295
0.014705882352941176 0.679245283018868 0.2666666666666667 1.0 0.01751866743251005 0.1428571428571429 0.980625275209159
0.029411764705882353 0.4056603773584906 0.06666666666666665 0.5714285714285714 0.035611717403790925 0.0 0.9641127256715103
0.04411764705882353 0.23584905660377353 0.026666666666666616 0.6007326007326007 0.048248133256748996 0.0 0.9480405107881991
0.058823529411764705 0.09433962264150941 0.0 0.5567765567765567 0.06031016657093624 0.0 0.9381329810656098
0.07352941176470588 0.047169811320754707 0.0 0.5802780552780553 0.0749569213095922 0.0 0.924262439453985
0.08823529411764706 0.009433962264150941 0.0 0.5696891996891996 0.08788052843193567 0.0 0.9125935711140467
0.10294117647058823 0.0 0.0 0.5873515373515373 0.10166570936243538 0.0 0.8956406869220608
0.04411764705882353 0.23584905660377353 0.040000000000000036 0.5366300366300366 0.04767375071797817 0.0 0.9542051959489212
0.10294117647058823 0.0 0.0 0.5833388833388834 0.09994256174612291 0.0 0.89740202553941
0.10294117647058823 0.0 0.0 0.5834609834609834 0.10022975301550832 0.0 0.8982826948480845
0.07352941176470588 0.047169811320754707 0.013333333333333308 0.5616550116550116 0.07265939115450891 0.0 0.9266842800528402