0.10294117647058823 0.0 0.0 0.6068217496788924 0.10511200459506032 0.0 0.8949801849405549
0.014705882352941176 0.679245283018868 0.4 1.0 0.018667432510051693 0.2142857142857143 0.9826067811536768
0.10294117647058823 0.0 0.0 0.6103578960721817 0.10568638713383113 0.0 0.8940995156318803
0.029411764705882353 0.39622641509433965 0.07999999999999996 0.5714285714285714 0.03331418724870764 0.0 0.9656538969616909
0.04411764705882353 0.21698113207547165 0.040000000000000036 0.5512820512820512 0.04595060310166571 0.0 0.9504623513870541
0.058823529411764705 0.07547169811320753 0.026666666666666616 0.5395299145299145 0.05973578403216542 0.0 0.9390136503742844
0.07352941176470588 0.037735849056603765 0.0 0.5735680985680986 0.07639287765651924 0.0 0.924922941435491
0.08823529411764706 0.009433962264150941 0.0 0.5904595404595405 0.0910396323951752 0.0 0.9110523998238662
0.10294117647058823 0.0 0.0 0.5912880770023629 0.10453762205628948 0.0 0.8985028621752532
0.10294117647058823 0.0 0.0 0.6081204509775939 0.10425043078690407 0.0 0.8980625275209159
0.10294117647058823 0.0 0.0 0.6122052550623979 0.10511200459506032 0.0 0.8969616908850726
0.10294117647058823 0.0 0.0 0.6003004931576361 0.10683515221137277 0.0 0.896081021576398