0.10294117647058823 0.0 0.0 0.5948995448995449 0.10281447443997703 0.0 0.8969616908850726
0.014705882352941176 0.6886792452830188 0.4 1.0 0.01694428489373923 0.2142857142857143 0.9834874504623514
0.10294117647058823 0.0 0.0 0.5888278388278388 0.10310166570936244 0.0 0.8971818582122413
0.029411764705882353 0.4056603773584906 0.12 0.5 0.03388856978747846 0.0 0.9658740642888596
0.04411764705882353 0.21698113207547165 0.040000000000000036 0.5512820512820512 0.04623779437105112 0.0 0.9513430206957287
0.058823529411764705 0.07547169811320753 0.0 0.5598290598290598 0.06031016657093624 0.0 0.9381329810656098
0.07352941176470588 0.028301886792452824 0.013333333333333308 0.5652680652680653 0.07553130384836301 0.0 0.924922941435491
0.058823529411764705 0.07547169811320753 0.026666666666666616 0.5395299145299145 0.05973578403216542 0.0 0.9390136503742844
0.08823529411764706 0.009433962264150941 0.0 0.5809634809634809 0.08960367604824813 0.0 0.9108322324966975
0.10294117647058823 0.0 0.0 0.5893606393606393 0.10109132682366456 0.0 0.8985028621752532
0.10294117647058823 0.0 0.0 0.593906093906094 0.10396323951751867 0.0 0.8960810215763981
0.08823529411764706 0.009433962264150941 0.013333333333333308 0.5884615384615385 0.08989086731763354 0.0 0.9101717305151915