nsga-ii 0.1 metric-min-ed-value 1.1505244540611677 0 
nsga-ii 0.1 metric-min-ed-solution 0.4348958333333333;0.4348958333333333;1.4348958333333333;1.434152884699435;1.433387824412003;1.4348958333333333;1.4368698231150332 0 
r-nsga-ii 0.1 metric-min-ed-value 1.1483295620940062 0 
r-nsga-ii 0.1 metric-min-ed-solution 0.4340277777777778;0.4340277777777778;1.4340277777777777;1.4340277777777777;1.4340277777777777;1.4340277777777777;1.4340277777777777 0 
nsga-iii 0.1 metric-min-ed-value 0.7237666159109185 0 
nsga-iii 0.1 metric-min-ed-solution 0.2803819444444444;0.270965524534687;1.2661406765676568;1.2677690522245957;1.278639497161395;1.2760416666666667;1.2746482621148782 0 
nautilus-1 0.1 metric-min-ed-value 0.20210600292854503 0 
nautilus-1 0.1 metric-min-ed-solution 0.0763888888888889;0.0763888888888889;1.0763888888888888;1.0763888888888888;1.0763888888888888;1.0763888888888888;1.0763888888888888 0 
nautilus-2 0.1 metric-min-ed-value 0.17224943431410109 0 
nautilus-2 0.1 metric-min-ed-solution 0.06510416666666667;0.06510416666666667;1.0651041666666667;1.0651041666666667;1.0651041666666667;1.0651041666666667;1.0651041666666667 0 
nautilus-3 0.1 metric-min-ed-value 0.170972308907547 0 
nautilus-3 0.1 metric-min-ed-solution 0.06597222222222222;0.06597222222222222;1.0659722222222223;1.055839997682389;1.0647556772100568;1.0659722222222223;1.0671624219435414 0 
nsga-ii 0.2 metric-min-ed-value 1.1505244540611677 0 
nsga-ii 0.2 metric-min-ed-solution 0.4348958333333333;0.4348958333333333;1.4348958333333333;1.434152884699435;1.433387824412003;1.4348958333333333;1.4368698231150332 0 
r-nsga-ii 0.2 metric-min-ed-value 1.1483295620940062 0 
r-nsga-ii 0.2 metric-min-ed-solution 0.4340277777777778;0.4340277777777778;1.4340277777777777;1.4340277777777777;1.4340277777777777;1.4340277777777777;1.4340277777777777 0 
nsga-iii 0.2 metric-min-ed-value 0.7237666159109185 0 
nsga-iii 0.2 metric-min-ed-solution 0.2803819444444444;0.270965524534687;1.2661406765676568;1.2677690522245957;1.278639497161395;1.2760416666666667;1.2746482621148782 0 
nautilus-1 0.2 metric-min-ed-value 0.20210600292854503 0 
nautilus-1 0.2 metric-min-ed-solution 0.0763888888888889;0.0763888888888889;1.0763888888888888;1.0763888888888888;1.0763888888888888;1.0763888888888888;1.0763888888888888 0 
nautilus-2 0.2 metric-min-ed-value 0.17224943431410109 0 
nautilus-2 0.2 metric-min-ed-solution 0.06510416666666667;0.06510416666666667;1.0651041666666667;1.0651041666666667;1.0651041666666667;1.0651041666666667;1.0651041666666667 0 
nautilus-3 0.2 metric-min-ed-value 0.170972308907547 0 
nautilus-3 0.2 metric-min-ed-solution 0.06597222222222222;0.06597222222222222;1.0659722222222223;1.055839997682389;1.0647556772100568;1.0659722222222223;1.0671624219435414 0 
nsga-ii 0.3 metric-min-ed-value 1.1505244540611677 0 
nsga-ii 0.3 metric-min-ed-solution 0.4348958333333333;0.4348958333333333;1.4348958333333333;1.434152884699435;1.433387824412003;1.4348958333333333;1.4368698231150332 0 
r-nsga-ii 0.3 metric-min-ed-value 1.1483295620940062 0 
r-nsga-ii 0.3 metric-min-ed-solution 0.4340277777777778;0.4340277777777778;1.4340277777777777;1.4340277777777777;1.4340277777777777;1.4340277777777777;1.4340277777777777 0 
nsga-iii 0.3 metric-min-ed-value 0.7237666159109185 0 
nsga-iii 0.3 metric-min-ed-solution 0.2803819444444444;0.270965524534687;1.2661406765676568;1.2677690522245957;1.278639497161395;1.2760416666666667;1.2746482621148782 0 
nautilus-1 0.3 metric-min-ed-value 0.20210600292854503 0 
nautilus-1 0.3 metric-min-ed-solution 0.0763888888888889;0.0763888888888889;1.0763888888888888;1.0763888888888888;1.0763888888888888;1.0763888888888888;1.0763888888888888 0 
nautilus-2 0.3 metric-min-ed-value 0.17224943431410109 0 
nautilus-2 0.3 metric-min-ed-solution 0.06510416666666667;0.06510416666666667;1.0651041666666667;1.0651041666666667;1.0651041666666667;1.0651041666666667;1.0651041666666667 0 
nautilus-3 0.3 metric-min-ed-value 0.170972308907547 0 
nautilus-3 0.3 metric-min-ed-solution 0.06597222222222222;0.06597222222222222;1.0659722222222223;1.055839997682389;1.0647556772100568;1.0659722222222223;1.0671624219435414 0 
nsga-ii 0.4 metric-min-ed-value 1.1505244540611677 0 
nsga-ii 0.4 metric-min-ed-solution 0.4348958333333333;0.4348958333333333;1.4348958333333333;1.434152884699435;1.433387824412003;1.4348958333333333;1.4368698231150332 0 
r-nsga-ii 0.4 metric-min-ed-value 1.1483295620940062 0 
r-nsga-ii 0.4 metric-min-ed-solution 0.4340277777777778;0.4340277777777778;1.4340277777777777;1.4340277777777777;1.4340277777777777;1.4340277777777777;1.4340277777777777 0 
nsga-iii 0.4 metric-min-ed-value 0.7237666159109185 0 
nsga-iii 0.4 metric-min-ed-solution 0.2803819444444444;0.270965524534687;1.2661406765676568;1.2677690522245957;1.278639497161395;1.2760416666666667;1.2746482621148782 0 
nautilus-1 0.4 metric-min-ed-value 0.20210600292854503 0 
nautilus-1 0.4 metric-min-ed-solution 0.0763888888888889;0.0763888888888889;1.0763888888888888;1.0763888888888888;1.0763888888888888;1.0763888888888888;1.0763888888888888 0 
nautilus-2 0.4 metric-min-ed-value 0.17224943431410109 0 
nautilus-2 0.4 metric-min-ed-solution 0.06510416666666667;0.06510416666666667;1.0651041666666667;1.0651041666666667;1.0651041666666667;1.0651041666666667;1.0651041666666667 0 
nautilus-3 0.4 metric-min-ed-value 0.170972308907547 0 
nautilus-3 0.4 metric-min-ed-solution 0.06597222222222222;0.06597222222222222;1.0659722222222223;1.055839997682389;1.0647556772100568;1.0659722222222223;1.0671624219435414 0 
nsga-ii 0.5 metric-min-ed-value 1.1505244540611677 0 
nsga-ii 0.5 metric-min-ed-solution 0.4348958333333333;0.4348958333333333;1.4348958333333333;1.434152884699435;1.433387824412003;1.4348958333333333;1.4368698231150332 0 
r-nsga-ii 0.5 metric-min-ed-value 1.1483295620940062 0 
r-nsga-ii 0.5 metric-min-ed-solution 0.4340277777777778;0.4340277777777778;1.4340277777777777;1.4340277777777777;1.4340277777777777;1.4340277777777777;1.4340277777777777 0 
nsga-iii 0.5 metric-min-ed-value 0.7237666159109185 0 
nsga-iii 0.5 metric-min-ed-solution 0.2803819444444444;0.270965524534687;1.2661406765676568;1.2677690522245957;1.278639497161395;1.2760416666666667;1.2746482621148782 0 
nautilus-1 0.5 metric-min-ed-value 0.20210600292854503 0 
nautilus-1 0.5 metric-min-ed-solution 0.0763888888888889;0.0763888888888889;1.0763888888888888;1.0763888888888888;1.0763888888888888;1.0763888888888888;1.0763888888888888 0 
nautilus-2 0.5 metric-min-ed-value 0.17224943431410109 0 
nautilus-2 0.5 metric-min-ed-solution 0.06510416666666667;0.06510416666666667;1.0651041666666667;1.0651041666666667;1.0651041666666667;1.0651041666666667;1.0651041666666667 0 
nautilus-3 0.5 metric-min-ed-value 0.170972308907547 0 
nautilus-3 0.5 metric-min-ed-solution 0.06597222222222222;0.06597222222222222;1.0659722222222223;1.055839997682389;1.0647556772100568;1.0659722222222223;1.0671624219435414 0 
nsga-ii 0.6 metric-min-ed-value 1.1505244540611677 0 
nsga-ii 0.6 metric-min-ed-solution 0.4348958333333333;0.4348958333333333;1.4348958333333333;1.434152884699435;1.433387824412003;1.4348958333333333;1.4368698231150332 0 
r-nsga-ii 0.6 metric-min-ed-value 1.1483295620940062 0 
r-nsga-ii 0.6 metric-min-ed-solution 0.4340277777777778;0.4340277777777778;1.4340277777777777;1.4340277777777777;1.4340277777777777;1.4340277777777777;1.4340277777777777 0 
nsga-iii 0.6 metric-min-ed-value 0.7237666159109185 0 
nsga-iii 0.6 metric-min-ed-solution 0.2803819444444444;0.270965524534687;1.2661406765676568;1.2677690522245957;1.278639497161395;1.2760416666666667;1.2746482621148782 0 
nautilus-1 0.6 metric-min-ed-value 0.20210600292854503 0 
nautilus-1 0.6 metric-min-ed-solution 0.0763888888888889;0.0763888888888889;1.0763888888888888;1.0763888888888888;1.0763888888888888;1.0763888888888888;1.0763888888888888 0 
nautilus-2 0.6 metric-min-ed-value 0.17224943431410109 0 
nautilus-2 0.6 metric-min-ed-solution 0.06510416666666667;0.06510416666666667;1.0651041666666667;1.0651041666666667;1.0651041666666667;1.0651041666666667;1.0651041666666667 0 
nautilus-3 0.6 metric-min-ed-value 0.170972308907547 0 
nautilus-3 0.6 metric-min-ed-solution 0.06597222222222222;0.06597222222222222;1.0659722222222223;1.055839997682389;1.0647556772100568;1.0659722222222223;1.0671624219435414 0 
nsga-ii 0.7 metric-min-ed-value 1.1505244540611677 0 
nsga-ii 0.7 metric-min-ed-solution 0.4348958333333333;0.4348958333333333;1.4348958333333333;1.434152884699435;1.433387824412003;1.4348958333333333;1.4368698231150332 0 
r-nsga-ii 0.7 metric-min-ed-value 1.1483295620940062 0 
r-nsga-ii 0.7 metric-min-ed-solution 0.4340277777777778;0.4340277777777778;1.4340277777777777;1.4340277777777777;1.4340277777777777;1.4340277777777777;1.4340277777777777 0 
nsga-iii 0.7 metric-min-ed-value 0.7237666159109185 0 
nsga-iii 0.7 metric-min-ed-solution 0.2803819444444444;0.270965524534687;1.2661406765676568;1.2677690522245957;1.278639497161395;1.2760416666666667;1.2746482621148782 0 
nautilus-1 0.7 metric-min-ed-value 0.20210600292854503 0 
nautilus-1 0.7 metric-min-ed-solution 0.0763888888888889;0.0763888888888889;1.0763888888888888;1.0763888888888888;1.0763888888888888;1.0763888888888888;1.0763888888888888 0 
nautilus-2 0.7 metric-min-ed-value 0.17224943431410109 0 
nautilus-2 0.7 metric-min-ed-solution 0.06510416666666667;0.06510416666666667;1.0651041666666667;1.0651041666666667;1.0651041666666667;1.0651041666666667;1.0651041666666667 0 
nautilus-3 0.7 metric-min-ed-value 0.170972308907547 0 
nautilus-3 0.7 metric-min-ed-solution 0.06597222222222222;0.06597222222222222;1.0659722222222223;1.055839997682389;1.0647556772100568;1.0659722222222223;1.0671624219435414 0 
nsga-ii 0.8 metric-min-ed-value 1.1505244540611677 0 
nsga-ii 0.8 metric-min-ed-solution 0.4348958333333333;0.4348958333333333;1.4348958333333333;1.434152884699435;1.433387824412003;1.4348958333333333;1.4368698231150332 0 
r-nsga-ii 0.8 metric-min-ed-value 1.1483295620940062 0 
r-nsga-ii 0.8 metric-min-ed-solution 0.4340277777777778;0.4340277777777778;1.4340277777777777;1.4340277777777777;1.4340277777777777;1.4340277777777777;1.4340277777777777 0 
nsga-iii 0.8 metric-min-ed-value 0.7237666159109185 0 
nsga-iii 0.8 metric-min-ed-solution 0.2803819444444444;0.270965524534687;1.2661406765676568;1.2677690522245957;1.278639497161395;1.2760416666666667;1.2746482621148782 0 
nautilus-1 0.8 metric-min-ed-value 0.20210600292854503 0 
nautilus-1 0.8 metric-min-ed-solution 0.0763888888888889;0.0763888888888889;1.0763888888888888;1.0763888888888888;1.0763888888888888;1.0763888888888888;1.0763888888888888 0 
nautilus-2 0.8 metric-min-ed-value 0.17224943431410109 0 
nautilus-2 0.8 metric-min-ed-solution 0.06510416666666667;0.06510416666666667;1.0651041666666667;1.0651041666666667;1.0651041666666667;1.0651041666666667;1.0651041666666667 0 
nautilus-3 0.8 metric-min-ed-value 0.170972308907547 0 
nautilus-3 0.8 metric-min-ed-solution 0.06597222222222222;0.06597222222222222;1.0659722222222223;1.055839997682389;1.0647556772100568;1.0659722222222223;1.0671624219435414 0 
nsga-ii 0.9 metric-min-ed-value 1.1505244540611677 0 
nsga-ii 0.9 metric-min-ed-solution 0.4348958333333333;0.4348958333333333;1.4348958333333333;1.434152884699435;1.433387824412003;1.4348958333333333;1.4368698231150332 0 
r-nsga-ii 0.9 metric-min-ed-value 1.1483295620940062 0 
r-nsga-ii 0.9 metric-min-ed-solution 0.4340277777777778;0.4340277777777778;1.4340277777777777;1.4340277777777777;1.4340277777777777;1.4340277777777777;1.4340277777777777 0 
nsga-iii 0.9 metric-min-ed-value 0.7237666159109185 0 
nsga-iii 0.9 metric-min-ed-solution 0.2803819444444444;0.270965524534687;1.2661406765676568;1.2677690522245957;1.278639497161395;1.2760416666666667;1.2746482621148782 0 
nautilus-1 0.9 metric-min-ed-value 0.20210600292854503 0 
nautilus-1 0.9 metric-min-ed-solution 0.0763888888888889;0.0763888888888889;1.0763888888888888;1.0763888888888888;1.0763888888888888;1.0763888888888888;1.0763888888888888 0 
nautilus-2 0.9 metric-min-ed-value 0.17224943431410109 0 
nautilus-2 0.9 metric-min-ed-solution 0.06510416666666667;0.06510416666666667;1.0651041666666667;1.0651041666666667;1.0651041666666667;1.0651041666666667;1.0651041666666667 0 
nautilus-3 0.9 metric-min-ed-value 0.170972308907547 0 
nautilus-3 0.9 metric-min-ed-solution 0.06597222222222222;0.06597222222222222;1.0659722222222223;1.055839997682389;1.0647556772100568;1.0659722222222223;1.0671624219435414 0 
nsga-ii 1.0 metric-min-ed-value 1.1505244540611677 0 
nsga-ii 1.0 metric-min-ed-solution 0.4348958333333333;0.4348958333333333;1.4348958333333333;1.434152884699435;1.433387824412003;1.4348958333333333;1.4368698231150332 0 
r-nsga-ii 1.0 metric-min-ed-value 1.1483295620940062 0 
r-nsga-ii 1.0 metric-min-ed-solution 0.4340277777777778;0.4340277777777778;1.4340277777777777;1.4340277777777777;1.4340277777777777;1.4340277777777777;1.4340277777777777 0 
nsga-iii 1.0 metric-min-ed-value 0.7237666159109185 0 
nsga-iii 1.0 metric-min-ed-solution 0.2803819444444444;0.270965524534687;1.2661406765676568;1.2677690522245957;1.278639497161395;1.2760416666666667;1.2746482621148782 0 
nautilus-1 1.0 metric-min-ed-value 0.20210600292854503 0 
nautilus-1 1.0 metric-min-ed-solution 0.0763888888888889;0.0763888888888889;1.0763888888888888;1.0763888888888888;1.0763888888888888;1.0763888888888888;1.0763888888888888 0 
nautilus-2 1.0 metric-min-ed-value 0.17224943431410109 0 
nautilus-2 1.0 metric-min-ed-solution 0.06510416666666667;0.06510416666666667;1.0651041666666667;1.0651041666666667;1.0651041666666667;1.0651041666666667;1.0651041666666667 0 
nautilus-3 1.0 metric-min-ed-value 0.170972308907547 0 
nautilus-3 1.0 metric-min-ed-solution 0.06597222222222222;0.06597222222222222;1.0659722222222223;1.055839997682389;1.0647556772100568;1.0659722222222223;1.0671624219435414 0 
