nsga-ii 0.1 metric-min-ed-value 1.2711632435433056 0 
nsga-ii 0.1 metric-min-ed-solution 0.48045454545454547;0.48045454545454547;1.4804545454545455;1.4804545454545455;1.4804545454545455;1.4804545454545455;1.4804545454545455 0 
r-nsga-ii 0.1 metric-min-ed-value 1.2694795836180823 0 
r-nsga-ii 0.1 metric-min-ed-solution 0.4798181818181818;0.4798181818181818;1.4798181818181817;1.4798181818181817;1.4798181818181817;1.4798181818181817;1.4798181818181817 0 
nsga-iii 0.1 metric-min-ed-value 1.1321410382891846 0 
nsga-iii 0.1 metric-min-ed-solution 0.4279090909090909;0.4279090909090909;1.427909090909091;1.427909090909091;1.427909090909091;1.427909090909091;1.427909090909091 0 
nautilus-1 0.1 metric-min-ed-value 0.911822110931442 0 
nautilus-1 0.1 metric-min-ed-solution 0.34463636363636363;0.34463636363636363;1.3446363636363636;1.3446363636363636;1.3446363636363636;1.3446363636363636;1.3446363636363636 0 
nautilus-2 0.1 metric-min-ed-value 0.9120626337779025 0 
nautilus-2 0.1 metric-min-ed-solution 0.3447272727272727;0.3447272727272727;1.3447272727272728;1.3447272727272728;1.3447272727272728;1.3447272727272728;1.3447272727272728 0 
nautilus-3 0.1 metric-min-ed-value 0.9161515221677295 0 
nautilus-3 0.1 metric-min-ed-solution 0.3462727272727273;0.3462727272727273;1.3462727272727273;1.3462727272727273;1.3462727272727273;1.3462727272727273;1.3462727272727273 0 
nsga-ii 0.2 metric-min-ed-value 1.2711632435433056 0 
nsga-ii 0.2 metric-min-ed-solution 0.48045454545454547;0.48045454545454547;1.4804545454545455;1.4804545454545455;1.4804545454545455;1.4804545454545455;1.4804545454545455 0 
r-nsga-ii 0.2 metric-min-ed-value 1.2694795836180823 0 
r-nsga-ii 0.2 metric-min-ed-solution 0.4798181818181818;0.4798181818181818;1.4798181818181817;1.4798181818181817;1.4798181818181817;1.4798181818181817;1.4798181818181817 0 
nsga-iii 0.2 metric-min-ed-value 1.1321410382891846 0 
nsga-iii 0.2 metric-min-ed-solution 0.4279090909090909;0.4279090909090909;1.427909090909091;1.427909090909091;1.427909090909091;1.427909090909091;1.427909090909091 0 
nautilus-1 0.2 metric-min-ed-value 0.911822110931442 0 
nautilus-1 0.2 metric-min-ed-solution 0.34463636363636363;0.34463636363636363;1.3446363636363636;1.3446363636363636;1.3446363636363636;1.3446363636363636;1.3446363636363636 0 
nautilus-2 0.2 metric-min-ed-value 0.9120626337779025 0 
nautilus-2 0.2 metric-min-ed-solution 0.3447272727272727;0.3447272727272727;1.3447272727272728;1.3447272727272728;1.3447272727272728;1.3447272727272728;1.3447272727272728 0 
nautilus-3 0.2 metric-min-ed-value 0.9161515221677295 0 
nautilus-3 0.2 metric-min-ed-solution 0.3462727272727273;0.3462727272727273;1.3462727272727273;1.3462727272727273;1.3462727272727273;1.3462727272727273;1.3462727272727273 0 
nsga-ii 0.3 metric-min-ed-value 1.2711632435433056 0 
nsga-ii 0.3 metric-min-ed-solution 0.48045454545454547;0.48045454545454547;1.4804545454545455;1.4804545454545455;1.4804545454545455;1.4804545454545455;1.4804545454545455 0 
r-nsga-ii 0.3 metric-min-ed-value 1.2694795836180823 0 
r-nsga-ii 0.3 metric-min-ed-solution 0.4798181818181818;0.4798181818181818;1.4798181818181817;1.4798181818181817;1.4798181818181817;1.4798181818181817;1.4798181818181817 0 
nsga-iii 0.3 metric-min-ed-value 1.1321410382891846 0 
nsga-iii 0.3 metric-min-ed-solution 0.4279090909090909;0.4279090909090909;1.427909090909091;1.427909090909091;1.427909090909091;1.427909090909091;1.427909090909091 0 
nautilus-1 0.3 metric-min-ed-value 0.911822110931442 0 
nautilus-1 0.3 metric-min-ed-solution 0.34463636363636363;0.34463636363636363;1.3446363636363636;1.3446363636363636;1.3446363636363636;1.3446363636363636;1.3446363636363636 0 
nautilus-2 0.3 metric-min-ed-value 0.9120626337779025 0 
nautilus-2 0.3 metric-min-ed-solution 0.3447272727272727;0.3447272727272727;1.3447272727272728;1.3447272727272728;1.3447272727272728;1.3447272727272728;1.3447272727272728 0 
nautilus-3 0.3 metric-min-ed-value 0.9161515221677295 0 
nautilus-3 0.3 metric-min-ed-solution 0.3462727272727273;0.3462727272727273;1.3462727272727273;1.3462727272727273;1.3462727272727273;1.3462727272727273;1.3462727272727273 0 
nsga-ii 0.4 metric-min-ed-value 1.2711632435433056 0 
nsga-ii 0.4 metric-min-ed-solution 0.48045454545454547;0.48045454545454547;1.4804545454545455;1.4804545454545455;1.4804545454545455;1.4804545454545455;1.4804545454545455 0 
r-nsga-ii 0.4 metric-min-ed-value 1.2694795836180823 0 
r-nsga-ii 0.4 metric-min-ed-solution 0.4798181818181818;0.4798181818181818;1.4798181818181817;1.4798181818181817;1.4798181818181817;1.4798181818181817;1.4798181818181817 0 
nsga-iii 0.4 metric-min-ed-value 1.1321410382891846 0 
nsga-iii 0.4 metric-min-ed-solution 0.4279090909090909;0.4279090909090909;1.427909090909091;1.427909090909091;1.427909090909091;1.427909090909091;1.427909090909091 0 
nautilus-1 0.4 metric-min-ed-value 0.911822110931442 0 
nautilus-1 0.4 metric-min-ed-solution 0.34463636363636363;0.34463636363636363;1.3446363636363636;1.3446363636363636;1.3446363636363636;1.3446363636363636;1.3446363636363636 0 
nautilus-2 0.4 metric-min-ed-value 0.9120626337779025 0 
nautilus-2 0.4 metric-min-ed-solution 0.3447272727272727;0.3447272727272727;1.3447272727272728;1.3447272727272728;1.3447272727272728;1.3447272727272728;1.3447272727272728 0 
nautilus-3 0.4 metric-min-ed-value 0.9161515221677295 0 
nautilus-3 0.4 metric-min-ed-solution 0.3462727272727273;0.3462727272727273;1.3462727272727273;1.3462727272727273;1.3462727272727273;1.3462727272727273;1.3462727272727273 0 
nsga-ii 0.5 metric-min-ed-value 1.2711632435433056 0 
nsga-ii 0.5 metric-min-ed-solution 0.48045454545454547;0.48045454545454547;1.4804545454545455;1.4804545454545455;1.4804545454545455;1.4804545454545455;1.4804545454545455 0 
r-nsga-ii 0.5 metric-min-ed-value 1.2694795836180823 0 
r-nsga-ii 0.5 metric-min-ed-solution 0.4798181818181818;0.4798181818181818;1.4798181818181817;1.4798181818181817;1.4798181818181817;1.4798181818181817;1.4798181818181817 0 
nsga-iii 0.5 metric-min-ed-value 1.1321410382891846 0 
nsga-iii 0.5 metric-min-ed-solution 0.4279090909090909;0.4279090909090909;1.427909090909091;1.427909090909091;1.427909090909091;1.427909090909091;1.427909090909091 0 
nautilus-1 0.5 metric-min-ed-value 0.911822110931442 0 
nautilus-1 0.5 metric-min-ed-solution 0.34463636363636363;0.34463636363636363;1.3446363636363636;1.3446363636363636;1.3446363636363636;1.3446363636363636;1.3446363636363636 0 
nautilus-2 0.5 metric-min-ed-value 0.9120626337779025 0 
nautilus-2 0.5 metric-min-ed-solution 0.3447272727272727;0.3447272727272727;1.3447272727272728;1.3447272727272728;1.3447272727272728;1.3447272727272728;1.3447272727272728 0 
nautilus-3 0.5 metric-min-ed-value 0.9161515221677295 0 
nautilus-3 0.5 metric-min-ed-solution 0.3462727272727273;0.3462727272727273;1.3462727272727273;1.3462727272727273;1.3462727272727273;1.3462727272727273;1.3462727272727273 0 
nsga-ii 0.6 metric-min-ed-value 1.2711632435433056 0 
nsga-ii 0.6 metric-min-ed-solution 0.48045454545454547;0.48045454545454547;1.4804545454545455;1.4804545454545455;1.4804545454545455;1.4804545454545455;1.4804545454545455 0 
r-nsga-ii 0.6 metric-min-ed-value 1.2694795836180823 0 
r-nsga-ii 0.6 metric-min-ed-solution 0.4798181818181818;0.4798181818181818;1.4798181818181817;1.4798181818181817;1.4798181818181817;1.4798181818181817;1.4798181818181817 0 
nsga-iii 0.6 metric-min-ed-value 1.1321410382891846 0 
nsga-iii 0.6 metric-min-ed-solution 0.4279090909090909;0.4279090909090909;1.427909090909091;1.427909090909091;1.427909090909091;1.427909090909091;1.427909090909091 0 
nautilus-1 0.6 metric-min-ed-value 0.911822110931442 0 
nautilus-1 0.6 metric-min-ed-solution 0.34463636363636363;0.34463636363636363;1.3446363636363636;1.3446363636363636;1.3446363636363636;1.3446363636363636;1.3446363636363636 0 
nautilus-2 0.6 metric-min-ed-value 0.9120626337779025 0 
nautilus-2 0.6 metric-min-ed-solution 0.3447272727272727;0.3447272727272727;1.3447272727272728;1.3447272727272728;1.3447272727272728;1.3447272727272728;1.3447272727272728 0 
nautilus-3 0.6 metric-min-ed-value 0.9161515221677295 0 
nautilus-3 0.6 metric-min-ed-solution 0.3462727272727273;0.3462727272727273;1.3462727272727273;1.3462727272727273;1.3462727272727273;1.3462727272727273;1.3462727272727273 0 
nsga-ii 0.7 metric-min-ed-value 1.2711632435433056 0 
nsga-ii 0.7 metric-min-ed-solution 0.48045454545454547;0.48045454545454547;1.4804545454545455;1.4804545454545455;1.4804545454545455;1.4804545454545455;1.4804545454545455 0 
r-nsga-ii 0.7 metric-min-ed-value 1.2694795836180823 0 
r-nsga-ii 0.7 metric-min-ed-solution 0.4798181818181818;0.4798181818181818;1.4798181818181817;1.4798181818181817;1.4798181818181817;1.4798181818181817;1.4798181818181817 0 
nsga-iii 0.7 metric-min-ed-value 1.1321410382891846 0 
nsga-iii 0.7 metric-min-ed-solution 0.4279090909090909;0.4279090909090909;1.427909090909091;1.427909090909091;1.427909090909091;1.427909090909091;1.427909090909091 0 
nautilus-1 0.7 metric-min-ed-value 0.911822110931442 0 
nautilus-1 0.7 metric-min-ed-solution 0.34463636363636363;0.34463636363636363;1.3446363636363636;1.3446363636363636;1.3446363636363636;1.3446363636363636;1.3446363636363636 0 
nautilus-2 0.7 metric-min-ed-value 0.9120626337779025 0 
nautilus-2 0.7 metric-min-ed-solution 0.3447272727272727;0.3447272727272727;1.3447272727272728;1.3447272727272728;1.3447272727272728;1.3447272727272728;1.3447272727272728 0 
nautilus-3 0.7 metric-min-ed-value 0.9161515221677295 0 
nautilus-3 0.7 metric-min-ed-solution 0.3462727272727273;0.3462727272727273;1.3462727272727273;1.3462727272727273;1.3462727272727273;1.3462727272727273;1.3462727272727273 0 
nsga-ii 0.8 metric-min-ed-value 1.2711632435433056 0 
nsga-ii 0.8 metric-min-ed-solution 0.48045454545454547;0.48045454545454547;1.4804545454545455;1.4804545454545455;1.4804545454545455;1.4804545454545455;1.4804545454545455 0 
r-nsga-ii 0.8 metric-min-ed-value 1.2694795836180823 0 
r-nsga-ii 0.8 metric-min-ed-solution 0.4798181818181818;0.4798181818181818;1.4798181818181817;1.4798181818181817;1.4798181818181817;1.4798181818181817;1.4798181818181817 0 
nsga-iii 0.8 metric-min-ed-value 1.1321410382891846 0 
nsga-iii 0.8 metric-min-ed-solution 0.4279090909090909;0.4279090909090909;1.427909090909091;1.427909090909091;1.427909090909091;1.427909090909091;1.427909090909091 0 
nautilus-1 0.8 metric-min-ed-value 0.911822110931442 0 
nautilus-1 0.8 metric-min-ed-solution 0.34463636363636363;0.34463636363636363;1.3446363636363636;1.3446363636363636;1.3446363636363636;1.3446363636363636;1.3446363636363636 0 
nautilus-2 0.8 metric-min-ed-value 0.9120626337779025 0 
nautilus-2 0.8 metric-min-ed-solution 0.3447272727272727;0.3447272727272727;1.3447272727272728;1.3447272727272728;1.3447272727272728;1.3447272727272728;1.3447272727272728 0 
nautilus-3 0.8 metric-min-ed-value 0.9161515221677295 0 
nautilus-3 0.8 metric-min-ed-solution 0.3462727272727273;0.3462727272727273;1.3462727272727273;1.3462727272727273;1.3462727272727273;1.3462727272727273;1.3462727272727273 0 
nsga-ii 0.9 metric-min-ed-value 1.2711632435433056 0 
nsga-ii 0.9 metric-min-ed-solution 0.48045454545454547;0.48045454545454547;1.4804545454545455;1.4804545454545455;1.4804545454545455;1.4804545454545455;1.4804545454545455 0 
r-nsga-ii 0.9 metric-min-ed-value 1.2694795836180823 0 
r-nsga-ii 0.9 metric-min-ed-solution 0.4798181818181818;0.4798181818181818;1.4798181818181817;1.4798181818181817;1.4798181818181817;1.4798181818181817;1.4798181818181817 0 
nsga-iii 0.9 metric-min-ed-value 1.1321410382891846 0 
nsga-iii 0.9 metric-min-ed-solution 0.4279090909090909;0.4279090909090909;1.427909090909091;1.427909090909091;1.427909090909091;1.427909090909091;1.427909090909091 0 
nautilus-1 0.9 metric-min-ed-value 0.911822110931442 0 
nautilus-1 0.9 metric-min-ed-solution 0.34463636363636363;0.34463636363636363;1.3446363636363636;1.3446363636363636;1.3446363636363636;1.3446363636363636;1.3446363636363636 0 
nautilus-2 0.9 metric-min-ed-value 0.9120626337779025 0 
nautilus-2 0.9 metric-min-ed-solution 0.3447272727272727;0.3447272727272727;1.3447272727272728;1.3447272727272728;1.3447272727272728;1.3447272727272728;1.3447272727272728 0 
nautilus-3 0.9 metric-min-ed-value 0.9161515221677295 0 
nautilus-3 0.9 metric-min-ed-solution 0.3462727272727273;0.3462727272727273;1.3462727272727273;1.3462727272727273;1.3462727272727273;1.3462727272727273;1.3462727272727273 0 
nsga-ii 1.0 metric-min-ed-value 1.2711632435433056 0 
nsga-ii 1.0 metric-min-ed-solution 0.48045454545454547;0.48045454545454547;1.4804545454545455;1.4804545454545455;1.4804545454545455;1.4804545454545455;1.4804545454545455 0 
r-nsga-ii 1.0 metric-min-ed-value 1.2694795836180823 0 
r-nsga-ii 1.0 metric-min-ed-solution 0.4798181818181818;0.4798181818181818;1.4798181818181817;1.4798181818181817;1.4798181818181817;1.4798181818181817;1.4798181818181817 0 
nsga-iii 1.0 metric-min-ed-value 1.1321410382891846 0 
nsga-iii 1.0 metric-min-ed-solution 0.4279090909090909;0.4279090909090909;1.427909090909091;1.427909090909091;1.427909090909091;1.427909090909091;1.427909090909091 0 
nautilus-1 1.0 metric-min-ed-value 0.911822110931442 0 
nautilus-1 1.0 metric-min-ed-solution 0.34463636363636363;0.34463636363636363;1.3446363636363636;1.3446363636363636;1.3446363636363636;1.3446363636363636;1.3446363636363636 0 
nautilus-2 1.0 metric-min-ed-value 0.9120626337779025 0 
nautilus-2 1.0 metric-min-ed-solution 0.3447272727272727;0.3447272727272727;1.3447272727272728;1.3447272727272728;1.3447272727272728;1.3447272727272728;1.3447272727272728 0 
nautilus-3 1.0 metric-min-ed-value 0.9161515221677295 0 
nautilus-3 1.0 metric-min-ed-solution 0.3462727272727273;0.3462727272727273;1.3462727272727273;1.3462727272727273;1.3462727272727273;1.3462727272727273;1.3462727272727273 0 
