0.5 0.0 0.0 0.6422606804959752 0.5054566341183228 0.0 0.4810656098634962
0.45588235294117646 0.0 0.0 0.663498735434219 0.4445720850086157 0.0 0.5270805812417438
0.5 0.0 0.0 0.6314726173014946 0.48190695002871914 0.0 0.5081461911052401
0.38235294117647056 0.0 0.0 0.6565601236370457 0.3897185525560023 0.0 0.5904887714663145
0.6176470588235294 0.0 0.0 0.6404807413518231 0.5985066053991959 0.0 0.38661382650814613
0.3235294117647059 0.009433962264150941 0.0 0.6612185313484009 0.3253877082136703 0.0 0.6560986349625715
0.7058823529411765 0.0 0.0 0.6439063989595926 0.7018954623779438 0.0 0.2917217084984588
0.35294117647058826 0.0 0.0 0.6348775620514746 0.34060884549109705 0.0 0.6433289299867899
0.36764705882352944 0.0 0.0 0.6305815665815659 0.35640436530729463 0.0 0.6292382210479965
0.5735294117647058 0.0 0.0 0.6621564894844262 0.5829982768523837 0.0 0.39189784236019387
0.4117647058823529 0.0 0.0 0.6378298802901973 0.39460080413555426 0.0 0.5847644209599296
0.4264705882352941 0.0 0.0 0.6357649192624554 0.41786329695577257 0.0 0.5653896961690885
0.5588235294117647 0.0 0.0 0.667810899389848 0.5605973578403216 0.0 0.4132540730955526
0.5 0.0 0.0 0.6602211217184485 0.4922458357265939 0.0 0.48018494055482175
0.4852941176470588 0.009433962264150941 0.0 0.6840536567809301 0.48449167145318783 0.0 0.48546895640686927
0.5147058823529411 0.0 0.0 0.6429952120708432 0.5235496840896037 0.0 0.46455306032584764
0.5294117647058824 0.018867924528301883 0.013333333333333308 0.6509941821846594 0.5134979896611143 0.0 0.46147071774548654
0.4264705882352941 0.0 0.0 0.638297895317599 0.4250430786904078 0.0 0.5592250110083663
0.5882352941176471 0.0 0.0 0.6551656036271439 0.585295807007467 0.0 0.39211800968736243
0.4852941176470588 0.0 0.0 0.6544882411359685 0.48535324526134405 0.0 0.49119330691325414
0.6470588235294118 0.0 0.0 0.6511842456345648 0.6372774267662263 0.0 0.3430206957287538
0.4264705882352941 0.0 0.0 0.6550994571930527 0.42647903503733486 0.0 0.5486569793042713
0.39705882352941174 0.0 0.0 0.6440511846494744 0.38598506605399197 0.0 0.5911492734478204
0.5147058823529411 0.0 0.0 0.6363959942951547 0.4991384261918438 0.0 0.4845882870981947
0.45588235294117646 0.0 0.0 0.6798168856233371 0.45261344055140723 0.0 0.5149713782474681
0.4117647058823529 0.0 0.0 0.6461261401737585 0.39546237794371053 0.0 0.5794804051078819
0.5 0.0 0.0 0.6592550646026586 0.5002871912693854 0.0 0.4742404227212682
0.5147058823529411 0.018867924528301883 0.013333333333333308 0.6550210667017399 0.5 0.0 0.47402025539409953
0.39705882352941174 0.0 0.0 0.65964173528276 0.38856978747846066 0.0 0.5836635843240864
0.7058823529411765 0.0 0.0 0.6504198470953809 0.7110855829982768 0.0 0.27586966094231613
0.6470588235294118 0.0 0.0 0.6479464275447385 0.6467547386559449 0.0 0.3377366798767062
0.5588235294117647 0.0 0.0 0.6470946865683722 0.5620333141872487 0.0 0.4196389255834434
0.5147058823529411 0.0 0.0 0.6482333539476407 0.5063182079264791 0.0 0.47247908410391903
0.4852941176470588 0.0 0.0 0.6314950621768805 0.4724296381390006 0.0 0.5127697049757816
0.4264705882352941 0.0 0.0 0.6621368095506016 0.4152785755313039 0.0 0.5546014971378247
0.39705882352941174 0.018867924528301883 0.013333333333333308 0.6804315817136319 0.3900057438253877 0.0 0.5772787318361956
0.45588235294117646 0.0 0.0 0.675521599069986 0.45893164847788626 0.0 0.5123293703214443
0.38235294117647056 0.0 0.0 0.6414944371867443 0.3756461803561172 0.0 0.6043593130779393
0.5147058823529411 0.0 0.0 0.6390614427589223 0.5068925904652498 0.0 0.47380008806693097
0.7352941176470589 0.0 0.0 0.6461633966940111 0.7469844916714532 0.0 0.246587406428886
0.5147058823529411 0.0 0.0 0.6713770170072704 0.5074669730040207 0.0 0.46213121972699256
0.5294117647058824 0.0 0.0 0.6449553268600895 0.525847214244687 0.0 0.45442536327608996
0.6764705882352942 0.0 0.0 0.6489854321738396 0.6700172314761631 0.0 0.31549977983267274
0.4264705882352941 0.018867924528301883 0.0 0.6886426928298843 0.4270534175761057 0.0 0.5405107881990312
0.5294117647058824 0.0 0.0 0.6505420857801822 0.5410683515221137 0.0 0.44187582562747685
0.38235294117647056 0.0 0.0 0.6552533107917717 0.371338311315336 0.0 0.6039189784236021
0.5147058823529411 0.0 0.0 0.65188849432547 0.5215393452039058 0.0 0.45838837516512554
0.3382352941176471 0.009433962264150941 0.0 0.664408604131924 0.3383113153360138 0.0 0.6409070893879347
0.4264705882352941 0.0 0.0 0.6515466061032557 0.4152785755313039 0.0 0.5574636723910172
0.45588235294117646 0.0 0.0 0.6454284305897204 0.4597932222860425 0.0 0.5195948921180098
0.5441176470588235 0.0 0.0 0.6406093906093918 0.5310166570936243 0.0 0.4531043593130779
0.5882352941176471 0.0 0.0 0.645296704719783 0.5829982768523837 0.0 0.39740202553940995
0.5588235294117647 0.0 0.0 0.6544659070974872 0.5634692705341757 0.0 0.41303390576838395
0.5147058823529411 0.018867924528301883 0.013333333333333308 0.6500270224639983 0.4974152785755313 0.0 0.47776309995596655
0.45588235294117646 0.0 0.0 0.6292319389093579 0.44514646754738657 0.0 0.5427124614707177
0.4852941176470588 0.0 0.0 0.6635009666259669 0.490235496840896 0.0 0.48392778511668877
0.7058823529411765 0.0 0.0 0.6473057281567941 0.7174037909247559 0.0 0.27586966094231613
0.4852941176470588 0.0 0.0 0.6481730390821303 0.4928202182653647 0.0 0.49097313958608546
0.5441176470588235 0.009433962264150941 0.0 0.6468382885049567 0.5436530729465824 0.0 0.43637164244826077
0.5147058823529411 0.0 0.0 0.6416347611305604 0.5043078690407812 0.0 0.47842360193747246
0.4411764705882353 0.0 0.0 0.6442115228322114 0.425904652498564 0.0 0.5504183179216204
0.5147058823529411 0.0 0.0 0.6584827590709953 0.5192418150488225 0.0 0.45684720387494493
0.6617647058823529 0.0 0.0 0.6485585962858712 0.6751866743251005 0.0 0.31946279172170844
0.5 0.018867924528301883 0.013333333333333308 0.650042164213288 0.488799540493969 0.0 0.4867899603698811
0.35294117647058826 0.0 0.0 0.6345440187831489 0.3385985066053992 0.0 0.6442095992954646
0.5 0.0 0.0 0.6329896880699022 0.4910970706490523 0.0 0.4953764861294584
0.4117647058823529 0.009433962264150941 0.0 0.6351819109755611 0.40350373348650204 0.0 0.5801409070893879
0.45588235294117646 0.0 0.0 0.6314468566081466 0.4491671453187823 0.0 0.5365477763099956
0.4411764705882353 0.0 0.0 0.6425691039484139 0.4322228604250431 0.0 0.5451343020695729
0.4411764705882353 0.0 0.0 0.6431078372457675 0.42619184376794944 0.0 0.5497578159401145
0.5294117647058824 0.0 0.0 0.6325619442286111 0.511200459506031 0.0 0.47534125935711147
0.3382352941176471 0.0 0.0 0.6547515944749142 0.3340034462952326 0.0 0.6459709379128138
0.4117647058823529 0.0 0.0 0.6395025462485773 0.3983342906375646 0.0 0.5825627476882431
0.5588235294117647 0.0 0.0 0.6412246991194374 0.5539919586444572 0.0 0.4282254513430208
0.5 0.0 0.0 0.6516996372611349 0.5103388856978748 0.0 0.47159841479524445
0.5 0.0 0.0 0.6385749425856379 0.47932222860425044 0.0 0.5026420079260239
0.36764705882352944 0.0 0.0 0.661763051763051 0.3721998851234922 0.0 0.6096433289299868
0.4411764705882353 0.009433962264150941 0.0 0.6774245932866615 0.44055140723721997 0.0 0.5303830911492735
0.6911764705882353 0.0 0.0 0.6485221685499222 0.6852383687535899 0.0 0.30140907089387925
0.4117647058823529 0.0 0.0 0.6431840499300808 0.40465249856404367 0.0 0.5752972258916776
0.4411764705882353 0.0 0.0 0.6404320838803591 0.42992533026995977 0.0 0.5477763099955967
0.4264705882352941 0.0 0.0 0.6534947264011295 0.4247558874210224 0.0 0.5501981505944519
0.5 0.0 0.0 0.6515822858068854 0.48994830557151064 0.0 0.48568912373403794
0.4264705882352941 0.0 0.0 0.6580745062272149 0.41929925330269957 0.0 0.555702333773668
0.5735294117647058 0.0 0.0 0.6436154264089496 0.5686387133831131 0.0 0.4150154117129018
0.5 0.0 0.0 0.6411555269844043 0.4939689833429064 0.0 0.4845882870981947
0.5441176470588235 0.0 0.0 0.656582606582608 0.5534175761056864 0.0 0.42624394539850285
0.39705882352941174 0.0 0.0 0.6707347258629303 0.39201608271108557 0.0 0.5797005724350508
0.5 0.0 0.0 0.6494511529270891 0.5045950603101665 0.0 0.47644209599295473