0.49518181818181817 0.0 0.0 0.4928947894366211 0.49172771921401187 0.0 0.5071461699296709
0.5058181818181818 0.0 0.0 0.49290681057115787 0.5047920355183644 0.0 0.49513628587720815
0.49163636363636365 0.0 0.0 0.49385911100760543 0.49073030135451634 0.0 0.5084523854780452
0.515 0.0 0.0 0.4940473594262021 0.5145290058544713 0.0 0.4848447063295952
0.48827272727272725 0.0 0.0 0.49384651388375345 0.4872943540147498 0.0 0.5122326553887093
0.5098181818181818 0.0 0.0 0.4939940127294086 0.509982752387444 0.0 0.4893259836532978
0.49827272727272726 0.0 0.0 0.493704756618887 0.49856174631005407 0.0 0.5009663562060446
0.5062727272727273 0.0 0.0 0.4932643388893752 0.5066861291756155 0.0 0.4940383957422547
0.5093636363636364 0.0 0.0 0.4936385778649102 0.5077771442697773 0.0 0.4908983083064048
0.5021818181818182 0.0 0.0 0.49250854574042296 0.4996563338177526 0.0 0.4996631819045798
0.5091818181818182 0.0 0.0 0.4935408784166366 0.5077264159975536 0.0 0.491067097509979
0.5018181818181818 0.0 0.0 0.4932626774445626 0.5018226453865137 0.0 0.49818209465881025
0.49127272727272725 0.0 0.0 0.4944270186771274 0.49182631782762964 0.0 0.5075886713552541
0.5078181818181818 0.0 0.0 0.49448104269329907 0.5076135277297884 0.0 0.49108838623835727
0.5033636363636363 0.0 0.0 0.4939407317913445 0.5035309735398474 0.0 0.4957399733890894
0.48963636363636365 0.0 0.0 0.49419213763511904 0.4893520642119899 0.0 0.5097403535449523
0.5087272727272727 0.0 0.0 0.4957854131828334 0.5096090779314868 0.0 0.48914502946207816
0.4999090909090909 0.0 0.0 0.4933496472272944 0.49860532975520394 0.0 0.5003231324843187
0.49945454545454543 0.0 0.0 0.49492274508129025 0.5003751034213719 0.0 0.4985120699486777
0.4880909090909091 0.0 0.0 0.49583004133378666 0.4902873220759438 0.0 0.5099045808781577
0.49945454545454543 0.0 0.0 0.4934989427166389 0.49799230359227614 0.0 0.5008781600456189
0.49118181818181816 0.0 0.0 0.4945322362865574 0.4919041964427335 0.0 0.5075126401824732
0.48854545454545456 0.0 0.0 0.4939387924045394 0.4872943540147498 0.0 0.511996958753088
0.5046363636363637 0.0 0.0 0.4935035510956214 0.5027593322158824 0.0 0.4957779889754791
0.49736363636363634 0.0 0.0 0.4934053550112648 0.496343991986362 0.0 0.5029720585440022
0.491 0.0 0.0 0.4946444844465811 0.49139334130696033 0.0 0.5075232845466631
0.4930909090909091 0.0 0.0 0.4936838320503776 0.49177058817645436 0.0 0.5071492111765818
0.5055454545454545 0.0 0.0 0.4932807708101789 0.5047891775875348 0.0 0.4946253563961208
0.5066363636363637 0.0 0.0 0.49481848780126686 0.5083322973334077 0.0 0.49136513970728035
0.49527272727272725 0.0 0.0 0.49437157796167264 0.4962196719952787 0.0 0.5030328834822266
0.5061818181818182 0.0 0.0 0.492795178144231 0.5047927500010717 0.0 0.49501311537730286
0.5068181818181818 0.0 0.0 0.4933146405077199 0.5062895912730224 0.0 0.4932704808971675
0.4894545454545455 0.0 0.0 0.49391841534919495 0.4892391759442246 0.0 0.5100399163657096
0.4974545454545454 0.0 0.0 0.4945612572189094 0.49812162496231105 0.0 0.5007337008173347
0.49627272727272725 0.0 0.0 0.4934550793737691 0.4932116997972298 0.0 0.5053685611100545
0.4899090909090909 0.0 0.0 0.4936631083515193 0.4878923760408227 0.0 0.5112412088956455
0.5079090909090909 0.0 0.0 0.49456998044182665 0.5068847553682658 0.0 0.4917605018057394
0.5004545454545455 0.0 0.0 0.49421566781444826 0.5003529544574433 0.0 0.4984482037635426
0.5049090909090909 0.0 0.0 0.49356829415442377 0.50341594182396 0.0 0.49546626116707804
0.5054545454545455 0.0 0.0 0.49431527520800694 0.5048234727574888 0.0 0.4936004561870364
0.4959090909090909 0.0 0.0 0.4942842799910612 0.4961482237245412 0.0 0.5025478045998851
0.49472727272727274 0.0 0.0 0.493400825861346 0.4926079619094979 0.0 0.5063630488500266
0.5000909090909091 0.0 0.0 0.49424202999600353 0.5007694978758429 0.0 0.49860634860292774
0.508 0.0 0.0 0.49382349503316186 0.5072105594828288 0.0 0.49165405816384733
0.5010909090909091 0.0 0.0 0.4944894986642646 0.501706899187919 0.0 0.49718608629537964
0.5021818181818182 0.0 0.0 0.49342918559926324 0.5005894482335844 0.0 0.49808933662801624
0.49672727272727274 0.0 0.0 0.49468371031450004 0.49721994778560374 0.0 0.5015639612241005
0.5054545454545455 0.0 0.0 0.4941531285833478 0.5048627693063945 0.0 0.4936704048659941
0.5062727272727273 0.0 0.0 0.49495804880741917 0.5078135828878534 0.0 0.4915172020528419
0.5075454545454545 0.0 0.0 0.49445073601642014 0.5081065207978771 0.0 0.49078882341760044
0.5039090909090909 0.0 0.0 0.4946483980118647 0.5041197072907244 0.0 0.49446873218019316
0.5012727272727273 0.0 0.0 0.49323337816361706 0.4999414124179952 0.0 0.4990716593803456
0.5073636363636363 0.0 0.0 0.4937042732487125 0.5066303995244403 0.0 0.4923748336818087
0.4959090909090909 0.0 0.0 0.49346263275739094 0.4942241217935802 0.0 0.5043299752898686
0.502 0.0 0.0 0.49250119976661044 0.4995105793454481 0.0 0.49984413609579825
0.5144545454545455 0.0 0.0 0.4947617564911337 0.5144275493100241 0.0 0.4842379775708038
0.502 0.0 0.0 0.49394679547190723 0.5021505929491988 0.0 0.49715567382626846
0.5044545454545455 0.0 0.0 0.49379309100774826 0.5044869514023153 0.0 0.4950252803649504
0.5097272727272727 0.0 0.0 0.4941352205959718 0.5100670613469143 0.0 0.48921801938794895
0.5083636363636364 0.0 0.0 0.49459513944701106 0.5090732159009556 0.0 0.48985059874548487
0.49863636363636366 0.0 0.0 0.4945796835718551 0.49916334074966384 0.0 0.4996555787873018
0.5075454545454545 0.0 0.0 0.49346013968225355 0.5055793954618917 0.0 0.4932218209465874
0.5045454545454545 0.0 0.0 0.49377473438375885 0.5032023114944549 0.0 0.4953324463029838
0.5065454545454545 0.0 0.0 0.4928209292071455 0.5041218507388465 0.0 0.49512260026610844
0.5010909090909091 0.0 0.0 0.4937886855745048 0.5004079696259112 0.0 0.49819425964645336
0.5045454545454545 0.0 0.0 0.49497019056132907 0.5055236658107164 0.0 0.49354419311917896
0.5037272727272727 0.0 0.0 0.49525535653779323 0.5048870617184452 0.0 0.49388481277323737
0.494 0.0 0.0 0.4938681835420001 0.4936446763178991 0.0 0.5054780459988581
0.4913636363636364 0.0 0.0 0.4942958074374749 0.4912547316617296 0.0 0.5078061205094073
0.5081818181818182 0.0 0.0 0.4952430334229305 0.5096726668924432 0.0 0.48923170499904933
0.5114545454545455 0.0 0.0 0.4944255790701148 0.5121233425787396 0.0 0.4869598935563575
0.496 0.0 0.0 0.49311469581005357 0.4927394267276549 0.0 0.5058323512640175
0.5033636363636363 0.0 0.0 0.49388518191271114 0.5033216301065865 0.0 0.49591332446302994
0.49654545454545457 0.0 0.0 0.49291953820602896 0.4944341797095485 0.0 0.5047207755179624
0.5113636363636364 0.0 0.0 0.4939065775081733 0.5109294419747159 0.0 0.48810340239498173
0.496 0.0 0.0 0.4947902126241949 0.49714206917049986 0.0 0.5016916935943734
0.5018181818181818 0.0 0.0 0.4943939397111748 0.5026535887751908 0.0 0.49667211556738333
0.5048181818181818 0.0 0.0 0.4944839730280336 0.504076838328282 0.0 0.4944337578407142
0.49654545454545457 0.0 0.0 0.493951780805692 0.4969434429778496 0.0 0.5020095038965972
0.4944545454545455 0.0 0.0 0.4938962182910035 0.4935732280471616 0.0 0.5051647975670025
0.5055454545454545 0.0 0.0 0.49391458862372206 0.5048384768943437 0.0 0.49385744155103517
0.5007272727272727 0.0 0.0 0.49366096023680534 0.5003593848018096 0.0 0.4987325603497428
0.4944545454545455 0.0 0.0 0.4928674081528821 0.49096393719982795 0.0 0.5080083634290056
0.5083636363636364 0.0 0.0 0.4938560950797989 0.5075377925628066 0.0 0.49127542292339865
0.5021818181818182 0.0 0.0 0.49301936387858214 0.5002550703265329 0.0 0.4986793385287961
0.5051818181818182 0.0 0.0 0.4941153239799944 0.505397202371511 0.0 0.49387416840904796
0.5030909090909091 0.0 0.0 0.4948893618836104 0.5038567776544104 0.0 0.4948002280935174
0.5046363636363637 0.0 0.0 0.4929170553310755 0.5031544411530607 0.0 0.49622809351834274
0.49663636363636365 0.0 0.0 0.4927257644393104 0.49366039493746133 0.0 0.5052104162706699
0.5103636363636364 0.0 0.0 0.49350110875996994 0.5092146834770158 0.0 0.49002699106633607
0.49854545454545457 0.0 0.0 0.4931033672150301 0.4969091478078956 0.0 0.5020718494582783
0.5024545454545455 0.0 0.0 0.49370943514784027 0.5016697460871354 0.0 0.4970005702337944
0.49554545454545457 0.0 0.0 0.49515290935445877 0.49681555057322946 0.0 0.5022543242729509
0.4974545454545454 0.0 0.0 0.49488093877830247 0.4989582842126472 0.0 0.49990496103402393
0.5081818181818182 0.0 0.0 0.4952088458364707 0.5093983055328112 0.0 0.4894476335297472
0.48954545454545456 0.0 0.0 0.4941897539972901 0.48926418283898276 0.0 0.509843755939934
0.5004545454545455 0.0 0.0 0.4939360389194881 0.5005515806500935 0.0 0.49864436418931746
0.49872727272727274 0.0 0.0 0.4943991229874268 0.49891112835396045 0.0 0.49993689412659104
0.5093636363636364 0.0 0.0 0.49446604788199827 0.5098319965361878 0.0 0.48911157574605524
0.49154545454545456 0.0 0.0 0.49360674215284933 0.49028946552406594 0.0 0.5088386238357715
0.49463636363636365 0.0 0.0 0.49239663018085345 0.49092321168550757 0.0 0.5083307356015966
0.5009090909090909 0.0 0.0 0.4926693001106449 0.49870535733423643 0.0 0.5007367420642467
0.5005454545454545 0.0 0.0 0.4929897529961525 0.4982688084000303 0.0 0.500686561490211
0.49554545454545457 0.0 0.0 0.49422931025655403 0.4954573189465095 0.0 0.5030389659760499
0.5023636363636363 0.0 0.0 0.49384148313433784 0.5023449322456048 0.0 0.49695495153012725
0.5092727272727273 0.0 0.0 0.4957942500511163 0.5100849234145985 0.0 0.4886858011784818
0.5043636363636363 0.0 0.0 0.49399449445130583 0.5036531500828085 0.0 0.4950252803649491
0.4949090909090909 0.0 0.0 0.49332259817219015 0.4926665494915027 0.0 0.5062596464550446
0.5015454545454545 0.0 0.0 0.49337694691394696 0.5000814510286408 0.0 0.49861699296711626
0.4900909090909091 0.0 0.0 0.4938938511590877 0.48920916767051487 0.0 0.5106131914084768
0.49118181818181816 0.0 0.0 0.4939147559246774 0.4903573413812666 0.0 0.5088675156814284
0.49754545454545457 0.0 0.0 0.49329091473987113 0.4945392086675326 0.0 0.5041216498764487