0.49254545454545456 0.0 0.0 0.49529535762772475 0.49314096600919965 0.0 0.5057608819616053
0.5049090909090909 0.0 0.0 0.4929673497905182 0.5037710397295254 0.0 0.4957810302223906
0.4958181818181818 0.0 0.0 0.4939760237214603 0.4969755946996815 0.0 0.5028777798897541
0.48854545454545456 0.0 0.0 0.4933165163804239 0.4868913857677903 0.0 0.5122083254134191
0.4948181818181818 0.0 0.0 0.4956634397619792 0.4968648498800384 0.0 0.5028671355255658
0.5047272727272727 0.0 0.0 0.4929249771063236 0.5034623831999394 0.0 0.49604713932712363
0.5087272727272727 0.0 0.0 0.4933404951044449 0.5065725264251429 0.0 0.49214521954001067
0.5020909090909091 0.0 0.0 0.4946022049383353 0.5032373211471163 0.0 0.49592853069758447
0.48827272727272725 0.0 0.0 0.4940996681541969 0.4874515402103723 0.0 0.5115270861053012
0.513 0.0 0.0 0.49361911231399647 0.5110680516199466 0.0 0.4877202052841647
0.48818181818181816 0.0 0.0 0.49333238550844927 0.48642197062904485 0.0 0.5126417030982698
0.488 0.0 0.0 0.4935398985954706 0.4863355182214525 0.0 0.5125565481847552
0.5096363636363637 0.0 0.0 0.4930468902209562 0.5079450477060103 0.0 0.4913408097319879
0.5050909090909091 0.0 0.0 0.4938715104706183 0.5045891224294698 0.0 0.4940536019768088
0.5024545454545455 0.0 0.0 0.49644971304578217 0.5045862644986403 0.0 0.49448697966166233
0.5007272727272727 0.0 0.0 0.4938896916135256 0.5003743889386645 0.0 0.49816688842425283
0.5009090909090909 0.0 0.0 0.4937179176923199 0.4998692496645504 0.0 0.4984390800228087
0.5047272727272727 0.0 0.0 0.4963105401825788 0.5065882450447052 0.0 0.49231248812012907
0.4954545454545455 0.0 0.0 0.4943176804524169 0.49611821545083146 0.0 0.5030146360007602
0.4934545454545455 0.0 0.0 0.4955889338395663 0.494191255589041 0.0 0.504486599505796
0.5144545454545455 0.0 0.0 0.4937082331462371 0.514290368630208 0.0 0.4853921307736154
0.5061818181818182 0.0 0.0 0.49326612936096975 0.5038817845491685 0.0 0.4948139137046188
0.4898181818181818 0.0 0.0 0.49445722753071425 0.48869474012120484 0.0 0.5100444782360749
0.5028181818181818 0.0 0.0 0.4942858688906516 0.5030722756417126 0.0 0.49570956091997653
0.511090909090909 0.0 0.0 0.4945107249946007 0.5110751964470204 0.0 0.4873476525375384
0.5065454545454545 0.0 0.0 0.4933251637284269 0.5055529596017188 0.0 0.49321421782930897
0.4890909090909091 0.0 0.0 0.493564820354498 0.4876594546782184 0.0 0.5113659000190075
0.48872727272727273 0.0 0.0 0.4946631052560581 0.48780949604676715 0.0 0.5105538870937079
0.5000909090909091 0.0 0.0 0.4945652197771412 0.5003693875597129 0.0 0.49809693974529334
0.5033636363636363 0.0 0.0 0.49368108212851786 0.502181315705616 0.0 0.4959543812963304
0.5048181818181818 0.0 0.0 0.49365604269673347 0.5042247362487086 0.0 0.49468618133434605
0.49272727272727274 0.0 0.0 0.4954209858802963 0.49295019912633053 0.0 0.5055373503136295
0.499 0.0 0.0 0.4964938363690751 0.5012196219814892 0.0 0.4982550845846798
0.49463636363636365 0.0 0.0 0.4937442594919973 0.4953015617163018 0.0 0.504349743394791
0.49772727272727274 0.0 0.0 0.49404584306706334 0.49735141260376076 0.0 0.5013510739403156
0.48572727272727273 0.0 0.0 0.49371209696094603 0.4839448590825756 0.0 0.5149378445162516
0.492 0.0 0.0 0.49418653596398915 0.4917605854185511 0.0 0.5071583349173147
0.5026363636363637 0.0 0.0 0.4946834460593554 0.5037317431806198 0.0 0.4952883482227699
0.5004545454545455 0.0 0.0 0.4935866027937497 0.4996927724358287 0.0 0.49899714883101975
0.5032727272727273 0.0 0.0 0.49464640936425897 0.5043619169285246 0.0 0.4947530887663928
0.5 0.0 0.0 0.49390987222892463 0.5010545764760855 0.0 0.4987234366090093
0.5027272727272727 0.0 0.0 0.49372115086412627 0.5022591943207199 0.0 0.49658239878350063
0.5008181818181818 0.0 0.0 0.4936653073184057 0.4999464137969469 0.0 0.4986261167078493
0.4869090909090909 0.0 0.0 0.49375666054597084 0.48532238174239467 0.0 0.513494772856871
0.4939090909090909 0.0 0.0 0.4939426151270127 0.49433057971697913 0.0 0.5052408287397824
0.49536363636363634 0.0 0.0 0.4942217052095943 0.49656762507377034 0.0 0.5031302033833868
0.49663636363636365 0.0 0.0 0.4934086619433154 0.49554662928493143 0.0 0.5029811822847362
0.5008181818181818 0.0 0.0 0.492793101430096 0.49897185938408734 0.0 0.5003565862003411
0.5129090909090909 0.0 0.0 0.49378523603498836 0.5119654419004097 0.0 0.4871925489450655
0.494 0.0 0.0 0.4939649165978749 0.4927065605231157 0.0 0.5054369891655577
0.49927272727272726 0.0 0.0 0.49433560171350654 0.49927408556930697 0.0 0.49928150541722016
0.4949090909090909 0.0 0.0 0.4942931538541006 0.4955137630803922 0.0 0.5036396122410187
0.49463636363636365 0.0 0.0 0.49335120139647626 0.49265654673359943 0.0 0.5061440790724181
0.49763636363636365 0.0 0.0 0.49405437997722224 0.49871393112672496 0.0 0.5011518722676298
0.5071818181818182 0.0 0.0 0.49312770453508864 0.5050170975711875 0.0 0.49365976050180493
0.5116363636363637 0.0 0.0 0.4939232022225453 0.5107272433685287 0.0 0.487847937654437
0.4948181818181818 0.0 0.0 0.49365129608354635 0.4930130736045795 0.0 0.505645314578976
0.49636363636363634 0.0 0.0 0.49383525390299715 0.4951951037929029 0.0 0.5029857441551029
0.4964545454545455 0.0 0.0 0.4949736650634692 0.4961739451020067 0.0 0.5024352784641699
0.5072727272727273 0.0 0.0 0.4932320843216308 0.5063045954098773 0.0 0.49262269530507385
0.4934545454545455 0.0 0.0 0.49400724317040967 0.49398262663848747 0.0 0.5054932522334146
0.5023636363636363 0.0 0.0 0.49409023392539025 0.5032516108012638 0.0 0.4963786352404478
0.5016363636363637 0.0 0.0 0.49271379336973986 0.4998242372539857 0.0 0.49962820756510073
0.48954545454545456 0.0 0.0 0.49343595087310277 0.48801669603190595 0.0 0.5109948678958369
0.49472727272727274 0.0 0.0 0.49326786357932484 0.49344319219441934 0.0 0.5054461129062888
0.5053636363636363 0.0 0.0 0.49666010746789135 0.5078192987495124 0.0 0.4913894696825709
0.49763636363636365 0.0 0.0 0.4929842717158418 0.4957109603076277 0.0 0.5030222391180381
0.503 0.0 0.0 0.49522780909579767 0.5040682645357935 0.0 0.4944778559209264
0.4898181818181818 0.0 0.0 0.4940701723568395 0.4879859732754888 0.0 0.5102832161186082
0.5023636363636363 0.0 0.0 0.4937918171960719 0.5024413874111004 0.0 0.49645922828359557
0.49754545454545457 0.0 0.0 0.49368588853481643 0.4968955726364555 0.0 0.5017662041436983
0.49663636363636365 0.0 0.0 0.49415813566320393 0.49475784037598936 0.0 0.5033339669264381
0.48972727272727273 0.0 0.0 0.49511591816651757 0.4904552255121769 0.0 0.5086911233605778
0.48927272727272725 0.0 0.0 0.49357404263340326 0.48776448363620256 0.0 0.5112366470252789
0.4864545454545455 0.0 0.0 0.49445326407292123 0.4869092478354746 0.0 0.512918456567193
0.48863636363636365 0.0 0.0 0.4940448223820218 0.487235766432745 0.0 0.5115210036114799
0.49972727272727274 0.0 0.0 0.49294670172575933 0.49858818217022693 0.0 0.5009131343850958
0.502 0.0 0.0 0.49508291090937306 0.5032830480403883 0.0 0.4954814674016338
0.49618181818181817 0.0 0.0 0.4944832974159086 0.4972785353676085 0.0 0.5021661281125255
0.49554545454545457 0.0 0.0 0.49435763921723164 0.49623753406296306 0.0 0.5028793005132104
0.5058181818181818 0.0 0.0 0.49393636507705263 0.5058694754410858 0.0 0.49290096939745176
0.49418181818181817 0.0 0.0 0.4936841679058096 0.4948407203700449 0.0 0.5048834822277126
0.49727272727272726 0.0 0.0 0.49360657481750553 0.4964575947368346 0.0 0.5021706899828926
0.49754545454545457 0.0 0.0 0.49391163658364323 0.497367131223323 0.0 0.5011868466071085
0.5019090909090909 0.0 0.0 0.495053150768814 0.5023134950064804 0.0 0.4962174491541531
0.49754545454545457 0.0 0.0 0.4940938158016716 0.4972442401976545 0.0 0.5013662801748714
0.4883636363636364 0.0 0.0 0.4948051442737716 0.48798240086195194 0.0 0.5108032693404281
0.4860909090909091 0.0 0.0 0.49335297373383025 0.484128481138371 0.0 0.5148785402014822
0.494 0.0 0.0 0.4933708840634883 0.49263868466591504 0.0 0.5060726097700053
0.5015454545454545 0.0 0.0 0.493438624770465 0.5005272882380428 0.0 0.4982368371032113
0.49927272727272726 0.0 0.0 0.4943618124039245 0.4993855448716575 0.0 0.4991765823987826
0.5092727272727273 0.0 0.0 0.4933022093296581 0.5071848381053633 0.0 0.49157650636760875
0.49945454545454543 0.0 0.0 0.4936129289074655 0.49869392561091846 0.0 0.4999627447253365
0.48854545454545456 0.0 0.0 0.493445657018326 0.48722719264025655 0.0 0.5118889944877397
0.499 0.0 0.0 0.4946596210575672 0.4990904635135116 0.0 0.49908382436798937
0.4839090909090909 0.0 0.0 0.4934855640709951 0.48216365369308967 0.0 0.5169374643603879
0.5032727272727273 0.0 0.0 0.4936968760093556 0.5023042067312845 0.0 0.49586314388899355
0.5018181818181818 0.0 0.0 0.49378418797563184 0.5008730978684123 0.0 0.49763467021478736
0.4863636363636364 0.0 0.0 0.493746500183333 0.48532166725968734 0.0 0.5141455996958746
0.49718181818181817 0.0 0.0 0.49418990987865374 0.49686985125898997 0.0 0.5016886523474617
0.5023636363636363 0.0 0.0 0.49438136574574604 0.5025014039585199 0.0 0.49597262877779835
0.5052727272727273 0.0 0.0 0.4935149102369345 0.5043962120984786 0.0 0.49412507127922345
0.5001818181818182 0.0 0.0 0.4934936430752713 0.49935696556336245 0.0 0.49937274282455757
0.5001818181818182 0.0 0.0 0.4935666592828291 0.4996499034733862 0.0 0.49919178863333913
0.5063636363636363 0.0 0.0 0.4938353807393719 0.5061409788698884 0.0 0.4924843185706127
0.49981818181818183 0.0 0.0 0.4950816876876805 0.500154328264793 0.0 0.498358486979661
0.5006363636363637 0.0 0.0 0.49424634796662253 0.5018026398707072 0.0 0.4977745675727048
0.5040909090909091 0.0 0.0 0.4938899844809334 0.5036017073278776 0.0 0.4947546093898493
0.49418181818181817 0.0 0.0 0.4941057874046203 0.4935746570125763 0.0 0.5050096939745288
0.49918181818181817 0.0 0.0 0.4940189613510374 0.49996427586463127 0.0 0.49981524425014234
0.4949090909090909 0.0 0.0 0.4943302595333212 0.49450991487653023 0.0 0.503718684660709
0.491 0.0 0.0 0.4936410268083986 0.4896492890182579 0.0 0.50944991446493