0.5049090909090909 0.0 0.0 0.49440509405742905 0.5041004162576254 0.0 0.4943121079642657
0.49318181818181817 0.0 0.0 0.4926660651917751 0.49133046682871134 0.0 0.5079110435278461
0.49336363636363634 0.0 0.0 0.49396280803638487 0.49346534115834795 0.0 0.5055601596654619
0.49563636363636365 0.0 0.0 0.4938149734596724 0.4951700968981448 0.0 0.5037232465310784
0.4990909090909091 0.0 0.0 0.4943718402125605 0.4989925793826012 0.0 0.4996206044478234
0.5049090909090909 0.0 0.0 0.4943671242182646 0.5045555417422232 0.0 0.4940110245200521
0.49 0.0 0.0 0.4933746405593688 0.4887418959798916 0.0 0.5102984223531637
0.484 0.0 0.0 0.4949014254608561 0.48419278458203474 0.0 0.5144862193499327
0.495 0.0 0.0 0.4927614934439088 0.4939190376775311 0.0 0.5057243869986694
0.497 0.0 0.0 0.4949705921771819 0.49723423743975126 0.0 0.5009906861813345
0.4970909090909091 0.0 0.0 0.49358991497776566 0.4961853768253247 0.0 0.5026496863714125
0.49945454545454543 0.0 0.0 0.4944508493828976 0.49916834212861544 0.0 0.4992754229233982
0.4873636363636364 0.0 0.0 0.49414296131472374 0.486847087839933 0.0 0.5120821136666036
0.5 0.0 0.0 0.4927694704942365 0.4983488304632563 0.0 0.500832541341951
0.49454545454545457 0.0 0.0 0.49459198343610733 0.4941541024882575 0.0 0.5042296141417981
0.5071818181818182 0.0 0.0 0.49426083698023865 0.5082408435468636 0.0 0.4909591332446309
0.503 0.0 0.0 0.49544858016177135 0.5049999499862105 0.0 0.49378597224862264
0.49463636363636365 0.0 0.0 0.4950448798182061 0.49506721138828275 0.0 0.5033932712412086
0.5025454545454545 0.0 0.0 0.49352954691179174 0.5011567475032401 0.0 0.4977547994677829
0.508090909090909 0.0 0.0 0.4937352146102347 0.5068504601983118 0.0 0.49165405816384566
0.494 0.0 0.0 0.4934970253547082 0.49386545147447797 0.0 0.5054111385668112
0.48772727272727273 0.0 0.0 0.49356737127851286 0.48676277888046277 0.0 0.512818095419121
0.4929090909090909 0.0 0.0 0.49357017343230875 0.49152123371158046 0.0 0.5071720205284165
0.5074545454545455 0.0 0.0 0.4947307236662972 0.507567086353809 0.0 0.49123132484318577
0.5036363636363637 0.0 0.0 0.4938554129753765 0.5035831307774858 0.0 0.49546778179053363
0.4964545454545455 0.0 0.0 0.4938929358239428 0.49490430933100127 0.0 0.5035635810682373
0.49427272727272725 0.0 0.0 0.49517983203699134 0.49560235893610666 0.0 0.5035270861053027
0.49218181818181816 0.0 0.0 0.49495826588741804 0.49235003365213553 0.0 0.5060847747576503
0.5051818181818182 0.0 0.0 0.49459297696522164 0.5046512824250114 0.0 0.4937251473103975
0.5008181818181818 0.0 0.0 0.4944124655216564 0.5009802702745185 0.0 0.49770613951720133
0.49672727272727274 0.0 0.0 0.4948982444765561 0.49694772987409386 0.0 0.5013434708230374
0.5071818181818182 0.0 0.0 0.4928812074101036 0.5052278699698631 0.0 0.49409617943356754
0.5009090909090909 0.0 0.0 0.4942295726617835 0.5004794178966486 0.0 0.49804523854780436
0.49654545454545457 0.0 0.0 0.4935786213636797 0.49554805825034615 0.0 0.5034297662041425
0.5012727272727273 0.0 0.0 0.4944769794365448 0.5007380606367184 0.0 0.4976772476715452
0.5003636363636363 0.0 0.0 0.4944870486687857 0.5008981047631704 0.0 0.4977928150541717
0.49 0.0 0.0 0.49517282377701377 0.49075173583573756 0.0 0.5079080022809346
0.49127272727272725 0.0 0.0 0.49425653079900184 0.49048309033776455 0.0 0.5081817145029455
0.5055454545454545 0.0 0.0 0.4946173198722974 0.5056358395957743 0.0 0.49321117658239844
0.4853636363636364 0.0 0.0 0.4944138185088196 0.48407632390073263 0.0 0.5145075080783115
0.4860909090909091 0.0 0.0 0.4949719970966878 0.48621334167849134 0.0 0.5124683520243296
0.49436363636363634 0.0 0.0 0.49354845829476984 0.49437487764483634 0.0 0.5048834822277122
0.4970909090909091 0.0 0.0 0.4940965034644295 0.4964054374991962 0.0 0.5020277513780649
0.5029090909090909 0.0 0.0 0.4943274061662847 0.5026392991210433 0.0 0.49585706139517105
0.4959090909090909 0.0 0.0 0.49526985730993967 0.496572626452722 0.0 0.5019167458658049
0.48563636363636364 0.0 0.0 0.4945149019185998 0.48450787145598717 0.0 0.51406044478236
0.49454545454545457 0.0 0.0 0.4945781005732536 0.4947092555518879 0.0 0.5039042007222962
0.4949090909090909 0.0 0.0 0.49352279394135656 0.49452992039233673 0.0 0.5047162136475947
0.495 0.0 0.0 0.4930756694735864 0.4934324749538087 0.0 0.5053563961224106
0.5033636363636363 0.0 0.0 0.4936360067546615 0.5027336108384168 0.0 0.4962402585059874
0.5029090909090909 0.0 0.0 0.4935190542220027 0.5026128632608705 0.0 0.4965185325983651
0.5016363636363637 0.0 0.0 0.4947550200292722 0.5023127805237729 0.0 0.49619920167268516
0.5015454545454545 0.0 0.0 0.49432254008994353 0.5013253654221806 0.0 0.49730165367800727
0.489 0.0 0.0 0.49505538042243125 0.4891234297456299 0.0 0.5093039346131911
0.5028181818181818 0.0 0.0 0.49546293888875653 0.504076838328282 0.0 0.49442767534689247
0.49418181818181817 0.0 0.0 0.4939168004510751 0.49321527221076666 0.0 0.5050127352214405
0.49963636363636366 0.0 0.0 0.4928895700537607 0.49816235047663143 0.0 0.500897928150542
0.4968181818181818 0.0 0.0 0.4932944127072266 0.4963239864705555 0.0 0.5031575746055871
0.5075454545454545 0.0 0.0 0.49288626327831975 0.50546007684976 0.0 0.49382246721155676
0.48663636363636364 0.0 0.0 0.49435128815732343 0.48526951002204893 0.0 0.5133563961224095
0.49354545454545456 0.0 0.0 0.4926826796150749 0.49117828201204045 0.0 0.5075993157194452
0.506 0.0 0.0 0.4944538825215358 0.5058401816500835 0.0 0.49272457707660045
0.49472727272727274 0.0 0.0 0.4938834263758074 0.4949936196694231 0.0 0.5042235316479746
0.49672727272727274 0.0 0.0 0.49331947283413674 0.49604390924926445 0.0 0.5030252803649493
0.5055454545454545 0.0 0.0 0.4942395851796821 0.505385770648193 0.0 0.49349705379205544
0.493 0.0 0.0 0.495000505622427 0.49329600875670004 0.0 0.5052241018817704
0.5001818181818182 0.0 0.0 0.4939537941603377 0.500160044126452 0.0 0.498664132294241
0.4948181818181818 0.0 0.0 0.4940963518789679 0.4956616610008188 0.0 0.503777988975479
0.5039090909090909 0.0 0.0 0.49526385379618987 0.5050613954990447 0.0 0.49352138376734467
0.4974545454545454 0.0 0.0 0.4936798382384174 0.49706776296893285 0.0 0.5021007413039347
0.4949090909090909 0.0 0.0 0.49410452181967346 0.49490788174453815 0.0 0.503823607679148
0.5044545454545455 0.0 0.0 0.4933548305282368 0.5043919252022343 0.0 0.49466793385287977
0.5014545454545455 0.0 0.0 0.49407800454802414 0.5019419639986453 0.0 0.4969002090857253
0.49727272727272726 0.0 0.0 0.4940501919847305 0.4971527864111105 0.0 0.5014605588291199
0.49436363636363634 0.0 0.0 0.49360554878109736 0.4938554487165747 0.0 0.5052727618323511
0.5033636363636363 0.0 0.0 0.4954845718456909 0.5046327058746197 0.0 0.49388177152632573
0.49218181818181816 0.0 0.0 0.4934520471995051 0.49090606410053056 0.0 0.5078973579167457
0.49118181818181816 0.0 0.0 0.49519773238969766 0.492221426764808 0.0 0.5065363999239689
0.4999090909090909 0.0 0.0 0.49341380067409757 0.49887111732234746 0.0 0.50011784831781
0.49618181818181817 0.0 0.0 0.4941253344956194 0.4958631451242986 0.0 0.5027089906861812
0.4974545454545454 0.0 0.0 0.4939814881516331 0.49737284708498203 0.0 0.5013176202242927
0.49627272727272725 0.0 0.0 0.49348689597456347 0.4960560554552898 0.0 0.5033476525375401
0.49554545454545457 0.0 0.0 0.49467980105063936 0.4959224471890107 0.0 0.502637521383767
0.49963636363636366 0.0 0.0 0.49400926830787234 0.49943270073034424 0.0 0.4992252423493626
0.5053636363636363 0.0 0.0 0.49432914137250483 0.5050213844674317 0.0 0.4938893746436037
0.4934545454545455 0.0 0.0 0.49345342251535407 0.4931659729039578 0.0 0.5060999809922058
0.4918181818181818 0.0 0.0 0.49279203545062866 0.4896064200558154 0.0 0.5091609960083636
0.5032727272727273 0.0 0.0 0.49533292636917986 0.5045483969151494 0.0 0.4940596844706334
0.4930909090909091 0.0 0.0 0.49500483411390883 0.49336745702743756 0.0 0.505108534499144
0.49554545454545457 0.0 0.0 0.49422825183497143 0.4952779837869584 0.0 0.5032442501425582
0.4939090909090909 0.0 0.0 0.49385979118066187 0.49396833698433995 0.0 0.5052377874928717
0.49963636363636366 0.0 0.0 0.49383177168389225 0.49953487175749883 0.0 0.4994655008553506
0.502 0.0 0.0 0.49391100947837663 0.5020998646769752 0.0 0.4971100551226003
0.491 0.0 0.0 0.4949084305164861 0.49161840335978346 0.0 0.5071400874358485
0.4958181818181818 0.0 0.0 0.4936063008131055 0.4942076886913106 0.0 0.5044972438699855
0.4990909090909091 0.0 0.0 0.4930564921132614 0.4976336332731739 0.0 0.5010758410948489
0.49727272727272726 0.0 0.0 0.4927639322672185 0.49626396992313593 0.0 0.5033552556548184
0.49427272727272725 0.0 0.0 0.49407737792682105 0.49433486661322334 0.0 0.5046158524995248
0.5001818181818182 0.0 0.0 0.4930557214097285 0.4982652359864934 0.0 0.500488880440981
0.4988181818181818 0.0 0.0 0.4937381650042671 0.49855031458673604 0.0 0.5003626686941649
0.49018181818181816 0.0 0.0 0.49337990007052973 0.4889355207935902 0.0 0.5099669264398403
0.5015454545454545 0.0 0.0 0.49359628007889206 0.500988844067007 0.0 0.49768485078882363
0.4954545454545455 0.0 0.0 0.49426027990711696 0.49460065418036686 0.0 0.5040593043147688
0.5007272727272727 0.0 0.0 0.49519602257755957 0.5010510040625487 0.0 0.4971419882151682
0.5035454545454545 0.0 0.0 0.49255860446191047 0.5012482012897842 0.0 0.49807413039346127
0.5014545454545455 0.0 0.0 0.4932936549865784 0.5003751034213719 0.0 0.49842235316479777
0.48872727272727273 0.0 0.0 0.4940862572794179 0.48730650022077515 0.0 0.5113993537350319
0.4964545454545455 0.0 0.0 0.49477139324581326 0.49667622644529136 0.0 0.5018179053411902
0.49336363636363634 0.0 0.0 0.49402694081085596 0.4935517935659403 0.0 0.5053700817335106
0.4899090909090909 0.0 0.0 0.4937800739421711 0.48940350696692086 0.0 0.5097798897547994
0.4889090909090909 0.0 0.0 0.493755413359873 0.4885504146143151 0.0 0.51027561300133
0.5117272727272727 0.0 0.0 0.4943627872062698 0.51223480188109 0.0 0.48671507318000373