0.49227272727272725 0.0 0.0 0.495068623052874 0.49381186527142484 0.0 0.5058749287207744
0.5069090909090909 0.0 0.0 0.49308770433793014 0.5052785982420868 0.0 0.4943790153963117
0.5154545454545455 0.0 0.0 0.49500750989814796 0.5166667381149374 0.0 0.483232845466642
0.5102727272727273 0.0 0.0 0.49530347550373294 0.5114824515902242 0.0 0.48788595324082906
0.5139090909090909 0.0 0.0 0.49358090088870227 0.5127435135687411 0.0 0.4870359247291376
0.49654545454545457 0.0 0.0 0.4951636200840684 0.4970899119328615 0.0 0.5016354305265152
0.5083636363636364 0.0 0.0 0.49368752381447906 0.5065618091845323 0.0 0.4923459418361523
0.49936363636363634 0.0 0.0 0.49281850251785364 0.49683698505445073 0.0 0.502006462649685
0.5131818181818182 0.0 0.0 0.4946911470163446 0.5139488458960828 0.0 0.4857312298042199
0.5023636363636363 0.0 0.0 0.49457175563380174 0.5021555943281505 0.0 0.49649116137616334
0.4954545454545455 0.0 0.0 0.4932996082063711 0.4942098321394327 0.0 0.5048941265919016
0.487 0.0 0.0 0.49430349212448177 0.4871757498853255 0.0 0.5123086865614903
0.5006363636363637 0.0 0.0 0.4931381758565724 0.4991676276459081 0.0 0.5001072039536206
0.49672727272727274 0.0 0.0 0.4948863599619533 0.49653047197298683 0.0 0.5020779319521003
0.5141818181818182 0.0 0.0 0.4935305834625115 0.5130293066516911 0.0 0.4867348412849254
0.48963636363636365 0.0 0.0 0.49485957711604045 0.4910453882284687 0.0 0.5086896027371217
0.495 0.0 0.0 0.4936572051680119 0.4948049962346761 0.0 0.5046690743204705
0.5184545454545455 0.0 0.0 0.49443230919590525 0.518698726934712 0.0 0.4814187416840897
0.5059090909090909 0.0 0.0 0.49504267374885214 0.5073748905055251 0.0 0.4921345751758214
0.49354545454545456 0.0 0.0 0.49384138117697357 0.49340746805905056 0.0 0.5058369131343843
0.49572727272727274 0.0 0.0 0.4951145970898959 0.497092769863691 0.0 0.5021858962174486
0.4893636363636364 0.0 0.0 0.49381278101537895 0.48934349041950137 0.0 0.5101706899828926
0.49936363636363634 0.0 0.0 0.4949533936649399 0.5005179999628468 0.0 0.49856681239307976
0.4884545454545455 0.0 0.0 0.4942122209213927 0.4885818518534396 0.0 0.5108473674206422
0.5135454545454545 0.0 0.0 0.4934700559017782 0.5122126529171614 0.0 0.4876091997719051
0.49854545454545457 0.0 0.0 0.4942119961989518 0.4979508635952484 0.0 0.5006379015396314
0.49718181818181817 0.0 0.0 0.49350778036612064 0.4970491864185411 0.0 0.5027515681429381
0.501 0.0 0.0 0.4930998054041795 0.49880824284409847 0.0 0.49992016726857935
0.48663636363636364 0.0 0.0 0.49423862198966156 0.4868785250790575 0.0 0.5125048469872648
0.49836363636363634 0.0 0.0 0.49443171849979184 0.498058750484062 0.0 0.5006059684470634
0.49063636363636365 0.0 0.0 0.4950632115813067 0.49124758683465586 0.0 0.5078973579167457
0.49718181818181817 0.0 0.0 0.4931047310735782 0.4957624030625587 0.0 0.5035073180003797
0.49172727272727274 0.0 0.0 0.4941500386108235 0.4913611895851285 0.0 0.5077072799847924
0.5049090909090909 0.0 0.0 0.49462430815221803 0.5049292161981803 0.0 0.49399277703858524
0.5025454545454545 0.0 0.0 0.493814016816176 0.5011117350926756 0.0 0.4974932522334147
0.491 0.0 0.0 0.49395326887950836 0.49124472890382637 0.0 0.5083246531077734
0.4920909090909091 0.0 0.0 0.493362353385364 0.4905738296416012 0.0 0.5083930811632759
0.5031818181818182 0.0 0.0 0.4953359542654578 0.5039932438515191 0.0 0.4946816194639799
0.49754545454545457 0.0 0.0 0.49298686993416524 0.49583170788517406 0.0 0.5034540961794336
0.5084545454545455 0.0 0.0 0.4941343893437187 0.5088445814345955 0.0 0.4905394411708802
0.502 0.0 0.0 0.4947872357801028 0.5032266039065056 0.0 0.49610644364189205
0.5018181818181818 0.0 0.0 0.49440586351177446 0.5021734563958349 0.0 0.49699296711651686
0.4960909090909091 0.0 0.0 0.4946694068817978 0.49579169685356106 0.0 0.5029614141798138
0.5006363636363637 0.0 0.0 0.4954914787514012 0.5018483667639793 0.0 0.49686371412278996
0.4960909090909091 0.0 0.0 0.4943639862659313 0.49677339609349436 0.0 0.502727238167648
0.5006363636363637 0.0 0.0 0.49532109769952337 0.5021741708785422 0.0 0.4968743584869785
0.48863636363636365 0.0 0.0 0.49345654092154145 0.4871478850597379 0.0 0.5119969587530881
0.4948181818181818 0.0 0.0 0.49492026321976007 0.49578312306107253 0.0 0.5033294050560722
0.49854545454545457 0.0 0.0 0.4944549182198022 0.4983059615008138 0.0 0.5003839574225435
0.498 0.0 0.0 0.4938345662357388 0.4975578981061921 0.0 0.5014909712982322
0.4900909090909091 0.0 0.0 0.49519758900040234 0.49160268474022123 0.0 0.5080448583919398
0.5043636363636363 0.0 0.0 0.49401112157223426 0.5049034948207148 0.0 0.49460406766774423
0.49336363636363634 0.0 0.0 0.49416700522526447 0.4933231590995803 0.0 0.5058764493442302
0.49654545454545457 0.0 0.0 0.49365111323587385 0.496555478867745 0.0 0.5031864664512438
0.49736363636363634 0.0 0.0 0.4950768753291382 0.49775438085072027 0.0 0.500917696255464
0.4924545454545455 0.0 0.0 0.4932466195367512 0.4909489330629731 0.0 0.5080083634290047
0.49845454545454543 0.0 0.0 0.49440224115250175 0.49760219603404937 0.0 0.5008507888234177
0.5047272727272727 0.0 0.0 0.494511137605386 0.5053293265143104 0.0 0.4938483178103007
0.4914545454545455 0.0 0.0 0.4931610140490593 0.4905623979182832 0.0 0.5087990876259267
0.502 0.0 0.0 0.49262935449303663 0.5001693324016478 0.0 0.4995035164417414
0.49872727272727274 0.0 0.0 0.4943541109067627 0.49854602769049183 0.0 0.500195400114047
0.5077272727272727 0.0 0.0 0.4928217584958329 0.5058609016485974 0.0 0.49367648735981706
0.5045454545454545 0.0 0.0 0.4934099674014132 0.5031980245982106 0.0 0.495850978901349
0.4949090909090909 0.0 0.0 0.4936734040272268 0.49465281141800527 0.0 0.5047876829500086
0.49363636363636365 0.0 0.0 0.49281714174253766 0.491666988183885 0.0 0.5073408097319893
0.49954545454545457 0.0 0.0 0.49544923368726723 0.5007480633946216 0.0 0.49811062535639594
0.495 0.0 0.0 0.4926676837501942 0.49321455772805933 0.0 0.5059220680478984
0.49372727272727274 0.0 0.0 0.49329072457384093 0.4929516280917453 0.0 0.5064086675536962
0.5086363636363637 0.0 0.0 0.4942961949219424 0.5089224600496994 0.0 0.4904314769055306
0.4934545454545455 0.0 0.0 0.49330135909447864 0.49198564747137424 0.0 0.5069256795286057
0.4918181818181818 0.0 0.0 0.4929766981689734 0.4901694324292269 0.0 0.5089465881011204
0.48827272727272725 0.0 0.0 0.49432997578735577 0.4884389553119646 0.0 0.5110237597414937
0.4873636363636364 0.0 0.0 0.49400082967392944 0.48713216644017565 0.0 0.5123041246911235
0.4893636363636364 0.0 0.0 0.49433717352928613 0.4893906462781881 0.0 0.5098908952670593
0.4960909090909091 0.0 0.0 0.4928067539744412 0.49388617147299185 0.0 0.5051526325793569
0.48727272727272725 0.0 0.0 0.4946816294541173 0.4880845718891066 0.0 0.5114510549325225
0.49763636363636365 0.0 0.0 0.4943505434472223 0.49834168563618253 0.0 0.500984603687511
0.506 0.0 0.0 0.49490891331396614 0.5072727194783705 0.0 0.49229272001520563
0.49636363636363634 0.0 0.0 0.49344230778389886 0.49600389821765145 0.0 0.5036335297471966
0.5039090909090909 0.0 0.0 0.4939789499743447 0.5034238011337412 0.0 0.49575213837673404
0.49363636363636365 0.0 0.0 0.4936172826223905 0.49323313427845106 0.0 0.5057183045048461
0.495 0.0 0.0 0.49362594724893566 0.4939583342264367 0.0 0.5048241779129431
0.49627272727272725 0.0 0.0 0.49347559778428546 0.49529727482005753 0.0 0.5038707470062728
0.4964545454545455 0.0 0.0 0.49341482205372694 0.49580027064604953 0.0 0.5037369321421774
0.48827272727272725 0.0 0.0 0.4944029399540896 0.4888726463153412 0.0 0.510748526896027
0.49618181818181817 0.0 0.0 0.4950052538520129 0.4973278346744174 0.0 0.5018924158905151
0.49772727272727274 0.0 0.0 0.4945429419295874 0.4975971946550978 0.0 0.5010469492491922
0.49054545454545456 0.0 0.0 0.4947042852036434 0.4910675371923973 0.0 0.5081254514350886
0.4918181818181818 0.0 0.0 0.4939678349528615 0.4907774572132031 0.0 0.5081680288918444
0.4979090909090909 0.0 0.0 0.49463949559398634 0.49814163047811755 0.0 0.5007519482988019
0.4940909090909091 0.0 0.0 0.4936558691896355 0.4938804556113328 0.0 0.505598175251853
0.49727272727272726 0.0 0.0 0.49335850885944094 0.49589100994988616 0.0 0.5030283216118605
0.48872727272727273 0.0 0.0 0.49487391010125803 0.48946423799704775 0.0 0.5098665652917697
0.4900909090909091 0.0 0.0 0.49450079084454857 0.49067385722063367 0.0 0.508978521193689
0.4900909090909091 0.0 0.0 0.4950110772764406 0.49065170825670507 0.0 0.5085740353544956
0.4929090909090909 0.0 0.0 0.49317584203216563 0.4909682240960722 0.0 0.5081300133054548
0.4880909090909091 0.0 0.0 0.4943972105215052 0.4886783070189352 0.0 0.5108701767724764
0.5053636363636363 0.0 0.0 0.49513939507392657 0.5067718671005006 0.0 0.4926409427865418
0.49672727272727274 0.0 0.0 0.493661979283 0.49597174649581954 0.0 0.5030663371982507
0.5047272727272727 0.0 0.0 0.4939197710592612 0.5050785430840218 0.0 0.4944048659950584
0.4979090909090909 0.0 0.0 0.4944929107019454 0.49783225946582416 0.0 0.5009055312678202
0.49554545454545457 0.0 0.0 0.4949106733521839 0.49617537406742146 0.0 0.5029097129823228
0.49272727272727274 0.0 0.0 0.49429232621656083 0.49205781022481915 0.0 0.5065592092758029
0.49818181818181817 0.0 0.0 0.493704397950709 0.49790870911551327 0.0 0.501763162896787
0.49772727272727274 0.0 0.0 0.49438118908436446 0.49849101252202394 0.0 0.5008112526135705
0.4970909090909091 0.0 0.0 0.4948005791133276 0.49771579878452205 0.0 0.5014286257365507
0.4978181818181818 0.0 0.0 0.49384680670660436 0.49657619886625887 0.0 0.501827029081923
0.48772727272727273 0.0 0.0 0.4939542424233802 0.4878545084573318 0.0 0.5115346892225809
0.5022727272727273 0.0 0.0 0.4947479604005639 0.5034602397518173 0.0 0.495904200722295
0.49654545454545457 0.0 0.0 0.49277601011465366 0.494362731438811 0.0 0.5047466261167074
0.49854545454545457 0.0 0.0 0.4933839440054727 0.4977658125740383 0.0 0.5017844516251665
0.4944545454545455 0.0 0.0 0.4934951668496448 0.49409694387166747 0.0 0.5051663181904574