0.5021818181818182 0.0 0.0 0.49459151152213116 0.5023113515583583 0.0 0.4966432237217254
0.5132727272727273 0.0 0.0 0.494556238242431 0.5130543135464493 0.0 0.4861706899828936
0.5022727272727273 0.0 0.0 0.4952708617248038 0.50431690451796 0.0 0.4954875498954572
0.5027272727272727 0.0 0.0 0.4957706157279012 0.5038574921371178 0.0 0.49485801178483146
0.48863636363636365 0.0 0.0 0.49338112993776817 0.4866041637194255 0.0 0.5126006462649679
0.4979090909090909 0.0 0.0 0.49298802940998665 0.49589744029425253 0.0 0.5034845086485459
0.4978181818181818 0.0 0.0 0.49415181678691084 0.4979765849727139 0.0 0.5011929291009312
0.4934545454545455 0.0 0.0 0.49441389702606564 0.49414338524764684 0.0 0.504913894696825
0.49727272727272726 0.0 0.0 0.4961291932021057 0.49883753663510083 0.0 0.4999338528796795
0.49636363636363634 0.0 0.0 0.4943405227465349 0.49519438931019555 0.0 0.5032533738832912
0.49236363636363634 0.0 0.0 0.4943323886317789 0.49271013293665256 0.0 0.5062109865044658
0.5074545454545455 0.0 0.0 0.4953104868565104 0.5083208656100896 0.0 0.490651967306596
0.5013636363636363 0.0 0.0 0.4932566833535972 0.5004265461763029 0.0 0.49864132294240593
0.49972727272727274 0.0 0.0 0.4938353754319082 0.49994284138341 0.0 0.4992024329975281
0.49736363636363634 0.0 0.0 0.49301969980235644 0.4954323120517514 0.0 0.5039300513210416
0.49327272727272725 0.0 0.0 0.49438129899736827 0.4939126073331647 0.0 0.5051906481657473
0.49572727272727274 0.0 0.0 0.4936667546512605 0.49493003070846675 0.0 0.5040167268580111
0.49863636363636366 0.0 0.0 0.4942506506305999 0.4984810097641207 0.0 0.5003626686941635
0.4974545454545454 0.0 0.0 0.4952026370327251 0.4987517987102158 0.0 0.5002516631819036
0.4903636363636364 0.0 0.0 0.4950706276160717 0.49112112339545044 0.0 0.5075810682379767
0.5023636363636363 0.0 0.0 0.4949480977192149 0.5027236080805136 0.0 0.49586618513590475
0.5025454545454545 0.0 0.0 0.49322362046259777 0.5015447116133448 0.0 0.49753735031362833
0.4949090909090909 0.0 0.0 0.49307895340573 0.4932952942739927 0.0 0.5061532028131532
0.5007272727272727 0.0 0.0 0.49485826763703433 0.5005522951328009 0.0 0.49812126972058557
0.4980909090909091 0.0 0.0 0.49352408192345143 0.4966655092046807 0.0 0.5021129062915799
0.4849090909090909 0.0 0.0 0.493859557193493 0.48399844528562874 0.0 0.5154715833491721
0.5024545454545455 0.0 0.0 0.4948308236827385 0.502804344626447 0.0 0.4957414940125444
0.502 0.0 0.0 0.4952564002375858 0.5024892577524946 0.0 0.49603953620984587
0.4928181818181818 0.0 0.0 0.49561666167343593 0.4945677879758276 0.0 0.5043269340429569
0.5048181818181818 0.0 0.0 0.49376285865505176 0.5058973402666735 0.0 0.4940809731990117
0.5002727272727273 0.0 0.0 0.4932608377021575 0.4993276717723601 0.0 0.4997437749477279
0.4934545454545455 0.0 0.0 0.4931990972924267 0.4920349467781831 0.0 0.5075506557688647
0.4890909090909091 0.0 0.0 0.4936073495892705 0.48770661053690517 0.0 0.5112062345561679
0.49172727272727274 0.0 0.0 0.4945435400600582 0.4911061192585956 0.0 0.5074655008553499
0.4868181818181818 0.0 0.0 0.49401224903135144 0.4863462354620631 0.0 0.5128363429005887
0.5102727272727273 0.0 0.0 0.49432887078328835 0.510017047557398 0.0 0.4889747196350509
0.5085454545454545 0.0 0.0 0.4945225162576233 0.5088845924662085 0.0 0.4902748526896026
0.48472727272727273 0.0 0.0 0.494445881167428 0.4840606052811704 0.0 0.5147386428435654
0.5035454545454545 0.0 0.0 0.49338975246107164 0.5036374314632462 0.0 0.4958114426915028
0.5081818181818182 0.0 0.0 0.4951500936211574 0.5088009979894457 0.0 0.48996768675156877
0.49945454545454543 0.0 0.0 0.4934231373537123 0.4975550401753626 0.0 0.5013160996008361
0.5 0.0 0.0 0.49287735534212157 0.4987839504320477 0.0 0.5007610720395357
0.49754545454545457 0.0 0.0 0.4961091072463269 0.49897043041867256 0.0 0.49974681619463857
0.499 0.0 0.0 0.4945598316364688 0.49967776829897387 0.0 0.4989925869606521
0.4958181818181818 0.0 0.0 0.4949279265492239 0.4958631451242986 0.0 0.5026755369701577
0.5028181818181818 0.0 0.0 0.4934935194356782 0.5029901101303645 0.0 0.49645770766013997
0.48572727272727273 0.0 0.0 0.4947151189831144 0.48616547133709725 0.0 0.5128424253944117
0.5046363636363637 0.0 0.0 0.4944906382949225 0.5049435058523278 0.0 0.4941600456187035
0.49536363636363634 0.0 0.0 0.49385099333228205 0.4944020279877166 0.0 0.504304124691122
0.49427272727272725 0.0 0.0 0.49428693083078534 0.49391117836774995 0.0 0.5048393841474996
0.484 0.0 0.0 0.49419528668221113 0.48297530604866773 0.0 0.516326173731229
0.49836363636363634 0.0 0.0 0.4951561614534231 0.49856531872359094 0.0 0.49992320851549055
0.5017272727272727 0.0 0.0 0.4940196412997405 0.5012353406010515 0.0 0.4977137426344802
0.5054545454545455 0.0 0.0 0.49288581870553444 0.50431690451796 0.0 0.49544953430906546
0.4898181818181818 0.0 0.0 0.49357244158981195 0.48888122010782975 0.0 0.5101022619273902
0.5069090909090909 0.0 0.0 0.49350316994171345 0.5053028906541375 0.0 0.49363086865614936
0.4888181818181818 0.0 0.0 0.4942690967553096 0.4881002905086688 0.0 0.5105052271431283
0.4894545454545455 0.0 0.0 0.4944120673392549 0.48988221038086216 0.0 0.5090986504466826
0.4920909090909091 0.0 0.0 0.49399329212922044 0.4916848502515694 0.0 0.5070153963124873
0.48818181818181816 0.0 0.0 0.4943747207331412 0.48818888636438335 0.0 0.5108047899638848
0.5022727272727273 0.0 0.0 0.49352541206157396 0.5023492191418492 0.0 0.4969686371412274
0.4999090909090909 0.0 0.0 0.49334343614350534 0.49919977936773996 0.0 0.4998760691883666
0.4924545454545455 0.0 0.0 0.49341815111388027 0.49104395926305394 0.0 0.5077833111575742
0.5002727272727273 0.0 0.0 0.4941782855211137 0.49993855448716573 0.0 0.4987158334917319
0.4970909090909091 0.0 0.0 0.49368026066666587 0.4970977712426426 0.0 0.5023273141988212
0.4894545454545455 0.0 0.0 0.49458941135779655 0.489297049043522 0.0 0.509577646835202
0.49472727272727274 0.0 0.0 0.494788104459644 0.4948264307158974 0.0 0.5037110815434322
0.49472727272727274 0.0 0.0 0.4943050251424065 0.4952672665463478 0.0 0.503771906481657
0.49272727272727274 0.0 0.0 0.4932979868479263 0.49126687786775497 0.0 0.5080889564721529
0.5008181818181818 0.0 0.0 0.4940477578374966 0.5004029682469595 0.0 0.4985652917696257
0.503 0.0 0.0 0.4933736594290601 0.5029608163393622 0.0 0.4963999239688266
0.4894545454545455 0.0 0.0 0.4937717664422073 0.4888104863197996 0.0 0.5102132674396498
0.4843636363636364 0.0 0.0 0.49472801899562086 0.48471364247571114 0.0 0.5142991826648926
0.486 0.0 0.0 0.49386658096798486 0.48511160934371905 0.0 0.5143219920167256
0.49572727272727274 0.0 0.0 0.49392821765803624 0.494842863818167 0.0 0.5038312107964262
0.4928181818181818 0.0 0.0 0.4934234198384754 0.49248864329736625 0.0 0.5070275613001327
0.4884545454545455 0.0 0.0 0.49462839221328464 0.4886590159858361 0.0 0.5104018247481463
0.5054545454545455 0.0 0.0 0.4941438214057779 0.5047670286236062 0.0 0.49390306025470476
0.5004545454545455 0.0 0.0 0.4934233885082489 0.500125748956498 0.0 0.49938490781220213
0.5056363636363637 0.0 0.0 0.4938100098397416 0.5054529320226863 0.0 0.49369169359437337
0.5008181818181818 0.0 0.0 0.4937409078150102 0.5012453433589547 0.0 0.4980345941836146
0.5011818181818182 0.0 0.0 0.494077100868268 0.5006480358155891 0.0 0.4982535639612241
0.5014545454545455 0.0 0.0 0.4933709260335305 0.5005701572004853 0.0 0.4984253944117081
0.5003636363636363 0.0 0.0 0.49369497286466196 0.49860675872061866 0.0 0.5000707089906854
0.49363636363636365 0.0 0.0 0.49469938760892723 0.49287017706310454 0.0 0.5057030982702904
0.49845454545454543 0.0 0.0 0.49474317655604 0.4994641379694687 0.0 0.49919939175061634
0.4948181818181818 0.0 0.0 0.4943681852326692 0.4945027700494565 0.0 0.5042569853639983
0.49454545454545457 0.0 0.0 0.4944821153730719 0.49414338524764684 0.0 0.5044136095799279
0.4920909090909091 0.0 0.0 0.4932118555164258 0.49065813860107144 0.0 0.50827751378065
0.488 0.0 0.0 0.49434476041492253 0.48732507677116693 0.0 0.511238167648735
0.49063636363636365 0.0 0.0 0.4941820821896165 0.49028946552406594 0.0 0.5085953240828733
0.5019090909090909 0.0 0.0 0.4932073201085072 0.50142896541475 0.0 0.4983204713932706
0.5072727272727273 0.0 0.0 0.4939398190775304 0.5061788464533793 0.0 0.4927793195210022
0.5015454545454545 0.0 0.0 0.4942598662117772 0.5013939557620887 0.0 0.49722410188177224
0.502 0.0 0.0 0.4939475989967181 0.5016340219517667 0.0 0.49755103592472905
0.4858181818181818 0.0 0.0 0.4941343923662506 0.4845614576590403 0.0 0.5143371982512827
0.49727272727272726 0.0 0.0 0.4949377641274444 0.49804160289908506 0.0 0.5006561490210985
0.5018181818181818 0.0 0.0 0.49317922772173856 0.5021162977792448 0.0 0.4977791294430711
0.5006363636363637 0.0 0.0 0.4939563338511666 0.5012489157724915 0.0 0.49802547044288115
0.4988181818181818 0.0 0.0 0.493097824526247 0.49735427053459025 0.0 0.501898498384338
0.5038181818181818 0.0 0.0 0.4939368160822669 0.5034988218180155 0.0 0.49530507508078214
0.5062727272727273 0.0 0.0 0.49452936859721486 0.5066132519394633 0.0 0.49249040106443676
0.4914545454545455 0.0 0.0 0.49348991333659503 0.49088963099826094 0.0 0.5081634670214776
0.5003636363636363 0.0 0.0 0.4948381564057867 0.500062874478249 0.0 0.49855008553506985
0.5018181818181818 0.0 0.0 0.4948290703658585 0.502066998472436 0.0 0.4964333776848501
0.4949090909090909 0.0 0.0 0.4942402200726441 0.49452420453067775 0.0 0.5043010834442112
0.49118181818181816 0.0 0.0 0.4944104844155582 0.49050309585357105 0.0 0.5082045238547798
0.49663636363636365 0.0 0.0 0.49374753258963416 0.4958188471964413 0.0 0.5030602547044281
0.5035454545454545 0.0 0.0 0.49398840405006583 0.5028636466911591 0.0 0.49583881391370477
0.49754545454545457 0.0 0.0 0.4940231824935578 0.49808304289611277 0.0 0.5012963314959125
0.48963636363636365 0.0 0.0 0.4943943667102247 0.48903626285533014 0.0 0.5095746055882907
0.5055454545454545 0.0 0.0 0.4941926056249614 0.5046405651844008 0.0 0.49433339669264265