0.5027272727272727 0.0 0.0 0.4930209060285253 0.5014246785185058 0.0 0.49766660330735457
0.49836363636363634 0.0 0.0 0.4932810809656235 0.4971949408908456 0.0 0.5016019768104918
0.49827272727272726 0.0 0.0 0.49430271478223897 0.4984267090783602 0.0 0.5003626686941643
0.5018181818181818 0.0 0.0 0.495020130881582 0.5037467473174747 0.0 0.4957962364569466
0.49627272727272725 0.0 0.0 0.49564519503139726 0.49785583739516753 0.0 0.5011016916935943
0.488 0.0 0.0 0.4932931599509832 0.4864898464862455 0.0 0.5130401064436418
0.5121818181818182 0.0 0.0 0.4951854751986365 0.513558738337856 0.0 0.4858589621744911
0.49318181818181817 0.0 0.0 0.4941633428825969 0.4931831204889348 0.0 0.5055525565481841
0.49527272727272725 0.0 0.0 0.4955805629206525 0.4969377271161906 0.0 0.5021189887854003
0.5163636363636364 0.0 0.0 0.4950479211833143 0.5173912235802157 0.0 0.48222011024519995
0.5001818181818182 0.0 0.0 0.4955806945043477 0.501531850924612 0.0 0.4972164987644929
0.49427272727272725 0.0 0.0 0.495489456555719 0.4956066458323509 0.0 0.5032701007413032
0.4850909090909091 0.0 0.0 0.49465759808292054 0.48516376658135746 0.0 0.5132986124310965
0.5097272727272727 0.0 0.0 0.49367291011129083 0.5090710724528335 0.0 0.4898931762022418
0.5008181818181818 0.0 0.0 0.496047623555749 0.5039139362710005 0.0 0.4957445352594563
0.5053636363636363 0.0 0.0 0.4938209859804512 0.505380054786534 0.0 0.4936719254894497
0.49536363636363634 0.0 0.0 0.49455688683550253 0.49627540164645395 0.0 0.5029446873218009
0.49918181818181817 0.0 0.0 0.4944059140853955 0.49806660979384315 0.0 0.5000448583919396
0.51 0.0 0.0 0.4945342390955568 0.5111452157523432 0.0 0.4883649496293466
0.509 0.0 0.0 0.49341084341050884 0.508515919389203 0.0 0.49087245770765964
0.5038181818181818 0.0 0.0 0.49474915951672166 0.5048549099966133 0.0 0.4942892986124312
0.5051818181818182 0.0 0.0 0.4940641978548795 0.5059830781915585 0.0 0.49357612621174574
0.4918181818181818 0.0 0.0 0.4942917179781326 0.4921506929767779 0.0 0.5068907051891267
0.5012727272727273 0.0 0.0 0.49378333498826354 0.500497279964333 0.0 0.4980300323132474
0.48518181818181816 0.0 0.0 0.4946331185683496 0.4849708562503662 0.0 0.5134172210606348
0.506090909090909 0.0 0.0 0.4952424179192485 0.5074234753296266 0.0 0.49139403155293604
0.5016363636363637 0.0 0.0 0.49530901343056427 0.5026300108458475 0.0 0.4960030412469113
0.5051818181818182 0.0 0.0 0.4947080577700353 0.5066018202161453 0.0 0.49286903630488377
0.5025454545454545 0.0 0.0 0.49511619309172716 0.5036960190452511 0.0 0.495019197871127
0.5113636363636364 0.0 0.0 0.4951621950123029 0.5127192211566903 0.0 0.4867135525565479
0.49636363636363634 0.0 0.0 0.4941517289303627 0.49657834231438097 0.0 0.5023394791864653
0.5045454545454545 0.0 0.0 0.4938297861388202 0.5056844244198757 0.0 0.4943364379395545
0.512090909090909 0.0 0.0 0.49524397209898724 0.5135230142024872 0.0 0.4858939365139704
0.49563636363636365 0.0 0.0 0.49428670225817994 0.4945735038374866 0.0 0.50351035924729
0.4970909090909091 0.0 0.0 0.49364700654074906 0.49637257129465695 0.0 0.5023197110815418
0.5116363636363637 0.0 0.0 0.4934878540710659 0.5106679413038167 0.0 0.48831324843185586
0.5108181818181818 0.0 0.0 0.49435675609729834 0.5112266667809839 0.0 0.48789355635810616
0.4959090909090909 0.0 0.0 0.4943698493842585 0.494528491426922 0.0 0.5035164417411122
0.5033636363636363 0.0 0.0 0.4947346284577373 0.5034638121653542 0.0 0.49512107964265284
0.5056363636363637 0.0 0.0 0.4931480308875895 0.5044169320969925 0.0 0.4943349173160988
0.505 0.0 0.0 0.4932334504556569 0.5033666425171511 0.0 0.4953050750807825
0.5024545454545455 0.0 0.0 0.49447328724211304 0.5031572990838903 0.0 0.49584185516061585
0.49945454545454543 0.0 0.0 0.4931702051475351 0.4987668028470707 0.0 0.5006819996198428
0.4988181818181818 0.0 0.0 0.49436153223093326 0.4978108249846029 0.0 0.5003581068237966
0.4934545454545455 0.0 0.0 0.49471063634992785 0.4940119204294898 0.0 0.504582398783501
0.5052727272727273 0.0 0.0 0.49439200173018516 0.5050078092959916 0.0 0.4937449154153195
0.5021818181818182 0.0 0.0 0.493531808443812 0.5008423751119951 0.0 0.49785668123930704
0.5123636363636364 0.0 0.0 0.49345028335733193 0.5114567302127586 0.0 0.4875514160805925
0.4928181818181818 0.0 0.0 0.4938795440416768 0.4918941936848302 0.0 0.5065014255844899
0.49518181818181817 0.0 0.0 0.49485237661774184 0.49581527478290444 0.0 0.5027394031552936
0.49263636363636365 0.0 0.0 0.49348115115806673 0.4910546765036646 0.0 0.5073499334727232
0.49327272727272725 0.0 0.0 0.49407508373819436 0.4935860887358943 0.0 0.5053700817335103
0.48854545454545456 0.0 0.0 0.49321498438745603 0.4872421967771114 0.0 0.5124014445922829
0.506090909090909 0.0 0.0 0.49374609980299183 0.5053950589233889 0.0 0.49326896027371114
0.5007272727272727 0.0 0.0 0.4929886998516641 0.4996713379546075 0.0 0.49944725337388196
0.5093636363636364 0.0 0.0 0.49394503286391506 0.5091382338273267 0.0 0.4898962174491537
0.5038181818181818 0.0 0.0 0.4945950847033955 0.5051478479066371 0.0 0.494286257365519
0.48663636363636364 0.0 0.0 0.4946927369793384 0.48666918164579664 0.0 0.5117597414940124
0.49527272727272725 0.0 0.0 0.4955027401015641 0.4967491036814436 0.0 0.5022877779889753
0.49518181818181817 0.0 0.0 0.4942882166656995 0.494842863818167 0.0 0.5034358486979655
0.499 0.0 0.0 0.4934671615536491 0.4983231090857908 0.0 0.5006455046569083
0.4852727272727273 0.0 0.0 0.4943797068270174 0.484717214889248 0.0 0.5137502375974148
0.49454545454545457 0.0 0.0 0.4935857462389643 0.4940505024956881 0.0 0.5049047709560907
0.49918181818181817 0.0 0.0 0.492945615791545 0.49801302359079 0.0 0.5015031362858766
0.4979090909090909 0.0 0.0 0.49387115437057566 0.49698202504404787 0.0 0.5014742444402205
0.4980909090909091 0.0 0.0 0.49338012911498447 0.4964625961157862 0.0 0.5019745295571183
0.5037272727272727 0.0 0.0 0.49354327463080166 0.5035609818135571 0.0 0.4953795856301073
0.5092727272727273 0.0 0.0 0.49462520144724315 0.5097119634413488 0.0 0.48933510739403063
0.49554545454545457 0.0 0.0 0.4942741237902278 0.49515366379587517 0.0 0.5031119559019193
0.4988181818181818 0.0 0.0 0.4953996988405808 0.5015111309260982 0.0 0.49821250712792087
0.5019090909090909 0.0 0.0 0.493904122075211 0.5019848329610879 0.0 0.4965185325983642
0.5092727272727273 0.0 0.0 0.49391565668418413 0.5091318034829603 0.0 0.48998897547994624
0.5075454545454545 0.0 0.0 0.49408783127189454 0.5079550504639136 0.0 0.49121155673826167
0.5033636363636363 0.0 0.0 0.49306003819189476 0.5028943694475763 0.0 0.49598631438889795
0.5011818181818182 0.0 0.0 0.49409999271230737 0.5014818371350959 0.0 0.49703402394981844
0.49845454545454543 0.0 0.0 0.494633937606135 0.4996677655410706 0.0 0.4995719444972435
0.5048181818181818 0.0 0.0 0.4939820904119812 0.5047370203498964 0.0 0.494233035544572
0.499 0.0 0.0 0.4945525162664721 0.49912404420075823 0.0 0.4994807070899068
0.49818181818181817 0.0 0.0 0.4937750345122916 0.49716207468630635 0.0 0.501259836532977
0.4938181818181818 0.0 0.0 0.49396453971799165 0.49452349004797036 0.0 0.5050401064436407
0.4878181818181818 0.0 0.0 0.49377827112529477 0.4863562382199664 0.0 0.5116304885002851
0.5077272727272727 0.0 0.0 0.4940644846136203 0.5072855801671032 0.0 0.4912450104542856
0.499 0.0 0.0 0.49540490143193827 0.5011781819844614 0.0 0.4981790534118983
0.49618181818181817 0.0 0.0 0.49473789239141003 0.49671980989044123 0.0 0.5020064626496863
0.49572727272727274 0.0 0.0 0.49418908014782686 0.49525654930573715 0.0 0.5032594563771149
0.5075454545454545 0.0 0.0 0.49415844799893327 0.5072662891340041 0.0 0.49135297471963424
0.49981818181818183 0.0 0.0 0.49403886118949736 0.49993283862550675 0.0 0.4988557308496482
0.5063636363636363 0.0 0.0 0.49321551627600746 0.5058073154455442 0.0 0.49305151111955836
0.5058181818181818 0.0 0.0 0.49546433553163327 0.5071541153489462 0.0 0.49154761452195284
0.5036363636363637 0.0 0.0 0.4943720790143397 0.5039275114424405 0.0 0.495019197871127
0.49627272727272725 0.0 0.0 0.4936780251745178 0.49575240030465545 0.0 0.5030830640562621
0.5048181818181818 0.0 0.0 0.4947645761798197 0.504867770685346 0.0 0.4937403535449527
0.5041818181818182 0.0 0.0 0.49425387027591067 0.5048706286161756 0.0 0.49446264968637055
0.5049090909090909 0.0 0.0 0.4934245183301062 0.5041354259102867 0.0 0.49472267629728073
0.501 0.0 0.0 0.49419323065752185 0.5009552633797604 0.0 0.4977593613381478
0.4968181818181818 0.0 0.0 0.49319608551870436 0.4959338789123287 0.0 0.5031165177722855
0.49654545454545457 0.0 0.0 0.49323801004151274 0.49567666513767367 0.0 0.5033947918646631
0.507 0.0 0.0 0.4934405463928145 0.5064403471242785 0.0 0.4923702718114421
0.5050909090909091 0.0 0.0 0.49471527609043636 0.505071398256948 0.0 0.4934803269340422
0.49854545454545457 0.0 0.0 0.49363471124455277 0.49797015462834754 0.0 0.5008644744345174
0.49945454545454543 0.0 0.0 0.49451711887627625 0.5008095089074559 0.0 0.4981562440600633
0.5055454545454545 0.0 0.0 0.4941893492880791 0.5067990174433809 0.0 0.4927184945827785
0.4978181818181818 0.0 0.0 0.4929210540458609 0.49667551196258397 0.0 0.5026344801368546
0.4978181818181818 0.0 0.0 0.49395042280235885 0.49806375186301366 0.0 0.5011381866565274
0.5025454545454545 0.0 0.0 0.49363676024196085 0.5021477350183694 0.0 0.49711309636951007
0.5000909090909091 0.0 0.0 0.4940845723369183 0.5005001378951626 0.0 0.4983128682759922
0.4954545454545455 0.0 0.0 0.49349399766871355 0.49483000312943426 0.0 0.5037855920927568
0.4878181818181818 0.0 0.0 0.49386222468697805 0.48643697476589975 0.0 0.511563581068238
0.4988181818181818 0.0 0.0 0.4945332918464731 0.49929409108511347 0.0 0.4996388519292908
0.49936363636363634 0.0 0.0 0.49425359883163306 0.4995305848612546 0.0 0.49928758791104344
0.5015454545454545 0.0 0.0 0.49414287514959415 0.5014182481741395 0.0 0.4972499524805162
0.5050909090909091 0.0 0.0 0.4946742640515229 0.5049556520583532 0.0 0.4937114616992959