0.49663636363636365 0.0 0.0 0.4949635807680849 0.49707990917495826 0.0 0.5019137046188934
0.49954545454545457 0.0 0.0 0.492695824977179 0.49832096563766864 0.0 0.5019045808781593
0.4930909090909091 0.0 0.0 0.49380280267487714 0.4928966129232774 0.0 0.5065592092758016
0.49972727272727274 0.0 0.0 0.4949398999955277 0.499708491055391 0.0 0.4989439270100733
0.5045454545454545 0.0 0.0 0.49342173104548354 0.5031065708116667 0.0 0.4960167268580101
0.49718181818181817 0.0 0.0 0.49430294964702715 0.4970177491794166 0.0 0.5020353544953413
0.49618181818181817 0.0 0.0 0.49408041441741385 0.4959553133935499 0.0 0.5032123170499891
0.5161818181818182 0.0 0.0 0.49487648365992837 0.5172247491093973 0.0 0.48269910663371995
0.5059090909090909 0.0 0.0 0.49354601109531754 0.5057472988981248 0.0 0.4941007413039341
0.49527272727272725 0.0 0.0 0.49455897055955966 0.4963968637067077 0.0 0.5029568523094456
0.5022727272727273 0.0 0.0 0.4936576002241098 0.5009581213105899 0.0 0.4979053411898863
0.48754545454545456 0.0 0.0 0.4943039610154573 0.4878888036272858 0.0 0.5117810302223911
0.5002727272727273 0.0 0.0 0.4938830690009636 0.4998663917337209 0.0 0.49944421212697176
0.5025454545454545 0.0 0.0 0.49478795910662815 0.5030179749559521 0.0 0.49581904580878255
0.49827272727272726 0.0 0.0 0.4935993638512256 0.49841384838962743 0.0 0.5014924919216888
0.4913636363636364 0.0 0.0 0.49376072157773204 0.4908853441020167 0.0 0.5083185706139501
0.5148181818181818 0.0 0.0 0.4937465193736795 0.5143096596633072 0.0 0.4854149401254506
0.5086363636363637 0.0 0.0 0.4939286496707928 0.507378462919062 0.0 0.49157194449724284
0.4960909090909091 0.0 0.0 0.49412576606225683 0.4967112360979527 0.0 0.5030009503896588
0.5025454545454545 0.0 0.0 0.4940848990142686 0.5032916218328768 0.0 0.49615510359247283
0.5039090909090909 0.0 0.0 0.49391585719165737 0.5043304796894 0.0 0.4953400494202622
0.5067272727272727 0.0 0.0 0.49378684352567453 0.5058901954395998 0.0 0.4930910473294041
0.5102727272727273 0.0 0.0 0.49376604945369157 0.510731530264773 0.0 0.4892195400114042
0.5017272727272727 0.0 0.0 0.4945784416201437 0.5023606508651671 0.0 0.49689716783881477
0.5033636363636363 0.0 0.0 0.4931452375565335 0.5032930507982916 0.0 0.4972545143508833
0.513 0.0 0.0 0.49394793834325074 0.5122905315322653 0.0 0.4870298422353154
0.5029090909090909 0.0 0.0 0.49452214129358507 0.503027263231148 0.0 0.49586618513590497
0.5001818181818182 0.0 0.0 0.49375922210775647 0.5007380606367184 0.0 0.4988815814483931
0.49327272727272725 0.0 0.0 0.49369638133384225 0.49354250529074445 0.0 0.5060467591712587
0.5035454545454545 0.0 0.0 0.4933323472904392 0.5020862895055351 0.0 0.4971860862953794
0.5031818181818182 0.0 0.0 0.49371283478536365 0.502987252199535 0.0 0.4965535069378435
0.4978181818181818 0.0 0.0 0.49475124662432246 0.4977286594732548 0.0 0.5010332636380905
0.5024545454545455 0.0 0.0 0.4950411922537549 0.5028414977272305 0.0 0.4958920357346521
0.48727272727272725 0.0 0.0 0.49489822712554044 0.48765516778197415 0.0 0.5116700247101308
0.48663636363636364 0.0 0.0 0.4946329957323639 0.4875108422750844 0.0 0.5121064436418934
0.48918181818181816 0.0 0.0 0.49397648750567824 0.48990293037937604 0.0 0.5103029842235313
0.5064545454545455 0.0 0.0 0.49377253494019163 0.505168567905151 0.0 0.49361414179813556
0.5149090909090909 0.0 0.0 0.4938995378602579 0.5143489562122128 0.0 0.484978521193688
0.5077272727272727 0.0 0.0 0.4933389475879622 0.5061588409375728 0.0 0.49279604637901375
0.5059090909090909 0.0 0.0 0.4935024738941676 0.5051364161833192 0.0 0.4943379585630112
0.4979090909090909 0.0 0.0 0.4945188021562325 0.49933195866860436 0.0 0.5004310967496661
0.49154545454545456 0.0 0.0 0.49461869769653716 0.4927787232765605 0.0 0.5071841855160614
0.5023636363636363 0.0 0.0 0.4937368176718028 0.5011553185378255 0.0 0.49770157764683354
0.4954545454545455 0.0 0.0 0.4936103149350806 0.49570024306701704 0.0 0.5038722676297265
0.49727272727272726 0.0 0.0 0.4933166889572151 0.4959581713243794 0.0 0.5030739403155287
0.5093636363636364 0.0 0.0 0.49350443754033996 0.5077428490998233 0.0 0.49129671165177613
0.4970909090909091 0.0 0.0 0.4942818844272843 0.49735998639624923 0.0 0.5018863333966912
0.5113636363636364 0.0 0.0 0.49376450565979546 0.5117975384641765 0.0 0.48819616042577463
0.5066363636363637 0.0 0.0 0.4951746212761855 0.5080600794218978 0.0 0.4912495723246544
0.5094545454545455 0.0 0.0 0.4937120478516285 0.509279701403387 0.0 0.49020642463410014
0.4920909090909091 0.0 0.0 0.4951573146629676 0.4938054349270585 0.0 0.5058992586960643
0.5097272727272727 0.0 0.0 0.4943602493750691 0.5102806916764193 0.0 0.48919673065956903
0.49863636363636366 0.0 0.0 0.4942000424570811 0.49810161944650455 0.0 0.5008188557308493
0.507090909090909 0.0 0.0 0.49460390447308444 0.5082108352731539 0.0 0.491375784071469
0.49872727272727274 0.0 0.0 0.493770706092331 0.49902616006984785 0.0 0.5008538300703296
0.49418181818181817 0.0 0.0 0.4933613200009531 0.49294162533384206 0.0 0.5062626877019571
0.5026363636363637 0.0 0.0 0.4946903499820632 0.5030094011634636 0.0 0.49586010264208424
0.5126363636363637 0.0 0.0 0.49360573288794996 0.5116239191662845 0.0 0.48799087625926574
0.49963636363636366 0.0 0.0 0.4933782442296466 0.4982452304706869 0.0 0.5006515871507312
0.49627272727272725 0.0 0.0 0.49421330659900153 0.49617894648095834 0.0 0.5029142748526887
0.5124545454545455 0.0 0.0 0.49489289540395653 0.5131486252638228 0.0 0.4861661281125259
0.49863636363636366 0.0 0.0 0.4938397410207271 0.49746644431964815 0.0 0.5010210986504466
0.49945454545454543 0.0 0.0 0.49363410222405235 0.49997284965711974 0.0 0.499746816194639
0.49272727272727274 0.0 0.0 0.4937311271335156 0.4928394543066874 0.0 0.5067964265348784
0.49754545454545457 0.0 0.0 0.494236798608841 0.4961646568268108 0.0 0.5020627257175445
0.5069090909090909 0.0 0.0 0.4933376329872309 0.506526799531871 0.0 0.49304846987264683
0.49918181818181817 0.0 0.0 0.494384822410349 0.4987610869854117 0.0 0.5000159665462829
0.504 0.0 0.0 0.4946482789591882 0.5050563941200931 0.0 0.4938559209275801
0.498 0.0 0.0 0.4942090340070704 0.4987060718169438 0.0 0.5004751948298789
0.4890909090909091 0.0 0.0 0.49331060272102245 0.4882731953238536 0.0 0.5112716213647578
0.5071818181818182 0.0 0.0 0.4950568099250821 0.508498771804226 0.0 0.4909195970347855
0.5005454545454545 0.0 0.0 0.4954555544983412 0.502878650828014 0.0 0.49683482227713416
0.5109090909090909 0.0 0.0 0.4930421652000378 0.5100699192777437 0.0 0.4893487930051318
0.5034545454545455 0.0 0.0 0.49317941621614586 0.5028950839302836 0.0 0.49724539061015016
0.5144545454545455 0.0 0.0 0.493697903990269 0.5142689341489868 0.0 0.485577646835202
0.49945454545454543 0.0 0.0 0.4935259720446578 0.4988811200802507 0.0 0.5003763543052646
0.5148181818181818 0.0 0.0 0.49367859759758503 0.514625461019967 0.0 0.4851929291009306
0.4919090909090909 0.0 0.0 0.4937369096951993 0.4920513798804528 0.0 0.5075856301083437
0.49027272727272725 0.0 0.0 0.4935581767673921 0.49065742411836405 0.0 0.5097038585820187
0.5112727272727273 0.0 0.0 0.4937196641807662 0.5113667053916294 0.0 0.4882828359627449
0.5054545454545455 0.0 0.0 0.49441235620902013 0.5057472988981248 0.0 0.4934544763352975
0.4989090909090909 0.0 0.0 0.4931980177716176 0.49810662082545615 0.0 0.5015107394031546
0.4960909090909091 0.0 0.0 0.49474057268879096 0.49723495192245865 0.0 0.5021205094088583
0.5017272727272727 0.0 0.0 0.4947197105798286 0.5023142094891877 0.0 0.49664930621554904
0.4954545454545455 0.0 0.0 0.49415728367515643 0.49599246649433343 0.0 0.5036685040866757
0.49072727272727273 0.0 0.0 0.493774584880316 0.491301173037709 0.0 0.5088127732370271
0.5025454545454545 0.0 0.0 0.49390212481322077 0.5013017874928373 0.0 0.49736704048659786
0.5002727272727273 0.0 0.0 0.4940533725696689 0.5001093158542284 0.0 0.4992222011024515
0.49654545454545457 0.0 0.0 0.4947186784796005 0.49576883340692507 0.0 0.5023470823037441
0.4989090909090909 0.0 0.0 0.4947681812286742 0.4987517987102158 0.0 0.5000022809351825
0.5058181818181818 0.0 0.0 0.4944620399629559 0.5058480409598647 0.0 0.49322790344041034
0.4999090909090909 0.0 0.0 0.4946818363925088 0.4991954924714957 0.0 0.4992541341950196
0.49736363636363634 0.0 0.0 0.4935385721290329 0.4960303340778243 0.0 0.5027211556738256
0.4944545454545455 0.0 0.0 0.49410635766713873 0.4949193134678561 0.0 0.5045230944687316
0.49954545454545457 0.0 0.0 0.49428462825162345 0.5003558123882728 0.0 0.4988891845656709
0.5010909090909091 0.0 0.0 0.49474738727332407 0.5015225626494162 0.0 0.49734575175822104
0.49972727272727274 0.0 0.0 0.4943020973371684 0.49964561657714196 0.0 0.4994290058924158
0.5009090909090909 0.0 0.0 0.4938250128118643 0.4998256662194005 0.0 0.49908838623835716
0.5005454545454545 0.0 0.0 0.493361928787052 0.5009538344143457 0.0 0.4991796236456929
0.5031818181818182 0.0 0.0 0.49430402720275407 0.5033809321712986 0.0 0.4960456187036697
0.5026363636363637 0.0 0.0 0.49376805349928354 0.5017797764240712 0.0 0.49728492681999636
0.5016363636363637 0.0 0.0 0.49448975328843714 0.502678595669949 0.0 0.4965306975860102
0.5016363636363637 0.0 0.0 0.49378573602162895 0.5018083557323663 0.0 0.49777304694924995
0.5102727272727273 0.0 0.0 0.4941343331339201 0.5091303745175455 0.0 0.4896574795666211
0.497 0.0 0.0 0.4933329162112896 0.4955716361796895 0.0 0.5034556168028885
0.5025454545454545 0.0 0.0 0.49408229302915374 0.501866943314371 0.0 0.4969245390610145
0.49463636363636365 0.0 0.0 0.49430558717184453 0.49501648311605917 0.0 0.5039847937654427
0.5142727272727273 0.0 0.0 0.49387937450095304 0.5136759135018655 0.0 0.48600038015586344
0.5004545454545455 0.0 0.0 0.4947890865830364 0.5008873875225598 0.0 0.497931191788633
0.5031818181818182 0.0 0.0 0.4944156886635907 0.5042854672788355 0.0 0.4953172400684295
0.5001818181818182 0.0 0.0 0.49474993784817456 0.49962918347487234 0.0 0.49894088576316253
0.5007272727272727 0.0 0.0 0.49383803206896293 0.5003329489416367 0.0 0.4990275613001328