0.49754545454545457 0.0 0.0 0.4926885098504321 0.4955123341149774 0.0 0.5036563390990296
0.5152727272727273 0.0 0.0 0.49478234289470613 0.5158457974841635 0.0 0.4830883862383576
0.493 0.0 0.0 0.49350254598897403 0.491341184069322 0.0 0.5070503706519661
0.5034545454545455 0.0 0.0 0.49440242415203395 0.5018505102121014 0.0 0.49615510359247117
0.5062727272727273 0.0 0.0 0.49394248113929384 0.5052500189337917 0.0 0.493138186656529
0.5136363636363637 0.0 0.0 0.49383943833359145 0.5129249921764144 0.0 0.4862087055692833
0.4954545454545455 0.0 0.0 0.49452031082915826 0.49479642244218763 0.0 0.5036487359817516
0.49754545454545457 0.0 0.0 0.4940801873080628 0.49671980989044123 0.0 0.5016445542672481
0.5107272727272727 0.0 0.0 0.49404498205509223 0.510137080652237 0.0 0.4886128112526137
0.516 0.0 0.0 0.49424458836353186 0.5158243630029422 0.0 0.48328454666413256
0.508090909090909 0.0 0.0 0.49544200907120095 0.5091775303762323 0.0 0.4896194639802304
0.5035454545454545 0.0 0.0 0.4932891668869923 0.5022020357041298 0.0 0.49658696065386787
0.515090909090909 0.0 0.0 0.4940406828067119 0.5147819327328821 0.0 0.48447215358296825
0.48672727272727273 0.0 0.0 0.49337431397887677 0.4852737969182932 0.0 0.5133427105113091
0.5069090909090909 0.0 0.0 0.49401822193840705 0.5059837926742659 0.0 0.4922653487930049
0.5026363636363637 0.0 0.0 0.4931012121127367 0.5017740605624122 0.0 0.49756168028891823
0.5136363636363637 0.0 0.0 0.49482578135661065 0.5135051521348029 0.0 0.48486295381106226
0.4890909090909091 0.0 0.0 0.4933793696093266 0.48746440089910503 0.0 0.5110450484698724
0.5056363636363637 0.0 0.0 0.4936572601007454 0.504225450731416 0.0 0.49439726287777974
0.5061818181818182 0.0 0.0 0.49311716811738626 0.5042776079690543 0.0 0.49463600076031156
0.5086363636363637 0.0 0.0 0.49478689494533795 0.5090496379716122 0.0 0.4895981752518527
0.501 0.0 0.0 0.4945557955410842 0.5024914012006167 0.0 0.49695495153012625
0.5069090909090909 0.0 0.0 0.49397201971604904 0.5059044850937473 0.0 0.4924280555027557
0.5068181818181818 0.0 0.0 0.4939223498378077 0.5060681016337362 0.0 0.4925649116137615
0.49263636363636365 0.0 0.0 0.4934374616960156 0.49100680616227044 0.0 0.507444212126971
0.5099090909090909 0.0 0.0 0.4938154073132251 0.508401602156023 0.0 0.489999619844136
0.5161818181818182 0.0 0.0 0.49433196882987074 0.5158465119668708 0.0 0.4830564531457894
0.49718181818181817 0.0 0.0 0.49410704802678734 0.4978636967049487 0.0 0.5013647595514157
0.5074545454545455 0.0 0.0 0.4944745394818912 0.5075463663552952 0.0 0.49109903060254656
0.49563636363636365 0.0 0.0 0.4941784561994376 0.49647259887368944 0.0 0.5025873408097312
0.509090909090909 0.0 0.0 0.4942251079373193 0.5084959138733965 0.0 0.4898217068998284
0.49854545454545457 0.0 0.0 0.4926242131648582 0.49729639743529286 0.0 0.5022147880631053
0.5199090909090909 0.0 0.0 0.4947046750846963 0.5200733916637016 0.0 0.4790906671735413
0.49827272727272726 0.0 0.0 0.4925842161738395 0.49692986780640946 0.0 0.5025706139517195
0.4880909090909091 0.0 0.0 0.49385714697462824 0.4874543981412018 0.0 0.5111727808401441
0.5113636363636364 0.0 0.0 0.49448467681489866 0.510897290252884 0.0 0.4872716213647589
0.4988181818181818 0.0 0.0 0.49401509163836393 0.4993669683212657 0.0 0.4997437749477286
0.4938181818181818 0.0 0.0 0.4934891862984258 0.4928430267202243 0.0 0.5060254704428813
0.5003636363636363 0.0 0.0 0.4923193501709877 0.4985360249325886 0.0 0.5017145029462073
0.5063636363636363 0.0 0.0 0.49407353558130096 0.5061945650729416 0.0 0.4924721535829686
0.5086363636363637 0.0 0.0 0.4940731060918991 0.5075413649763435 0.0 0.490673256034974
0.5087272727272727 0.0 0.0 0.49429988300049416 0.5081944021708843 0.0 0.4900923778749281
0.5008181818181818 0.0 0.0 0.49422845426697287 0.5009631226895416 0.0 0.49771222201102405
0.496 0.0 0.0 0.4937531502929707 0.49469353693232565 0.0 0.5037551796236459
0.4869090909090909 0.0 0.0 0.49340539933234134 0.4855281527621187 0.0 0.5131115757460553
0.5004545454545455 0.0 0.0 0.49418511100991164 0.5008995337285852 0.0 0.4982459608439457
0.49836363636363634 0.0 0.0 0.4941412134571083 0.49777724429735626 0.0 0.500669834632198
0.5095454545454545 0.0 0.0 0.49398354891887264 0.5089417510827985 0.0 0.48964531457897764
0.4969090909090909 0.0 0.0 0.4941111852935494 0.49754646638287414 0.0 0.5016643223721723
0.4968181818181818 0.0 0.0 0.4936571245911552 0.4968427009161097 0.0 0.5023273141988206
0.49618181818181817 0.0 0.0 0.49269807563878837 0.49525440585761504 0.0 0.5042524234936325
0.49872727272727274 0.0 0.0 0.49502745728457914 0.5000178620676844 0.0 0.4986626116707845
0.5117272727272727 0.0 0.0 0.4943550641736795 0.5108022640528032 0.0 0.48749363238927956
0.497 0.0 0.0 0.49372750746651717 0.4957816940956578 0.0 0.5027029081923591
0.5002727272727273 0.0 0.0 0.49403396732516724 0.4995555917560127 0.0 0.4988526896027352
0.5055454545454545 0.0 0.0 0.49437210686966704 0.5051678534224436 0.0 0.49329176962554633
0.49618181818181817 0.0 0.0 0.4935045122921727 0.49636971336382746 0.0 0.5029522904390791
0.4978181818181818 0.0 0.0 0.49403208618560124 0.49708419607120247 0.0 0.5013982132674384
0.5024545454545455 0.0 0.0 0.49348945508524045 0.5016254481592782 0.0 0.4972028131533923
0.4979090909090909 0.0 0.0 0.493091138215443 0.4961253602779052 0.0 0.5027637331305834
0.5209090909090909 0.0 0.0 0.4947267973089187 0.5210558053863422 0.0 0.47807945257555584
0.4978181818181818 0.0 0.0 0.49399943772393506 0.49710420158700896 0.0 0.5014636000760302
0.49945454545454543 0.0 0.0 0.49257445888996076 0.49820236150824443 0.0 0.5014575175822082
0.5162727272727273 0.0 0.0 0.4945993763736241 0.5160251326437146 0.0 0.48284356586200294
0.5075454545454545 0.0 0.0 0.49370187587840536 0.5062788740324118 0.0 0.49210872457707666
0.5019090909090909 0.0 0.0 0.4930886625583392 0.5004829903101855 0.0 0.49841779129443053
0.4948181818181818 0.0 0.0 0.4926792412106783 0.49328743496421157 0.0 0.5058901349553306
0.5012727272727273 0.0 0.0 0.4944692162712412 0.5012460578416621 0.0 0.49726363809161633
0.507 0.0 0.0 0.49409136337157583 0.5068797539893142 0.0 0.49190800228093534
0.4960909090909091 0.0 0.0 0.4926499851937466 0.4953101355087903 0.0 0.5042585059874549
0.4964545454545455 0.0 0.0 0.4935841779577914 0.4965576223158671 0.0 0.50267097509979
0.5020909090909091 0.0 0.0 0.4929268809291162 0.5005044247914068 0.0 0.4984223531647973
0.49436363636363634 0.0 0.0 0.492614110110927 0.49352535770576744 0.0 0.5059646455046567
0.5099090909090909 0.0 0.0 0.49428333225933574 0.5093411469162212 0.0 0.489002090857251
0.5082727272727273 0.0 0.0 0.4942098389738527 0.5082387000987415 0.0 0.49060634860292696
0.5061818181818182 0.0 0.0 0.49433314707082726 0.5059359223328718 0.0 0.49279452575555927
0.5004545454545455 0.0 0.0 0.4941877568069291 0.5006723282276399 0.0 0.4981258315909516
0.49563636363636365 0.0 0.0 0.4942468634774867 0.49631041129911535 0.0 0.5025812583159092
0.5021818181818182 0.0 0.0 0.4928286933770063 0.5005908771989992 0.0 0.49843451815244244
0.49918181818181817 0.0 0.0 0.49297810841169537 0.498133056685629 0.0 0.5011777228663747
0.507090909090909 0.0 0.0 0.49406639507608985 0.507009075359349 0.0 0.4918395742254327
0.49863636363636366 0.0 0.0 0.49294511157900894 0.49819878909470755 0.0 0.5014940125451429
0.5 0.0 0.0 0.49362411555852154 0.49904473662023957 0.0 0.49969663562060385
0.5037272727272727 0.0 0.0 0.49393267614107556 0.5025607060232321 0.0 0.4958023189507692
0.5133636363636364 0.0 0.0 0.49512895492715203 0.5140174362359908 0.0 0.4845527466261159
0.5135454545454545 0.0 0.0 0.4950721854731187 0.5141010307127537 0.0 0.48442045238547704
0.4959090909090909 0.0 0.0 0.4935411011010458 0.49604033683572757 0.0 0.5032883482227707
0.5037272727272727 0.0 0.0 0.49340127530109784 0.5026128632608705 0.0 0.49631933092567904
0.49863636363636366 0.0 0.0 0.4941101157472765 0.4990411642067027 0.0 0.49985782170689885
0.49854545454545457 0.0 0.0 0.4938009377075127 0.497367131223323 0.0 0.5012826458848127
0.5009090909090909 0.0 0.0 0.49409375580943266 0.5011288826776525 0.0 0.49791902680098765
0.5108181818181818 0.0 0.0 0.49422343034039745 0.5103449951200831 0.0 0.4881642273332061
0.5066363636363637 0.0 0.0 0.495042907278008 0.5074227608469192 0.0 0.49133624786162167
0.5143636363636364 0.0 0.0 0.49410468787619855 0.513810236250852 0.0 0.4852385478045994
0.49772727272727274 0.0 0.0 0.49329240432309235 0.49646902646015256 0.0 0.5022877779889745
0.5006363636363637 0.0 0.0 0.49429694495412135 0.5004694151387454 0.0 0.4982444402204892
0.5078181818181818 0.0 0.0 0.4951482394319973 0.5082837125093062 0.0 0.49023227523284485
0.5027272727272727 0.0 0.0 0.49425584389027266 0.5026364411902139 0.0 0.4956015966546288
0.49372727272727274 0.0 0.0 0.493356607190988 0.4928537439608349 0.0 0.5064086675536967
0.4910909090909091 0.0 0.0 0.49368151424097506 0.4904959510264973 0.0 0.50856187036685
0.5048181818181818 0.0 0.0 0.49363807873248583 0.5035652687098015 0.0 0.4953415700437168
0.5086363636363637 0.0 0.0 0.4937583971089885 0.5074742036018502 0.0 0.49091807641132845
0.5041818181818182 0.0 0.0 0.4934792199034407 0.5039103638574636 0.0 0.49569283406196507
0.49945454545454543 0.0 0.0 0.4922286296935912 0.49754860983099625 0.0 0.5027241969207372
0.5054545454545455 0.0 0.0 0.4938258729444512 0.5049920906764294 0.0 0.49389545713742655
0.4949090909090909 0.0 0.0 0.49366571224612943 0.49344533564254145 0.0 0.504784641703097
0.5045454545454545 0.0 0.0 0.4930922873788025 0.5028457846234747 0.0 0.49610492301843745
0.5157272727272727 0.0 0.0 0.49450343934985513 0.5155721506072388 0.0 0.48324957232465304
0.49372727272727274 0.0 0.0 0.4939214362881185 0.49271441983289677 0.0 0.5056894126591907
0.5020909090909091 0.0 0.0 0.49395100375284584 0.5014675474809484 0.0 0.49727884432617275
0.5032727272727273 0.0 0.0 0.49361765565089827 0.5025842839525755 0.0 0.4963208515491344
0.49863636363636366 0.0 0.0 0.49486503417985367 0.4998642482855987 0.0 0.49874168409047637