0.49963636363636366 0.0 0.0 0.49458122980840113 0.4998706786299651 0.0 0.49884356586200307
0.4878181818181818 0.0 0.0 0.4935596782431093 0.486481272693757 0.0 0.5128485078882341
0.49972727272727274 0.0 0.0 0.4945284155313105 0.49952344003418087 0.0 0.49901539631248804
0.49972727272727274 0.0 0.0 0.4936755696910275 0.4986739200951119 0.0 0.4999961984413622
0.5019090909090909 0.0 0.0 0.4949485611207574 0.5034488080284993 0.0 0.4958357726667917
0.49518181818181817 0.0 0.0 0.495655371956419 0.49777724429735626 0.0 0.5018832921497803
0.49972727272727274 0.0 0.0 0.4935955443924321 0.49864391182140216 0.0 0.5000129252993741
0.49263636363636365 0.0 0.0 0.4953330095468407 0.4934782018470807 0.0 0.5052347462459594
0.5064545454545455 0.0 0.0 0.4925653286806353 0.5047713155198504 0.0 0.49483976430336396
0.5056363636363637 0.0 0.0 0.4926647574476874 0.5041311390140425 0.0 0.49549819425964603
0.5029090909090909 0.0 0.0 0.49338058533541407 0.5018140715940252 0.0 0.4970507508078309
0.49636363636363634 0.0 0.0 0.4939599487951738 0.49585242788368794 0.0 0.5028230374453535
0.5011818181818182 0.0 0.0 0.4929935294172562 0.4988296773253197 0.0 0.49979851739213055
0.5035454545454545 0.0 0.0 0.49359264161125577 0.5026228660187737 0.0 0.4960030412469122
0.4999090909090909 0.0 0.0 0.4927124200376502 0.49857103458524993 0.0 0.500869036304886
0.5040909090909091 0.0 0.0 0.49334516275516965 0.5037381735249862 0.0 0.4957506177532789
0.5075454545454545 0.0 0.0 0.4929059373526378 0.5057765926891271 0.0 0.4932689602737118
0.5057272727272727 0.0 0.0 0.4950504198028689 0.5069076188149019 0.0 0.4923246531077752
0.4999090909090909 0.0 0.0 0.49394790493397533 0.5002472110167517 0.0 0.49893328264588455
0.49063636363636365 0.0 0.0 0.4953558578808194 0.49248149847029254 0.0 0.5070594943927011
0.5011818181818182 0.0 0.0 0.49314014059060257 0.4990640276533387 0.0 0.4996586200342138
0.5037272727272727 0.0 0.0 0.49434270786731005 0.5048534810311986 0.0 0.4946344801368552
0.499 0.0 0.0 0.4936236813226398 0.49796658221481066 0.0 0.5006759171260232
0.5038181818181818 0.0 0.0 0.4925353307635198 0.5014239640357985 0.0 0.4976118608629546
0.5055454545454545 0.0 0.0 0.49423697643240705 0.5052150092811304 0.0 0.49349097129823316
0.5124545454545455 0.0 0.0 0.4937146494337297 0.5122340873983827 0.0 0.48739327124120746
0.49772727272727274 0.0 0.0 0.4944933928834277 0.4979365739411009 0.0 0.5007169739593239
0.4918181818181818 0.0 0.0 0.4944878819919994 0.491632693013931 0.0 0.5070275613001329
0.5003636363636363 0.0 0.0 0.49504717651029057 0.5013475143861094 0.0 0.4975038965976043
0.5004545454545455 0.0 0.0 0.4951885291397276 0.5010231392369611 0.0 0.4976361908382433
0.5041818181818182 0.0 0.0 0.49264495294194793 0.5018712302106152 0.0 0.49718608629538175
0.5097272727272727 0.0 0.0 0.492877657236831 0.5081293842445131 0.0 0.49117506177532766
0.5052727272727273 0.0 0.0 0.49251544851728263 0.5030651308146389 0.0 0.49601368561110093
0.5014545454545455 0.0 0.0 0.49474461719972695 0.5030344080582217 0.0 0.496305645314578
0.49918181818181817 0.0 0.0 0.4954722539355004 0.49997284965711974 0.0 0.49862459608439347
0.49227272727272725 0.0 0.0 0.4944414808715939 0.49211139642787227 0.0 0.5065531267819807
0.5097272727272727 0.0 0.0 0.4928477874439067 0.508367306986069 0.0 0.49111879870746933
0.507 0.0 0.0 0.49351110272121024 0.5065789567695093 0.0 0.49271241208895633
0.501 0.0 0.0 0.4934813787315248 0.5000600165474195 0.0 0.4988314008743593
0.5076363636363637 0.0 0.0 0.4939671778799458 0.5072991553385433 0.0 0.4916525375403924
0.49127272727272725 0.0 0.0 0.49396686877743956 0.49134832889639574 0.0 0.5077148831020724
0.4938181818181818 0.0 0.0 0.4957041337928716 0.49471925830979113 0.0 0.5040212887283781
0.507 0.0 0.0 0.4957865567465018 0.5094854724231109 0.0 0.49009998099220575
0.49327272727272725 0.0 0.0 0.4947156260786252 0.4935146404651568 0.0 0.505155673826268
0.5003636363636363 0.0 0.0 0.4948617114599934 0.5020741432995097 0.0 0.4973959323322552
0.4960909090909091 0.0 0.0 0.49385023523668614 0.49546017687733906 0.0 0.5032746626116718
0.5081818181818182 0.0 0.0 0.4933210864155584 0.5068804684720216 0.0 0.4922547044288146
0.5054545454545455 0.0 0.0 0.49611610550308766 0.507452769120629 0.0 0.4915035164417395
0.49372727272727274 0.0 0.0 0.49519800005010706 0.4955909272127887 0.0 0.503666983463218
0.5023636363636363 0.0 0.0 0.4932161514249763 0.5004579834154274 0.0 0.49834784261547105
0.4989090909090909 0.0 0.0 0.4929653543515664 0.4967948305747156 0.0 0.5021281125261357
0.5034545454545455 0.0 0.0 0.4949521497891742 0.505420065818147 0.0 0.49412507127922345
0.504 0.0 0.0 0.493527062325895 0.5030987115018856 0.0 0.49551948298802606
0.5019090909090909 0.0 0.0 0.4943407113753331 0.5014911254102917 0.0 0.4968789203573466
0.5081818181818182 0.0 0.0 0.49411938711208586 0.5081622504490524 0.0 0.49091047329405146
0.5041818181818182 0.0 0.0 0.4933347122083455 0.5035309735398474 0.0 0.49557726667933844
0.5010909090909091 0.0 0.0 0.4947638852680207 0.5011453157799222 0.0 0.49730013305455123
0.4959090909090909 0.0 0.0 0.49392273735742726 0.49581241685207494 0.0 0.503222961414181
0.503 0.0 0.0 0.4944788281349431 0.5040032466094223 0.0 0.4953537350313614
0.5021818181818182 0.0 0.0 0.49436220437581396 0.5026564467060204 0.0 0.4963877589811829
0.507090909090909 0.0 0.0 0.4927544481750332 0.5054936575370066 0.0 0.49374035354495316
0.5032727272727273 0.0 0.0 0.49397704840941425 0.5033773597577618 0.0 0.49570804029652205
0.49963636363636366 0.0 0.0 0.4935428977884861 0.49841099045879794 0.0 0.5002334157004386
0.5055454545454545 0.0 0.0 0.49397904518975216 0.5050113817095285 0.0 0.4936430336437947
0.49845454545454543 0.0 0.0 0.49440948560577347 0.49917691592110397 0.0 0.4998988785402011
0.507090909090909 0.0 0.0 0.4943961937473505 0.5073020132693729 0.0 0.49152480517012
0.5002727272727273 0.0 0.0 0.49460826891333287 0.5004922785853814 0.0 0.4981227903440406
0.49727272727272726 0.0 0.0 0.49532702309416105 0.4984660056272658 0.0 0.5000752708610516
0.5028181818181818 0.0 0.0 0.4950137782027415 0.5042761790036395 0.0 0.49492187796996745
0.5044545454545455 0.0 0.0 0.4935306297573465 0.503625285257221 0.0 0.4950876259266308
0.4988181818181818 0.0 0.0 0.4946678172750333 0.4988403945659303 0.0 0.499556738262688
0.49845454545454543 0.0 0.0 0.49358182488795554 0.497367131223323 0.0 0.5013708420452399
0.5055454545454545 0.0 0.0 0.49396326855421624 0.5052814561729162 0.0 0.493332826458849
0.5005454545454545 0.0 0.0 0.49320193373401594 0.4987032138861143 0.0 0.49991864664512375
0.5042727272727273 0.0 0.0 0.49309514693947426 0.5023920881042916 0.0 0.49650636761072087
0.506090909090909 0.0 0.0 0.4936039552633869 0.5066225402146591 0.0 0.4930499904961033
0.5000909090909091 0.0 0.0 0.4949071066411119 0.5011953295694385 0.0 0.4977882531838048
0.5053636363636363 0.0 0.0 0.494138707445539 0.5055922561506244 0.0 0.4933282645884811
0.5046363636363637 0.0 0.0 0.4931379138348196 0.5034638121653542 0.0 0.49522904390800326
0.49454545454545457 0.0 0.0 0.49385852026827026 0.49403978525507747 0.0 0.5046918836723058
0.5002727272727273 0.0 0.0 0.4936149017576226 0.5002672165325582 0.0 0.49890895267059454
0.4970909090909091 0.0 0.0 0.49431108827895265 0.49667694092799874 0.0 0.5018467971868472
0.4979090909090909 0.0 0.0 0.4942704150951139 0.49835240287679317 0.0 0.5007504276753463
0.5073636363636363 0.0 0.0 0.4938751594433706 0.5071276794887734 0.0 0.49207070899068506
0.5074545454545455 0.0 0.0 0.49329077704657653 0.5068197374418947 0.0 0.49238243679908755
0.5009090909090909 0.0 0.0 0.49360665558557154 0.500792361322479 0.0 0.4984071469302409
0.49272727272727274 0.0 0.0 0.49389450429527015 0.4928437412029317 0.0 0.5062550845846803
0.4970909090909091 0.0 0.0 0.4950222001432904 0.4981680663382904 0.0 0.5004250142558435
0.5017272727272727 0.0 0.0 0.49356062043753285 0.5010595778550372 0.0 0.4976361908382452
0.509 0.0 0.0 0.4935181110974318 0.5074599139477027 0.0 0.4913164797567
0.5002727272727273 0.0 0.0 0.4948776273090854 0.5002979392889754 0.0 0.4983219920167258
0.501 0.0 0.0 0.4942395673222308 0.5006137406456351 0.0 0.49806196540581726
0.49163636363636365 0.0 0.0 0.4933831333972538 0.4899750931328209 0.0 0.5085329785211938
0.5032727272727273 0.0 0.0 0.4939069451659314 0.5023856577599253 0.0 0.49628739783311204
0.4979090909090909 0.0 0.0 0.4954245458642434 0.5000178620676844 0.0 0.49897281885572975
0.49972727272727274 0.0 0.0 0.49505792730522985 0.5015740054043472 0.0 0.498233795856301
0.5006363636363637 0.0 0.0 0.49462129935381005 0.5012324826702219 0.0 0.49769853639992334
0.49727272727272726 0.0 0.0 0.49348076515574085 0.49612178786436834 0.0 0.502722676297283
0.4949090909090909 0.0 0.0 0.4955109794252925 0.4972899670909265 0.0 0.5023744535259447
0.49845454545454543 0.0 0.0 0.4932480894287275 0.497475732594844 0.0 0.5020247101311532
0.4968181818181818 0.0 0.0 0.49468777497531025 0.49735141260376076 0.0 0.5012522334157008
0.5082727272727273 0.0 0.0 0.4936973146658907 0.507881458745054 0.0 0.4910458087816013
0.4938181818181818 0.0 0.0 0.4947297821949504 0.49336531357931546 0.0 0.5049975289868854
0.49072727272727273 0.0 0.0 0.4944701502008078 0.4905895482611634 0.0 0.5080372552746626
0.499 0.0 0.0 0.4936001893930699 0.497847263602679 0.0 0.500910093138188
0.49627272727272725 0.0 0.0 0.49432520487741216 0.49644759197893135 0.0 0.5021706899828935
0.5045454545454545 0.0 0.0 0.49260698281520354 0.5022341874259617 0.0 0.49692758030792694
0.5007272727272727 0.0 0.0 0.49365078873549784 0.5006608965043219 0.0 0.49837369321421743
0.494 0.0 0.0 0.4947368729651686 0.4951493768996309 0.0 0.5037399733890898
0.49654545454545457 0.0 0.0 0.4940454977436381 0.4964940333549107 0.0 0.502506747766585
0.5044545454545455 0.0 0.0 0.4947269596732707 0.5055701071866957 0.0 0.4935958943166695
0.505 0.0 0.0 0.4936278377717338 0.5054022037504626 0.0 0.4941524425014251