0.5143636363636364 0.0 0.0 0.4931355845968004 0.5131664873315072 0.0 0.4869948678958368
0.5066363636363637 0.0 0.0 0.4928116210314639 0.5050128106749432 0.0 0.49477741874168313
0.4908181818181818 0.0 0.0 0.4938717589500314 0.49134404200015147 0.0 0.5077133624786156
0.5039090909090909 0.0 0.0 0.4952644064051352 0.5050242423982613 0.0 0.4938239878350118
0.5048181818181818 0.0 0.0 0.4944876454024103 0.5049249293019361 0.0 0.493766204143698
0.49263636363636365 0.0 0.0 0.49389776569229876 0.4926494019065257 0.0 0.5059752898688458
0.4908181818181818 0.0 0.0 0.4958198192186278 0.4922249991783449 0.0 0.5065865804980039
0.49427272727272725 0.0 0.0 0.4948269128694184 0.49501648311605917 0.0 0.5037399733890889
0.49472727272727274 0.0 0.0 0.4958907234662325 0.49602533269887267 0.0 0.5026527276183231
0.49845454545454543 0.0 0.0 0.4953980979082011 0.4984938704528534 0.0 0.49970727998479225
0.5045454545454545 0.0 0.0 0.49417512854609963 0.5046284189783755 0.0 0.4941798137236254
0.49636363636363634 0.0 0.0 0.4952100944983466 0.49762220154985587 0.0 0.5013769245390602
0.49518181818181817 0.0 0.0 0.493907423982664 0.4940555038746397 0.0 0.5041155673826256
0.49418181818181817 0.0 0.0 0.49501824241166037 0.49526226516739613 0.0 0.5035498954571367
0.5043636363636363 0.0 0.0 0.49393180287507443 0.5036109956030734 0.0 0.4948990686181326
0.5010909090909091 0.0 0.0 0.4935008446775903 0.5012074757754638 0.0 0.4978703668504082
0.49063636363636365 0.0 0.0 0.49599307415437566 0.49221142400690476 0.0 0.5066200342140276
0.485 0.0 0.0 0.4951943607454814 0.4866227402698172 0.0 0.5129184565671925
0.4964545454545455 0.0 0.0 0.49421996864429024 0.4957674044415103 0.0 0.5025903820566422
0.4903636363636364 0.0 0.0 0.4938661131878678 0.48918416077575677 0.0 0.5090332636380908
0.49436363636363634 0.0 0.0 0.49349402951637983 0.4943370100613455 0.0 0.5049382246721146
0.5076363636363637 0.0 0.0 0.49260291864148836 0.5059237761268464 0.0 0.4939395552176382
0.5051818181818182 0.0 0.0 0.49527679264219693 0.5063246009256838 0.0 0.49253601976810435
0.49818181818181817 0.0 0.0 0.4941239251037347 0.497361415361664 0.0 0.5007580307926243
0.5008181818181818 0.0 0.0 0.49460493330605443 0.500874526833827 0.0 0.4976666033073551
0.4948181818181818 0.0 0.0 0.4947935068838739 0.49575597271819233 0.0 0.5029401254514344
0.49972727272727274 0.0 0.0 0.4936241950139378 0.5003665296288834 0.0 0.49891351454096156
0.4898181818181818 0.0 0.0 0.4949740146060811 0.49040521172266066 0.0 0.5082714312868273
0.5031818181818182 0.0 0.0 0.49346558158779413 0.501223194395026 0.0 0.4974111385668113
0.492 0.0 0.0 0.49366920018735627 0.4917434378335741 0.0 0.506951530127352
0.5059090909090909 0.0 0.0 0.4929497715413996 0.5046619996656221 0.0 0.49491883672305603
0.5103636363636364 0.0 0.0 0.4946736117761317 0.5108522778423193 0.0 0.4883254134195013
0.48927272727272725 0.0 0.0 0.4941107798793173 0.48949853316700176 0.0 0.509039346131913
0.5005454545454545 0.0 0.0 0.49461013263878034 0.5016754619487944 0.0 0.49754495343090654
0.49027272727272725 0.0 0.0 0.4951520745565096 0.49075030687032284 0.0 0.5077726667933846
0.4920909090909091 0.0 0.0 0.49433923952664516 0.49298949567523614 0.0 0.5060923778749279
0.4988181818181818 0.0 0.0 0.4937614722042485 0.4973421243285649 0.0 0.500937464360387
0.5112727272727273 0.0 0.0 0.4945553232412279 0.5115210336564224 0.0 0.4876593803459406
0.49936363636363634 0.0 0.0 0.49544534908578625 0.5006716137449325 0.0 0.4984193119178859
0.48727272727272725 0.0 0.0 0.4940096576462761 0.4872429112598188 0.0 0.5113172400684278
0.48954545454545456 0.0 0.0 0.4939271027637496 0.4896642931551128 0.0 0.508937464360387
0.49163636363636365 0.0 0.0 0.49525808253628323 0.4921156833241165 0.0 0.5063645694734836
0.4899090909090909 0.0 0.0 0.49366559983004843 0.4893320586961834 0.0 0.5093176202242905
0.4989090909090909 0.0 0.0 0.49389622611044265 0.4993098097046757 0.0 0.4996084394601783
0.49945454545454543 0.0 0.0 0.4949157274420479 0.499908546213456 0.0 0.49868998289298494
0.5000909090909091 0.0 0.0 0.4936547399816605 0.4999364110390436 0.0 0.4989606538680855
0.5053636363636363 0.0 0.0 0.4936280258358323 0.5052850285864531 0.0 0.4940171070138757
0.4894545454545455 0.0 0.0 0.49437861763977914 0.4892384614615172 0.0 0.5089359437369319
0.501 0.0 0.0 0.4941786335800977 0.49989068414577165 0.0 0.4980406766774361
0.49636363636363634 0.0 0.0 0.49424448460007936 0.49562593686545003 0.0 0.5024991446493055
0.4890909090909091 0.0 0.0 0.49380732674320543 0.48999652761404217 0.0 0.509553316859911
0.48263636363636364 0.0 0.0 0.49471353060305545 0.483899846672011 0.0 0.5160980802128871
0.5043636363636363 0.0 0.0 0.4937818367560879 0.5032423225260679 0.0 0.49513932712412
0.5079090909090909 0.0 0.0 0.49373342698245937 0.5066161098702928 0.0 0.49188519292909993
0.48854545454545456 0.0 0.0 0.49299567305260084 0.4877230436391748 0.0 0.5120364949629332
0.510090909090909 0.0 0.0 0.4945638236045011 0.5108615661175152 0.0 0.48840448583919294
0.4960909090909091 0.0 0.0 0.49325902811388783 0.49481142657904253 0.0 0.5042250522714311
0.4838181818181818 0.0 0.0 0.49384778507523464 0.48388341356974135 0.0 0.5154746245960842
0.5067272727272727 0.0 0.0 0.4935197638888694 0.5074327636048225 0.0 0.49198099220680425
0.5029090909090909 0.0 0.0 0.49454515338665384 0.5024742536156397 0.0 0.49595742254324215
0.4949090909090909 0.0 0.0 0.49357541582652265 0.49402406663551524 0.0 0.5045018057403525
0.49327272727272725 0.0 0.0 0.4940185784027632 0.49269227086896816 0.0 0.5056468352024325
0.5017272727272727 0.0 0.0 0.49459538736912995 0.5017111860841632 0.0 0.49682417791294353
0.4914545454545455 0.0 0.0 0.4936069815852634 0.49117899649474783 0.0 0.5074487739973383
0.488 0.0 0.0 0.49336188169829703 0.48715574436951903 0.0 0.5116365709941071
0.49172727272727274 0.0 0.0 0.49425563477507856 0.492089961946651 0.0 0.5067021478806302
0.49436363636363634 0.0 0.0 0.4936868872882967 0.4947421217564271 0.0 0.5044957232465304
0.5048181818181818 0.0 0.0 0.4933997778075872 0.5045669734655412 0.0 0.49473636190838266
0.49963636363636366 0.0 0.0 0.4937022203996872 0.49981280553066776 0.0 0.49911119559019146
0.4940909090909091 0.0 0.0 0.49396524818415105 0.4923378874461101 0.0 0.5054658810112138
0.4868181818181818 0.0 0.0 0.49509579288234007 0.4878659401806498 0.0 0.5111712602166876
0.506090909090909 0.0 0.0 0.493194525435579 0.505883050612526 0.0 0.49373579167458503
0.5133636363636364 0.0 0.0 0.49364927455816004 0.512354834975929 0.0 0.4864611290629146
0.49572727272727274 0.0 0.0 0.49438139354441013 0.4957295368580194 0.0 0.5029720585440027
0.48972727272727273 0.0 0.0 0.49347923774171887 0.48834464359459107 0.0 0.5101509218779694
0.48972727272727273 0.0 0.0 0.4937818746338779 0.49056096895286844 0.0 0.5089693974529543
0.49981818181818183 0.0 0.0 0.4934317679790698 0.4988611145644442 0.0 0.49991864664512364
0.48963636363636365 0.0 0.0 0.4936706996480579 0.48911842836667824 0.0 0.5096019768104907
0.49618181818181817 0.0 0.0 0.4932934856424278 0.494717114861669 0.0 0.5041779129443066
0.4919090909090909 0.0 0.0 0.4937250278461011 0.49119828752784694 0.0 0.507327124120889
0.492 0.0 0.0 0.494346407453711 0.4911825689082847 0.0 0.5067949059114227
0.4944545454545455 0.0 0.0 0.494927520351669 0.49487573002270624 0.0 0.5034784261547223
0.5134545454545455 0.0 0.0 0.4947580234692083 0.5142932265610376 0.0 0.4853008933662789
0.49254545454545456 0.0 0.0 0.4946361522777998 0.49296663222860015 0.0 0.5056240258505981
0.4873636363636364 0.0 0.0 0.49363919633831965 0.48724719815606304 0.0 0.5114191218399539
0.4893636363636364 0.0 0.0 0.4940317233446816 0.4892806159412524 0.0 0.5091473103972621
0.503 0.0 0.0 0.49414975523374444 0.5028093460053986 0.0 0.4960091237407328
0.49372727272727274 0.0 0.0 0.493536321221932 0.4930938101505129 0.0 0.5058293100171061
0.5034545454545455 0.0 0.0 0.49322986646204237 0.5034781018195017 0.0 0.4960045618703667
0.49263636363636365 0.0 0.0 0.492904981356612 0.4917448667989889 0.0 0.5072100361148066
0.4914545454545455 0.0 0.0 0.49533964320103535 0.492307164689693 0.0 0.5063417601216498
0.5092727272727273 0.0 0.0 0.49402605601679767 0.5085773649020373 0.0 0.4897897738072601
0.49254545454545456 0.0 0.0 0.4964750938879012 0.49492645829492987 0.0 0.5041216498764487
0.49936363636363634 0.0 0.0 0.49339528357986157 0.49827309529627456 0.0 0.500417411138566
0.4968181818181818 0.0 0.0 0.4951901428420384 0.49743429259781624 0.0 0.5009405056072972
0.513090909090909 0.0 0.0 0.4928290393966892 0.511803968808543 0.0 0.4884668314008739
0.5063636363636363 0.0 0.0 0.4942055654798596 0.5060359499119043 0.0 0.4926074890705173
0.4924545454545455 0.0 0.0 0.4933924284052291 0.4914747923356011 0.0 0.507477665842994
0.493 0.0 0.0 0.4941647486811453 0.4928623177533234 0.0 0.5055829690172968
0.48318181818181816 0.0 0.0 0.4939352724636332 0.4832153722383457 0.0 0.5160889564721534
0.4944545454545455 0.0 0.0 0.49427204647844125 0.4944248914343526 0.0 0.503992396882722
0.495 0.0 0.0 0.4935757195018424 0.4954380279134104 0.0 0.5038403345371596
0.502 0.0 0.0 0.4945406539281961 0.5017783474586565 0.0 0.4966112906291571
0.493 0.0 0.0 0.4928540831252428 0.4921271150474345 0.0 0.5070138756890319
0.49063636363636365 0.0 0.0 0.49503586034258035 0.4909453606494362 0.0 0.5075400114046755
0.49218181818181816 0.0 0.0 0.4952676083268853 0.49268369707647963 0.0 0.5058141037825504
0.4964545454545455 0.0 0.0 0.4932417784452446 0.494991476221301 0.0 0.5040212887283784
0.5045454545454545 0.0 0.0 0.49354762635363947 0.5028257791076682 0.0 0.49584185516061496
0.486 0.0 0.0 0.49540184919354935 0.4878309305279884 0.0 0.5120684280555021
0.4988181818181818 0.0 0.0 0.4940656240960844 0.49937268418292474 0.0 0.49976354305265136
0.49172727272727274 0.0 0.0 0.4947292555758349 0.4918920502367081 0.0 0.5065865804980036
0.49054545454545456 0.0 0.0 0.4937501329495567 0.4913118902783196 0.0 0.5082653487930034