0.5364583333333334 0.0 0.0 0.5665949423380146 0.5279678629359287 0.0 0.47214642359498393
0.4696180555555556 0.0 0.0 0.5700241427301608 0.46814172749391725 0.0 0.5317580120761731
0.4904513888888889 0.0 0.0 0.5620599387300352 0.47691098945660987 0.0 0.5229186019507671
0.5060763888888888 0.0 0.0 0.5631270972730001 0.5006969789132197 0.0 0.502554575011612
0.5086805555555556 0.0 0.0 0.5812465633380368 0.5133566504460665 0.0 0.4824082675336743
0.5069444444444444 0.0 0.0 0.5825103528213812 0.5125202757502028 0.0 0.4831485137018118
0.5060763888888888 0.0 0.0 0.5630303092706194 0.5003548256285483 0.0 0.5027432652113335
0.4809027777777778 0.0 0.0 0.5708516658902423 0.47611263179237634 0.0 0.5196092661402696
0.5026041666666666 0.0 0.0 0.574838275341311 0.5039664436334145 0.0 0.49230724570366957
0.4869791666666667 0.0 0.0 0.5676192500547192 0.4826008718572587 0.0 0.5141662796098472
0.4869791666666667 0.0 0.0 0.5750829133545462 0.4859083536090835 0.0 0.5089845564328848
0.4782986111111111 0.0 0.0 0.5708178909236962 0.4732993714517437 0.0 0.5221638411518812
0.5095486111111112 0.0 0.0 0.5805127820589405 0.5134073398215734 0.0 0.48227763585694405
0.5121527777777778 0.0 0.0 0.5724089871285792 0.5103026155717761 0.0 0.48571760334417124
0.5052083333333334 0.0 0.0 0.5793479689497412 0.5051196269261963 0.0 0.4889543660009288
0.5147569444444444 0.0 0.0 0.5725853712488268 0.5131538929440389 0.0 0.4828146771946126
0.4817708333333333 0.0 0.0 0.5636909788816011 0.47160127737226276 0.0 0.5274036228518353
0.5121527777777778 0.0 0.0 0.5648811831270132 0.5052843673965937 0.0 0.4947892475615424
0.4982638888888889 0.0 0.0 0.582706919883414 0.503434205190592 0.0 0.49168311658151453
0.4965277777777778 0.0 0.0 0.5738973871911603 0.4981751824817518 0.0 0.4986356247097078
0.4904513888888889 0.0 0.0 0.5753214156942867 0.49173763179237634 0.0 0.5037883186251746
0.4973958333333333 0.0 0.0 0.5687264547876143 0.49376520681265207 0.0 0.5027432652113334
0.4921875 0.0 0.0 0.5751299430361515 0.4930175385239254 0.0 0.5024239433348819
0.4947916666666667 0.0 0.0 0.5665151304871303 0.4923712489862125 0.0 0.5087378077101719
0.5269097222222222 0.0 0.0 0.5717143413815862 0.5251926196269262 0.0 0.47150777984208103
0.4835069444444444 0.0 0.0 0.5799949398783916 0.4900522100567721 0.0 0.507489549465862
0.5095486111111112 0.0 0.0 0.5743236512868859 0.5091367599351176 0.0 0.4866320250812818
0.4809027777777778 0.0 0.0 0.5680800743651375 0.47293187347931875 0.0 0.5232814677194617
0.4739583333333333 0.0 0.0 0.5724855439833796 0.4753396188158962 0.0 0.5217574314909434
0.5034722222222222 0.0 0.0 0.5701934232409059 0.49888483373884834 0.0 0.49679226660473796
0.5095486111111112 0.0 0.0 0.5676541462413041 0.5049295417680454 0.0 0.49403448676265715
0.5104166666666666 0.0 0.0 0.5695369185104512 0.5074893552311436 0.0 0.4890995123084071
0.5243055555555556 0.0 0.0 0.5771293281189126 0.5262951135442011 0.0 0.4698385973060847
0.4748263888888889 0.0 0.0 0.5726435495252009 0.46910482562854827 0.0 0.5251828843474224
0.5095486111111112 0.0 0.0 0.5679335168489399 0.5050562652068127 0.0 0.49362807710171897
0.5138888888888888 0.0 0.0 0.5667494023018097 0.5060700527169505 0.0 0.49191535067347925
0.5217013888888888 0.0 0.0 0.5745410189321049 0.5237733171127331 0.0 0.47381560613097984
0.4861111111111111 0.0 0.0 0.5669936082824645 0.4780641727493917 0.0 0.5188254760798889
0.4704861111111111 0.0 0.0 0.5704008287594248 0.4690034468775345 0.0 0.5304371806781238
0.5243055555555556 0.0 0.0 0.5741633822546593 0.5244829683698297 0.0 0.4718416163492801
0.5147569444444444 0.0 0.0 0.5733673635121623 0.5136607866991079 0.0 0.48237923827217866
0.4791666666666667 0.0 0.0 0.5673219720111815 0.4713858475263585 0.0 0.5253860891778919
0.4878472222222222 0.0 0.0 0.5671027582436207 0.48137165450121655 0.0 0.5161112401300517
0.4730902777777778 0.0 0.0 0.5778401893977323 0.4763280616382806 0.0 0.5193044588945661
0.5269097222222222 0.0 0.0 0.5690535162479481 0.5233424574209246 0.0 0.4746429400836044
0.5043402777777778 0.0 0.0 0.5654269962386538 0.5003294809407948 0.0 0.5012627728750584
0.4826388888888889 0.0 0.0 0.5751003018154056 0.4819038929440389 0.0 0.5129180213655369
0.5078125 0.0 0.0 0.5640720411674289 0.5021416261151662 0.0 0.4990420343706461
0.4774305555555556 0.0 0.0 0.5763970901960725 0.47665754257907544 0.0 0.5175772178355788
0.4678819444444444 0.0 0.0 0.5722229076028531 0.46728000811030007 0.0 0.530785531816071
0.5017361111111112 0.0 0.0 0.5757957658123118 0.5024077453365775 0.0 0.4931345796562937
0.5060763888888888 0.0 0.0 0.580449159573951 0.5103026155717761 0.0 0.4852531351602417
0.5217013888888888 0.0 0.0 0.5782520888230543 0.5236212489862125 0.0 0.47217545285647955
0.4774305555555556 0.0 0.0 0.5682884345567027 0.4749974655312247 0.0 0.5241958894565724
0.4817708333333333 0.0 0.0 0.572610084925629 0.4794201135442011 0.0 0.5160096377148169
0.5208333333333334 0.0 0.0 0.5681168510990222 0.5158024128142741 0.0 0.4829162796098466
0.4765625 0.0 0.0 0.5736312777906953 0.47418643552311435 0.0 0.5213365071992571
0.4904513888888889 0.0 0.0 0.5678594613356672 0.4863645579886456 0.0 0.5101166976312126
0.484375 0.0 0.0 0.5830962754272478 0.48836678832116787 0.0 0.5058639108221091
0.5052083333333334 0.0 0.0 0.5786377062964289 0.5051576439578265 0.0 0.4893172317696237
0.4809027777777778 0.0 0.0 0.5703812191582844 0.47575780616382807 0.0 0.5200447050627034
0.5069444444444444 0.0 0.0 0.5737437352642482 0.509022708840227 0.0 0.4884898978169998
0.5052083333333334 0.0 0.0 0.5688809781494806 0.5001267234387672 0.0 0.49732930794240615
0.4756944444444444 0.0 0.0 0.5632795340595895 0.4657846715328467 0.0 0.5331078727357181
0.4895833333333333 0.0 0.0 0.5771200141693176 0.49088858475263586 0.0 0.5040495819786348
0.5121527777777778 0.0 0.0 0.5664961165242056 0.5066783252230332 0.0 0.492641082210869
0.5034722222222222 0.0 0.0 0.581229399405683 0.5085791768045418 0.0 0.48732872735717647
0.4965277777777778 0.0 0.0 0.5710011538641363 0.4913067721005677 0.0 0.5036431723176966
0.4800347222222222 0.0 0.0 0.5759127342326327 0.4791666666666667 0.0 0.5150081281932193
0.5086805555555556 0.0 0.0 0.5727051002067188 0.5080215936739659 0.0 0.48914305620065046
0.484375 0.0 0.0 0.5690201137885694 0.47884985806974856 0.0 0.5175191593125873
0.5008680555555556 0.0 0.0 0.5727969535104016 0.49839061232765614 0.0 0.49667614955875516
0.4791666666666667 0.0 0.0 0.5738476665753742 0.4795721816707218 0.0 0.5172724105898749
0.4730902777777778 0.0 0.0 0.5653868123690106 0.4637317518248175 0.0 0.5345448211797499
0.5034722222222222 0.0 0.0 0.5670657319354504 0.4997085360908354 0.0 0.5003773803994431
0.4939236111111111 0.0 0.0 0.5754982083644052 0.4946902879156529 0.0 0.5005080120761731
0.4826388888888889 0.0 0.0 0.5758184467167393 0.4860477493917275 0.0 0.5114375290292619
0.5052083333333334 0.0 0.0 0.576164415990107 0.5066529805352799 0.0 0.4893027171388765
0.4756944444444444 0.0 0.0 0.5728005071983753 0.469941200324412 0.0 0.5245006967022761
0.4913194444444444 0.0 0.0 0.5659629111242473 0.48623783454987834 0.0 0.5118003947979568
0.4800347222222222 0.0 0.0 0.5825876212808894 0.48617447283049475 0.0 0.5089990710636326
0.4956597222222222 0.0 0.0 0.5739802833813563 0.4960715733982157 0.0 0.5001596609382261
0.4973958333333333 0.0 0.0 0.5703647926022717 0.4923712489862125 0.0 0.5030190431955415
0.4670138888888889 0.0 0.0 0.5689260588668572 0.4643780413625304 0.0 0.5349802601021832
0.4774305555555556 0.0 0.0 0.5643367020381844 0.46824310624493104 0.0 0.5309016488620535
0.4626736111111111 0.0 0.0 0.5707408887014732 0.4601074614760746 0.0 0.5381154203437069
0.4869791666666667 0.0 0.0 0.5776494683249047 0.48936790348742903 0.0 0.505312354853693
0.4748263888888889 0.0 0.0 0.5698974597165603 0.4698905109489051 0.0 0.5267649790989322
0.5138888888888888 0.0 0.0 0.5786944914407985 0.5134833738848338 0.0 0.48062296795169535
0.5095486111111112 0.0 0.0 0.5666154461867353 0.5032948094079481 0.0 0.4950359962842549
0.4704861111111111 0.0 0.0 0.5730812945235272 0.46935827250608275 0.0 0.5273455643288435
0.4904513888888889 0.0 0.0 0.5619618536450502 0.4804972627737226 0.0 0.5191447979563405
0.4895833333333333 0.0 0.0 0.5803777217202563 0.49367650040551503 0.0 0.5017272410589877
0.4809027777777778 0.0 0.0 0.5753923735017864 0.4820939781021898 0.0 0.5141082210868562
0.4800347222222222 0.0 0.0 0.5673819525878665 0.47174067315490675 0.0 0.52480550394798
0.4861111111111111 0.0 0.0 0.5671159251750254 0.4786724452554745 0.0 0.5186077566186722
0.4921875 0.0 0.0 0.5671390144541838 0.48742903487429035 0.0 0.5111472364143061
0.4869791666666667 0.0 0.0 0.571947286563312 0.4856802514193025 0.0 0.5102037854156992
0.5043402777777778 0.0 0.0 0.5666073382071344 0.5004562043795621 0.0 0.5001451463074784
0.4835069444444444 0.0 0.0 0.5757059492202847 0.4816504460665045 0.0 0.5120035996284259
0.4869791666666667 0.0 0.0 0.5691979729798415 0.48478051500405517 0.0 0.5132083139804928
0.484375 0.0 0.0 0.569187365220142 0.47974959448499593 0.0 0.5155016256386442
0.5069444444444444 0.0 0.0 0.5673825689295144 0.5008110300081103 0.0 0.49669066418950336
0.4722222222222222 0.0 0.0 0.5647311002658858 0.46302210056772103 0.0 0.535546330701347
0.4809027777777778 0.0 0.0 0.5710808933326611 0.47466798459042986 0.0 0.5206252902926154
0.4722222222222222 0.0 0.0 0.57402838791155 0.4726404095701541 0.0 0.5244136089177895
0.4921875 0.0 0.0 0.5764321660165487 0.49292883211678834 0.0 0.5027432652113333
0.4835069444444444 0.0 0.0 0.5675510840692607 0.4801551094890511 0.0 0.5188545053413841
0.5138888888888888 0.0 0.0 0.5771257446904137 0.5148900040551501 0.0 0.48046330701346973
0.4835069444444444 0.0 0.0 0.5661831913448335 0.47470600162206 0.0 0.5239926846261036
0.4748263888888889 0.0 0.0 0.5776384398286997 0.47433850364963503 0.0 0.5200447050627037
0.5026041666666666 0.0 0.0 0.5669756748180832 0.5003421532846716 0.0 0.5008418485833723