0.031746031746031744 0.0 0.0 0.4781823909736061 0.0293212616131132 0.0 0.9712616453497552
0.011904761904761904 0.1512605042016807 0.16923076923076918 0.4359120998826881 0.011213681282916148 0.0 0.9891046897205116
0.00992063492063492 0.2941176470588235 0.3487179487179487 0.45106442577030814 0.00804781348008758 0.045454545454545414 0.9918679930522659
0.023809523809523808 0.011204481792717047 0.01025641025641022 0.4825995627466215 0.022841588259660334 0.0 0.9773803884414969
0.00992063492063492 0.25770308123249297 0.27692307692307694 0.44334778783308193 0.008609976921711344 0.045454545454545414 0.9910390020527396
0.011904761904761904 0.1876750700280112 0.2102564102564103 0.4519998683233977 0.010296467246582638 0.0 0.9894994473393337
0.011904761904761904 0.17927170868347342 0.19999999999999996 0.4448244511479806 0.011036155985561276 0.045454545454545414 0.9889073109111006
0.013888888888888888 0.10924369747899154 0.1333333333333333 0.4428374768710903 0.01298893425646488 0.0 0.987249328912048
0.011904761904761904 0.22408963585434172 0.24615384615384617 0.4582100089453031 0.009911829102313746 0.0 0.9898547291962735
0.013888888888888888 0.134453781512605 0.16923076923076918 0.4464897069939087 0.012426770814841115 0.0 0.9876440865308701
0.013888888888888888 0.14845938375350143 0.16923076923076918 0.4618258414476901 0.011923782472335642 0.0 0.9877230380546345
0.02976190476190476 0.0 0.0 0.47982849251425086 0.027901059234274217 0.0 0.9725248697299858
0.013888888888888888 0.12605042016806722 0.14871794871794874 0.45040324271858995 0.012633883661755134 0.0 0.9871703773882836
0.031746031746031744 0.0 0.0 0.4792764666032856 0.029232498964435766 0.0 0.9711826938259909
0.017857142857142856 0.07002801120448177 0.09230769230769231 0.4577926861627843 0.01621397715841174 0.0 0.9837754618664141
0.015873015873015872 0.09243697478991597 0.10256410256410253 0.46216101825345524 0.0144978992839813 0.0 0.9852755408179378
0.013888888888888888 0.14005602240896353 0.16923076923076918 0.4484047037618466 0.012160482868808805 0.0 0.9877625138165167
0.015873015873015872 0.10084033613445376 0.1282051282051282 0.4525709001549338 0.014941712527368483 0.0 0.9855913469129954
0.023809523809523808 0.022408963585434205 0.03076923076923077 0.4773625550029292 0.021658086277294514 0.0 0.9780909521553766
0.015873015873015872 0.08683473389355745 0.11794871794871797 0.4538798852874483 0.014852949878691046 0.0 0.985512395389231
0.017857142857142856 0.05882352941176472 0.0871794871794872 0.4604898120216748 0.01653944020356234 0.0 0.983578083057003
0.015873015873015872 0.09523809523809523 0.12307692307692308 0.4553161328634018 0.014586661932658737 0.0 0.9856308226748777
0.017857142857142856 0.050420168067226934 0.07692307692307687 0.4636754381239676 0.016864903248712943 0.0 0.983183325438181
0.027777777777777776 0.014005602240896309 0.02564102564102566 0.4714185360355367 0.025297354873069413 0.0 0.9755250276330333
0.017857142857142856 0.06162464985994398 0.09230769230769231 0.4582945036989155 0.01636191490620747 0.0 0.9837754618664141
0.02976190476190476 0.0028011204481792618 0.00512820512820511 0.4761126929404241 0.027190958044854725 0.0 0.9730380546344545
0.027777777777777776 0.0028011204481792618 0.00512820512820511 0.47908453426008635 0.026007456062488905 0.0 0.9740249486815096
0.021825396825396824 0.025210084033613467 0.04102564102564099 0.47017239296651053 0.020681697141842714 0.0 0.9797884099163114
0.01984126984126984 0.04761904761904767 0.05641025641025643 0.47382784971020253 0.01787087993372389 0.0 0.9816832464866572
0.021825396825396824 0.02801120448179273 0.0461538461538461 0.46624091594679806 0.0204154091958104 0.0 0.980104216011369
0.01984126984126984 0.039215686274509776 0.05641025641025643 0.4679794225382461 0.018817681519616547 0.0 0.9815648192010106
0.017857142857142856 0.06442577030812324 0.0871794871794872 0.45790503523346665 0.01659861530268063 0.0 0.9839333649139428
0.015873015873015872 0.10084033613445376 0.1282051282051282 0.45392297944818955 0.013787798094561808 0.0 0.9859861045318175
0.025793650793650792 0.0028011204481792618 0.00512820512820511 0.4806900533665834 0.024676016332327355 0.0 0.97564345491868
0.021825396825396824 0.036414565826330514 0.05128205128205132 0.4690321369064684 0.019498195159476893 0.0 0.9804594978683089
0.021825396825396824 0.04201680672268904 0.06153846153846154 0.46687287311618847 0.019320669862122018 0.0 0.9805779251539555
0.017857142857142856 0.07563025210084029 0.09743589743589742 0.4635455707146883 0.015799751464583702 0.0 0.9838149376282962
0.015873015873015872 0.09523809523809523 0.10769230769230764 0.45962203937519064 0.01390614829279839 0.0 0.9856702984367598
0.021825396825396824 0.03361344537815125 0.05128205128205132 0.469328115437741 0.01964613290727262 0.0 0.98030159482078
0.025793650793650792 0.008403361344537785 0.01025641025641022 0.4802152056066677 0.02426179063849932 0.0 0.9757224064424443
0.021825396825396824 0.039215686274509776 0.06153846153846154 0.4675293512191907 0.019261494763003727 0.0 0.9805779251539555
0.015873015873015872 0.07282913165266103 0.0871794871794872 0.4659939701251621 0.015681401266347123 0.0 0.9844465498184115
0.015873015873015872 0.08123249299719892 0.11282051282051286 0.45479008911256813 0.014675424581336173 0.0 0.9854729196273488
0.011904761904761904 0.18207282913165268 0.18974358974358974 0.4703527735880677 0.010740280489969821 0.0 0.9890652139586295
0.01984126984126984 0.04761904761904767 0.07179487179487176 0.46352163087457193 0.0187880939700574 0.0 0.9818806252960682
0.01984126984126984 0.05602240896358546 0.0871794871794872 0.4629460644656722 0.017900467483283035 0.0 0.9823938102005368
0.027777777777777776 0.014005602240896309 0.02564102564102566 0.47265299072829775 0.02491271672880052 0.0 0.9753671245855046
0.01984126984126984 0.036414565826330514 0.05641025641025643 0.4692370537958773 0.018492218474465943 0.0 0.9813279646297174
0.023809523809523808 0.022408963585434205 0.03589743589743588 0.47063899162829625 0.02201313687200426 0.0 0.9788804673930207
0.01984126984126984 0.0448179271708683 0.06666666666666665 0.46533647362078734 0.01840345582578851 0.0 0.9821569556292437
0.027777777777777776 0.008403361344537785 0.01538461538461533 0.4729902791311969 0.025031066927037104 0.0 0.9750513184904469
0.017857142857142856 0.07843137254901966 0.09230769230769231 0.4749032761900408 0.01535593822119652 0.0 0.983972840675825
0.01984126984126984 0.0448179271708683 0.06666666666666665 0.470987913683992 0.018344280726670218 0.0 0.9816042949628928
0.027777777777777776 0.0056022408963585235 0.01025641025641022 0.47321579070932657 0.025681993017338305 0.0 0.9748539396810358
0.025793650793650792 0.008403361344537785 0.01538461538461533 0.47566776502981567 0.02432096573761761 0.0 0.976038212537502
0.025793650793650792 0.01680672268907568 0.02564102564102566 0.4736500500923577 0.023285401503047518 0.0 0.9766698247276172
0.025793650793650792 0.008403361344537785 0.01538461538461533 0.4751082073197456 0.0247056038818865 0.0 0.9763145428706774
0.021825396825396824 0.039215686274509776 0.05641025641025643 0.46523318185082874 0.020060358601100656 0.0 0.9802621190588978
0.023809523809523808 0.011204481792717047 0.02051282051282055 0.4748211633854047 0.022959938457896917 0.0 0.977577767250908
0.025793650793650792 0.014005602240896309 0.02564102564102566 0.4742711055493861 0.023817977395112138 0.0 0.9764724459182063
0.025793650793650792 0.0056022408963585235 0.01025641025641022 0.4759354595044641 0.024498491034972484 0.0 0.9761961155850308
0.023809523809523808 0.019607843137254943 0.03076923076923077 0.4707981499091123 0.02174684892597195 0.0 0.978564661297963
0.01984126984126984 0.04761904761904767 0.07692307692307687 0.4644015298427062 0.018166755429315343 0.0 0.9820780041054793
0.01984126984126984 0.04761904761904767 0.07692307692307687 0.4638381534950162 0.01825551807799278 0.0 0.9819201010579505
0.023809523809523808 0.01680672268907568 0.03076923076923077 0.47420517935223816 0.02260488786318717 0.0 0.9778146218222011
0.023809523809523808 0.01680672268907568 0.02564102564102566 0.4744597994597993 0.022456950115391443 0.0 0.9780909521553766
0.023809523809523808 0.019607843137254943 0.02564102564102566 0.4735652493673882 0.021717261376412805 0.0 0.9782488552029054
0.021825396825396824 0.03361344537815125 0.05128205128205132 0.46718779586426623 0.020267471448014676 0.0 0.98030159482078
0.027777777777777776 0.0056022408963585235 0.01025641025641022 0.4745079939811678 0.02544529262086514 0.0 0.9747749881572715
0.021825396825396824 0.03081232492997199 0.04102564102564099 0.4737843529019999 0.020119533700218947 0.0 0.9797884099163114
0.025793650793650792 0.014005602240896309 0.02564102564102566 0.47343714606158055 0.023965915142907863 0.0 0.9762750671087952
0.021825396825396824 0.036414565826330514 0.05128205128205132 0.46792554741752596 0.019971595952423222 0.0 0.9804200221064266
0.021825396825396824 0.03081232492997199 0.03589743589743588 0.4738305247930915 0.019823658204627493 0.0 0.9801436917732512
0.021825396825396824 0.03081232492997199 0.0461538461538461 0.47057969807969785 0.020297058997573822 0.0 0.98030159482078
0.027777777777777776 0.011204481792717047 0.02051282051282055 0.4728496706195478 0.024971891827918813 0.0 0.9754066003473867
0.023809523809523808 0.014005602240896309 0.02051282051282055 0.47443706892236304 0.02254571276406888 0.0 0.9779330491078478