0.011111111111111112 0.13656387665198233 0.07103825136612019 0.5692225662194703 0.010632311565230267 0.0 0.9893859227192561
0.022222222222222223 0.0 0.0 0.607335895289972 0.02093884199614986 0.0 0.9794452461119127
0.013333333333333334 0.07488986784140972 0.021857923497267784 0.5834407915212869 0.013060861839182586 0.0 0.9871091871091872
0.015555555555555555 0.048458149779735726 0.010928961748633892 0.5936962211785299 0.015459795646379388 0.0 0.9847683181016514
0.017777777777777778 0.026431718061673992 0.010928961748633892 0.599229646311966 0.0173256330519769 0.0 0.9829405162738496
0.017777777777777778 0.026431718061673992 0.016393442622950838 0.6062317032075987 0.017947578853842735 0.0 0.9822350489017155
0.02 0.013215859030836996 0.010928961748633892 0.6009486682764549 0.01933955279135199 0.0 0.9808561808561809
0.015555555555555555 0.048458149779735726 0.021857923497267784 0.5977269270281211 0.015489412113134904 0.0 0.9844797178130512
0.017777777777777778 0.026431718061673992 0.010928961748633892 0.6015726668535161 0.017266400118465867 0.0 0.9829725829725829
0.015555555555555555 0.048458149779735726 0.021857923497267784 0.593518662525739 0.015193247445579742 0.0 0.9850569183902518
0.02 0.013215859030836996 0.010928961748633892 0.6109738351030922 0.019546868058640605 0.0 0.9807599807599808