0.02666666666666667 0.0 0.0 0.6250787074122988 0.02641788834592033 0.0 0.9736091069424403
0.015555555555555555 0.07929515418502198 0.049180327868852514 0.5992151989000727 0.014600918110469421 0.0 0.985249318582652
0.02666666666666667 0.0 0.0 0.6247418767736105 0.026240189545387236 0.0 0.9736411736411736
0.022222222222222223 0.013215859030836996 0.005464480874316946 0.6135649654973703 0.021116540796682955 0.0 0.979028379028379
0.017777777777777778 0.04405286343612336 0.02732240437158473 0.6139140423375826 0.017266400118465867 0.0 0.9824915824915825
0.017777777777777778 0.04405286343612336 0.02732240437158473 0.6144541487310173 0.01694061898415519 0.0 0.9828122494789162
0.02 0.026431718061673992 0.010928961748633892 0.615296164199673 0.019546868058640605 0.0 0.9803751803751803
0.02 0.026431718061673992 0.02732240437158473 0.6122229173570762 0.01942840219161854 0.0 0.9804713804713805
0.024444444444444446 0.004405286343612369 0.0 0.6212148747365466 0.023930105138456982 0.0 0.9761103094436429
0.02666666666666667 0.0 0.0 0.6366709027699738 0.02680290241374204 0.0 0.9728715728715729
0.024444444444444446 0.004405286343612369 0.005464480874316946 0.6184917009375216 0.02333777580334666 0.0 0.977008177008177
0.02666666666666667 0.0 0.0 0.6257710111812281 0.0263586554124093 0.0 0.9737053070386404
0.02666666666666667 0.0 0.0 0.6277557059097306 0.026269806012142752 0.0 0.9738977072310406
0.024444444444444446 0.004405286343612369 0.0 0.620582612262179 0.02381163927143492 0.0 0.9761744428411095
0.02666666666666667 0.0 0.0 0.6227741306108181 0.02615134014512069 0.0 0.9738656405323073
0.02666666666666667 0.0 0.0 0.630493798856802 0.026269806012142752 0.0 0.9734487734487735
0.02666666666666667 0.0 0.0 0.6366791117952109 0.026684436546719977 0.0 0.9730319063652397
0.02666666666666667 0.0 0.0 0.6242437974249119 0.026329038945653783 0.0 0.9738335738335738
0.02666666666666667 0.0 0.0 0.6330049214917635 0.02659558714645343 0.0 0.9732563732563733
0.02666666666666667 0.0 0.0 0.625717652517188 0.026447504812675847 0.0 0.9737694404361071
0.024444444444444446 0.004405286343612369 0.005464480874316946 0.6184600822294322 0.02357470753739079 0.0 0.9767837101170435
0.02666666666666667 0.0 0.0 0.6222966668980603 0.025884791944321042 0.0 0.9743466410133077
0.02666666666666667 0.0 0.0 0.6231615835718005 0.026121723678365173 0.0 0.9741221741221742
0.02666666666666667 0.0 0.0 0.6256064676923812 0.025647860210276915 0.0 0.9746993746993747