0.024444444444444446 0.0 0.0 0.6191368126197848 0.024226269806012144 0.0 0.9758858425525092
0.013333333333333334 0.10572687224669608 0.07103825136612019 0.581675348501974 0.012557381904338812 0.0 0.9875581208914542
0.017777777777777778 0.03524229074889873 0.021857923497267784 0.5973114684470279 0.017059084851177256 0.0 0.9829405162738496
0.015555555555555555 0.07929515418502198 0.060109289617486295 0.597808480117193 0.014630534577224937 0.0 0.9852172518839185
0.02 0.013215859030836996 0.010928961748633892 0.6049981298562309 0.019487635125129573 0.0 0.9806317139650473
0.022222222222222223 0.004405286343612369 0.0 0.6150212268143126 0.021886568932326374 0.0 0.9781305114638448
0.017777777777777778 0.03524229074889873 0.010928961748633892 0.6003088516108196 0.017444098918998962 0.0 0.9826519159852494
0.024444444444444446 0.0 0.0 0.6190999110968153 0.024433585073300755 0.0 0.9756293089626423
0.024444444444444446 0.0 0.0 0.6210034667774609 0.02431511920627869 0.0 0.9756613756613757
0.024444444444444446 0.0 0.0 0.6208709496557795 0.024522434473567303 0.0 0.9754048420715088
0.024444444444444446 0.0 0.0 0.6223904793177242 0.024433585073300755 0.0 0.975597242263909
0.024444444444444446 0.0 0.0 0.6206035699766351 0.02455205094032282 0.0 0.9755651755651756
0.024444444444444446 0.0 0.0 0.6245400712118981 0.024048571005479046 0.0 0.9758858425525092
0.024444444444444446 0.0 0.0 0.6188910109498346 0.023900488671701466 0.0 0.9761103094436429