0.024444444444444446 0.0 0.0 0.6169231851739594 0.023308159336591146 0.0 0.97665544332211
0.015555555555555555 0.09251101321585908 0.05464480874316935 0.6013071467903399 0.014630534577224937 0.0 0.9856341189674523
0.024444444444444446 0.0 0.0 0.6115033083531537 0.023071227602547015 0.0 0.9771685105018438
0.017777777777777778 0.03083700440528636 0.010928961748633892 0.6070208127110491 0.017414482452243446 0.0 0.9827801827801828
0.02 0.017621145374449365 0.005464480874316946 0.6013461373078246 0.019102621057307864 0.0 0.9812089145422479
0.022222222222222223 0.004405286343612369 0.0 0.6067510488975918 0.021116540796682955 0.0 0.9791887125220459
0.024444444444444446 0.0 0.0 0.611606517837168 0.023308159336591146 0.0 0.9770402437069104
0.024444444444444446 0.0 0.0 0.6171137909218405 0.023071227602547015 0.0 0.9770723104056438
0.024444444444444446 0.0 0.0 0.6068277269529734 0.022775062934991857 0.0 0.9774571107904442
0.024444444444444446 0.0 0.0 0.6066094188202268 0.022686213534725306 0.0 0.9776815776815777
0.024444444444444446 0.0 0.0 0.6151234541172622 0.02333777580334666 0.0 0.9768157768157768
0.024444444444444446 0.0 0.0 0.6094614776348524 0.023160077002813563 0.0 0.9773288439955107
0.024444444444444446 0.0 0.0 0.6140698843640021 0.023367392270102177 0.0 0.9766875100208434
0.024444444444444446 0.0 0.0 0.609865746568533 0.023248926403080114 0.0 0.9771043771043771