0.028888888888888888 0.0 0.0 0.6239402123526322 0.027602547016140976 0.0 0.9724226390893058
0.017777777777777778 0.03964757709251099 0.010928961748633892 0.6230445906432749 0.01791796238708722 0.0 0.9823312489979157
0.02 0.03083700440528636 0.005464480874316946 0.6256616657384204 0.020020731526728862 0.0 0.9803110469777137
0.022222222222222223 0.017621145374449365 0.005464480874316946 0.6131176462187815 0.021412705464238117 0.0 0.9789963123296457
0.024444444444444446 0.008810572687224627 0.005464480874316946 0.6155798312454661 0.023367392270102177 0.0 0.9769761103094436
0.02 0.03083700440528636 0.010928961748633892 0.6323148387035127 0.019843032726195763 0.0 0.9805355138688472
0.02666666666666667 0.004405286343612369 0.0 0.6210256268499305 0.0256182437435214 0.0 0.9745069745069745
0.028888888888888888 0.0 0.0 0.621317564103049 0.02798756108396268 0.0 0.9722302388969056
0.028888888888888888 0.0 0.0 0.6264803343393487 0.02763216348289649 0.0 0.9724867724867725
0.02666666666666667 0.004405286343612369 0.0 0.6188643077768468 0.026003257811343106 0.0 0.9743145743145744
0.02666666666666667 0.004405286343612369 0.005464480874316946 0.6204287972089833 0.025351695542721753 0.0 0.9748917748917749
0.028888888888888888 0.0 0.0 0.6260796893760101 0.027691396416407523 0.0 0.9721981721981723
0.028888888888888888 0.0 0.0 0.6235970244528832 0.027513697615874425 0.0 0.9726471059804394
0.02666666666666667 0.004405286343612369 0.0 0.6237693585797304 0.025855175477565526 0.0 0.974282507615841