0.02666666666666667 0.0 0.0 0.630510887031785 0.025884791944321042 0.0 0.9744107744107744
0.017777777777777778 0.03964757709251099 0.021857923497267784 0.6078482472611174 0.016762920183622094 0.0 0.9832932499599166
0.02666666666666667 0.0 0.0 0.6275988817397489 0.02576632607729898 0.0 0.9744107744107744
0.02 0.013215859030836996 0.005464480874316946 0.6054215727751588 0.019309936324596474 0.0 0.9810806477473144
0.024444444444444446 0.004405286343612369 0.005464480874316946 0.6235233437013624 0.02327854286983563 0.0 0.9771685105018438
0.022222222222222223 0.008810572687224627 0.005464480874316946 0.611422536775994 0.0213830889974826 0.0 0.9791245791245792
0.022222222222222223 0.008810572687224627 0.005464480874316946 0.6124529859927177 0.021116540796682955 0.0 0.9794773128106462
0.024444444444444446 0.004405286343612369 0.005464480874316946 0.6182052605117622 0.023545091070635273 0.0 0.9769440436107103
0.02666666666666667 0.0 0.0 0.6192943172238841 0.025707093143787947 0.0 0.974635241301908
0.022222222222222223 0.008810572687224627 0.005464480874316946 0.6147942558339875 0.02108692432992744 0.0 0.9793811127144461
0.02666666666666667 0.0 0.0 0.6271457078926121 0.025944024877832074 0.0 0.9744749078082412
0.022222222222222223 0.008810572687224627 0.0 0.613006944418193 0.02191618539908189 0.0 0.9784832451499118
0.024444444444444446 0.004405286343612369 0.005464480874316946 0.6177472080722856 0.02333777580334666 0.0 0.9771364438031105
0.024444444444444446 0.004405286343612369 0.005464480874316946 0.6216862781181668 0.02333777580334666 0.0 0.9772326438993106
0.024444444444444446 0.004405286343612369 0.0 0.619683275960366 0.023456241670368725 0.0 0.9767516434183101
0.02666666666666667 0.0 0.0 0.6273776303962064 0.02576632607729898 0.0 0.9747314413981081
0.024444444444444446 0.004405286343612369 0.005464480874316946 0.6175404076487669 0.023397008736857693 0.0 0.9770402437069104
0.02666666666666667 0.0 0.0 0.6258414615999757 0.025499777876499333 0.0 0.9748276414943082
0.024444444444444446 0.004405286343612369 0.005464480874316946 0.6214476132742387 0.023219309936324598 0.0 0.9772326438993106
0.02666666666666667 0.0 0.0 0.6287137620148457 0.025736709610543463 0.0 0.9745711079044412
0.024444444444444446 0.004405286343612369 0.005464480874316946 0.6252222210194347 0.023011994669035984 0.0 0.9774891774891775
0.02666666666666667 0.0 0.0 0.6282120993614805 0.025944024877832074 0.0 0.974282507615841
0.024444444444444446 0.004405286343612369 0.0 0.6230028494037783 0.02387087220494595 0.0 0.9764309764309764
0.02666666666666667 0.0 0.0 0.6206632699086262 0.02567747667703243 0.0 0.9747635080968414
0.02666666666666667 0.0 0.0 0.6263056158953992 0.02621057307863172 0.0 0.9740580407247075
0.024444444444444446 0.004405286343612369 0.0 0.6197833478870632 0.02363394047090182 0.0 0.9767516434183101
0.02666666666666667 0.0 0.0 0.6267471255667852 0.02576632607729898 0.0 0.9745711079044412
0.024444444444444446 0.004405286343612369 0.0 0.6317267098226853 0.023930105138456982 0.0 0.9763347763347764
0.02666666666666667 0.0 0.0 0.6285373331232466 0.026003257811343106 0.0 0.9745069745069745
0.024444444444444446 0.004405286343612369 0.0 0.6231679680828289 0.02381163927143492 0.0 0.9765592432259099
0.02666666666666667 0.0 0.0 0.6218194022180092 0.026062490744854137 0.0 0.9743466410133077
0.024444444444444446 0.004405286343612369 0.0 0.617993994387887 0.023989338071968014 0.0 0.9761744428411095
0.024444444444444446 0.004405286343612369 0.0 0.6201905155388129 0.023959721605212498 0.0 0.9763989097322431
0.024444444444444446 0.004405286343612369 0.005464480874316946 0.6194707012973268 0.023308159336591146 0.0 0.9772326438993106
0.02666666666666667 0.0 0.0 0.6270518904613334 0.025795942544054495 0.0 0.9746673080006414
0.02666666666666667 0.0 0.0 0.6308029052417599 0.025795942544054495 0.0 0.9745711079044412
0.024444444444444446 0.004405286343612369 0.0 0.6250076497290121 0.023456241670368725 0.0 0.977008177008177
0.02666666666666667 0.0 0.0 0.623970855569153 0.025944024877832074 0.0 0.9743145743145744
0.024444444444444446 0.004405286343612369 0.0 0.6214255438404047 0.02342662520361321 0.0 0.9768799102132436
0.02666666666666667 0.0 0.0 0.631507057184302 0.025855175477565526 0.0 0.9744428411095079
0.024444444444444446 0.004405286343612369 0.005464480874316946 0.6172924057366784 0.023160077002813563 0.0 0.977264710598044
0.022222222222222223 0.008810572687224627 0.0 0.6152358554757935 0.021975418332592922 0.0 0.9781946448613116
0.02666666666666667 0.0 0.0 0.6236435462828653 0.026092107211609657 0.0 0.9743145743145744
0.024444444444444446 0.004405286343612369 0.0 0.6231427155575763 0.023752406337923887 0.0 0.97665544332211
0.024444444444444446 0.004405286343612369 0.005464480874316946 0.6231418014390152 0.0230416111357915 0.0 0.9773929773929774