0.02666666666666667 0.0 0.0 0.6298057979172531 0.025707093143787947 0.0 0.974282507615841
0.017777777777777778 0.03083700440528636 0.016393442622950838 0.612315562189788 0.017444098918998962 0.0 0.9823953823953824
0.02666666666666667 0.0 0.0 0.6274806892453952 0.025559010810010364 0.0 0.9744107744107744
0.017777777777777778 0.03083700440528636 0.016393442622950838 0.6087332301341589 0.017503331852509997 0.0 0.982619849286516
0.02 0.022026431718061623 0.016393442622950838 0.606749717430832 0.019102621057307864 0.0 0.9809203142536476
0.022222222222222223 0.008810572687224627 0.005464480874316946 0.6308275044910753 0.021797719532059827 0.0 0.9781305114638448
0.02 0.022026431718061623 0.016393442622950838 0.6154617955669297 0.019369169258107506 0.0 0.9807920474587142
0.024444444444444446 0.004405286343612369 0.005464480874316946 0.6265905963661383 0.023397008736857693 0.0 0.9764309764309764
0.02666666666666667 0.0 0.0 0.6229796018108713 0.025647860210276915 0.0 0.9744428411095079
0.02 0.022026431718061623 0.016393442622950838 0.6199830663259456 0.019398785724863025 0.0 0.980599647266314
0.02666666666666667 0.0 0.0 0.6308471971784666 0.025410928476232785 0.0 0.974378707712041
0.02666666666666667 0.0 0.0 0.6332420567908187 0.025855175477565526 0.0 0.9739618406285073
0.024444444444444446 0.004405286343612369 0.0 0.6317434852728971 0.024137420405745593 0.0 0.9760782427449094
0.02666666666666667 0.0 0.0 0.6241666722510377 0.025884791944321042 0.0 0.9741863075196409
0.02 0.022026431718061623 0.005464480874316946 0.6259640283988839 0.0197245668591737 0.0 0.9800865800865801
0.02666666666666667 0.0 0.0 0.628245847576343 0.025322079075966238 0.0 0.9746031746031746
0.02666666666666667 0.0 0.0 0.6285599154600705 0.02582555901081001 0.0 0.9741542408209075
0.02666666666666667 0.0 0.0 0.6309373403800651 0.02576632607729898 0.0 0.9741863075196409
0.02666666666666667 0.0 0.0 0.624654057529445 0.0256182437435214 0.0 0.9744428411095079
0.02666666666666667 0.0 0.0 0.6300162356276909 0.025647860210276915 0.0 0.9742504409171077
0.024444444444444446 0.004405286343612369 0.005464480874316946 0.6323010288644965 0.023604324004146304 0.0 0.9761423761423762
0.02666666666666667 0.0 0.0 0.6314647190614685 0.02567747667703243 0.0 0.9741221741221742
0.02666666666666667 0.0 0.0 0.6270944741532979 0.025707093143787947 0.0 0.9742183742183742
0.024444444444444446 0.004405286343612369 0.005464480874316946 0.6248288390316257 0.023545091070635273 0.0 0.9762385762385762
0.024444444444444446 0.004405286343612369 0.0 0.625350927881888 0.023693173404412852 0.0 0.9764951098284432
0.02666666666666667 0.0 0.0 0.6322717630380172 0.02558862727676588 0.0 0.9742183742183742