0.028888888888888888 0.0 0.0 0.6308024928023738 0.02869835628609507 0.0 0.971300304633638
0.015555555555555555 0.07929515418502198 0.04371584699453557 0.6060893363193232 0.015370946246112838 0.0 0.9846721180054514
0.028888888888888888 0.0 0.0 0.6333627364229889 0.028727972752850585 0.0 0.9711720378387045
0.017777777777777778 0.04405286343612336 0.010928961748633892 0.621108355622951 0.018036428254109286 0.0 0.9819464486131153
0.02 0.026431718061673992 0.010928961748633892 0.6224955010494226 0.01996149859321783 0.0 0.9797979797979798
0.02 0.026431718061673992 0.005464480874316946 0.6290417117139255 0.020198430327261957 0.0 0.9795735129068462
0.022222222222222223 0.013215859030836996 0.005464480874316946 0.6269809453245988 0.02206426773285947 0.0 0.977713644380311
0.02666666666666667 0.004405286343612369 0.005464480874316946 0.6355827601764136 0.026299422478898268 0.0 0.9733525733525734
0.024444444444444446 0.008810572687224627 0.010928961748633892 0.6226185510396038 0.024137420405745593 0.0 0.9759179092512426
0.024444444444444446 0.008810572687224627 0.005464480874316946 0.6293117658055739 0.02372278987116837 0.0 0.9761103094436429
0.02666666666666667 0.004405286343612369 0.005464480874316946 0.6288188212143323 0.025944024877832074 0.0 0.9738335738335738
0.028888888888888888 0.0 0.0 0.621457933709363 0.027158300014808234 0.0 0.9730639730639731
0.02666666666666667 0.004405286343612369 0.005464480874316946 0.6307767388843241 0.026536354212942394 0.0 0.9732884399551066
0.028888888888888888 0.0 0.0 0.6297021711033977 0.02846142455205094 0.0 0.9713965047298381
0.024444444444444446 0.008810572687224627 0.005464480874316946 0.6295529066736499 0.023900488671701466 0.0 0.9757896424563092
0.02666666666666667 0.004405286343612369 0.005464480874316946 0.6282351427668766 0.026714053013475493 0.0 0.9732563732563733
0.028888888888888888 0.0 0.0 0.6342066885752883 0.027691396416407523 0.0 0.9722943722943723
0.028888888888888888 0.0 0.0 0.629377573981944 0.028639123352584037 0.0 0.9713323713323714
0.02666666666666667 0.004405286343612369 0.005464480874316946 0.6313465773992089 0.02695098474751962 0.0 0.9730319063652397
0.028888888888888888 0.0 0.0 0.6274686333926631 0.028194876351251296 0.0 0.9718454385121053
0.02666666666666667 0.004405286343612369 0.005464480874316946 0.6325444063447161 0.026062490744854137 0.0 0.973673240339907
0.028888888888888888 0.0 0.0 0.6376673800078186 0.028876055086628164 0.0 0.971043771043771
0.02666666666666667 0.004405286343612369 0.005464480874316946 0.6319652233158429 0.026625203613208945 0.0 0.9731922398589066
0.028888888888888888 0.0 0.0 0.6295027848850189 0.028431808085295423 0.0 0.9716530383197051
0.02666666666666667 0.004405286343612369 0.005464480874316946 0.6384719182319801 0.027099067081297203 0.0 0.9727433060766394
0.024444444444444446 0.008810572687224627 0.005464480874316946 0.6401913042238121 0.02461128387383385 0.0 0.9750200416867084
0.02666666666666667 0.004405286343612369 0.0 0.6290595541369536 0.025884791944321042 0.0 0.9740901074234408
0.024444444444444446 0.008810572687224627 0.005464480874316946 0.6281305708395495 0.023930105138456982 0.0 0.9758217091550425
0.02666666666666667 0.004405286343612369 0.005464480874316946 0.6265291174540402 0.026240189545387236 0.0 0.9737694404361071
0.02666666666666667 0.004405286343612369 0.005464480874316946 0.6283109971383968 0.026447504812675847 0.0 0.9735129068462403
0.028888888888888888 0.0 0.0 0.629541525163995 0.028283725751517844 0.0 0.9716851050184384
0.02666666666666667 0.004405286343612369 0.005464480874316946 0.6274083115027388 0.02582555901081001 0.0 0.9741542408209075
0.024444444444444446 0.008810572687224627 0.005464480874316946 0.6286036005618049 0.024196653339256628 0.0 0.9755651755651756
0.02666666666666667 0.004405286343612369 0.0 0.6307310078981907 0.026477121279431363 0.0 0.9734808401475068
0.028888888888888888 0.0 0.0 0.6316505625745922 0.028254109284762328 0.0 0.9717813051146384
0.028888888888888888 0.0 0.0 0.6248159399058425 0.02792832815045165 0.0 0.972262305595639
0.024444444444444446 0.008810572687224627 0.005464480874316946 0.6250153965401644 0.023959721605212498 0.0 0.9758217091550425
0.02666666666666667 0.004405286343612369 0.005464480874316946 0.6297615253110611 0.025855175477565526 0.0 0.9737694404361071
0.024444444444444446 0.008810572687224627 0.005464480874316946 0.6282409180087201 0.024196653339256628 0.0 0.9755651755651756
0.028888888888888888 0.0 0.0 0.6303089339303319 0.02869835628609507 0.0 0.971300304633638
0.02666666666666667 0.004405286343612369 0.005464480874316946 0.6220249271139366 0.026092107211609657 0.0 0.9741863075196409
0.028888888888888888 0.0 0.0 0.6264331213470891 0.02846142455205094 0.0 0.9717492384159051
0.02666666666666667 0.004405286343612369 0.0 0.6307571935861412 0.026477121279431363 0.0 0.9734167067500401
0.02666666666666667 0.004405286343612369 0.005464480874316946 0.6270678603302445 0.026240189545387236 0.0 0.9736091069424403
0.028888888888888888 0.0 0.0 0.6283870304410909 0.028491041018806458 0.0 0.9715889049222383
0.02666666666666667 0.004405286343612369 0.005464480874316946 0.6356136138256883 0.026714053013475493 0.0 0.9730319063652397