0.022222222222222223 0.0 0.0 0.6091659715318126 0.021827335998815343 0.0 0.9782587782587783
0.008888888888888889 0.2555066079295154 0.1311475409836066 0.5797827903091061 0.008648008292610691 0.0 0.9915023248356581
0.011111111111111112 0.17180616740088106 0.060109289617486295 0.602233709273183 0.011165407966829558 0.0 0.9891293891293892
0.013333333333333334 0.07488986784140972 0.049180327868852514 0.5854390879158681 0.012942395972160521 0.0 0.9871412538079205
0.015555555555555555 0.03964757709251099 0.016393442622950838 0.6043601066157457 0.015400562712868354 0.0 0.9846721180054514
0.017777777777777778 0.017621145374449365 0.010928961748633892 0.6083865783155368 0.017532948319265513 0.0 0.9824915824915825
0.02 0.004405286343612369 0.005464480874316946 0.6034733838429659 0.019161853990818895 0.0 0.980952380952381
0.011111111111111112 0.17180616740088106 0.08743169398907102 0.5932576539387686 0.010750777432252332 0.0 0.9895141895141896
0.022222222222222223 0.0 0.0 0.6096226688306152 0.021590404264771212 0.0 0.9786435786435786
0.022222222222222223 0.0 0.0 0.6129655166910069 0.02167925366503776 0.0 0.9784191117524451
0.022222222222222223 0.0 0.0 0.6122191382175903 0.021442321930993633 0.0 0.9786435786435786