0.024444444444444446 0.0 0.0 0.6224051739454216 0.023900488671701466 0.0 0.976046176046176
0.013333333333333334 0.10572687224669608 0.016393442622950838 0.6087825364063754 0.013386642973493262 0.0 0.9869809203142537
0.024444444444444446 0.0 0.0 0.6181487475372925 0.02327854286983563 0.0 0.9766875100208434
0.015555555555555555 0.06607929515418498 0.005464480874316946 0.6159293249463528 0.015459795646379388 0.0 0.9848965848965849
0.02 0.013215859030836996 0.005464480874316946 0.6071657653539749 0.019369169258107506 0.0 0.9806637806637807
0.015555555555555555 0.06607929515418498 0.005464480874316946 0.6197698085081984 0.015696727380423516 0.0 0.9844155844155844
0.02 0.013215859030836996 0.005464480874316946 0.6146821130986508 0.0197245668591737 0.0 0.9803751803751803
0.022222222222222223 0.004405286343612369 0.005464480874316946 0.6120179901320254 0.021353472530727086 0.0 0.9788359788359788
0.024444444444444446 0.0 0.0 0.6208392493299615 0.023841255738190435 0.0 0.9761103094436429
0.024444444444444446 0.0 0.0 0.6204582723777771 0.023515474603879757 0.0 0.9764630431297098
0.024444444444444446 0.0 0.0 0.6205220682310467 0.023663556937657336 0.0 0.9762706429373096
0.024444444444444446 0.0 0.0 0.6224394619828058 0.02363394047090182 0.0 0.9763989097322431
0.024444444444444446 0.0 0.0 0.6187985303310383 0.023900488671701466 0.0 0.9761103094436429
0.024444444444444446 0.0 0.0 0.6206209674398528 0.024048571005479046 0.0 0.9758537758537759
0.024444444444444446 0.0 0.0 0.6224283155784706 0.023841255738190435 0.0 0.9761423761423762
0.024444444444444446 0.0 0.0 0.611865110293903 0.023248926403080114 0.0 0.9768799102132436
0.022222222222222223 0.004405286343612369 0.0 0.6162647863163861 0.02167925366503776 0.0 0.9783870450537118
0.024444444444444446 0.0 0.0 0.6203732894212771 0.023989338071968014 0.0 0.975949975949976
0.024444444444444446 0.0 0.0 0.6220595013861268 0.02363394047090182 0.0 0.976302709636043
0.022222222222222223 0.004405286343612369 0.0 0.6165084510337351 0.02167925366503776 0.0 0.9783870450537118
0.024444444444444446 0.0 0.0 0.6227257168356239 0.023841255738190435 0.0 0.9761423761423762
0.013333333333333334 0.10572687224669608 0.010928961748633892 0.6085302717578258 0.013534725307270843 0.0 0.9865319865319866
0.024444444444444446 0.0 0.0 0.6189165057508711 0.023959721605212498 0.0 0.9760141093474427
0.024444444444444446 0.0 0.0 0.6168902391038614 0.023930105138456982 0.0 0.9762706429373096
0.024444444444444446 0.0 0.0 0.6205803243883741 0.023397008736857693 0.0 0.9765271765271766
0.017777777777777778 0.03524229074889873 0.005464480874316946 0.6096423775313093 0.017503331852509997 0.0 0.9826839826839827