0.43745454545454543 0.0 0.0 0.49422641240004556 0.43617025837123663 0.0 0.5612438699866926
0.43318181818181817 0.0 0.0 0.49432151566055266 0.4328493427473575 0.0 0.5652567952860654
0.44327272727272726 0.0 0.0 0.4948205316862729 0.44282066341148346 0.0 0.5545516061585234
0.43672727272727274 0.0 0.0 0.49498512531900135 0.43743274931516835 0.0 0.5607359817525168
0.4421818181818182 0.0 0.0 0.4946169718661045 0.4419354193370458 0.0 0.5561497814103764
0.43881818181818183 0.0 0.0 0.49433799864762784 0.438746683014031 0.0 0.5594130393461303
0.4360909090909091 0.0 0.0 0.4942080396908054 0.4356415411677791 0.0 0.5623083064056243
0.4391818181818182 0.0 0.0 0.4938222794693141 0.4373284348398916 0.0 0.5598950769815607
0.43463636363636365 0.0 0.0 0.4941428761097311 0.43395178956483715 0.0 0.5640448583919389
0.44436363636363635 0.0 0.0 0.4949820100501779 0.44479049223571643 0.0 0.5534567572704789
0.43736363636363634 0.0 0.0 0.49387674373011103 0.4362324183667783 0.0 0.5615784071469279
0.437 0.0 0.0 0.49426414275164954 0.4366160955806387 0.0 0.561461319140846
0.43854545454545457 0.0 0.0 0.49364691339025757 0.4365317866211684 0.0 0.5612773237027167
0.43554545454545457 0.0 0.0 0.4943833491273523 0.4348441784663486 0.0 0.5630382056643204
0.4431818181818182 0.0 0.0 0.4935238923149938 0.44086869665493483 0.0 0.5565329785211925
0.4381818181818182 0.0 0.0 0.49475232370159045 0.4381886720195711 0.0 0.5599148450864837
0.4399090909090909 0.0 0.0 0.4933334765399211 0.4375184872400533 0.0 0.5599817525185316
0.4369090909090909 0.0 0.0 0.493900015812996 0.43572156323100514 0.0 0.5626185135905708
0.4380909090909091 0.0 0.0 0.49392663531818787 0.4371733920923912 0.0 0.5608500285116889
0.43472727272727274 0.0 0.0 0.494168821555301 0.4342518723019347 0.0 0.5637954761452177
0.44072727272727275 0.0 0.0 0.49482151539411795 0.4409251407888175 0.0 0.5574712031933076
0.4395454545454546 0.0 0.0 0.494277500186777 0.4390932071271079 0.0 0.5589249192168774
0.4380909090909091 0.0 0.0 0.49407196642984286 0.43660609282273544 0.0 0.5609838433757832
0.4475454545454545 0.0 0.0 0.4940356010263187 0.44619730868653784 0.0 0.5513309256795274
0.44163636363636366 0.0 0.0 0.49456855163644886 0.441225223525915 0.0 0.556648545903819
0.43863636363636366 0.0 0.0 0.4947429076532437 0.4391932347061404 0.0 0.5590344041056818
0.4399090909090909 0.0 0.0 0.49347805407980094 0.438758114737349 0.0 0.5593643793955512
0.43672727272727274 0.0 0.0 0.49380216486797707 0.43591304459658164 0.0 0.5621881771526305
0.43763636363636366 0.0 0.0 0.49457226371379437 0.4376528099890398 0.0 0.5604394601786709
0.4445454545454545 0.0 0.0 0.49471033535412795 0.4439659791914056 0.0 0.5534202623075446
0.43872727272727274 0.0 0.0 0.4937408176533636 0.43697619486515565 0.0 0.5608773997338898
0.43736363636363634 0.0 0.0 0.49326080500805475 0.4353471742923406 0.0 0.5626337198251266
0.4380909090909091 0.0 0.0 0.4944513294250763 0.4383730085580739 0.0 0.5599209275803063
0.4411818181818182 0.0 0.0 0.4941680641196505 0.4410587490550966 0.0 0.5571716403725507
0.43936363636363635 0.0 0.0 0.4937680560363176 0.43736130104443083 0.0 0.559885953240827
0.43618181818181817 0.0 0.0 0.49411974286367066 0.4349206281160377 0.0 0.5627401634670196
0.443 0.0 0.0 0.4938341489163985 0.4418546827911124 0.0 0.5561984413609564
0.443 0.0 0.0 0.49419695683054493 0.44269205652415594 0.0 0.5555719444972425
0.4368181818181818 0.0 0.0 0.4938492232329853 0.43589732597701936 0.0 0.5620634860292701
0.439 0.0 0.0 0.49372145754188845 0.43741488724748395 0.0 0.5604759551416064
0.43572727272727274 0.0 0.0 0.49491841812820364 0.4362752873292208 0.0 0.5617015776468333
0.448 0.0 0.0 0.4939733791653902 0.4465338300417115 0.0 0.5509872647785576
0.438 0.0 0.0 0.4935744822258773 0.43649892041662913 0.0 0.5615905721345738
0.43454545454545457 0.0 0.0 0.49406949312327036 0.4338903440520029 0.0 0.5645177722866354
0.4395454545454546 0.0 0.0 0.49451228690766014 0.43911178367749965 0.0 0.5589188367230546
0.44363636363636366 0.0 0.0 0.4946742306738758 0.44345941095187674 0.0 0.554668694164606
0.43845454545454543 0.0 0.0 0.4945073626953503 0.4382122499489145 0.0 0.5597247671545308
0.43927272727272726 0.0 0.0 0.4937281091964485 0.43764637964467346 0.0 0.5602539441170866
0.43718181818181817 0.0 0.0 0.4939819119625835 0.4366725397145213 0.0 0.5613381486409403
0.4410909090909091 0.0 0.0 0.49474988931489267 0.44062863046525685 0.0 0.556829500095037
0.43427272727272725 0.0 0.0 0.49412927065186235 0.43345022270425987 0.0 0.5644554267249554
0.44563636363636366 0.0 0.0 0.4941614114890181 0.44509486186905817 0.0 0.5530340239498178
0.43772727272727274 0.0 0.0 0.49507292452851687 0.438912443002142 0.0 0.5593947918646629
0.44427272727272726 0.0 0.0 0.49487564307560905 0.44434394054360704 0.0 0.5539129443071644
0.43972727272727274 0.0 0.0 0.4948915165069419 0.4404099987568001 0.0 0.5579061015016142
0.43927272727272726 0.0 0.0 0.49421713272109397 0.4391846609136519 0.0 0.5590450484698712
0.43972727272727274 0.0 0.0 0.49428370070295574 0.4393475629709334 0.0 0.5587500475194814
0.43881818181818183 0.0 0.0 0.4946076771784762 0.43878383611481453 0.0 0.559294430716591
0.4391818181818182 0.0 0.0 0.4944357522506599 0.438620934057533 0.0 0.5594419311917866
0.43972727272727274 0.0 0.0 0.49407422988479965 0.4385001864799866 0.0 0.558915795476143
0.4358181818181818 0.0 0.0 0.4939556314212039 0.4348256019159568 0.0 0.5633620984603671
0.44063636363636366 0.0 0.0 0.4947485801921304 0.441116622154394 0.0 0.5570727998479363
0.43672727272727274 0.0 0.0 0.49433336454034293 0.4363145838781264 0.0 0.5615692834061948
0.44281818181818183 0.0 0.0 0.4932378818277318 0.4411802111153504 0.0 0.5565132104162694
0.43772727272727274 0.0 0.0 0.4932180781703517 0.4354271963555666 0.0 0.5623600076031166
0.436 0.0 0.0 0.493497939342605 0.43412969575897353 0.0 0.5636327694354668
0.4380909090909091 0.0 0.0 0.49461699491304767 0.4380214830660453 0.0 0.5600121649876423
0.43936363636363635 0.0 0.0 0.49479431553286446 0.44001060292337746 0.0 0.5582862573655183
0.43836363636363634 0.0 0.0 0.4936654668926747 0.4369669065899598 0.0 0.5610674776658415
0.44472727272727275 0.0 0.0 0.49436471551675887 0.44442039019329616 0.0 0.5538171450294604
0.43727272727272726 0.0 0.0 0.4947447848412754 0.4372384100187623 0.0 0.5608165747956642
0.44063636363636366 0.0 0.0 0.49336335768124373 0.43785286514710486 0.0 0.5595255654818458
0.4379090909090909 0.0 0.0 0.4938395073391057 0.4369811962441073 0.0 0.561059874548564
0.4330909090909091 0.0 0.0 0.49334683641295946 0.4312153207955908 0.0 0.5665858201862742
0.4399090909090909 0.0 0.0 0.4936194463650502 0.43828084028882247 0.0 0.5595407717164032