0.4465454545454545 0.0 0.0 0.4969350857766208 0.449095250547651 0.0 0.549455996958752
0.44372727272727275 0.0 0.0 0.49639523879810693 0.44426034606684417 0.0 0.5529625546474053
0.44945454545454544 0.0 0.0 0.4951456389357213 0.44823001198901985 0.0 0.5488401444592279
0.45581818181818184 0.0 0.0 0.4963803933615173 0.45686096309411023 0.0 0.5407260977000568
0.45027272727272727 0.0 0.0 0.4955853733295747 0.4505320752721822 0.0 0.547573465120698
0.45281818181818184 0.0 0.0 0.4947167557066384 0.45146804761884346 0.0 0.5465774567572701
0.456 0.0 0.0 0.4962385459544666 0.4566730541420706 0.0 0.5408006082493815
0.4449090909090909 0.0 0.0 0.4962543373741551 0.4446504536250709 0.0 0.5525139707279976
0.44827272727272727 0.0 0.0 0.4965433433377314 0.4495818132713734 0.0 0.5483216118608614
0.44936363636363635 0.0 0.0 0.4948267236335172 0.4478649113255512 0.0 0.5495852499524796
0.44836363636363635 0.0 0.0 0.49478838108581835 0.44720830171747356 0.0 0.5505341189887846
0.4527272727272727 0.0 0.0 0.49620051091412704 0.454498168780821 0.0 0.5439361338148629
0.4496363636363636 0.0 0.0 0.49509245844760097 0.44843006714708483 0.0 0.5489602737122217
0.457 0.0 0.0 0.496231888286259 0.45791268163936627 0.0 0.5398395742254318
0.44927272727272727 0.0 0.0 0.4964951440299919 0.4507978628393257 0.0 0.5474776658429942
0.44327272727272726 0.0 0.0 0.4955994268830094 0.44388238471464275 0.0 0.5544801368561093
0.458 0.0 0.0 0.4963856603305952 0.45926734085254933 0.0 0.538525755559779
0.44936363636363635 0.0 0.0 0.4948186767616267 0.4488809057354385 0.0 0.5491807641132855
0.4506363636363636 0.0 0.0 0.4958085789513339 0.4511872559148451 0.0 0.5462413989735779
0.4480909090909091 0.0 0.0 0.4951139161275939 0.4473754906709993 0.0 0.5505052271431274
0.4566363636363636 0.0 0.0 0.4962333193597605 0.45753543476987224 0.0 0.5402851168979277
0.44827272727272727 0.0 0.0 0.4967097434147762 0.44909596503035837 0.0 0.5483292149781402
0.451 0.0 0.0 0.49512525762734827 0.4503656008013638 0.0 0.5475856301083439
0.44645454545454544 0.0 0.0 0.49626205869481876 0.4480706823452752 0.0 0.5501737312298036
0.44627272727272727 0.0 0.0 0.4960511403180903 0.44749909617937517 0.0 0.5507181144269142
0.4491818181818182 0.0 0.0 0.4968391424101743 0.4505549387188182 0.0 0.5471035924729124
0.44872727272727275 0.0 0.0 0.49526263437740636 0.4483343264642966 0.0 0.5495806880821124
0.454 0.0 0.0 0.4957783930512093 0.4533285605888481 0.0 0.5439391750617748
0.4505454545454545 0.0 0.0 0.496126556311448 0.4509979179973907 0.0 0.5469332826458841
0.4479090909090909 0.0 0.0 0.4949377280274401 0.4477227292667836 0.0 0.550567572704808
0.44981818181818184 0.0 0.0 0.4949503225027813 0.4484679347305757 0.0 0.5491016916935938
0.45990909090909093 0.0 0.0 0.4952027894676816 0.46003683872839224 0.0 0.5381684090477089
0.45327272727272727 0.0 0.0 0.4943720048493612 0.45169525311978875 0.0 0.5463934613191408
0.44945454545454544 0.0 0.0 0.49595848979495744 0.4506285304376778 0.0 0.5476373313058354
0.461 0.0 0.0 0.4954428635616269 0.46126574898507733 0.0 0.5366493062155477
0.44927272727272727 0.0 0.0 0.496170317273686 0.4503777470073892 0.0 0.5475202432997527
0.44781818181818184 0.0 0.0 0.49501149946088757 0.447296897573188 0.0 0.550587340809731
0.4469090909090909 0.0 0.0 0.4960322412310141 0.44824072922963043 0.0 0.5498939365139702
0.45236363636363636 0.0 0.0 0.49638233674657456 0.45453960877784877 0.0 0.5443102071849452
0.44872727272727275 0.0 0.0 0.4955041823766077 0.4477784589179588 0.0 0.5495654818475566
0.4541818181818182 0.0 0.0 0.4950490393223695 0.45327568886850234 0.0 0.544447063295951
0.45227272727272727 0.0 0.0 0.494598312849063 0.4508721690408927 0.0 0.5471704999049607
0.44872727272727275 0.0 0.0 0.4966042207297821 0.4499426270385978 0.0 0.5478806310587336
0.4475454545454545 0.0 0.0 0.49508735107280955 0.44736763136121815 0.0 0.5507226762972808
0.44163636363636366 0.0 0.0 0.49521398388755955 0.4419061255460434 0.0 0.5564827979471575
0.4598181818181818 0.0 0.0 0.49529601986421634 0.4599989711449014 0.0 0.5383022239118032
0.4480909090909091 0.0 0.0 0.4963530520349233 0.4498854684220078 0.0 0.548411328644743
0.4505454545454545 0.0 0.0 0.4950317970634202 0.44994548496942727 0.0 0.547955141608059
0.45690909090909093 0.0 0.0 0.4952272065477445 0.45712103479959476 0.0 0.5413738832921493
0.4450909090909091 0.0 0.0 0.49572647958012184 0.44567216389661723 0.0 0.5525778369131333
0.45590909090909093 0.0 0.0 0.49598602744699116 0.45735324167949165 0.0 0.5414118988785396
0.44736363636363635 0.0 0.0 0.49625530685776303 0.44909096365140677 0.0 0.5492750427675344
0.44472727272727275 0.0 0.0 0.4960673904600345 0.4449848315321224 0.0 0.552666033073559
0.4509090909090909 0.0 0.0 0.4955873849841115 0.4510757966124946 0.0 0.5467021478806304
0.4517272727272727 0.0 0.0 0.4951524772330933 0.4512294103945802 0.0 0.5466489260596838
0.4465454545454545 0.0 0.0 0.4947520719363745 0.44499912118626994 0.0 0.5524577076601396
0.445 0.0 0.0 0.495794049859665 0.44452613363398763 0.0 0.5526934042957602
0.44927272727272727 0.0 0.0 0.4951509228007863 0.44875587126164784 0.0 0.5491914084774745
0.45045454545454544 0.0 0.0 0.49517370777201625 0.4499533442792084 0.0 0.5479034404105678
0.45490909090909093 0.0 0.0 0.4952861889768081 0.4547446653148654 0.0 0.5429644554267246
0.44972727272727275 0.0 0.0 0.4955339853137629 0.449140977440923 0.0 0.5480281315339279
0.449 0.0 0.0 0.4967149958158262 0.4511479593659395 0.0 0.5470169169359425
0.45345454545454544 0.0 0.0 0.4958088779890031 0.454555327397411 0.0 0.5439148450864852
0.44927272727272727 0.0 0.0 0.4961059298491503 0.4503806049382187 0.0 0.5479870747006266
0.4461818181818182 0.0 0.0 0.4957728464675448 0.446879639672081 0.0 0.5515635810682367
0.45145454545454544 0.0 0.0 0.4952790540636493 0.4504284752796128 0.0 0.546507508078311
0.4536363636363636 0.0 0.0 0.4959110003080145 0.45447101843794074 0.0 0.5433582969017293
0.4466363636363636 0.0 0.0 0.4960878051974893 0.4468031900223919 0.0 0.5507196350503696
0.44772727272727275 0.0 0.0 0.49645499029453566 0.44873372229771924 0.0 0.5491442691503509
0.45 0.0 0.0 0.49540005861860126 0.44967826843686903 0.0 0.5481497814103777
0.45 0.0 0.0 0.49712138873044004 0.4518510103499965 0.0 0.5457411138566806
0.45136363636363636 0.0 0.0 0.4960415154513096 0.4528948695854714 0.0 0.5456240258505982
0.4481818181818182 0.0 0.0 0.4961431866323037 0.44950393465626953 0.0 0.5486166128112513
0.4571818181818182 0.0 0.0 0.49617871571382893 0.4583692360893789 0.0 0.5395658620034207
0.4435454545454545 0.0 0.0 0.4958495945119038 0.44313217787189896 0.0 0.554156244060064
0.44581818181818184 0.0 0.0 0.4954237035941521 0.44621374178880746 0.0 0.552072989925869
0.4505454545454545 0.0 0.0 0.49610170470158044 0.45095362006953343 0.0 0.5469925869606531
0.45145454545454544 0.0 0.0 0.49583459420297554 0.4525297689220028 0.0 0.545741113856681
0.4546363636363636 0.0 0.0 0.49602137989785594 0.4560786045295346 0.0 0.5422528036494958
0.4500909090909091 0.0 0.0 0.4952259411167001 0.44911096916721327 0.0 0.548370271811442
0.4561818181818182 0.0 0.0 0.4958026856147459 0.45774477820313314 0.0 0.540910093138186
0.44827272727272727 0.0 0.0 0.49528622127696376 0.44732476239877567 0.0 0.5498893746436029