0.4461818181818182 0.0 0.0 0.49656741744516475 0.44764270720355753 0.0 0.5499821326743959
0.43963636363636366 0.0 0.0 0.49651419469643937 0.4415310221246715 0.0 0.5562835962744721
0.44036363636363635 0.0 0.0 0.4954753059923276 0.44027924842135047 0.0 0.5570180574035346
0.436 0.0 0.0 0.4961193111106734 0.4367332707446482 0.0 0.5609488690363049
0.44636363636363635 0.0 0.0 0.4952510120132189 0.4462930493693261 0.0 0.5513613381486407
0.441 0.0 0.0 0.4952824473187276 0.4408679821722275 0.0 0.5566652727618316
0.43981818181818183 0.0 0.0 0.49590593564981783 0.44067078494499196 0.0 0.5571153773046944
0.43854545454545457 0.0 0.0 0.4958738397038603 0.4392546802189747 0.0 0.5582771336247858
0.44481818181818183 0.0 0.0 0.49562959159273 0.4455042604603841 0.0 0.552585440030412
0.44163636363636366 0.0 0.0 0.4951598255586188 0.44124594352442886 0.0 0.556061585249952
0.43936363636363635 0.0 0.0 0.49529043268165446 0.43943258641311106 0.0 0.5583273141988215
0.44 0.0 0.0 0.49676478008597597 0.4419525669220228 0.0 0.5558882341760119
0.439 0.0 0.0 0.49511226951927834 0.4392703988385369 0.0 0.5584474434518146
0.442 0.0 0.0 0.4953708317867486 0.44213690346052553 0.0 0.5552997528986878
0.4431818181818182 0.0 0.0 0.4950977429967345 0.44277207858738193 0.0 0.5545257555597791
0.4449090909090909 0.0 0.0 0.4963808310880141 0.4467210245110438 0.0 0.5513172400684276
0.44027272727272726 0.0 0.0 0.49578864239322723 0.44172250349024805 0.0 0.5565816384717732
0.44063636363636366 0.0 0.0 0.49520959063742587 0.44089727596322986 0.0 0.5568812012925293
0.441 0.0 0.0 0.4955104640405331 0.44091228010008476 0.0 0.5563550655768856
0.44272727272727275 0.0 0.0 0.4956663766186761 0.4431971957982701 0.0 0.5544238737882525
0.43645454545454543 0.0 0.0 0.49618084227594184 0.4372584155345688 0.0 0.560314769055312
0.44 0.0 0.0 0.4951236457076803 0.43966122087947107 0.0 0.5580733700817331
0.44036363636363635 0.0 0.0 0.49572624103217466 0.4411980731830348 0.0 0.5566014065766958
0.43718181818181817 0.0 0.0 0.49656871443909695 0.43906962919776454 0.0 0.5586724957232462
0.43872727272727274 0.0 0.0 0.4959527058649575 0.44002989395647657 0.0 0.5576795286067283
0.4430909090909091 0.0 0.0 0.49535042012445124 0.4427970854821401 0.0 0.5544345181524419
0.43936363636363635 0.0 0.0 0.49604117715890567 0.43989985810373433 0.0 0.5576932142178284
0.44 0.0 0.0 0.49510222860908043 0.4398512732796328 0.0 0.5577205854400298
0.4368181818181818 0.0 0.0 0.4949843689367964 0.4367175521250859 0.0 0.5610887663942217
0.44645454545454544 0.0 0.0 0.49609070174947456 0.4467203100283364 0.0 0.5508397643033646
0.43754545454545457 0.0 0.0 0.4959812042020947 0.43893744989690014 0.0 0.5587865424824172
0.44036363636363635 0.0 0.0 0.4950089191460049 0.43991343327517446 0.0 0.557820946588101
0.44436363636363635 0.0 0.0 0.49491573944614936 0.44371090886487274 0.0 0.5537228663752133
0.4415454545454545 0.0 0.0 0.49536867924745936 0.44107018077841464 0.0 0.5563337768485075
0.44181818181818183 0.0 0.0 0.49649815889825144 0.4432257751065651 0.0 0.5543204713932706
0.438 0.0 0.0 0.4957961036189963 0.43865380026207224 0.0 0.5592731419882149
0.4401818181818182 0.0 0.0 0.49552494428766025 0.4409458607873314 0.0 0.5568492681999617
0.4466363636363636 0.0 0.0 0.4952532950798937 0.4471318520677844 0.0 0.5508732180193876
0.439 0.0 0.0 0.4959427579616609 0.4396776539817407 0.0 0.5577905341189884
0.4410909090909091 0.0 0.0 0.49619281722183983 0.4426806248008379 0.0 0.5551142368371025
0.44181818181818183 0.0 0.0 0.4955342185571628 0.4424755682638213 0.0 0.5552799847937642
0.44372727272727275 0.0 0.0 0.49635438537933024 0.4455835680409027 0.0 0.5524835582588854
0.44681818181818184 0.0 0.0 0.4962075083698261 0.44831146301766056 0.0 0.5494271051130957
0.4399090909090909 0.0 0.0 0.49545245033907054 0.4397912567322133 0.0 0.5575365900019
0.44172727272727275 0.0 0.0 0.4957950572006753 0.442777794449041 0.0 0.5548101121459793
0.439 0.0 0.0 0.49534819980679495 0.43944116020559953 0.0 0.5583927010074126
0.44281818181818183 0.0 0.0 0.49527238318275313 0.44324935303590846 0.0 0.5545926629918262
0.4391818181818182 0.0 0.0 0.49553185618545775 0.4394461615845512 0.0 0.5583440410568332
0.4429090909090909 0.0 0.0 0.4949814212030816 0.44226836827868254 0.0 0.5552921497814104
0.4400909090909091 0.0 0.0 0.49692933069745665 0.44197757381678093 0.0 0.5557285687131712
0.4455454545454545 0.0 0.0 0.49634381332386857 0.4465867017620572 0.0 0.5510982702908187
0.4400909090909091 0.0 0.0 0.495236680334384 0.44003132292189134 0.0 0.5575441931191781
0.4390909090909091 0.0 0.0 0.49579563722377196 0.4397776815607732 0.0 0.5579501995818278
0.44245454545454543 0.0 0.0 0.4961997470629551 0.4429735627108617 0.0 0.554568333016537
0.44236363636363635 0.0 0.0 0.49545591884590456 0.4426198937707111 0.0 0.5550108344421205
0.4359090909090909 0.0 0.0 0.4954675532641947 0.4364231852496474 0.0 0.5615708040296521
0.4435454545454545 0.0 0.0 0.49531455661413315 0.443726627484435 0.0 0.5541912183995434
0.44536363636363635 0.0 0.0 0.4953538652132258 0.4458922245704887 0.0 0.5518996388519294
0.44136363636363635 0.0 0.0 0.4961772113664969 0.44311574476962934 0.0 0.5548831020718488
0.4338181818181818 0.0 0.0 0.4960667195201873 0.4344776488374652 0.0 0.5632237217259073
0.44463636363636366 0.0 0.0 0.49549575159812026 0.4455206935626537 0.0 0.5520745105493245
0.44045454545454543 0.0 0.0 0.49538500172128086 0.4409708676820895 0.0 0.5568173351073936
0.43972727272727274 0.0 0.0 0.4956258058049436 0.4407951049360752 0.0 0.557328264588481
0.4401818181818182 0.0 0.0 0.49594245794539155 0.4413159628297516 0.0 0.5565147310397257
0.44127272727272726 0.0 0.0 0.4954004941025311 0.4409094221692552 0.0 0.5564280555027556
0.4480909090909091 0.0 0.0 0.4954254558015714 0.44783061615559716 0.0 0.5497707660140658
0.43981818181818183 0.0 0.0 0.49502250231185124 0.43982412293675255 0.0 0.5577722866375212
0.43836363636363634 0.0 0.0 0.49594937179135506 0.43946116572140603 0.0 0.5585599695875303
0.4471818181818182 0.0 0.0 0.4954263089944297 0.44709827138053776 0.0 0.5504885002851165
0.44227272727272726 0.0 0.0 0.49537177260070386 0.4425212951570933 0.0 0.5552526135715637
0.4409090909090909 0.0 0.0 0.49628301236568684 0.4426213227361258 0.0 0.5551203193309249
0.43754545454545457 0.0 0.0 0.4957713662037223 0.4381486609879581 0.0 0.559701957802699
0.4435454545454545 0.0 0.0 0.49505109556258575 0.44321577234866183 0.0 0.5546443641893174
0.43527272727272726 0.0 0.0 0.4956443039508602 0.43601307217561414 0.0 0.5619479186466452
0.44036363636363635 0.0 0.0 0.49610100358076026 0.44091228010008476 0.0 0.5565785972248616
0.439 0.0 0.0 0.49554147459587927 0.44003346637001345 0.0 0.558160045618703
0.4449090909090909 0.0 0.0 0.4951310974074092 0.4450305584253944 0.0 0.5528409047709562
0.43727272727272726 0.0 0.0 0.4956213410632775 0.43768353274545696 0.0 0.5601505417221053
0.43936363636363635 0.0 0.0 0.4963258528113327 0.44052002909373583 0.0 0.557150351644174
0.4421818181818182 0.0 0.0 0.49513409907176886 0.4422126386275073 0.0 0.5552875879110435