0.43981818181818183 0.0 0.0 0.4958241325194189 0.4401192042948984 0.0 0.557644554267249
0.43472727272727274 0.0 0.0 0.49649057869671637 0.43621812871263077 0.0 0.5619555217639227
0.437 0.0 0.0 0.4940255820400984 0.4350699550018791 0.0 0.5624816574795664
0.43218181818181817 0.0 0.0 0.4951324037165258 0.4319133704006962 0.0 0.5661433187606919
0.4314545454545455 0.0 0.0 0.4951163412304015 0.4310917152872149 0.0 0.5670678578217071
0.43754545454545457 0.0 0.0 0.49461622053018806 0.4360659438959599 0.0 0.5611404675917121
0.43663636363636366 0.0 0.0 0.4959104390503525 0.4375849341318392 0.0 0.5605428625736552
0.4369090909090909 0.0 0.0 0.49598387457812904 0.4377142555018741 0.0 0.5601505417221061
0.4379090909090909 0.0 0.0 0.494286714664748 0.43643461697296543 0.0 0.5615312678198057
0.43754545454545457 0.0 0.0 0.4954403346426704 0.4373884513873111 0.0 0.5602235316479753
0.4354545454545454 0.0 0.0 0.4940390581442557 0.4337102944097444 0.0 0.5639247291389471
0.4348181818181818 0.0 0.0 0.4955120811519585 0.43489133432503535 0.0 0.5629971488310206
0.43672727272727274 0.0 0.0 0.49506175517162787 0.4359973535560519 0.0 0.561780650066527
0.4344545454545455 0.0 0.0 0.4941548469003542 0.4326728655186359 0.0 0.5647565101691694
0.43718181818181817 0.0 0.0 0.4955576027787094 0.4376599548161136 0.0 0.5603436609009698
0.43672727272727274 0.0 0.0 0.4958899585007836 0.43746918793324446 0.0 0.5604759551416081
0.43827272727272726 0.0 0.0 0.4943987289382798 0.4367718528108464 0.0 0.5610933282645882
0.4354545454545454 0.0 0.0 0.4958935483074885 0.4363545949097394 0.0 0.5617654438319711
0.43781818181818183 0.0 0.0 0.4942105536234293 0.43664824730247054 0.0 0.5616650826839007
0.4400909090909091 0.0 0.0 0.4950047028641846 0.43901747196012614 0.0 0.5587637331305833
0.43672727272727274 0.0 0.0 0.49498412322622676 0.43654750524073066 0.0 0.5616818095419123
0.4330909090909091 0.0 0.0 0.4956255596387358 0.43339234960496253 0.0 0.564622695305075
0.43936363636363635 0.0 0.0 0.4950524995267974 0.4391782305692855 0.0 0.55886561490211
0.438 0.0 0.0 0.4940239087289476 0.4364431907654539 0.0 0.5614689222581253
0.43718181818181817 0.0 0.0 0.49494204210766896 0.43698834107118106 0.0 0.5612332256225052
0.43536363636363634 0.0 0.0 0.4937906839182829 0.43310012617764615 0.0 0.5645618703668503
0.43572727272727274 0.0 0.0 0.4936935901389277 0.4334773730471401 0.0 0.5641817145029464
0.437 0.0 0.0 0.4950922408512341 0.4367897148785308 0.0 0.5611997719064814
0.43254545454545457 0.0 0.0 0.49534641119307576 0.4328471992992354 0.0 0.5654164607489072
0.43654545454545457 0.0 0.0 0.49419986358857665 0.4350420901762915 0.0 0.5629789013495535
0.43654545454545457 0.0 0.0 0.4955601044312583 0.4371162334758012 0.0 0.5610872457707663
0.4409090909090909 0.0 0.0 0.4946352246359021 0.43988485396687943 0.0 0.5580536019768105
0.43427272727272725 0.0 0.0 0.49466876659501796 0.43376316613009014 0.0 0.5645755559779514
0.4354545454545454 0.0 0.0 0.4950019604769698 0.4351749839598632 0.0 0.5631035924729144
0.4390909090909091 0.0 0.0 0.4952951982718806 0.43920323746404366 0.0 0.5588732180193878
0.4354545454545454 0.0 0.0 0.49529140479070133 0.43508710258685607 0.0 0.562629157954761
0.43554545454545457 0.0 0.0 0.49606590401208894 0.43653607351741264 0.0 0.5613670404865996
0.43845454545454543 0.0 0.0 0.49464988171224744 0.4379221699697202 0.0 0.5601490210986504
0.43745454545454543 0.0 0.0 0.49415819291399493 0.4360459383801534 0.0 0.5616878920357342
0.4381818181818182 0.0 0.0 0.4945496480833105 0.4375656430987401 0.0 0.5603953620984602
0.43972727272727274 0.0 0.0 0.49530818566943463 0.4397533891487224 0.0 0.5581570043717923
0.435 0.0 0.0 0.49492307562172244 0.43468413433989656 0.0 0.5633681809541912
0.43645454545454543 0.0 0.0 0.4959327418023388 0.43701692037947604 0.0 0.5607557498574416
0.4370909090909091 0.0 0.0 0.49494983976645357 0.43622170112616765 0.0 0.5613700817335108
0.44 0.0 0.0 0.49507474857909883 0.4392482498746083 0.0 0.5584489640752703
0.4324545454545455 0.0 0.0 0.49438382292469735 0.430893803577272 0.0 0.5668063105873411
0.43618181818181817 0.0 0.0 0.4956691244567691 0.436428186628599 0.0 0.5613563961224106
0.4370909090909091 0.0 0.0 0.4939042211528572 0.4354757811796681 0.0 0.5624755749857435
0.4369090909090909 0.0 0.0 0.4943266177741851 0.43546935083530175 0.0 0.5624208325413418
0.4354545454545454 0.0 0.0 0.49523927881877694 0.43556080462184577 0.0 0.5626382816954949
0.4405454545454545 0.0 0.0 0.49553838215820956 0.4403464097958437 0.0 0.5571959703478425
0.43327272727272725 0.0 0.0 0.4946405978763028 0.4322627524446026 0.0 0.565647595514161
0.43572727272727274 0.0 0.0 0.494978184052876 0.43544863083678786 0.0 0.5626960653868086
0.438 0.0 0.0 0.4943428852609341 0.4365660817911224 0.0 0.5613487930051317
0.44081818181818183 0.0 0.0 0.496151633681715 0.4416189034976786 0.0 0.5562835962744723
0.44072727272727275 0.0 0.0 0.495303615673557 0.4407893890744162 0.0 0.5572826458848126
0.43536363636363634 0.0 0.0 0.49594120939295167 0.43635602387515415 0.0 0.5616802889184567
0.434 0.0 0.0 0.49482684712871505 0.43311655927991577 0.0 0.5648188557308498
0.43536363636363634 0.0 0.0 0.49415397727539123 0.43420185851241844 0.0 0.5640326934042961
0.4368181818181818 0.0 0.0 0.49541446341922885 0.43675684867399156 0.0 0.5611085344991447
0.43881818181818183 0.0 0.0 0.4955847133487473 0.43911749953915863 0.0 0.5587576506367613
0.43981818181818183 0.0 0.0 0.4951582631332091 0.43910892574667015 0.0 0.5586648926059681
0.43672727272727274 0.0 0.0 0.49441118340602014 0.4353357425690226 0.0 0.5623584869796614
0.43627272727272726 0.0 0.0 0.4950595861158697 0.43610381147945076 0.0 0.5619722486219352
0.43645454545454543 0.0 0.0 0.4936636474482032 0.43397179508064365 0.0 0.5636403725527463
0.4380909090909091 0.0 0.0 0.49472907636845975 0.4373620155271382 0.0 0.560427295191028
0.43563636363636365 0.0 0.0 0.49496579349540226 0.43537575360063563 0.0 0.5630747006272572
0.43745454545454543 0.0 0.0 0.4951161691008164 0.4373470113902833 0.0 0.5609640752708607
0.43854545454545457 0.0 0.0 0.49513431404263686 0.4386395106079248 0.0 0.5594723436609013
0.43563636363636365 0.0 0.0 0.4945616836654521 0.43504994948607256 0.0 0.563228283596275
0.4354545454545454 0.0 0.0 0.49400213843939994 0.4342111467876143 0.0 0.5640646264968641
0.43936363636363635 0.0 0.0 0.4959133510026879 0.4400013146481816 0.0 0.557992777038586
0.4368181818181818 0.0 0.0 0.49409939663070257 0.43531788050133824 0.0 0.5625409617943353
0.43727272727272726 0.0 0.0 0.4940705239052033 0.43564368461590125 0.0 0.5621912183995434
0.4409090909090909 0.0 0.0 0.49567054065666005 0.44085726493161687 0.0 0.556713932712412
0.43663636363636366 0.0 0.0 0.49596234355888164 0.43747204586407396 0.0 0.5604318570613949