0.452 0.0 0.0 0.49452657259011185 0.4504406214856382 0.0 0.546568333016537
0.4469090909090909 0.0 0.0 0.49538207318728067 0.447256886541575 0.0 0.5503653297852119
0.44445454545454544 0.0 0.0 0.49452968666710856 0.4428992565092947 0.0 0.5540528416650834
0.45045454545454544 0.0 0.0 0.49494502527833617 0.45012053323273415 0.0 0.5473879490591148
0.4460909090909091 0.0 0.0 0.49410679501647614 0.443978125397431 0.0 0.5530583539251092
0.4475454545454545 0.0 0.0 0.4940033251553179 0.4458536425042905 0.0 0.5514480136856114
0.44945454545454544 0.0 0.0 0.4939189557373381 0.44732976377772726 0.0 0.5498620034214026
0.4469090909090909 0.0 0.0 0.4940399173676653 0.444795493614668 0.0 0.5523710321231703
0.44972727272727275 0.0 0.0 0.49421240487811935 0.4478070382262538 0.0 0.5492035734651202
0.443 0.0 0.0 0.49380130345747564 0.4413524014478278 0.0 0.5559961984413614
0.44872727272727275 0.0 0.0 0.4942019494613245 0.44656383831542124 0.0 0.5504444022049033
0.44727272727272727 0.0 0.0 0.49361643914724607 0.4454656783941858 0.0 0.5521398973579166
0.44545454545454544 0.0 0.0 0.4938865907849087 0.4432743599306666 0.0 0.5538688462269525
0.44981818181818184 0.0 0.0 0.4942530328637617 0.4479335016654592 0.0 0.5490469492491927
0.44827272727272727 0.0 0.0 0.4942063897890975 0.4464959624582206 0.0 0.5507287587911042
0.44572727272727275 0.0 0.0 0.4942651230546488 0.443892387472546 0.0 0.5531967306595701
0.4481818181818182 0.0 0.0 0.49429225301723045 0.4463337748836465 0.0 0.5506253563961223
0.4481818181818182 0.0 0.0 0.4940153969623447 0.44605441214506286 0.0 0.5509507698156242
0.44436363636363635 0.0 0.0 0.4940425154672871 0.44232195448173567 0.0 0.5548298802509029
0.45445454545454544 0.0 0.0 0.49373602560930996 0.45196747103129864 0.0 0.5453883292149783
0.45027272727272727 0.0 0.0 0.4938111636387326 0.44773987685176053 0.0 0.5494696825698535
0.44727272727272727 0.0 0.0 0.49415817883386437 0.44539994598510735 0.0 0.5516563390990311
0.4449090909090909 0.0 0.0 0.4941071218990668 0.4427556454851123 0.0 0.5542459608439458
0.4476363636363636 0.0 0.0 0.4952781138038934 0.4486065443758065 0.0 0.5494271051130967
0.4566363636363636 0.0 0.0 0.4941340656350288 0.45445029843942686 0.0 0.5427971868466073
0.44881818181818184 0.0 0.0 0.49520970650621216 0.44965469050752566 0.0 0.5484386998669457
0.44445454545454544 0.0 0.0 0.4940537741008118 0.4430614440838688 0.0 0.5543554457327505
0.4479090909090909 0.0 0.0 0.4938561790116469 0.44629090592120396 0.0 0.5513598175251853
0.44936363636363635 0.0 0.0 0.49396756039752376 0.44721330309642515 0.0 0.5499319521003609
0.45 0.0 0.0 0.4941430372964947 0.4482428726777526 0.0 0.5490287017677248
0.4459090909090909 0.0 0.0 0.494457743802154 0.4448969501591153 0.0 0.5526310587340809
0.449 0.0 0.0 0.4939384279624026 0.4469110769112055 0.0 0.5501782931001713
0.4471818181818182 0.0 0.0 0.4939706359362261 0.44498340256670765 0.0 0.5521581448393844
0.451 0.0 0.0 0.4940935469489619 0.4493588946666724 0.0 0.5477848317810309
0.44945454545454544 0.0 0.0 0.49434351824456246 0.4476905775449517 0.0 0.5492081353354881
0.4495454545454545 0.0 0.0 0.49394420762844915 0.4473183320544093 0.0 0.5497327504276752
0.4470909090909091 0.0 0.0 0.49379011122595506 0.4452006053097497 0.0 0.552372552746626
0.4506363636363636 0.0 0.0 0.49375563908381565 0.44821429336945756 0.0 0.5489283406196538
0.4485454545454545 0.0 0.0 0.4939308963412053 0.4465917031410089 0.0 0.5506907432047143
0.446 0.0 0.0 0.494011772032032 0.4438373723040781 0.0 0.5532119368941263
0.44481818181818183 0.0 0.0 0.4945109676681958 0.443200768211807 0.0 0.553736551986315
0.4481818181818182 0.0 0.0 0.4944180191193137 0.4468317693306869 0.0 0.5505097890134956
0.4471818181818182 0.0 0.0 0.4951791940211874 0.44805710717383507 0.0 0.5500155863904203
0.44627272727272727 0.0 0.0 0.4932712775919216 0.44392025229813364 0.0 0.5537684850788818
0.45336363636363636 0.0 0.0 0.49375965322871074 0.4509957745492686 0.0 0.5464056263067856
0.4491818181818182 0.0 0.0 0.49356844882724615 0.4472261637851579 0.0 0.5504170309827032
0.44872727272727275 0.0 0.0 0.494242361696493 0.44673602864789863 0.0 0.5502862573655194
0.44527272727272726 0.0 0.0 0.49506300841391704 0.44492338601928816 0.0 0.5524105683330157
0.4501818181818182 0.0 0.0 0.49438081976930504 0.44864441195929733 0.0 0.5484645504656904
0.4430909090909091 0.0 0.0 0.49331216124352645 0.4404642994425606 0.0 0.5567534689222577
0.4517272727272727 0.0 0.0 0.4956438940539212 0.4519560393079806 0.0 0.5455175822087055
0.4485454545454545 0.0 0.0 0.4938330070600486 0.446165156964706 0.0 0.5509264398403344
0.4552727272727273 0.0 0.0 0.49412179503463005 0.4531535123255412 0.0 0.5440957992777036
0.4470909090909091 0.0 0.0 0.49329780248296656 0.44480335292444917 0.0 0.552802889184565
0.44872727272727275 0.0 0.0 0.4941654441668734 0.4467224534764585 0.0 0.5503607679148443
0.4469090909090909 0.0 0.0 0.49439070283983727 0.4448855184357973 0.0 0.5520684280555019
0.4481818181818182 0.0 0.0 0.4939085568896433 0.4462537528204205 0.0 0.5509674966736364
0.4469090909090909 0.0 0.0 0.4943465234943212 0.4448905198147489 0.0 0.5519528606728754
0.45445454545454544 0.0 0.0 0.49406856542677324 0.45246975237458326 0.0 0.5447557498574418
0.454 0.0 0.0 0.49399052862597065 0.45235543514140325 0.0 0.5451191788633343
0.4466363636363636 0.0 0.0 0.4935233238576932 0.44394811712372123 0.0 0.553114616992967
0.4476363636363636 0.0 0.0 0.4945916848266894 0.44613800662182573 0.0 0.5509979091427479
0.44463636363636366 0.0 0.0 0.4941490285214568 0.4433179433758165 0.0 0.5540528416650827
0.45236363636363636 0.0 0.0 0.49421716763764073 0.45031201459831066 0.0 0.5467036685040865
0.44936363636363635 0.0 0.0 0.4941113540593177 0.44740621342741643 0.0 0.549795095989356
0.4455454545454545 0.0 0.0 0.4931388506898849 0.4430114302943526 0.0 0.5545029462079445
0.45281818181818184 0.0 0.0 0.4947898483849087 0.45185529724624074 0.0 0.5454445922828361
0.4470909090909091 0.0 0.0 0.4942226468677913 0.4453770825384713 0.0 0.5515955141608067
0.44836363636363635 0.0 0.0 0.4945239831430396 0.4469289389788899 0.0 0.549979091427486
0.4489090909090909 0.0 0.0 0.49393764525839295 0.44681533622841724 0.0 0.5503060254704426
0.45045454545454544 0.0 0.0 0.4941795212534391 0.44827788233041393 0.0 0.5487656339099023
0.44772727272727275 0.0 0.0 0.49410339277411064 0.4460436949044522 0.0 0.5512062345561685
0.4490909090909091 0.0 0.0 0.49376461428965257 0.44684677346754176 0.0 0.5502756130013308
0.44472727272727275 0.0 0.0 0.4942652915968254 0.4435851599083747 0.0 0.553818665652918
0.44945454545454544 0.0 0.0 0.49345708195754373 0.4471439982738098 0.0 0.5501570043717918
0.44745454545454544 0.0 0.0 0.4943523074986229 0.445719319755304 0.0 0.5512624976240257
0.45036363636363635 0.0 0.0 0.4940553744642618 0.4486822795427882 0.0 0.5485785972248616