0.45181818181818184 0.0 0.0 0.4970415066665041 0.454441010164231 0.0 0.5434799467781792
0.4440909090909091 0.0 0.0 0.49637234818522674 0.44659956245079 0.0 0.5516867515681425
0.44872727272727275 0.0 0.0 0.4958936263536197 0.44936746845916087 0.0 0.547918646645124
0.44736363636363635 0.0 0.0 0.4970217014610536 0.45032773321787295 0.0 0.5478973579167454
0.44836363636363635 0.0 0.0 0.49706213103498065 0.4508957469702361 0.0 0.5469789013495541
0.4441818181818182 0.0 0.0 0.49607268658060655 0.4459179459479542 0.0 0.551949819425965
0.44827272727272727 0.0 0.0 0.4961377853088644 0.4502627152915018 0.0 0.5478228473674202
0.45581818181818184 0.0 0.0 0.49623435992691556 0.45722463479216413 0.0 0.540823417601217
0.4461818181818182 0.0 0.0 0.4965016884166652 0.4487965967759682 0.0 0.5495320281315336
0.44872727272727275 0.0 0.0 0.4963840832777944 0.45065710974597284 0.0 0.5473788253183801
0.447 0.0 0.0 0.49673001697828223 0.450106958061294 0.0 0.5485497053792053
0.4551818181818182 0.0 0.0 0.4958979430563914 0.4562500803793046 0.0 0.5418756890325029
0.44836363636363635 0.0 0.0 0.4963059371579556 0.44981259118585554 0.0 0.548160425774568
0.4460909090909091 0.0 0.0 0.49608437489804047 0.4484136340448152 0.0 0.5499730089336627
0.44672727272727275 0.0 0.0 0.4966590426705221 0.44952822706832024 0.0 0.5487777988975477
0.4509090909090909 0.0 0.0 0.496484035227162 0.45329640886701617 0.0 0.5450963695115001
0.4511818181818182 0.0 0.0 0.49563101236175444 0.4512958572863661 0.0 0.5460193879490589
0.45181818181818184 0.0 0.0 0.49522086095855933 0.4519160282763676 0.0 0.5459251092948108
0.44563636363636366 0.0 0.0 0.49562200895389996 0.44671459416667736 0.0 0.5515498954571381
0.4495454545454545 0.0 0.0 0.49598687911658945 0.45048992079244704 0.0 0.5470701387568899
0.4450909090909091 0.0 0.0 0.4965848320012658 0.44748051962898344 0.0 0.55053259836533
0.4520909090909091 0.0 0.0 0.495063242140333 0.45204463516369514 0.0 0.5459099030602546
0.44572727272727275 0.0 0.0 0.496034720713122 0.44671173623584787 0.0 0.5507074700627255
0.4501818181818182 0.0 0.0 0.4972796678330564 0.45325854128352533 0.0 0.5452803649496296
0.4496363636363636 0.0 0.0 0.4952734578584228 0.4498997580761553 0.0 0.5479110435278463
0.44745454545454544 0.0 0.0 0.4967092385336997 0.45022699115613307 0.0 0.5482410188177158
0.44636363636363635 0.0 0.0 0.4968212620364924 0.4486708478194702 0.0 0.5492643984033462
0.44781818181818184 0.0 0.0 0.496871498513747 0.4504120421773432 0.0 0.5477574605588292
0.4470909090909091 0.0 0.0 0.4967925623065493 0.4494003346637001 0.0 0.5485451435088395
0.4517272727272727 0.0 0.0 0.495789832957577 0.4528698626907133 0.0 0.5450902870176768
0.45036363636363635 0.0 0.0 0.49679217869185627 0.45304848336755704 0.0 0.545192168789203
0.4450909090909091 0.0 0.0 0.4965290651113885 0.4477498796096638 0.0 0.5505797376924537
0.44736363636363635 0.0 0.0 0.4965249051111767 0.4495710960307628 0.0 0.5485618703668507
0.4470909090909091 0.0 0.0 0.4948878933837425 0.44719115413249655 0.0 0.5508321611860865
0.44927272727272727 0.0 0.0 0.4966601304105778 0.45127442280514485 0.0 0.5466717354115193
0.44672727272727275 0.0 0.0 0.49654674882268096 0.44954037327434565 0.0 0.5489709180764109
0.452 0.0 0.0 0.49489659622392707 0.4518281469033605 0.0 0.5462337958563008
0.4470909090909091 0.0 0.0 0.49677051113136267 0.44959896085635037 0.0 0.5484964835582584
0.45736363636363636 0.0 0.0 0.4959894906095886 0.4585071312519023 0.0 0.5395689032503321
0.4509090909090909 0.0 0.0 0.4951995736527077 0.4509972035146833 0.0 0.5468602927200152
0.44563636363636366 0.0 0.0 0.4971359616225625 0.44881517332636 0.0 0.5495806880821135
0.4421818181818182 0.0 0.0 0.49616208659109307 0.44459686742201776 0.0 0.5537897738072608
0.45454545454545453 0.0 0.0 0.4962247661140792 0.4559642872963546 0.0 0.5420003801558643
0.4509090909090909 0.0 0.0 0.49498031276835897 0.4508057221491068 0.0 0.5470199581828549
0.45 0.0 0.0 0.49623699267353133 0.45196675654859125 0.0 0.5459828929861238
0.4461818181818182 0.0 0.0 0.4962584320649489 0.44856224644794923 0.0 0.549872647785592
0.4491818181818182 0.0 0.0 0.4952062457174342 0.44927172777637264 0.0 0.5484356586200341
0.4480909090909091 0.0 0.0 0.4966749588763964 0.45098720075678006 0.0 0.547429005892415
0.44836363636363635 0.0 0.0 0.495894199849902 0.44919456364397614 0.0 0.5484310967496672
0.44472727272727275 0.0 0.0 0.49648822264825654 0.4473576286033149 0.0 0.5509233985934232
0.4481818181818182 0.0 0.0 0.49647969563559424 0.4507828587024708 0.0 0.5476099600836342
0.4499090909090909 0.0 0.0 0.49646542292233137 0.45188387655453577 0.0 0.5461684090477095
0.44772727272727275 0.0 0.0 0.4964269170318448 0.4506292449203852 0.0 0.5479399353735026
0.447 0.0 0.0 0.4962228152383304 0.4482635926762665 0.0 0.5491959703478422
0.4490909090909091 0.0 0.0 0.4950101170309219 0.4491073967536764 0.0 0.5488158144839387
0.45 0.0 0.0 0.49662560294106123 0.45293416613437704 0.0 0.5454278654248239
0.44727272727272727 0.0 0.0 0.49643071909699316 0.4493746132862346 0.0 0.5486226953050749
0.448 0.0 0.0 0.496890839380148 0.45098791523948745 0.0 0.5474700627257181
0.44563636363636366 0.0 0.0 0.4967387476547965 0.44840577473503407 0.0 0.5498726477855922
0.4465454545454545 0.0 0.0 0.496343576552409 0.44911382709804276 0.0 0.5492659190268008
0.4469090909090909 0.0 0.0 0.4966722880633183 0.44942319811033615 0.0 0.5488355825888618
0.4567272727272727 0.0 0.0 0.496047311595241 0.4576933354482021 0.0 0.5403368180954187
0.447 0.0 0.0 0.49676111553892577 0.4493245994967184 0.0 0.548642463409999
0.4471818181818182 0.0 0.0 0.4963569924369874 0.4497382849842885 0.0 0.5487808401444589
0.44827272727272727 0.0 0.0 0.4968287181499369 0.4504770601037143 0.0 0.5474578977380733
0.4480909090909091 0.0 0.0 0.49696222388691763 0.4505113552736683 0.0 0.5474837483368187
0.4469090909090909 0.0 0.0 0.49633679982862716 0.44864155402846784 0.0 0.5490712792244818
0.4496363636363636 0.0 0.0 0.4965608601126818 0.4519138848282455 0.0 0.5460254704428811
0.4475454545454545 0.0 0.0 0.49640801019106406 0.44963397050901177 0.0 0.5484995248051705
0.4469090909090909 0.0 0.0 0.4970329403031205 0.4494932174156589 0.0 0.5484158905151115
0.44681818181818184 0.0 0.0 0.4967241381561727 0.4488944809068786 0.0 0.5489055312678203
0.45245454545454544 0.0 0.0 0.4954571767230376 0.4531899509436173 0.0 0.544869796616613
0.4490909090909091 0.0 0.0 0.4961141549303606 0.4512851400457555 0.0 0.5468754989545708
0.44727272727272727 0.0 0.0 0.4970438419149795 0.4496361139571339 0.0 0.5481436989165566
0.451 0.0 0.0 0.4961256033706437 0.4528405688997109 0.0 0.5454080973199016
0.44572727272727275 0.0 0.0 0.4964176766287778 0.4476705720291452 0.0 0.5502299942976621
0.44772727272727275 0.0 0.0 0.4948757418212102 0.44771701340512454 0.0 0.5502011024520056
0.44836363636363635 0.0 0.0 0.49657571553914065 0.45056208354589194 0.0 0.5474198821516817
0.4520909090909091 0.0 0.0 0.49589031795303173 0.45358934677703994 0.0 0.5447146930241407
0.44881818181818184 0.0 0.0 0.49621359885310584 0.45023342150049944 0.0 0.5474715833491735
0.44836363636363635 0.0 0.0 0.4969247449919693 0.4511236669538887 0.0 0.5469849838433762
0.4530909090909091 0.0 0.0 0.4957643316000511 0.45423666810992175 0.0 0.5437612621174674
0.44645454545454544 0.0 0.0 0.4958292189068715 0.4470118189729454 0.0 0.5503105873408092
0.4491818181818182 0.0 0.0 0.4953950468307371 0.4497532891211434 0.0 0.548148260786923
0.4541818181818182 0.0 0.0 0.4960452452836068 0.4556506293878169 0.0 0.5423820566432233