0.44563636363636366 0.0 0.0 0.4959936492331558 0.4469746658721619 0.0 0.5504079072419688
0.4517272727272727 0.0 0.0 0.496662540032694 0.45323567783688934 0.0 0.5439832731419885
0.4466363636363636 0.0 0.0 0.4969319565204033 0.449226715365808 0.0 0.548038775898118
0.4490909090909091 0.0 0.0 0.49565029957797985 0.44903952089647575 0.0 0.5479292910093141
0.4485454545454545 0.0 0.0 0.4957995545679794 0.4498983291107405 0.0 0.5476677437749478
0.4466363636363636 0.0 0.0 0.49663064239491195 0.44891019952644085 0.0 0.5483565862003423
0.4506363636363636 0.0 0.0 0.4960458777660591 0.4521432337773129 0.0 0.5453320661471195
0.44881818181818184 0.0 0.0 0.4961872354456382 0.45059352078501647 0.0 0.5469424063866182
0.44872727272727275 0.0 0.0 0.49506638424751614 0.4491838464033655 0.0 0.5482303744535262
0.45336363636363636 0.0 0.0 0.49491693087762806 0.4533621412760947 0.0 0.5443558258886136
0.44745454545454544 0.0 0.0 0.49538067496388005 0.44846078990350197 0.0 0.5494483938414749
0.4490909090909091 0.0 0.0 0.49652189460628166 0.45165524208817576 0.0 0.546308306405626
0.4481818181818182 0.0 0.0 0.49590621879725916 0.44956109327285954 0.0 0.5480007603117278
0.44445454545454544 0.0 0.0 0.4960119040500595 0.44576933354482023 0.0 0.5516304885002847
0.4461818181818182 0.0 0.0 0.49632397053830435 0.44829074301914673 0.0 0.5494118988785399
0.44872727272727275 0.0 0.0 0.49530147156252524 0.4494532063840459 0.0 0.5480752708610528
0.44845454545454544 0.0 0.0 0.4960880904440348 0.45043061872773493 0.0 0.547039726287778
0.45 0.0 0.0 0.49608947591678076 0.45229613307669114 0.0 0.545633149591332
0.4490909090909091 0.0 0.0 0.49595216598416214 0.45096005041389986 0.0 0.547033643793955
0.4489090909090909 0.0 0.0 0.49590822686704694 0.44931173880798564 0.0 0.5478486979661665
0.45345454545454544 0.0 0.0 0.4954463567931343 0.45482897427433566 0.0 0.5431514921117656
0.44527272727272726 0.0 0.0 0.4951459567179982 0.4453599349534943 0.0 0.5520410568333012
0.44781818181818184 0.0 0.0 0.49560091124195593 0.4492660119147136 0.0 0.5482592662991832
0.44981818181818184 0.0 0.0 0.4960353992071896 0.45136301866085937 0.0 0.5460726097700053
0.44463636363636366 0.0 0.0 0.4960040214774821 0.4460837059360652 0.0 0.5512807451054927
0.45454545454545453 0.0 0.0 0.49519498125494704 0.45533339906574244 0.0 0.542427675346892
0.4496363636363636 0.0 0.0 0.4954081921509636 0.44954108775705304 0.0 0.5477909142748534
0.44872727272727275 0.0 0.0 0.4960710338213636 0.45069854974300055 0.0 0.546811632769435
0.44636363636363635 0.0 0.0 0.4957130937591751 0.44679533071261074 0.0 0.550287777988976
0.44772727272727275 0.0 0.0 0.49616516595306737 0.44909667951306576 0.0 0.5481254514350878
0.4481818181818182 0.0 0.0 0.4964101667168011 0.4503634573532417 0.0 0.5473149591332447
0.44636363636363635 0.0 0.0 0.4948531455502983 0.44627447281893434 0.0 0.5512275232845472
0.4495454545454545 0.0 0.0 0.4952057201181653 0.44998478151833293 0.0 0.5475628207565103
0.45254545454545453 0.0 0.0 0.4952368676037778 0.4536879453906577 0.0 0.5442432997528985
0.4476363636363636 0.0 0.0 0.4960452200192263 0.44932745742754787 0.0 0.5481801938794899
0.45236363636363636 0.0 0.0 0.49555723454813294 0.45250476202724466 0.0 0.5446888424253946
0.4505454545454545 0.0 0.0 0.49496336981027556 0.4507621387039569 0.0 0.546770575936134
0.45436363636363636 0.0 0.0 0.49468726418396636 0.45414449984067035 0.0 0.5436183235126395
0.44581818181818184 0.0 0.0 0.4961606007648901 0.44760055272382243 0.0 0.5496734461129059
0.44472727272727275 0.0 0.0 0.4965737858880854 0.44664100244781774 0.0 0.5506755369701575
0.4480909090909091 0.0 0.0 0.4952480999245778 0.4486079733412212 0.0 0.5488872837863519
0.45081818181818184 0.0 0.0 0.49614446179354815 0.4527605468364849 0.0 0.545040106443642
0.44872727272727275 0.0 0.0 0.4959256402490122 0.4498568891137128 0.0 0.5475111195590188
0.448 0.0 0.0 0.4962379182807385 0.44998120910479605 0.0 0.5474989545713739
0.448 0.0 0.0 0.4956141166264206 0.4478749140834544 0.0 0.5490043717924353
0.4471818181818182 0.0 0.0 0.4964795383550934 0.44924814984702927 0.0 0.5481102452005313
0.4505454545454545 0.0 0.0 0.4958006601443334 0.45077285594456756 0.0 0.5461805740353541
0.4485454545454545 0.0 0.0 0.4951468965898727 0.4489973664167406 0.0 0.5484554267249568
0.44545454545454544 0.0 0.0 0.49627418267773954 0.4473576286033149 0.0 0.55031058734081
0.45481818181818184 0.0 0.0 0.4957737576843139 0.4562100693476916 0.0 0.5413997338908951
0.45027272727272727 0.0 0.0 0.49558550597977036 0.4498997580761553 0.0 0.5468298802509028
0.4479090909090909 0.0 0.0 0.4949265539946611 0.44770915409534345 0.0 0.5496095799277709
0.4519090909090909 0.0 0.0 0.49623520529570614 0.4535914902251621 0.0 0.5439574225432425
0.44836363636363635 0.0 0.0 0.4955396211402727 0.44845864645537986 0.0 0.5486926439840341
0.44781818181818184 0.0 0.0 0.4962792551399694 0.4498218794610514 0.0 0.5480813533548755
0.44736363636363635 0.0 0.0 0.49578648206244186 0.4475133858335227 0.0 0.5495076981562446
0.448 0.0 0.0 0.49504167735778876 0.44823144095443457 0.0 0.5493632389279604
0.4509090909090909 0.0 0.0 0.49501662622171133 0.4509571924830703 0.0 0.5466169929671159
0.45072727272727275 0.0 0.0 0.49590851436440475 0.4521889606705849 0.0 0.5454689222581257
0.4460909090909091 0.0 0.0 0.4964205536503823 0.44798208648956067 0.0 0.5493449914464927
0.4479090909090909 0.0 0.0 0.4963481470244038 0.4499969277243583 0.0 0.5476434137996578
0.4521818181818182 0.0 0.0 0.4959069334682727 0.45356291091686707 0.0 0.5439437369321416
0.4505454545454545 0.0 0.0 0.4956391207049196 0.45056708492484354 0.0 0.5464831781030224
0.44727272727272727 0.0 0.0 0.49508164887097883 0.44796279545646156 0.0 0.5497403535449539
0.4489090909090909 0.0 0.0 0.4956064186816252 0.4493989056982854 0.0 0.5476905531267816
0.4480909090909091 0.0 0.0 0.4962048049064679 0.449952629796501 0.0 0.5476282075651016
0.4496363636363636 0.0 0.0 0.4955791960002436 0.4502620008087944 0.0 0.5470184375593986
0.4510909090909091 0.0 0.0 0.49608582168863374 0.45302847785175054 0.0 0.5449443071659377
0.44572727272727275 0.0 0.0 0.49513052887643116 0.44606084248942923 0.0 0.5513400494202627
0.44781818181818184 0.0 0.0 0.49649481550694324 0.45009266840714657 0.0 0.5472769435468536
0.45145454545454544 0.0 0.0 0.4959024153506386 0.45293202268625493 0.0 0.5447755179623646
0.4469090909090909 0.0 0.0 0.49637345747821093 0.449112398132628 0.0 0.5486424634099978
0.44827272727272727 0.0 0.0 0.49619570052919215 0.45027343253211244 0.0 0.5473088766394216
0.4476363636363636 0.0 0.0 0.4957655233062839 0.4486508423036637 0.0 0.5487489070518907
0.44872727272727275 0.0 0.0 0.4949242871781469 0.44892163124975887 0.0 0.5484767154533357
0.44472727272727275 0.0 0.0 0.49585351390576843 0.4459908231841065 0.0 0.551513400494203
0.4510909090909091 0.0 0.0 0.4957699005026835 0.4519803317200314 0.0 0.5453290249002086
0.4485454545454545 0.0 0.0 0.496166492993265 0.4499990711724804 0.0 0.5473605778369128
0.4547272727272727 0.0 0.0 0.4952132503652718 0.4551483480445323 0.0 0.5423455616802886
0.4476363636363636 0.0 0.0 0.4963570598886218 0.4496904146428944 0.0 0.5478243679908754
0.4471818181818182 0.0 0.0 0.4959436853626877 0.44863512368410147 0.0 0.5490621554837481
0.4486363636363636 0.0 0.0 0.4955379953093215 0.448592254721659 0.0 0.5485451435088392