0.43736363636363634 0.0 0.0 0.4951535188255176 0.4378478637681532 0.0 0.55997567002471
0.4435454545454545 0.0 0.0 0.49577965419252856 0.4449333887771914 0.0 0.5529154153202809
0.4390909090909091 0.0 0.0 0.49612339425554103 0.44174965383312825 0.0 0.5567367420642457
0.44045454545454543 0.0 0.0 0.4946822899534335 0.4404721587523417 0.0 0.557221820946588
0.44181818181818183 0.0 0.0 0.49541304175665807 0.44263704135568804 0.0 0.5551385668123929
0.4381818181818182 0.0 0.0 0.49555253250158654 0.4404099987568001 0.0 0.5585006652727613
0.4405454545454545 0.0 0.0 0.49443115863847986 0.44031925945296346 0.0 0.5577038585820188
0.43863636363636366 0.0 0.0 0.49621907294300216 0.4413359683455581 0.0 0.5570910473294046
0.4395454545454546 0.0 0.0 0.49515224619883447 0.44070508011494597 0.0 0.5576704048659946
0.4461818181818182 0.0 0.0 0.4952136231681337 0.44750052514478994 0.0 0.5507181144269147
0.441 0.0 0.0 0.4944619695732337 0.44078295873004986 0.0 0.5572476715453338
0.4380909090909091 0.0 0.0 0.49519643443564826 0.4396790829471554 0.0 0.5589340429576124
0.4410909090909091 0.0 0.0 0.4953835998846361 0.44303500822369596 0.0 0.5557103212317043
0.4380909090909091 0.0 0.0 0.49539483359311764 0.43997059189176446 0.0 0.5585949439270095
0.44436363636363635 0.0 0.0 0.4951230219896149 0.44555070183636347 0.0 0.55277703858582
0.439 0.0 0.0 0.49519210149261067 0.44026781669803244 0.0 0.5581615662421587
0.44045454545454543 0.0 0.0 0.49435894275196146 0.44027067462886194 0.0 0.557820946588101
0.44245454545454543 0.0 0.0 0.49549460203177925 0.44465259707319305 0.0 0.5541425584489637
0.43936363636363635 0.0 0.0 0.49540144805682085 0.4410808980190252 0.0 0.5574894506747758
0.441 0.0 0.0 0.4947738127334264 0.44110947732732025 0.0 0.5566956852309448
0.43963636363636366 0.0 0.0 0.4956407354067102 0.4414502855787381 0.0 0.5568644744345175
0.44345454545454543 0.0 0.0 0.49504238742636214 0.4448976646418227 0.0 0.5538247481467395
0.43654545454545457 0.0 0.0 0.49537170852618484 0.4387516843929826 0.0 0.560025850598745
0.43845454545454543 0.0 0.0 0.4954897448072449 0.4402356649762006 0.0 0.5581600456187035
0.4401818181818182 0.0 0.0 0.4944553591382311 0.4402542415265923 0.0 0.5579866945447632
0.43881818181818183 0.0 0.0 0.4957725947894251 0.441133769739371 0.0 0.5574392701007405
0.43945454545454543 0.0 0.0 0.49548835051549045 0.441442426268957 0.0 0.5570651967306592
0.44581818181818184 0.0 0.0 0.49501057430597306 0.4469518024255259 0.0 0.5515574985744152
0.44045454545454543 0.0 0.0 0.49571008757122287 0.4425070055029458 0.0 0.5557072799847932
0.44581818181818184 0.0 0.0 0.49454045453417356 0.44664100244781774 0.0 0.5520456187036686
0.43745454545454543 0.0 0.0 0.49487617195296935 0.4387552568065195 0.0 0.559885953240828
0.4399090909090909 0.0 0.0 0.49456964138957593 0.44007419188433383 0.0 0.5579091427485268
0.4399090909090909 0.0 0.0 0.4956806263105119 0.4422776565538784 0.0 0.5565892415890508
0.44136363636363635 0.0 0.0 0.49458294285430937 0.44190541106333603 0.0 0.5564174111385674
0.43881818181818183 0.0 0.0 0.49500019211167723 0.4400491849895757 0.0 0.5584717734271052
0.444 0.0 0.0 0.49492390190084323 0.444263918480381 0.0 0.5536301083444208
0.44 0.0 0.0 0.49543505537909743 0.44207474346498393 0.0 0.5566561490210982
0.4401818181818182 0.0 0.0 0.49489461303942306 0.44183610624072067 0.0 0.5570727998479379
0.44372727272727275 0.0 0.0 0.49520294702616063 0.4453356425414436 0.0 0.553274282455807
0.439 0.0 0.0 0.49507130397569404 0.43984698638338854 0.0 0.5585614902109859
0.4410909090909091 0.0 0.0 0.4945889154732524 0.44088298630908235 0.0 0.5566226953050751
0.43845454545454543 0.0 0.0 0.49572284026502655 0.44087441251659387 0.0 0.5579182664892599
0.43863636363636366 0.0 0.0 0.49502968455269336 0.43986056155482867 0.0 0.5585614902109863
0.4415454545454545 0.0 0.0 0.4954266018002083 0.44343583302253337 0.0 0.5552602166888416
0.4451818181818182 0.0 0.0 0.49481023135326757 0.44538136943471557 0.0 0.5524653107774186
0.43881818181818183 0.0 0.0 0.4956738069164233 0.44116449249578815 0.0 0.5576232655388701
0.43736363636363634 0.0 0.0 0.4953639217092415 0.4388245616291349 0.0 0.5595073180003798
0.4389090909090909 0.0 0.0 0.4947110608225341 0.43903390506239576 0.0 0.5589598935563576
0.43981818181818183 0.0 0.0 0.4957298106514545 0.4423919737870584 0.0 0.5564067667743766
0.4420909090909091 0.0 0.0 0.49517610616707797 0.4429292647830045 0.0 0.5551704999049604
0.4411818181818182 0.0 0.0 0.4943637998415054 0.44114877387622586 0.0 0.5570454286257367
0.44345454545454543 0.0 0.0 0.49483883890102043 0.44460901362804317 0.0 0.5542505227143116
0.43981818181818183 0.0 0.0 0.4961150947414544 0.4423676813750077 0.0 0.5559901159475381
0.4409090909090909 0.0 0.0 0.4943326018553399 0.44066792701416246 0.0 0.5574575175822087
0.439 0.0 0.0 0.49465678608627384 0.43899389403078276 0.0 0.5588990686181334
0.4469090909090909 0.0 0.0 0.4948793343823381 0.447256886541575 0.0 0.550646645124501
0.43863636363636366 0.0 0.0 0.4949867662620515 0.44018565118668435 0.0 0.558789583729329
0.441 0.0 0.0 0.494514220587472 0.4420097255386128 0.0 0.5569663562060447
0.4431818181818182 0.0 0.0 0.4960081498208745 0.4454885418408218 0.0 0.5529367040486591
0.4410909090909091 0.0 0.0 0.49541577837591055 0.4420976069116199 0.0 0.5559444972438694
0.43718181818181817 0.0 0.0 0.4953160109839122 0.43886671610887 0.0 0.5596973959323315
0.43863636363636366 0.0 0.0 0.49616426070736175 0.44129881524477466 0.0 0.5572507127922444
0.44136363636363635 0.0 0.0 0.4957288888814044 0.4432514964840306 0.0 0.5549652157384523
0.44181818181818183 0.0 0.0 0.4947159136714589 0.4426477585962987 0.0 0.5558350123550658
0.442 0.0 0.0 0.49469931099136616 0.44221120966209254 0.0 0.555818285497053
0.4400909090909091 0.0 0.0 0.49542187320568726 0.4416053283262385 0.0 0.5568720775517957
0.4425454545454545 0.0 0.0 0.49476130856344475 0.4428135185844097 0.0 0.5552085154913506
0.4380909090909091 0.0 0.0 0.49516787768429776 0.43891815886380103 0.0 0.5592442501425583
0.4381818181818182 0.0 0.0 0.49508375862355025 0.43987913810522045 0.0 0.5589766204143692
0.4440909090909091 0.0 0.0 0.49509350884033115 0.4456650190695435 0.0 0.5531206994867888
0.44 0.0 0.0 0.4944869270776668 0.4398319822465337 0.0 0.5581448393841475
0.4405454545454545 0.0 0.0 0.4948123102988818 0.44191684278665405 0.0 0.5567686751568138
0.44372727272727275 0.0 0.0 0.49475395613785156 0.44455471294228266 0.0 0.553861243109675
0.44063636363636366 0.0 0.0 0.4944121680384261 0.44026495876720295 0.0 0.5575624406006463
0.4435454545454545 0.0 0.0 0.49540460869361724 0.4445339929437688 0.0 0.5535996958753084
0.4395454545454546 0.0 0.0 0.4952438509201015 0.44009133946931084 0.0 0.5575168218969774
0.4399090909090909 0.0 0.0 0.49545880480933535 0.4414917255757659 0.0 0.5568416650826836
0.438 0.0 0.0 0.4955178850028212 0.43997845120154555 0.0 0.5586694544763348
0.44281818181818183 0.0 0.0 0.4959579890968484 0.4448362191289884 0.0 0.5535616802889174
0.43863636363636366 0.0 0.0 0.4953099561801309 0.44026853118073983 0.0 0.5581919787112706
0.44263636363636366 0.0 0.0 0.493944637396662 0.4424155517164018 0.0 0.5561558639042008
0.44272727272727275 0.0 0.0 0.49508242922272444 0.44424819986081876 0.0 0.5544223531647969
0.4389090909090909 0.0 0.0 0.49563912714391894 0.44086655320681273 0.0 0.5576232655388702
0.436 0.0 0.0 0.4953545997666938 0.43758993551079084 0.0 0.56061737312298