0.44563636363636366 0.0 0.0 0.49604368261079657 0.44768271823517053 0.0 0.550578217068997
0.45036363636363635 0.0 0.0 0.4950994583244647 0.44954537465329725 0.0 0.5475293670404859
0.44872727272727275 0.0 0.0 0.49660327147367594 0.45192745999968564 0.0 0.5464497243869973
0.4542727272727273 0.0 0.0 0.4966325894032694 0.4565551644953537 0.0 0.5414727238167645
0.4495454545454545 0.0 0.0 0.4956965955576229 0.4514444696895001 0.0 0.546641322942405
0.44772727272727275 0.0 0.0 0.49593441564371726 0.4495682380999333 0.0 0.548580117848317
0.44981818181818184 0.0 0.0 0.49564515275688525 0.4506485359534843 0.0 0.5470610150161552
0.4530909090909091 0.0 0.0 0.49574219958554894 0.4546510680801992 0.0 0.5432016726857998
0.4516363636363636 0.0 0.0 0.49588784260264085 0.45329140748806457 0.0 0.5448439460178656
0.44881818181818184 0.0 0.0 0.4955227376875565 0.4500762353048769 0.0 0.5481695495152998
0.446 0.0 0.0 0.49613690555704504 0.44827288095146234 0.0 0.5499973389089516
0.44927272727272727 0.0 0.0 0.4965970438812261 0.4524347427219219 0.0 0.545990496103401
0.449 0.0 0.0 0.49641898238010507 0.45127085039160797 0.0 0.5468709370842032
0.44563636363636366 0.0 0.0 0.4957466611930479 0.44721401757913254 0.0 0.550909712982321
0.45381818181818184 0.0 0.0 0.4958458037371609 0.45523551493483205 0.0 0.5427622125071268
0.4510909090909091 0.0 0.0 0.4948566599443997 0.4505885194060648 0.0 0.5470351644174101
0.451 0.0 0.0 0.49496847292202834 0.45093004214019006 0.0 0.5467492872077544
0.453 0.0 0.0 0.4959994716953417 0.45527624044915244 0.0 0.5431013115377293
0.4481818181818182 0.0 0.0 0.4960288348997369 0.4503420228720204 0.0 0.5478137236266853
0.4439090909090909 0.0 0.0 0.495797121955262 0.44576861906211285 0.0 0.552371032123169
0.44563636363636366 0.0 0.0 0.49590551237539654 0.44744193756278516 0.0 0.550745485649115
0.45254545454545453 0.0 0.0 0.4958170613001858 0.4541902267339424 0.0 0.5437202052841651
0.4500909090909091 0.0 0.0 0.4961354525912431 0.45269910132365065 0.0 0.5456787682950001
0.4521818181818182 0.0 0.0 0.4951594698991431 0.4516052282986595 0.0 0.545879490591141
0.4541818181818182 0.0 0.0 0.49593771653558977 0.4559442817805481 0.0 0.5420155863904188
0.44781818181818184 0.0 0.0 0.49581589774980095 0.4494982187946105 0.0 0.5486014065766947
0.44927272727272727 0.0 0.0 0.49636584688118646 0.45197247241025024 0.0 0.5463341570043705
0.45181818181818184 0.0 0.0 0.4953136013755321 0.4516666738114937 0.0 0.5457821706899816
0.45390909090909093 0.0 0.0 0.49525923601058125 0.4535543371243786 0.0 0.5438251283026031
0.4510909090909091 0.0 0.0 0.4955369042896117 0.452614077881473 0.0 0.5455358296901719
0.44672727272727275 0.0 0.0 0.4961222472584659 0.4490123705535955 0.0 0.5492081353354865
0.45227272727272727 0.0 0.0 0.4958598517110563 0.45426167500467984 0.0 0.5439726287777971
0.4499090909090909 0.0 0.0 0.49615289585777217 0.45253905719719867 0.0 0.5458004181714493
0.4476363636363636 0.0 0.0 0.49581421865540803 0.4496046767180094 0.0 0.548793005132103
0.4510909090909091 0.0 0.0 0.4950490555394222 0.45080500766639947 0.0 0.5466899828929852
0.4489090909090909 0.0 0.0 0.49569932088277996 0.4509043207627246 0.0 0.5472191598555395
0.4501818181818182 0.0 0.0 0.49530110705682484 0.4512415566006056 0.0 0.5470108344421203
0.44872727272727275 0.0 0.0 0.4957025743638411 0.4492074243327089 0.0 0.5482471013115369
0.45281818181818184 0.0 0.0 0.49578184772349354 0.45485326668638637 0.0 0.5435635810682372
0.4511818181818182 0.0 0.0 0.4956493436637397 0.4528648613117617 0.0 0.5454233035544567
0.448 0.0 0.0 0.49630880341467015 0.4503005828749927 0.0 0.5479186466451237
0.4471818181818182 0.0 0.0 0.49576871588715493 0.4486629885096891 0.0 0.5494240638661845
0.4509090909090909 0.0 0.0 0.49527042906635804 0.4521175123998474 0.0 0.54614712031933
0.44881818181818184 0.0 0.0 0.4959314255545578 0.45071712629339233 0.0 0.5474214027751366
0.4490909090909091 0.0 0.0 0.49579523887195687 0.4506721138828277 0.0 0.5474214027751365
0.4495454545454545 0.0 0.0 0.49661272569081294 0.45270267373718753 0.0 0.5457563200912361
0.4481818181818182 0.0 0.0 0.4954822166535568 0.44949964776002527 0.0 0.5487717164037239
0.4495454545454545 0.0 0.0 0.4964037343538658 0.45211822688255476 0.0 0.5462155483748325
0.44572727272727275 0.0 0.0 0.4956158367715791 0.447199727924985 0.0 0.5507196350503696
0.45436363636363636 0.0 0.0 0.49526440125352056 0.4551647811468019 0.0 0.5429188367230553
0.4496363636363636 0.0 0.0 0.4956747962908995 0.4516473827783946 0.0 0.5468694164607478
0.44672727272727275 0.0 0.0 0.4954446294494244 0.44810069061898494 0.0 0.5502771336247849
0.44636363636363635 0.0 0.0 0.49599996595845 0.44834432922219986 0.0 0.549798137236265
0.4500909090909091 0.0 0.0 0.4962534773449049 0.45287629303507965 0.0 0.5455206234556158
0.45245454545454544 0.0 0.0 0.4952765222642003 0.4523425744526705 0.0 0.545122220110244
0.45036363636363635 0.0 0.0 0.49603966952560025 0.4522203979097094 0.0 0.5459859342330342
0.4547272727272727 0.0 0.0 0.49510598834917613 0.45508404460086854 0.0 0.5427241969207368
0.44936363636363635 0.0 0.0 0.49647429030685186 0.4521117965381884 0.0 0.5461912183995423
0.45236363636363636 0.0 0.0 0.49540420059052215 0.45225040618341916 0.0 0.5452271431286815
0.45445454545454544 0.0 0.0 0.49571580384890734 0.4558442542015156 0.0 0.5422239118038386
0.4551818181818182 0.0 0.0 0.4954669759952786 0.4565215838081071 0.0 0.541659760501805
0.44727272727272727 0.0 0.0 0.4956324235654702 0.44882803401509275 0.0 0.5495031362858761
0.45436363636363636 0.0 0.0 0.4959419643696034 0.4559014128181056 0.0 0.5418924158905141
0.4496363636363636 0.0 0.0 0.49517137973066094 0.44935389328772074 0.0 0.5482972818855719
0.45290909090909093 0.0 0.0 0.49564710423545544 0.45435384327393125 0.0 0.5434890705189115
0.4460909090909091 0.0 0.0 0.495434381220116 0.44752338859142593 0.0 0.5508914655008539
0.45136363636363636 0.0 0.0 0.4953081782406565 0.4519831896508609 0.0 0.5461486409427854
0.44681818181818184 0.0 0.0 0.4955275545960351 0.44809854717086284 0.0 0.5497008173351059
0.44936363636363635 0.0 0.0 0.4955827651798017 0.45064496353994743 0.0 0.547266299182664
0.4499090909090909 0.0 0.0 0.4961062600860447 0.452436886170044 0.0 0.5459372742824548
0.44572727272727275 0.0 0.0 0.49569722005211064 0.4471575734452499 0.0 0.5509005892415874
0.449 0.0 0.0 0.4953554244099695 0.450146969092907 0.0 0.547720965595893
0.4541818181818182 0.0 0.0 0.4966973884690313 0.45664090242023875 0.0 0.5416354305265151
0.4490909090909091 0.0 0.0 0.496601743755391 0.4521575234314604 0.0 0.5462155483748323
0.44936363636363635 0.0 0.0 0.4958560714218605 0.4510665083372987 0.0 0.5470093138186645
0.456 0.0 0.0 0.49497874731554614 0.4549468639210525 0.0 0.5420353544953425