0.44227272727272726 0.0 0.0 0.49549896642518537 0.4428113751362876 0.0 0.5548907051891269
0.44572727272727275 0.0 0.0 0.49489926620342034 0.4451798853112358 0.0 0.5522691503516433
0.44472727272727275 0.0 0.0 0.49552165934860415 0.4464123679814577 0.0 0.5518312107964252
0.44872727272727275 0.0 0.0 0.49604021635536344 0.44998335255291816 0.0 0.5478973579167437
0.44336363636363635 0.0 0.0 0.49547259397819127 0.4438780978183985 0.0 0.5538825318380527
0.4470909090909091 0.0 0.0 0.4946842856790487 0.4468946438089359 0.0 0.5509127542292329
0.44772727272727275 0.0 0.0 0.4954431805633334 0.4486694188540555 0.0 0.5492491921687876
0.44481818181818183 0.0 0.0 0.4956055036999283 0.4453892287444967 0.0 0.5522858772096553
0.44772727272727275 0.0 0.0 0.49486643807300845 0.4470482575910215 0.0 0.5502634480136848
0.4431818181818182 0.0 0.0 0.49525878667535134 0.44344512129772923 0.0 0.5541714502946202
0.44572727272727275 0.0 0.0 0.49519971372831484 0.44685320381190813 0.0 0.5512989925869591
0.4450909090909091 0.0 0.0 0.49496432127073686 0.4448655129199908 0.0 0.5527070899068603
0.4450909090909091 0.0 0.0 0.49498441019945627 0.4449305308463619 0.0 0.5526949249192153
0.4425454545454545 0.0 0.0 0.4954226201760171 0.4435101392241004 0.0 0.5545303174301449
0.4450909090909091 0.0 0.0 0.49489130046015467 0.4454542466708678 0.0 0.5524485839194062
0.44736363636363635 0.0 0.0 0.4948131328837917 0.4471318520677844 0.0 0.5507241969207362
0.44536363636363635 0.0 0.0 0.4956886474515723 0.4464673831499256 0.0 0.5513294050560718
0.44745454545454544 0.0 0.0 0.4951257951920108 0.4485372395531911 0.0 0.5496704048659937
0.44581818181818184 0.0 0.0 0.4948881301133773 0.4457028866530343 0.0 0.5521049230184367
0.44172727272727275 0.0 0.0 0.4951185897263972 0.44255344687892517 0.0 0.5555613001330537
0.44727272727272727 0.0 0.0 0.4946658391765737 0.4470289665579224 0.0 0.550877779889754
0.44381818181818183 0.0 0.0 0.4949583237934948 0.4436744702467966 0.0 0.5539494392701
0.44681818181818184 0.0 0.0 0.49559328670538655 0.4480078078670262 0.0 0.5502467211556722
0.448 0.0 0.0 0.4958962967183542 0.4495668091345185 0.0 0.5486135715643399
0.4465454545454545 0.0 0.0 0.495519118947716 0.44733047826043465 0.0 0.5505417221060618
0.44372727272727275 0.0 0.0 0.49511981247342074 0.4442074743464984 0.0 0.553602737122219
0.44536363636363635 0.0 0.0 0.49501954759177863 0.44534207288580996 0.0 0.5523178103022233
0.4469090909090909 0.0 0.0 0.4957081742459524 0.44856438989607134 0.0 0.5498665652917687
0.443 0.0 0.0 0.49471338264702386 0.4429278358175897 0.0 0.5547584109484879
0.4451818181818182 0.0 0.0 0.49560075365198036 0.4461815900669756 0.0 0.5519741494012537
0.44427272727272726 0.0 0.0 0.49485495716085465 0.4440209943598735 0.0 0.5534187416840894
0.4486363636363636 0.0 0.0 0.49537067966084675 0.44848293886743057 0.0 0.548925299372741
0.44572727272727275 0.0 0.0 0.49549907603456195 0.4468403431231754 0.0 0.5513096369511485
0.446 0.0 0.0 0.4947208076914355 0.4452863432346347 0.0 0.5522509028701761
0.44381818181818183 0.0 0.0 0.4957433622627293 0.4453520756437132 0.0 0.5529321421782917
0.4459090909090909 0.0 0.0 0.49456109954080524 0.4456228645898083 0.0 0.5522889184565664
0.4465454545454545 0.0 0.0 0.4956236245114191 0.44763913479002065 0.0 0.5501463600076018
0.44327272727272726 0.0 0.0 0.4947344858923333 0.44337581647511387 0.0 0.5546215548374819
0.44327272727272726 0.0 0.0 0.49493642873396476 0.44382808402888224 0.0 0.5542155483748333
0.4505454545454545 0.0 0.0 0.49579264183747485 0.4514951979617237 0.0 0.5462718114426893
0.44545454545454544 0.0 0.0 0.49485915192957075 0.4454435294302572 0.0 0.55224938224672
0.44536363636363635 0.0 0.0 0.49482271324074456 0.44475262465222554 0.0 0.5527770385858193
0.44463636363636366 0.0 0.0 0.4950575892893339 0.44473190465371165 0.0 0.5530370651967293
0.44572727272727275 0.0 0.0 0.4956670684343305 0.44747694721544656 0.0 0.5507089906861795
0.4470909090909091 0.0 0.0 0.49528802653994675 0.44794564787148455 0.0 0.5500262307546073
0.44527272727272726 0.0 0.0 0.4951529104895455 0.4454471018437941 0.0 0.5523482227713352
0.44345454545454543 0.0 0.0 0.49573371883132034 0.44511415290215733 0.0 0.5531876069188354
0.446 0.0 0.0 0.49479754353695904 0.44584506871180196 0.0 0.5518327314198804
0.44881818181818184 0.0 0.0 0.4949854426364157 0.449186704334195 0.0 0.5488218969777594
0.44227272727272726 0.0 0.0 0.49532206164079984 0.44259560135866033 0.0 0.5550868656149005
0.4451818181818182 0.0 0.0 0.4948640826074701 0.4449112398132628 0.0 0.5527222961414163
0.4465454545454545 0.0 0.0 0.4950791061169068 0.4467967596780255 0.0 0.5511743014635989
0.4435454545454545 0.0 0.0 0.49528858954215355 0.444138169523883 0.0 0.5536133814864086
0.446 0.0 0.0 0.49459843601170184 0.4455678494213405 0.0 0.5520608249382233
0.44727272727272727 0.0 0.0 0.4948923056145369 0.4470861251745124 0.0 0.5507713362478601
0.44645454545454544 0.0 0.0 0.49518665144317425 0.4471061306903189 0.0 0.55073332066147
0.4486363636363636 0.0 0.0 0.4950513124149909 0.44921671260790474 0.0 0.5487017677247653
0.44627272727272727 0.0 0.0 0.4958100329072416 0.44746408652671377 0.0 0.5506512069948665
0.44645454545454544 0.0 0.0 0.4949368082335886 0.4463394907453055 0.0 0.5513005132104146
0.4421818181818182 0.0 0.0 0.4949595372314547 0.4424698524021623 0.0 0.5554533358677052
0.4476363636363636 0.0 0.0 0.4948703854146877 0.44751695824705956 0.0 0.5503577266679325
0.4441818181818182 0.0 0.0 0.49565445844021105 0.4452584784090471 0.0 0.5527055692834055
0.44627272727272727 0.0 0.0 0.49535185661232345 0.4468710658795925 0.0 0.5510100741303925
0.44681818181818184 0.0 0.0 0.49456756021636394 0.44614943834514376 0.0 0.5515012355065564
0.44445454545454544 0.0 0.0 0.4949678976164857 0.44430678744282354 0.0 0.5531754419311903
0.4489090909090909 0.0 0.0 0.494928479172504 0.44865012782095637 0.0 0.5490971298232263
0.44836363636363635 0.0 0.0 0.4959491736420933 0.44986974980244554 0.0 0.5481573845276548
0.44536363636363635 0.0 0.0 0.49531775001873524 0.4459922521495212 0.0 0.5518707470062709
0.4470909090909091 0.0 0.0 0.4947120111849009 0.44652096935297875 0.0 0.5511347652537528
0.44636363636363635 0.0 0.0 0.49527533701848786 0.4475298189357923 0.0 0.5506831400874342
0.44281818181818183 0.0 0.0 0.49587684947364863 0.4440531460817054 0.0 0.554198821516821
0.44672727272727275 0.0 0.0 0.4948857268243976 0.44663743003428086 0.0 0.5512107964265335
0.4449090909090909 0.0 0.0 0.4956254975869286 0.44634091971072026 0.0 0.5520547424444007
0.44563636363636366 0.0 0.0 0.4952585642859332 0.44629233488661874 0.0 0.5519665462839753
0.44336363636363635 0.0 0.0 0.4949549988036015 0.44373305782880135 0.0 0.5544923018437546
0.4495454545454545 0.0 0.0 0.4952814663225302 0.45044490838188245 0.0 0.5474715833491719
0.4466363636363636 0.0 0.0 0.495362050883254 0.447005388628579 0.0 0.5507241969207363
0.44736363636363635 0.0 0.0 0.49517319579224783 0.4478134685706202 0.0 0.5501494012545124
0.4466363636363636 0.0 0.0 0.4955451030242655 0.4481442740641348 0.0 0.5501706899828915
0.4476363636363636 0.0 0.0 0.49469316295596566 0.44701324793836017 0.0 0.5506953050750796
0.4415454545454545 0.0 0.0 0.49515048980078513 0.4413288235184844 0.0 0.5564234936323883
0.44672727272727275 0.0 0.0 0.4950336611994126 0.44735334170707064 0.0 0.5503896597605005
0.44272727272727275 0.0 0.0 0.4952036841328883 0.4433679571653327 0.0 0.5544846987264767
0.44827272727272727 0.0 0.0 0.49586740122822875 0.44959753189093565 0.0 0.5481984413609571
0.44636363636363635 0.0 0.0 0.49472752260579084 0.4460286907675973 0.0 0.5515118798707455
0.4421818181818182 0.0 0.0 0.49560549504314944 0.44293569512737085 0.0 0.5551507318000373