0.445 0.0 0.0 0.49544975329498137 0.4460436949044522 0.0 0.5515468542102242
0.4359090909090909 0.0 0.0 0.49554969103354163 0.43612596044337937 0.0 0.5612803649496279
0.43981818181818183 0.0 0.0 0.49476984218077363 0.4391775160865782 0.0 0.5580977000570224
0.4391818181818182 0.0 0.0 0.49601605653319486 0.440813681486467 0.0 0.5571792434898291
0.4451818181818182 0.0 0.0 0.49456996006634196 0.44490981084784803 0.0 0.552716213647594
0.44127272727272726 0.0 0.0 0.4947351389454127 0.4403535546229175 0.0 0.5574210226192725
0.44127272727272726 0.0 0.0 0.4949702061192834 0.4412202221469634 0.0 0.5562607869226368
0.43627272727272726 0.0 0.0 0.4957884652990328 0.4376878196417012 0.0 0.5600304124691107
0.43845454545454543 0.0 0.0 0.4958950709122047 0.4394818857199199 0.0 0.5582740923778737
0.44181818181818183 0.0 0.0 0.4943468617927837 0.44105017526260815 0.0 0.5568082113666591
0.44445454545454544 0.0 0.0 0.4940326596042931 0.44351728405117413 0.0 0.5544177912944288
0.44163636363636366 0.0 0.0 0.4939612422635019 0.44069079046079845 0.0 0.5573145789773795
0.43463636363636365 0.0 0.0 0.4943249425843568 0.43402109438745257 0.0 0.5635050370651948
0.44636363636363635 0.0 0.0 0.4949759200402003 0.4463587817784046 0.0 0.5514449724386978
0.44036363636363635 0.0 0.0 0.49540435507466507 0.4413595462749015 0.0 0.5566546283976417
0.44027272727272726 0.0 0.0 0.4955034100888871 0.4416753476315613 0.0 0.5563550655768852
0.44081818181818183 0.0 0.0 0.4947603097123032 0.44027996290405785 0.0 0.5569998099220672
0.44481818181818183 0.0 0.0 0.4953894859318204 0.44610085352104223 0.0 0.5519650256605193
0.4380909090909091 0.0 0.0 0.49469048523055564 0.43772282929436257 0.0 0.5601353354875486
0.44081818181818183 0.0 0.0 0.4947804797791297 0.44019136704834333 0.0 0.5576567192548927
0.4381818181818182 0.0 0.0 0.4954108432911956 0.4382579768421865 0.0 0.5590830640562618
0.44072727272727275 0.0 0.0 0.4958806983287657 0.4421376179432329 0.0 0.5555810682379762
0.43427272727272725 0.0 0.0 0.49536816798955324 0.43516212327113046 0.0 0.5626686941646055
0.44063636363636366 0.0 0.0 0.49505242806799554 0.4410816125017326 0.0 0.5567656339099021
0.44081818181818183 0.0 0.0 0.49543081606784173 0.44209403449808304 0.0 0.5557909142748515
0.4379090909090909 0.0 0.0 0.4948926788655814 0.4384030168317836 0.0 0.559592472913893
0.4469090909090909 0.0 0.0 0.4951746959331158 0.44802424096929583 0.0 0.5500916175631994
0.4399090909090909 0.0 0.0 0.4941874111144515 0.43930112159495405 0.0 0.5586238357726656
0.43563636363636365 0.0 0.0 0.4956952834732059 0.43639603490676715 0.0 0.5611511119559005
0.44481818181818183 0.0 0.0 0.49509507138384645 0.44491838464033656 0.0 0.5528333016536771
0.44145454545454543 0.0 0.0 0.4952648563636011 0.44201615588297916 0.0 0.5556707850218572
0.4405454545454545 0.0 0.0 0.4942270712468994 0.4395561919214869 0.0 0.5582239118038383
0.4460909090909091 0.0 0.0 0.49582761429232636 0.4476098409990183 0.0 0.5500992206804772
0.43854545454545457 0.0 0.0 0.4942140973571101 0.438432310622786 0.0 0.5594404105683312
0.4415454545454545 0.0 0.0 0.4943833219776835 0.4404357201342656 0.0 0.5570971298232258
0.44172727272727275 0.0 0.0 0.49551503717828577 0.44300142753644933 0.0 0.5547325603497417
0.43772727272727274 0.0 0.0 0.4948051347526507 0.438512332686012 0.0 0.5599239688272176
0.4395454545454546 0.0 0.0 0.49566027225758197 0.4408451187255915 0.0 0.556998289298611
0.43745454545454543 0.0 0.0 0.4955782719290192 0.438552343717625 0.0 0.5592351264018229
0.44127272727272726 0.0 0.0 0.4948717715333308 0.4411773531845209 0.0 0.5564949629348015
0.4420909090909091 0.0 0.0 0.4942665166744047 0.4411080483619055 0.0 0.5569329024900196
0.4435454545454545 0.0 0.0 0.49417118170616076 0.44240340551037644 0.0 0.5555765063676099
0.43827272727272726 0.0 0.0 0.49582913964160724 0.4395483326117058 0.0 0.5581281125261341
0.43772727272727274 0.0 0.0 0.49573063111559384 0.4392139547046543 0.0 0.5588975479946765
0.44136363636363635 0.0 0.0 0.4953942397553799 0.4423612510306413 0.0 0.5553909903060241
0.4419090909090909 0.0 0.0 0.4940515219153853 0.44121164835447485 0.0 0.5567549895457127
0.44327272727272726 0.0 0.0 0.4948786723219274 0.4433107985487427 0.0 0.5547781790534104
0.4370909090909091 0.0 0.0 0.49538470408371377 0.43758993551079084 0.0 0.5599057213457498
0.4420909090909091 0.0 0.0 0.49462121752853616 0.44124594352442886 0.0 0.556619654058162
0.44072727272727275 0.0 0.0 0.4951728964821407 0.441756798660202 0.0 0.5561817145029444
0.44172727272727275 0.0 0.0 0.49556012778783004 0.44259274342783084 0.0 0.5553180003801544
0.44536363636363635 0.0 0.0 0.49605270076684327 0.44753410583203657 0.0 0.5506846607108898
0.4405454545454545 0.0 0.0 0.49510522282219255 0.440973725612919 0.0 0.5568933662801734
0.43745454545454543 0.0 0.0 0.4949112265640144 0.4368211521176553 0.0 0.5607222961414164
0.44227272727272726 0.0 0.0 0.49416362133977304 0.4412559462823321 0.0 0.5566150921877957
0.43772727272727274 0.0 0.0 0.49498429965387153 0.43752848999795657 0.0 0.560260026610909
0.4405454545454545 0.0 0.0 0.4947769604275312 0.4405478939193235 0.0 0.557357156434136
0.442 0.0 0.0 0.4956109752446336 0.4429221199559307 0.0 0.5549834632199178
0.442 0.0 0.0 0.4940456401851867 0.44124308559359937 0.0 0.5567823607679137
0.4420909090909091 0.0 0.0 0.4943535459608644 0.4417346496962734 0.0 0.5561421782930989
0.4431818181818182 0.0 0.0 0.49549301665455525 0.4444496839842985 0.0 0.5537563200912353
0.441 0.0 0.0 0.49500843012770573 0.4413574028267794 0.0 0.5563702718114414
0.4360909090909091 0.0 0.0 0.494264956717161 0.4353214529148751 0.0 0.5621121459798497
0.4360909090909091 0.0 0.0 0.49509204112346966 0.43567940875127 0.0 0.5616818095419105
0.44272727272727275 0.0 0.0 0.494492719213104 0.441739651075225 0.0 0.555608439460177
0.43636363636363634 0.0 0.0 0.4960029328608594 0.43750991344756485 0.0 0.5602737122220096
0.4429090909090909 0.0 0.0 0.4949511139825695 0.44288282340702506 0.0 0.5550975099790895
0.44036363636363635 0.0 0.0 0.494832092461176 0.44092585527152484 0.0 0.5571108154343263
0.44045454545454543 0.0 0.0 0.49542858653705196 0.4404492953057057 0.0 0.5572355065576874
0.44127272727272726 0.0 0.0 0.4945416816578075 0.44017064704982944 0.0 0.5574559969587516
0.44363636363636366 0.0 0.0 0.49527178510420516 0.444395383298538 0.0 0.5535677627827391
0.43672727272727274 0.0 0.0 0.49558167992659463 0.437814997563614 0.0 0.560095799277702
0.4420909090909091 0.0 0.0 0.494042041227378 0.441356688344072 0.0 0.5570271811442681
0.4431818181818182 0.0 0.0 0.495158938432346 0.44313289235460634 0.0 0.5543873788253171
0.43772727272727274 0.0 0.0 0.4949965585623179 0.4384315961400786 0.0 0.5597521383767321
0.444 0.0 0.0 0.4953724522147899 0.4446040122490915 0.0 0.553097890134953
0.43718181818181817 0.0 0.0 0.4942977913250846 0.4364174693879884 0.0 0.5611906481657456