nsga-ii 0.1 metric-min-ed-value 1.052421077067915 0 
nsga-ii 0.1 metric-min-ed-solution 0.3977777777777778;0.3977777777777778;1.3977777777777778;1.3977777777777778;1.3977777777777778;1.3977777777777778;1.3977777777777778 0 
r-nsga-ii 0.1 metric-min-ed-value 1.1406127874367344 0 
r-nsga-ii 0.1 metric-min-ed-solution 0.4311111111111111;0.4311111111111111;1.431111111111111;1.431111111111111;1.431111111111111;1.431111111111111;1.431111111111111 0 
nsga-iii 0.1 metric-min-ed-value 0.6160168647705567 0 
nsga-iii 0.1 metric-min-ed-solution 0.23777777777777778;0.23333333333333334;1.2333333333333334;1.22457416278151;1.2365319117429292;1.2333333333333334;1.2307038640371974 0 
nautilus-1 0.1 metric-min-ed-value 0.0571565401580872 0 
nautilus-1 0.1 metric-min-ed-solution 0.024444444444444446;0.013411649534997596;1.0222222222222221;1.0223447875176461;1.0240288266943087;1.0222222222222221;1.020618887285554 0 
nautilus-2 0.1 metric-min-ed-value 0.051653158002316374 0 
nautilus-2 0.1 metric-min-ed-solution 0.022222222222222223;0.015594713656387742;1.014535519125683;1.0223657211047563;1.0220139197393752;1.02;1.0183004649671317 0 
nautilus-3 0.1 metric-min-ed-value 0.05045379366345279 0 
nautilus-3 0.1 metric-min-ed-solution 0.022222222222222223;0.011189427312775373;1.02;1.0177154813042326;1.0213623574707538;1.02;1.0188776655443323 0 
nsga-ii 0.2 metric-min-ed-value 1.052421077067915 0 
nsga-ii 0.2 metric-min-ed-solution 0.3977777777777778;0.3977777777777778;1.3977777777777778;1.3977777777777778;1.3977777777777778;1.3977777777777778;1.3977777777777778 0 
r-nsga-ii 0.2 metric-min-ed-value 1.1406127874367344 0 
r-nsga-ii 0.2 metric-min-ed-solution 0.4311111111111111;0.4311111111111111;1.431111111111111;1.431111111111111;1.431111111111111;1.431111111111111;1.431111111111111 0 
nsga-iii 0.2 metric-min-ed-value 0.549838489060851 0 
nsga-iii 0.2 metric-min-ed-solution 0.2511111111111111;0.14522760646108662;1.1568306010928961;1.2216458263448584;1.2490004442470015;1.1857142857142857;1.218999518999519 0 
nautilus-1 0.2 metric-min-ed-value 0.0571565401580872 0 
nautilus-1 0.2 metric-min-ed-solution 0.024444444444444446;0.013411649534997596;1.0222222222222221;1.0223447875176461;1.0240288266943087;1.0222222222222221;1.020618887285554 0 
nautilus-2 0.2 metric-min-ed-value 0.051653158002316374 0 
nautilus-2 0.2 metric-min-ed-solution 0.022222222222222223;0.015594713656387742;1.014535519125683;1.0223657211047563;1.0220139197393752;1.02;1.0183004649671317 0 
nautilus-3 0.2 metric-min-ed-value 0.05045379366345279 0 
nautilus-3 0.2 metric-min-ed-solution 0.022222222222222223;0.011189427312775373;1.02;1.0177154813042326;1.0213623574707538;1.02;1.0188776655443323 0 
nsga-ii 0.3 metric-min-ed-value 1.052421077067915 0 
nsga-ii 0.3 metric-min-ed-solution 0.3977777777777778;0.3977777777777778;1.3977777777777778;1.3977777777777778;1.3977777777777778;1.3977777777777778;1.3977777777777778 0 
r-nsga-ii 0.3 metric-min-ed-value 1.1406127874367344 0 
r-nsga-ii 0.3 metric-min-ed-solution 0.4311111111111111;0.4311111111111111;1.431111111111111;1.431111111111111;1.431111111111111;1.431111111111111;1.431111111111111 0 
nsga-iii 0.3 metric-min-ed-value 0.549838489060851 0 
nsga-iii 0.3 metric-min-ed-solution 0.2511111111111111;0.14522760646108662;1.1568306010928961;1.2216458263448584;1.2490004442470015;1.1857142857142857;1.218999518999519 0 
nautilus-1 0.3 metric-min-ed-value 0.0571565401580872 0 
nautilus-1 0.3 metric-min-ed-solution 0.024444444444444446;0.013411649534997596;1.0222222222222221;1.0223447875176461;1.0240288266943087;1.0222222222222221;1.020618887285554 0 
nautilus-2 0.3 metric-min-ed-value 0.051653158002316374 0 
nautilus-2 0.3 metric-min-ed-solution 0.022222222222222223;0.015594713656387742;1.014535519125683;1.0223657211047563;1.0220139197393752;1.02;1.0183004649671317 0 
nautilus-3 0.3 metric-min-ed-value 0.05045379366345279 0 
nautilus-3 0.3 metric-min-ed-solution 0.022222222222222223;0.011189427312775373;1.02;1.0177154813042326;1.0213623574707538;1.02;1.0188776655443323 0 
nsga-ii 0.4 metric-min-ed-value 1.052421077067915 0 
nsga-ii 0.4 metric-min-ed-solution 0.3977777777777778;0.3977777777777778;1.3977777777777778;1.3977777777777778;1.3977777777777778;1.3977777777777778;1.3977777777777778 0 
r-nsga-ii 0.4 metric-min-ed-value 1.1406127874367344 0 
r-nsga-ii 0.4 metric-min-ed-solution 0.4311111111111111;0.4311111111111111;1.431111111111111;1.431111111111111;1.431111111111111;1.431111111111111;1.431111111111111 0 
nsga-iii 0.4 metric-min-ed-value 0.549838489060851 0 
nsga-iii 0.4 metric-min-ed-solution 0.2511111111111111;0.14522760646108662;1.1568306010928961;1.2216458263448584;1.2490004442470015;1.1857142857142857;1.218999518999519 0 
nautilus-1 0.4 metric-min-ed-value 0.0571565401580872 0 
nautilus-1 0.4 metric-min-ed-solution 0.024444444444444446;0.013411649534997596;1.0222222222222221;1.0223447875176461;1.0240288266943087;1.0222222222222221;1.020618887285554 0 
nautilus-2 0.4 metric-min-ed-value 0.051653158002316374 0 
nautilus-2 0.4 metric-min-ed-solution 0.022222222222222223;0.015594713656387742;1.014535519125683;1.0223657211047563;1.0220139197393752;1.02;1.0183004649671317 0 
nautilus-3 0.4 metric-min-ed-value 0.05045379366345279 0 
nautilus-3 0.4 metric-min-ed-solution 0.022222222222222223;0.011189427312775373;1.02;1.0177154813042326;1.0213623574707538;1.02;1.0188776655443323 0 
nsga-ii 0.5 metric-min-ed-value 1.052421077067915 0 
nsga-ii 0.5 metric-min-ed-solution 0.3977777777777778;0.3977777777777778;1.3977777777777778;1.3977777777777778;1.3977777777777778;1.3977777777777778;1.3977777777777778 0 
r-nsga-ii 0.5 metric-min-ed-value 1.1406127874367344 0 
r-nsga-ii 0.5 metric-min-ed-solution 0.4311111111111111;0.4311111111111111;1.431111111111111;1.431111111111111;1.431111111111111;1.431111111111111;1.431111111111111 0 
nsga-iii 0.5 metric-min-ed-value 0.549838489060851 0 
nsga-iii 0.5 metric-min-ed-solution 0.2511111111111111;0.14522760646108662;1.1568306010928961;1.2216458263448584;1.2490004442470015;1.1857142857142857;1.218999518999519 0 
nautilus-1 0.5 metric-min-ed-value 0.0571565401580872 0 
nautilus-1 0.5 metric-min-ed-solution 0.024444444444444446;0.013411649534997596;1.0222222222222221;1.0223447875176461;1.0240288266943087;1.0222222222222221;1.020618887285554 0 
nautilus-2 0.5 metric-min-ed-value 0.051653158002316374 0 
nautilus-2 0.5 metric-min-ed-solution 0.022222222222222223;0.015594713656387742;1.014535519125683;1.0223657211047563;1.0220139197393752;1.02;1.0183004649671317 0 
nautilus-3 0.5 metric-min-ed-value 0.05045379366345279 0 
nautilus-3 0.5 metric-min-ed-solution 0.022222222222222223;0.011189427312775373;1.02;1.0177154813042326;1.0213623574707538;1.02;1.0188776655443323 0 
nsga-ii 0.6 metric-min-ed-value 1.052421077067915 0 
nsga-ii 0.6 metric-min-ed-solution 0.3977777777777778;0.3977777777777778;1.3977777777777778;1.3977777777777778;1.3977777777777778;1.3977777777777778;1.3977777777777778 0 
r-nsga-ii 0.6 metric-min-ed-value 1.1406127874367344 0 
r-nsga-ii 0.6 metric-min-ed-solution 0.4311111111111111;0.4311111111111111;1.431111111111111;1.431111111111111;1.431111111111111;1.431111111111111;1.431111111111111 0 
nsga-iii 0.6 metric-min-ed-value 0.549838489060851 0 
nsga-iii 0.6 metric-min-ed-solution 0.2511111111111111;0.14522760646108662;1.1568306010928961;1.2216458263448584;1.2490004442470015;1.1857142857142857;1.218999518999519 0 
nautilus-1 0.6 metric-min-ed-value 0.0571565401580872 0 
nautilus-1 0.6 metric-min-ed-solution 0.024444444444444446;0.013411649534997596;1.0222222222222221;1.0223447875176461;1.0240288266943087;1.0222222222222221;1.020618887285554 0 
nautilus-2 0.6 metric-min-ed-value 0.051653158002316374 0 
nautilus-2 0.6 metric-min-ed-solution 0.022222222222222223;0.015594713656387742;1.014535519125683;1.0223657211047563;1.0220139197393752;1.02;1.0183004649671317 0 
nautilus-3 0.6 metric-min-ed-value 0.05045379366345279 0 
nautilus-3 0.6 metric-min-ed-solution 0.022222222222222223;0.011189427312775373;1.02;1.0177154813042326;1.0213623574707538;1.02;1.0188776655443323 0 
nsga-ii 0.7 metric-min-ed-value 1.052421077067915 0 
nsga-ii 0.7 metric-min-ed-solution 0.3977777777777778;0.3977777777777778;1.3977777777777778;1.3977777777777778;1.3977777777777778;1.3977777777777778;1.3977777777777778 0 
r-nsga-ii 0.7 metric-min-ed-value 1.1406127874367344 0 
r-nsga-ii 0.7 metric-min-ed-solution 0.4311111111111111;0.4311111111111111;1.431111111111111;1.431111111111111;1.431111111111111;1.431111111111111;1.431111111111111 0 
nsga-iii 0.7 metric-min-ed-value 0.549838489060851 0 
nsga-iii 0.7 metric-min-ed-solution 0.2511111111111111;0.14522760646108662;1.1568306010928961;1.2216458263448584;1.2490004442470015;1.1857142857142857;1.218999518999519 0 
nautilus-1 0.7 metric-min-ed-value 0.0571565401580872 0 
nautilus-1 0.7 metric-min-ed-solution 0.024444444444444446;0.013411649534997596;1.0222222222222221;1.0223447875176461;1.0240288266943087;1.0222222222222221;1.020618887285554 0 
nautilus-2 0.7 metric-min-ed-value 0.051653158002316374 0 
nautilus-2 0.7 metric-min-ed-solution 0.022222222222222223;0.015594713656387742;1.014535519125683;1.0223657211047563;1.0220139197393752;1.02;1.0183004649671317 0 
nautilus-3 0.7 metric-min-ed-value 0.05045379366345279 0 
nautilus-3 0.7 metric-min-ed-solution 0.022222222222222223;0.011189427312775373;1.02;1.0177154813042326;1.0213623574707538;1.02;1.0188776655443323 0 
nsga-ii 0.8 metric-min-ed-value 1.052421077067915 0 
nsga-ii 0.8 metric-min-ed-solution 0.3977777777777778;0.3977777777777778;1.3977777777777778;1.3977777777777778;1.3977777777777778;1.3977777777777778;1.3977777777777778 0 
r-nsga-ii 0.8 metric-min-ed-value 1.1406127874367344 0 
r-nsga-ii 0.8 metric-min-ed-solution 0.4311111111111111;0.4311111111111111;1.431111111111111;1.431111111111111;1.431111111111111;1.431111111111111;1.431111111111111 0 
nsga-iii 0.8 metric-min-ed-value 0.549838489060851 0 
nsga-iii 0.8 metric-min-ed-solution 0.2511111111111111;0.14522760646108662;1.1568306010928961;1.2216458263448584;1.2490004442470015;1.1857142857142857;1.218999518999519 0 
nautilus-1 0.8 metric-min-ed-value 0.0571565401580872 0 
nautilus-1 0.8 metric-min-ed-solution 0.024444444444444446;0.013411649534997596;1.0222222222222221;1.0223447875176461;1.0240288266943087;1.0222222222222221;1.020618887285554 0 
nautilus-2 0.8 metric-min-ed-value 0.051653158002316374 0 
nautilus-2 0.8 metric-min-ed-solution 0.022222222222222223;0.015594713656387742;1.014535519125683;1.0223657211047563;1.0220139197393752;1.02;1.0183004649671317 0 
nautilus-3 0.8 metric-min-ed-value 0.05045379366345279 0 
nautilus-3 0.8 metric-min-ed-solution 0.022222222222222223;0.011189427312775373;1.02;1.0177154813042326;1.0213623574707538;1.02;1.0188776655443323 0 
nsga-ii 0.9 metric-min-ed-value 1.052421077067915 0 
nsga-ii 0.9 metric-min-ed-solution 0.3977777777777778;0.3977777777777778;1.3977777777777778;1.3977777777777778;1.3977777777777778;1.3977777777777778;1.3977777777777778 0 
r-nsga-ii 0.9 metric-min-ed-value 1.1406127874367344 0 
r-nsga-ii 0.9 metric-min-ed-solution 0.4311111111111111;0.4311111111111111;1.431111111111111;1.431111111111111;1.431111111111111;1.431111111111111;1.431111111111111 0 
nsga-iii 0.9 metric-min-ed-value 0.549838489060851 0 
nsga-iii 0.9 metric-min-ed-solution 0.2511111111111111;0.14522760646108662;1.1568306010928961;1.2216458263448584;1.2490004442470015;1.1857142857142857;1.218999518999519 0 
nautilus-1 0.9 metric-min-ed-value 0.0571565401580872 0 
nautilus-1 0.9 metric-min-ed-solution 0.024444444444444446;0.013411649534997596;1.0222222222222221;1.0223447875176461;1.0240288266943087;1.0222222222222221;1.020618887285554 0 
nautilus-2 0.9 metric-min-ed-value 0.051653158002316374 0 
nautilus-2 0.9 metric-min-ed-solution 0.022222222222222223;0.015594713656387742;1.014535519125683;1.0223657211047563;1.0220139197393752;1.02;1.0183004649671317 0 
nautilus-3 0.9 metric-min-ed-value 0.05045379366345279 0 
nautilus-3 0.9 metric-min-ed-solution 0.022222222222222223;0.011189427312775373;1.02;1.0177154813042326;1.0213623574707538;1.02;1.0188776655443323 0 
nsga-ii 1.0 metric-min-ed-value 1.052421077067915 0 
nsga-ii 1.0 metric-min-ed-solution 0.3977777777777778;0.3977777777777778;1.3977777777777778;1.3977777777777778;1.3977777777777778;1.3977777777777778;1.3977777777777778 0 
r-nsga-ii 1.0 metric-min-ed-value 1.1406127874367344 0 
r-nsga-ii 1.0 metric-min-ed-solution 0.4311111111111111;0.4311111111111111;1.431111111111111;1.431111111111111;1.431111111111111;1.431111111111111;1.431111111111111 0 
nsga-iii 1.0 metric-min-ed-value 0.549838489060851 0 
nsga-iii 1.0 metric-min-ed-solution 0.2511111111111111;0.14522760646108662;1.1568306010928961;1.2216458263448584;1.2490004442470015;1.1857142857142857;1.218999518999519 0 
nautilus-1 1.0 metric-min-ed-value 0.0571565401580872 0 
nautilus-1 1.0 metric-min-ed-solution 0.024444444444444446;0.013411649534997596;1.0222222222222221;1.0223447875176461;1.0240288266943087;1.0222222222222221;1.020618887285554 0 
nautilus-2 1.0 metric-min-ed-value 0.051653158002316374 0 
nautilus-2 1.0 metric-min-ed-solution 0.022222222222222223;0.015594713656387742;1.014535519125683;1.0223657211047563;1.0220139197393752;1.02;1.0183004649671317 0 
nautilus-3 1.0 metric-min-ed-value 0.05045379366345279 0 
nautilus-3 1.0 metric-min-ed-solution 0.022222222222222223;0.011189427312775373;1.02;1.0177154813042326;1.0213623574707538;1.02;1.0188776655443323 0 
