0.4264705882352941 0.0 0.0 0.6374271322547178 0.42389431361286617 0.0 0.5592250110083663
0.5882352941176471 0.0 0.0 0.6501647782417027 0.5878805284319357 0.0 0.3923381770145311
0.4264705882352941 0.009433962264150941 0.0 0.6846173530902587 0.4221711659965537 0.0 0.5422721268163806
0.38235294117647056 0.0 0.0 0.6319971310740538 0.3730614589316485 0.0 0.612725671510348
0.4117647058823529 0.0 0.0 0.6609890697192276 0.4167145318782309 0.0 0.5579040070453546
0.5441176470588235 0.0 0.0 0.6688263521596868 0.5379092475588743 0.0 0.4297666226332013
0.39705882352941174 0.009433962264150941 0.0 0.6700498773148338 0.3983342906375646 0.0 0.5728753852928226
0.5735294117647058 0.0 0.0 0.636302069500451 0.5614589316484779 0.0 0.4229414354909732
0.5 0.0 0.0 0.6326411655288665 0.4813325674899483 0.0 0.5011008366358433
0.47058823529411764 0.0 0.0 0.6627110456747551 0.46898334290637567 0.0 0.4995596653456629
0.39705882352941174 0.009433962264150941 0.0 0.6826380172534011 0.40235496840896035 0.0 0.5664905328049319
0.5735294117647058 0.0 0.0 0.6609066671819724 0.5838598506605399 0.0 0.3947600176133862
0.6176470588235294 0.0 0.0 0.658170871585508 0.6255025847214245 0.0 0.35512989872302936
0.5588235294117647 0.0 0.0 0.6394727131569244 0.5537047673750718 0.0 0.4291061206516953
0.6470588235294118 0.0 0.0 0.6620184724835912 0.6530729465824239 0.0 0.32650814619110524
0.6470588235294118 0.0 0.0 0.6395461597364359 0.6467547386559449 0.0 0.34654337296345217
0.45588235294117646 0.009433962264150941 0.0 0.6843261040035232 0.456634118322803 0.0 0.508806693086746
0.5588235294117647 0.0 0.0 0.6673219462693161 0.5568638713383113 0.0 0.41325407309555273
0.4264705882352941 0.0 0.0 0.639544896810906 0.4296381390005744 0.0 0.5543813298106561
0.5294117647058824 0.0 0.0 0.6369117742927274 0.5086157380815624 0.0 0.468075737560546
0.5735294117647058 0.0 0.0 0.6627895571215422 0.5600229753015509 0.0 0.4101717305151916
0.4411764705882353 0.009433962264150941 0.0 0.6862984907812487 0.43624353819643885 0.0 0.528181417877587
0.5 0.0 0.0 0.6514545664278288 0.5060310166570936 0.0 0.4735799207397622
0.6029411764705882 0.0 0.0 0.6617694432938359 0.6105686387133831 0.0 0.3674592690444738
0.4411764705882353 0.0 0.0 0.6561188237050298 0.42877656519241814 0.0 0.541391457507706
0.4117647058823529 0.0 0.0 0.6617495966702305 0.3951751866743251 0.0 0.5739762219286659
0.6323529411764706 0.0 0.0 0.6585150914054589 0.644744399770247 0.0 0.3392778511668868
0.7058823529411765 0.0 0.0 0.6482879216921791 0.7102240091901206 0.0 0.27807133421400254
0.7058823529411765 0.0 0.0 0.6459632713622097 0.6987363584147042 0.0 0.288419198590929
0.4264705882352941 0.0 0.0 0.6301804107222819 0.41786329695577257 0.0 0.5702333773667988
0.5735294117647058 0.0 0.0 0.6696707625857439 0.585295807007467 0.0 0.39057683839718194
0.47058823529411764 0.0 0.0 0.6649749555999558 0.47932222860425044 0.0 0.49427564949361513
0.47058823529411764 0.0 0.0 0.6643478609204416 0.47960941987363587 0.0 0.49515631880228983
0.36764705882352944 0.0 0.0 0.6407092167092162 0.3658816771970132 0.0 0.6186701893439015
0.5 0.0 0.0 0.6329833466197107 0.48190695002871914 0.0 0.4982386613826508
0.5735294117647058 0.0 0.0 0.6471060653246896 0.5617461229178633 0.0 0.4156759136944077
0.5588235294117647 0.0 0.0 0.658356713619873 0.5680643308443424 0.0 0.41215323645970947
0.45588235294117646 0.0 0.0 0.6518840418840411 0.45462377943710514 0.0 0.5189343901365038
0.4117647058823529 0.0 0.0 0.6484030226093712 0.39919586444572086 0.0 0.5790400704535448
0.6470588235294118 0.0 0.0 0.6605196835112289 0.6588167719701321 0.0 0.32078379568472026
0.5294117647058824 0.0 0.0 0.63478610454801 0.5201033888569787 0.0 0.46147071774548654
0.45588235294117646 0.009433962264150941 0.0 0.6818805567192661 0.45462377943710514 0.0 0.5105680317040951
0.5735294117647058 0.0 0.0 0.6546803623726708 0.5697874784606548 0.0 0.40686922060766184
0.6617647058823529 0.0 0.0 0.6482010357767951 0.6550832854681218 0.0 0.32628797886393646
0.4852941176470588 0.0 0.0 0.6287861654338931 0.4724296381390006 0.0 0.5162923822104799
0.47058823529411764 0.009433962264150941 0.0 0.688782286262125 0.4735784032165422 0.0 0.49097313958608546
0.5 0.0 0.0 0.6592648191578676 0.49339460080413555 0.0 0.4775429326287979
0.38235294117647056 0.028301886792452824 0.0 0.694100207484822 0.3894313612866169 0.0 0.5783795684720389
0.5 0.0 0.0 0.6486274470231693 0.5017231476163124 0.0 0.4775429326287979
0.5882352941176471 0.0 0.0 0.6595909930525329 0.5792647903503734 0.0 0.39255834434169967
0.47058823529411764 0.0 0.0 0.6688211877728008 0.4807581849511775 0.0 0.4922941435490974
0.5441176470588235 0.0 0.0 0.6348869515536187 0.5361860999425617 0.0 0.44583883751651265
0.4117647058823529 0.0 0.0 0.6546274566115827 0.40465249856404367 0.0 0.5673712021136065
0.5882352941176471 0.0 0.0 0.6630050006973099 0.596496266513498 0.0 0.3806693086745927
0.5 0.0 0.0 0.6325408499205296 0.4784606547960942 0.0 0.5035226772346983
0.38235294117647056 0.0 0.0 0.6375988797527253 0.376220562894888 0.0 0.6072214883311317
0.4852941176470588 0.0 0.0 0.6547801945529219 0.4816197587593337 0.0 0.4916336415675914
0.5294117647058824 0.0 0.0 0.6541906946668863 0.5350373348650201 0.0 0.44187582562747696
0.6617647058823529 0.0 0.0 0.6569460898248803 0.6668581275129236 0.0 0.31549977983267286
0.39705882352941174 0.0 0.0 0.6614627853944084 0.38110281447444 0.0 0.5885072655217966
0.45588235294117646 0.0 0.0 0.6431025963284022 0.4569213095921884 0.0 0.521356230735359
0.5441176470588235 0.0 0.0 0.6612417112417127 0.5465249856404365 0.0 0.4288859533245267
0.5735294117647058 0.0 0.0 0.659873332545399 0.5890292935094773 0.0 0.3929986789960369
0.7058823529411765 0.0 0.0 0.6499353483396062 0.7027570361861 0.0 0.2822545134302068
0.6911764705882353 0.0 0.0 0.6440903992707897 0.684663986214819 0.0 0.3025099075297225
0.5735294117647058 0.009433962264150941 0.0 0.6641138363810442 0.5674899483055715 0.0 0.40356671070013217
0.4852941176470588 0.0 0.0 0.6429567801726894 0.47759908098793796 0.0 0.5004403346543373
0.4411764705882353 0.0 0.0 0.6611376873445832 0.4497415278575531 0.0 0.526860413914575
0.5 0.009433962264150941 0.0 0.6771152100029109 0.5045950603101665 0.0 0.4627917217084986
0.4411764705882353 0.0 0.0 0.6319020443158371 0.43251005169442847 0.0 0.553280493174813
0.5 0.0 0.0 0.6358926377642958 0.4862148190695003 0.0 0.493174812857772
0.4411764705882353 0.0 0.0 0.6378403461162073 0.43940264215967834 0.0 0.5446939674152356
0.5294117647058824 0.0 0.0 0.6409317666460533 0.5137851809304997 0.0 0.46213121972699245
0.4411764705882353 0.018867924528301883 0.013333333333333308 0.6517161382678618 0.4348075818495118 0.0 0.5389696169088507
0.3088235294117647 0.028301886792452824 0.013333333333333308 0.6745257123828552 0.30643308443423317 0.0 0.6655658300308234
0.45588235294117646 0.0 0.0 0.6263271256819642 0.4462952326249282 0.0 0.5462351387054161
0.5 0.0 0.0 0.6476564038061368 0.49856404365307294 0.0 0.4790841039189785
0.5882352941176471 0.0 0.0 0.6355920788613103 0.5832854681217691 0.0 0.4134742404227212
0.45588235294117646 0.0 0.0 0.6604719056331956 0.4620907524411258 0.0 0.5145310435931307
0.5441176470588235 0.0 0.0 0.6488195988195997 0.5344629523262493 0.0 0.44033465433729646
0.38235294117647056 0.009433962264150941 0.0 0.6846429980276126 0.39201608271108557 0.0 0.5783795684720389
0.7205882352941176 0.0 0.0 0.6470759116167302 0.7191269385410684 0.0 0.269044473800088
0.5882352941176471 0.0 0.0 0.6550049380818628 0.5861573808156232 0.0 0.3883751651254954
0.4264705882352941 0.0 0.0 0.6301391684396603 0.41929925330269957 0.0 0.571334214002642
0.5441176470588235 0.0 0.0 0.6459409292742634 0.54192992533027 0.0 0.4376926464112725
0.5735294117647058 0.0 0.0 0.6422136642784426 0.565766800689259 0.0 0.4110523998238662
0.6029411764705882 0.0 0.0 0.6377073806951863 0.5990809879379667 0.0 0.3932188463232057
0.5882352941176471 0.0 0.0 0.6380294207217291 0.5907524411257897 0.0 0.3985028621752533
0.6176470588235294 0.0 0.0 0.658483857090131 0.6280873061458931 0.0 0.3531483927785116
0.47058823529411764 0.0 0.0 0.6512724394780843 0.46697300402067776 0.0 0.5059445178335537
0.4264705882352941 0.009433962264150941 0.0 0.6705607063981439 0.43337162550258473 0.0 0.5383091149273449
0.5588235294117647 0.0 0.0 0.6555569450306308 0.5605973578403216 0.0 0.41545574636723914