0.35294117647058826 0.0 0.0 0.657179635983983 0.365020103388857 0.0 0.6237340378687803
0.5441176470588235 0.0 0.0 0.661949936949938 0.5413555427914991 0.0 0.4359313077939234
0.47058823529411764 0.0 0.0 0.6760274112088634 0.4595060310166571 0.0 0.508806693086746
0.6323529411764706 0.0 0.0 0.6533408452013121 0.6163124641010913 0.0 0.3661382650814621
0.5882352941176471 0.0 0.0 0.6364794322486639 0.5801263641585296 0.0 0.4097313958608543
0.4411764705882353 0.0 0.0 0.6707635914532457 0.43509477311889716 0.0 0.535667107001321
0.4852941176470588 0.0 0.0 0.6297718169877268 0.4646754738655945 0.0 0.5248789079700573
0.4117647058823529 0.0 0.0 0.631596901041345 0.40982194141298106 0.0 0.5852047556142669
0.5735294117647058 0.0 0.0 0.6403696842968107 0.5565766800689259 0.0 0.42404227212681644
0.4264705882352941 0.0 0.0 0.6441178279848224 0.43251005169442847 0.0 0.5519594892118009
0.5147058823529411 0.0 0.0 0.6590926347228879 0.5040206777713957 0.0 0.47071774548656975
0.4411764705882353 0.0 0.0 0.640958977165873 0.4279149913842619 0.0 0.5501981505944518
0.4852941176470588 0.0 0.0 0.6551463162258621 0.5025847214244687 0.0 0.4852487890797006
0.38235294117647056 0.0 0.0 0.6314719297796215 0.3701895462377944 0.0 0.6197710259797446
0.4117647058823529 0.0 0.0 0.6346515036991219 0.40781160252728316 0.0 0.5823425803610744
0.4411764705882353 0.0 0.0 0.64095419267833 0.43078690407811604 0.0 0.5477763099955966
0.4117647058823529 0.0 0.0 0.673889191349508 0.408385985066054 0.0 0.5627476882430649
0.5294117647058824 0.0 0.0 0.6447942269370848 0.5284319356691557 0.0 0.45662703654777637
0.5147058823529411 0.0 0.0 0.63155152037505 0.5031591039632395 0.0 0.48414795244385733
0.4117647058823529 0.009433962264150941 0.0 0.627039568309409 0.4058012636415853 0.0 0.5915896081021577
0.5588235294117647 0.0 0.0 0.6469710469710483 0.5709362435381964 0.0 0.4220607661822985
0.3382352941176471 0.037735849056603765 0.0 0.6672320213822185 0.3251005169442849 0.0 0.65147512109203
0.45588235294117646 0.0 0.0 0.6648763661666884 0.4549109707064905 0.0 0.5160722148833113
0.3382352941176471 0.0 0.0 0.6396309443740272 0.32222860425043076 0.0 0.6624834874504624
0.39705882352941174 0.0 0.0 0.641932110308178 0.40149339460080413 0.0 0.5836635843240863
0.4117647058823529 0.0 0.0 0.6354327330517802 0.4152785755313039 0.0 0.5812417437252312
0.35294117647058826 0.0 0.0 0.6578270763053364 0.36214819069500287 0.0 0.6248348745046236
0.47058823529411764 0.0 0.0 0.62852481300062 0.45347501435956344 0.0 0.536988110964333
0.4117647058823529 0.0 0.0 0.6458365708365699 0.4037909247558874 0.0 0.5744165565830031
0.4411764705882353 0.018867924528301883 0.0 0.6836947854189227 0.4330844342331993 0.0 0.5336856010568032
0.39705882352941174 0.018867924528301883 0.0 0.6483788923959857 0.38139000574382537 0.0 0.5937912813738442
0.4117647058823529 0.0 0.0 0.6458330323409683 0.39919586444572086 0.0 0.5772787318361956
0.45588235294117646 0.0 0.0 0.6505616963681475 0.45462377943710514 0.0 0.5204755614266843
0.38235294117647056 0.0 0.0 0.6419590324205703 0.3793796668581275 0.0 0.6032584764420961
0.4852941176470588 0.0 0.0 0.6355023343659709 0.47960941987363587 0.0 0.5070453544693967
0.39705882352941174 0.05660377358490565 0.026666666666666616 0.6730966089940441 0.38311315336013785 0.0 0.5869660942316162
0.4117647058823529 0.05660377358490565 0.026666666666666616 0.6757501757501746 0.3943136128661689 0.0 0.5735358872743286
0.47058823529411764 0.0 0.0 0.6601848867977902 0.46783457782883403 0.0 0.5044033465433729
0.47058823529411764 0.0 0.0 0.6477592747754037 0.4618035611717404 0.0 0.5125495376486131
0.4411764705882353 0.0 0.0 0.6476363100501027 0.4408385985066054 0.0 0.5354469396741524
0.5441176470588235 0.0 0.0 0.6461781545114885 0.527283170591614 0.0 0.44958168207837956
0.35294117647058826 0.0 0.0 0.6559889184889178 0.371338311315336 0.0 0.620211360634082
0.5147058823529411 0.0 0.0 0.6493399597601285 0.488799540493969 0.0 0.4867899603698812
0.4117647058823529 0.009433962264150941 0.0 0.6283714815460841 0.40436530729465825 0.0 0.591369440774989
0.3088235294117647 0.018867924528301883 0.0 0.6575007003578432 0.3035611717403791 0.0 0.6809775429326288
0.5294117647058824 0.0 0.0 0.6463790530457203 0.5080413555427915 0.0 0.4693967415235579
0.4117647058823529 0.0 0.0 0.6370949743965612 0.40235496840896035 0.0 0.5814619110523999
0.38235294117647056 0.0 0.0 0.632722883953653 0.3678920160827111 0.0 0.6186701893439014
0.4264705882352941 0.0 0.0 0.6470840188820476 0.4247558874210224 0.0 0.5537208278291501
0.5 0.009433962264150941 0.0 0.639209443754899 0.4910970706490523 0.0 0.4920739762219287
0.5 0.0 0.0 0.6472754221417328 0.5080413555427915 0.0 0.47622192866578594
0.47058823529411764 0.0 0.0 0.6380881663139728 0.46783457782883403 0.0 0.5167327168648173
0.47058823529411764 0.0 0.0 0.6400956905997226 0.45577254451464677 0.0 0.5228974020255395
0.36764705882352944 0.0 0.0 0.6376735486735483 0.3661688684663986 0.0 0.6224130339057683
0.45588235294117646 0.0 0.0 0.642726484984549 0.4425617461229179 0.0 0.5317040951122853
0.4264705882352941 0.05660377358490565 0.026666666666666616 0.6791843214256997 0.4086731763354394 0.0 0.5557023337736681
0.3235294117647059 0.047169811320754707 0.013333333333333308 0.6620263094289067 0.3087306145893165 0.0 0.6684280052840159
0.36764705882352944 0.0 0.0 0.6365537425537423 0.3704767375071798 0.0 0.6206516952884193
0.47058823529411764 0.018867924528301883 0.013333333333333308 0.6663036448318708 0.4491671453187823 0.0 0.5156318802289741
0.36764705882352944 0.0 0.0 0.6629292744292737 0.3604250430786904 0.0 0.6180096873623956
0.38235294117647056 0.0 0.0 0.6515417061570902 0.3655944859276278 0.0 0.6081021576398064
0.35294117647058826 0.009433962264150941 0.0 0.6592547146894965 0.3543940264215968 0.0 0.6309995596653457
0.45588235294117646 0.0 0.0 0.6460755851078427 0.44945433658816775 0.0 0.5253192426243947
0.4117647058823529 0.0 0.0 0.6558779844494123 0.4164273406088455 0.0 0.5625275209158961
0.4264705882352941 0.05660377358490565 0.026666666666666616 0.6784931543552225 0.4066628374497415 0.0 0.5612065169528841
0.5441176470588235 0.0 0.0 0.6485508902175576 0.5292935094773119 0.0 0.4440774988991635
0.4411764705882353 0.0 0.0 0.6574121791363169 0.42619184376794944 0.0 0.5455746367239103
0.6617647058823529 0.0 0.0 0.6564686940444537 0.6427340608845491 0.0 0.3324526640246587
0.5147058823529411 0.0 0.0 0.6516529222411586 0.5097645031591039 0.0 0.46521356230735356
0.4852941176470588 0.0 0.0 0.6472192159692163 0.47415278575531306 0.0 0.4993394980184941
0.39705882352941174 0.047169811320754707 0.013333333333333308 0.684347118535152 0.3862722573233774 0.0 0.580140907089388
0.35294117647058826 0.0 0.0 0.6396333738725037 0.34778862722573234 0.0 0.6378247468075737
0.38235294117647056 0.009433962264150941 0.0 0.6329876106799178 0.3607122343480758 0.0 0.6263760457948041
0.5 0.0 0.0 0.6402201185623652 0.5011487650775417 0.0 0.48260678115367694
0.5 0.0 0.0 0.6675080910375039 0.49253302699597934 0.0 0.4797446059004844
0.45588235294117646 0.0 0.0 0.635387551516583 0.44227455485353245 0.0 0.5387494495816821
0.36764705882352944 0.0 0.0 0.6492720982720976 0.3535324526134406 0.0 0.6232937032144431
0.5882352941176471 0.0 0.0 0.6415117503579053 0.5717978173463527 0.0 0.408630559225011
0.5 0.0 0.0 0.6490563308745132 0.4735784032165422 0.0 0.5022016732716864
0.4852941176470588 0.0 0.0 0.641884294157022 0.4764503159103963 0.0 0.5048436811977104
0.36764705882352944 0.0 0.0 0.638323195323195 0.35381964388282594 0.0 0.6321003963011889
0.45588235294117646 0.0 0.0 0.6621789679854198 0.43882825962090755 0.0 0.5336856010568032
0.38235294117647056 0.018867924528301883 0.0 0.6620975947129782 0.38052843193566915 0.0 0.5940114487010127
0.4117647058823529 0.0 0.0 0.6337054039434987 0.3960367604824813 0.0 0.5858652575957728
0.4264705882352941 0.0 0.0 0.6445555812550878 0.4170017231476163 0.0 0.563848524878908
0.47058823529411764 0.0 0.0 0.6684542831720255 0.47156806433084436 0.0 0.5028621752531923
0.4411764705882353 0.0 0.0 0.6724287844977493 0.4373923032739805 0.0 0.531924262439454
0.35294117647058826 0.009433962264150941 0.0 0.6418706896967762 0.33285468121769096 0.0 0.6519154557463673
0.4852941176470588 0.0 0.0 0.631461667541213 0.4735784032165422 0.0 0.5138705416116249
0.5147058823529411 0.0 0.0 0.6395994761540988 0.5178058587018954 0.0 0.46851607221488345
0.5147058823529411 0.0 0.0 0.639820730156865 0.49798966111430215 0.0 0.4773227653016293
0.4264705882352941 0.0 0.0 0.6588688678590151 0.425904652498564 0.0 0.5508586525759577
0.4264705882352941 0.0 0.0 0.6701112789782728 0.41929925330269957 0.0 0.5585645090268605