0.6470588235294118 0.0 0.0 0.6400170419197917 0.6461803561171741 0.0 0.342360193747248
0.4852941176470588 0.0 0.0 0.6344244455039911 0.4784606547960942 0.0 0.5090268604139147
0.4264705882352941 0.0 0.0 0.6351123698414333 0.41843767949454336 0.0 0.568251871422281
0.5294117647058824 0.0 0.0 0.6397806338282539 0.5295807007466973 0.0 0.4537648612945838
0.4264705882352941 0.0 0.0 0.6327138788961442 0.4190120620333142 0.0 0.5693527080581242
0.5588235294117647 0.0 0.0 0.6434273881642311 0.5605973578403216 0.0 0.4227212681638045
0.5294117647058824 0.0 0.0 0.6423539952111389 0.5157955198161975 0.0 0.46213121972699256
0.5 0.0 0.0 0.633468818762937 0.4807581849511775 0.0 0.503742844561867
0.38235294117647056 0.0 0.0 0.6558787878787872 0.39862148190695 0.0 0.591369440774989
0.4852941176470588 0.0 0.0 0.6686648683807778 0.493681792073521 0.0 0.48018494055482175
0.5147058823529411 0.0 0.0 0.6624181140987871 0.5080413555427915 0.0 0.46213121972699256
0.4264705882352941 0.0 0.0 0.6678369113098168 0.4391154508902929 0.0 0.5409511228533685
0.4264705882352941 0.0 0.0 0.640907573543041 0.425904652498564 0.0 0.5585645090268604
0.6764705882352942 0.0 0.0 0.642314491734783 0.6634118322802987 0.0 0.3221047996477322
0.47058823529411764 0.0 0.0 0.644972959388282 0.4569213095921884 0.0 0.517613386173492
0.6617647058823529 0.0 0.0 0.642152516394942 0.648190695002872 0.0 0.3361955085865258
0.6029411764705882 0.0 0.0 0.661208378342526 0.6005169442848938 0.0 0.37494495816820783
0.5441176470588235 0.0 0.0 0.6652751986085329 0.5568638713383113 0.0 0.42228093350946716
0.5441176470588235 0.0 0.0 0.656367014700349 0.5281447443997702 0.0 0.44341699691765746
0.47058823529411764 0.0 0.0 0.6497820056287799 0.45893164847788626 0.0 0.5143108762659622
0.5294117647058824 0.0 0.0 0.6479729794015517 0.5275703618609994 0.0 0.4502421840598856
0.4852941176470588 0.0 0.0 0.6578123265623271 0.48449167145318783 0.0 0.4889916336415676
0.5735294117647058 0.0 0.0 0.6401734268131036 0.5735209649626651 0.0 0.4110523998238662
0.4852941176470588 0.0 0.0 0.664597881075154 0.4913842619184377 0.0 0.48260678115367694
0.4411764705882353 0.0 0.0 0.6478384578384572 0.43940264215967834 0.0 0.5378687802730074
0.4117647058823529 0.0 0.0 0.63671666370079 0.4126938541068352 0.0 0.575737560546015
0.6764705882352942 0.0 0.0 0.6541163935366852 0.6691556576680069 0.0 0.313518273888155
0.5294117647058824 0.0 0.0 0.6634689384689395 0.5252728317059161 0.0 0.44649933949801845
0.5147058823529411 0.0 0.0 0.6425968802439399 0.5114876507754165 0.0 0.46763540290620864
0.6617647058823529 0.0 0.0 0.6597312395797265 0.659391154508903 0.0 0.3199031263760458
0.4264705882352941 0.0 0.0 0.6681126208219794 0.43337162550258473 0.0 0.5427124614707178
0.6029411764705882 0.0 0.0 0.6396102136346047 0.5933371625502585 0.0 0.389916336415676
0.6029411764705882 0.0 0.0 0.6396183423622455 0.5993681792073521 0.0 0.3855129898723031
0.36764705882352944 0.0 0.0 0.6420667480667476 0.36473291211947156 0.0 0.619550858652576
0.5588235294117647 0.0 0.0 0.655849816376133 0.5571510626076968 0.0 0.4187582562747689
0.5294117647058824 0.0 0.0 0.663850963850965 0.5221137277426766 0.0 0.44804051078819906
0.5147058823529411 0.0 0.0 0.6428846317081619 0.5157955198161975 0.0 0.46543372963452223
0.35294117647058826 0.009433962264150941 0.0 0.660450298493776 0.35611717403790927 0.0 0.6279172170849845
0.5294117647058824 0.0 0.0 0.6461027420551237 0.5089029293509477 0.0 0.464993394980185
0.4264705882352941 0.0 0.0 0.6593963507756602 0.42303273980470996 0.0 0.5493174812857773
0.5441176470588235 0.0 0.0 0.6537893787893799 0.5402067777139575 0.0 0.43483047115808016
0.5882352941176471 0.0 0.0 0.6422366878136119 0.5884549109707065 0.0 0.3954205195948921
0.47058823529411764 0.0 0.0 0.6452615596768824 0.46783457782883403 0.0 0.5096873623954206
0.5147058823529411 0.0 0.0 0.6569816178219546 0.5246984491671454 0.0 0.4546455306032585
0.38235294117647056 0.018867924528301883 0.013333333333333308 0.66652173467558 0.3767949454336588 0.0 0.5924702774108324
0.4264705882352941 0.0 0.0 0.6504105637110555 0.43365881677197016 0.0 0.5501981505944518
0.5147058823529411 0.0 0.0 0.6617857306092608 0.5212521539345204 0.0 0.45442536327608984
0.5294117647058824 0.0 0.0 0.6501004110527929 0.5318782309017805 0.0 0.44671950682518713
0.6323529411764706 0.0 0.0 0.6391857865279801 0.6243538196438828 0.0 0.36173491853808903
0.6617647058823529 0.0 0.0 0.6420533282654509 0.6539345203905801 0.0 0.33267283135182746
0.4411764705882353 0.0 0.0 0.6436302905268415 0.42820218265364735 0.0 0.5537208278291503
0.5147058823529411 0.0 0.0 0.6639864990285166 0.5246984491671454 0.0 0.4511228533685602
0.6176470588235294 0.0 0.0 0.6602744332709505 0.6102814474439977 0.0 0.36613826508146197
0.5294117647058824 0.0 0.0 0.6423467449657934 0.5226881102814475 0.0 0.455526199911933
0.5588235294117647 0.0 0.0 0.6391991602517924 0.5591614014933945 0.0 0.4258036107441656
0.4852941176470588 0.0 0.0 0.6712354669741035 0.488799540493969 0.0 0.48260678115367694
0.5294117647058824 0.0 0.0 0.667785265880505 0.5393452039058013 0.0 0.4374724790841039
0.6323529411764706 0.0 0.0 0.6616859208221354 0.6346927053417576 0.0 0.3441215323645971
0.5588235294117647 0.0 0.0 0.6402407612933939 0.5491097070649053 0.0 0.43262879788639363
0.6029411764705882 0.0 0.0 0.6479170016974907 0.5939115450890293 0.0 0.3839718185821225
0.6029411764705882 0.0 0.0 0.6483231673475588 0.6122917863296956 0.0 0.373623954205196
0.6029411764705882 0.0 0.0 0.6600853347194829 0.6105686387133831 0.0 0.3692206076618231
0.5588235294117647 0.0 0.0 0.6520785836575324 0.5646180356117174 0.0 0.414795244385733
0.5735294117647058 0.0 0.0 0.644536203038228 0.5726593911545089 0.0 0.4095112285336856
0.6470588235294118 0.0 0.0 0.6434236364997479 0.6435956346927053 0.0 0.3410391897842361
0.5147058823529411 0.0 0.0 0.6626957636201342 0.5218265364732912 0.0 0.45354469396741526
0.47058823529411764 0.0 0.0 0.6572455434350597 0.46927053417576103 0.0 0.504403346543373
0.47058823529411764 0.0 0.0 0.6396008449435866 0.4655370476737507 0.0 0.5180537208278291
0.5588235294117647 0.0 0.0 0.6469276021907607 0.5367604824813326 0.0 0.43813298106560994
0.5147058823529411 0.0 0.0 0.6516313471775663 0.520964962665135 0.0 0.4579480405107882
0.45588235294117646 0.0 0.0 0.6596455873875225 0.4462952326249282 0.0 0.52443857331572
0.5147058823529411 0.0 0.0 0.6620689114806771 0.5114876507754165 0.0 0.45992954645530604
0.6176470588235294 0.0 0.0 0.6533563158998709 0.5970706490522688 0.0 0.3782474680757376
0.4117647058823529 0.0 0.0 0.6606662297138481 0.39546237794371053 0.0 0.5741963892558344
0.5441176470588235 0.0 0.0 0.6397007397007408 0.5244112578977599 0.0 0.45508586525759576
0.47058823529411764 0.0 0.0 0.6704983524539977 0.4704192992533027 0.0 0.4991193306913255
0.5294117647058824 0.0 0.0 0.6413437796771138 0.5229753015508328 0.0 0.4564068692206077
0.5735294117647058 0.0 0.0 0.6560400912627642 0.553130384836301 0.0 0.4183179216204316
0.5588235294117647 0.0 0.0 0.6652884258147427 0.5669155657668007 0.0 0.4112725671510349
0.4264705882352941 0.0 0.0 0.6438693217018332 0.4213095921883975 0.0 0.5572435050638486
0.38235294117647056 0.0 0.0 0.65401449832219 0.3960367604824813 0.0 0.5946719506825187
0.6176470588235294 0.0 0.0 0.6617795419189163 0.6157380815623205 0.0 0.3601937472479084