0.6764705882352942 0.0 0.0 0.6522854332999277 0.6740379092475589 0.0 0.310435931307794
0.6764705882352942 0.0 0.0 0.6564808353214168 0.6731763354394027 0.0 0.3082342580361075
0.4117647058823529 0.0 0.0 0.6319202843012359 0.40350373348650204 0.0 0.5874064288859533
0.5147058823529411 0.009433962264150941 0.0 0.6755507144582784 0.5025847214244687 0.0 0.4658740642888597
0.39705882352941174 0.0 0.0 0.6633448223191806 0.39115450890292935 0.0 0.5825627476882431
0.39705882352941174 0.0 0.0 0.6464736909181346 0.4003446295232625 0.0 0.5816820783795686
0.36764705882352944 0.009433962264150941 0.0 0.6319563769563769 0.35898908673176333 0.0 0.6329810656098636
0.38235294117647056 0.0 0.0 0.6519323753169902 0.387421022400919 0.0 0.5933509467195068
0.4117647058823529 0.0 0.0 0.6675217933154434 0.4218839747271683 0.0 0.557683839718186
0.39705882352941174 0.0 0.0 0.6446115929021904 0.40178058587018955 0.0 0.5819022457067371
0.5294117647058824 0.0 0.0 0.6645242588099739 0.5249856404365307 0.0 0.44826067811536774
0.5441176470588235 0.0 0.0 0.6545279545279558 0.548248133256749 0.0 0.43174812857771916
0.38235294117647056 0.0 0.0 0.6548522246983779 0.3842619184376795 0.0 0.5953324526640247
0.45588235294117646 0.0 0.0 0.6507688607688604 0.45577254451464677 0.0 0.5217965653896961
0.45588235294117646 0.0 0.0 0.6508818660431559 0.4569213095921884 0.0 0.5209158960810216
0.5735294117647058 0.0 0.0 0.6458840829286187 0.5669155657668007 0.0 0.4134742404227214
0.35294117647058826 0.0 0.0 0.6472936282718891 0.3437679494543366 0.0 0.6411272567151036
0.5 0.0 0.0 0.6472139268930719 0.5083285468121769 0.0 0.47534125935711136
0.47058823529411764 0.0 0.0 0.6357805389055391 0.4603676048248133 0.0 0.5209158960810217
0.45588235294117646 0.0 0.0 0.6458450629418367 0.4485927627800115 0.0 0.5286217525319243
0.6323529411764706 0.0 0.0 0.6397560849388104 0.6260769672601952 0.0 0.36371642448260677
0.47058823529411764 0.0 0.0 0.6627911515008288 0.4833429063756462 0.0 0.49669749009247044
0.5882352941176471 0.0 0.0 0.6607271076501853 0.5729465824238943 0.0 0.4002642007926024
0.5588235294117647 0.009433962264150941 0.0 0.6787915024757144 0.5591614014933945 0.0 0.4119330691325407
0.5588235294117647 0.0 0.0 0.6477592740750646 0.5496840896036761 0.0 0.42866578599735805
0.5588235294117647 0.0 0.0 0.6426631689789594 0.5404939689833429 0.0 0.4385733157199473
0.6029411764705882 0.0 0.0 0.6380411729192226 0.6005169442848938 0.0 0.3901365037428446
0.45588235294117646 0.0 0.0 0.6330417133642934 0.44572085008615736 0.0 0.5396301188903567
0.6911764705882353 0.0 0.0 0.6514325586018479 0.6766226306720275 0.0 0.30537208278291506
0.5147058823529411 0.0 0.0 0.6404570499528492 0.5100516944284894 0.0 0.4718185821224131
0.47058823529411764 0.018867924528301883 0.013333333333333308 0.6427104145854149 0.46065479609419874 0.0 0.5160722148833113
0.45588235294117646 0.009433962264150941 0.0 0.6450590986074852 0.45462377943710514 0.0 0.5239982386613828
0.6617647058823529 0.0 0.0 0.6445290624078525 0.6677197013210798 0.0 0.32474680757375607
0.5 0.0 0.0 0.6586352447315021 0.5192418150488225 0.0 0.4678555702333774
0.4411764705882353 0.009433962264150941 0.0 0.6382249168456059 0.43452039058012637 0.0 0.5464553060325849
0.4117647058823529 0.0 0.0 0.6537215430072567 0.4106835152211373 0.0 0.5684720387494496
0.5147058823529411 0.0 0.0 0.662309203401641 0.5002871912693854 0.0 0.4713782474680759
0.5735294117647058 0.0 0.0 0.6643189094606113 0.5801263641585296 0.0 0.3971818582122414
0.5147058823529411 0.0 0.0 0.6469775136161697 0.5226881102814475 0.0 0.4616908850726552
0.5735294117647058 0.0 0.0 0.6419105411008255 0.5898908673176335 0.0 0.40841039189784234
0.6029411764705882 0.0 0.0 0.6399423137837781 0.6019529006318208 0.0 0.38815499779832674
0.45588235294117646 0.0 0.0 0.6526157951964399 0.45548535324526135 0.0 0.520695728753853
0.47058823529411764 0.0 0.0 0.6506882678253647 0.46927053417576103 0.0 0.5079260237780714
0.45588235294117646 0.0 0.0 0.6326687529913333 0.4460080413555428 0.0 0.5387494495816821
0.5294117647058824 0.0 0.0 0.6565862268243231 0.5373348650201034 0.0 0.44253632760898287
0.5882352941176471 0.0 0.0 0.6460888897427367 0.5758184951177484 0.0 0.4040070453544695
0.4852941176470588 0.018867924528301883 0.013333333333333308 0.6375991748150842 0.472716829408386 0.0 0.5061646851607221
0.5735294117647058 0.0 0.0 0.641998734508857 0.5884549109707065 0.0 0.4081902245706738
0.5 0.0 0.0 0.680593727919932 0.4991384261918438 0.0 0.47005724350506395
0.5882352941176471 0.0 0.0 0.6451114626114635 0.574095347501436 0.0 0.4057683839718187
0.4852941176470588 0.0 0.0 0.6570049268912908 0.47386559448592763 0.0 0.4991193306913253
0.47058823529411764 0.0 0.0 0.6470450920047696 0.45807007466973004 0.0 0.5173932188463233
0.47058823529411764 0.0 0.0 0.6712473234650657 0.4770246984491672 0.0 0.49669749009247044
0.4852941176470588 0.0 0.0 0.6653095536618268 0.4876507754164273 0.0 0.48723029502421855
0.5294117647058824 0.0 0.0 0.654496041876995 0.5155083285468122 0.0 0.4594892118009687
0.6617647058823529 0.0 0.0 0.6514630991903734 0.6484778862722573 0.0 0.33179216204315287
0.47058823529411764 0.0 0.0 0.6547726131395486 0.45462377943710514 0.0 0.520695728753853
0.6617647058823529 0.0 0.0 0.6492314475647822 0.6438828259620908 0.0 0.3401585204755615
0.4117647058823529 0.0 0.0 0.6460861742607766 0.4138426191843768 0.0 0.5686922060766182
0.5735294117647058 0.0 0.0 0.6524528477969783 0.5763928776565193 0.0 0.40444738000880665
0.5735294117647058 0.0 0.0 0.6605994170771512 0.5875933371625502 0.0 0.39520035226772343
0.4852941176470588 0.0 0.0 0.6518310393310398 0.4813325674899483 0.0 0.49559665345662707
0.6617647058823529 0.0 0.0 0.6440245388730249 0.6602527283170592 0.0 0.3302509907529724
0.4411764705882353 0.0 0.0 0.6355429245084413 0.4296381390005744 0.0 0.5508586525759578
0.4264705882352941 0.0 0.0 0.6619442817718674 0.4215967834577829 0.0 0.5512989872302951
0.6029411764705882 0.0 0.0 0.64754404132453 0.5953475014359564 0.0 0.38727432848965215
0.6470588235294118 0.0 0.0 0.6616753166964601 0.6539345203905801 0.0 0.32892998678996055
0.4411764705882353 0.0 0.0 0.6408086166706849 0.4385410683515221 0.0 0.5442536327608983
0.5 0.018867924528301883 0.013333333333333308 0.6391922001547674 0.48994830557151064 0.0 0.4898723029502422
0.5147058823529411 0.009433962264150941 0.0 0.6743715015143595 0.5040206777713957 0.0 0.46609423161602825
0.5588235294117647 0.0 0.0 0.6569715806557921 0.5439402642159679 0.0 0.42998678996037
0.4852941176470588 0.009433962264150941 0.0 0.6488109428450338 0.48363009764503156 0.0 0.49427564949361524
0.38235294117647056 0.0 0.0 0.6628359674513514 0.38770821367030445 0.0 0.5904887714663145
0.5 0.0 0.0 0.6569453620255764 0.5071797817346353 0.0 0.4726992514310877
0.5294117647058824 0.0 0.0 0.6708833142166485 0.5393452039058013 0.0 0.43659180977542933
0.5294117647058824 0.009433962264150941 0.0 0.6777808346855975 0.5336013785180931 0.0 0.43813298106560994
0.5 0.0 0.0 0.6429913125100298 0.5 0.0 0.48172611184500214
0.5735294117647058 0.0 0.0 0.6602425090279352 0.5666283744974153 0.0 0.4103918978423601
0.5147058823529411 0.0 0.0 0.6607724768228977 0.49885123492245836 0.0 0.47402025539409964
0.5294117647058824 0.0 0.0 0.6809969043302385 0.5442274554853532 0.0 0.42998678996037
0.4411764705882353 0.0 0.0 0.6357867292350048 0.44744399770246984 0.0 0.5431527961250551
0.45588235294117646 0.0 0.0 0.6475432214141887 0.44572085008615736 0.0 0.5303830911492734
0.5147058823529411 0.0 0.0 0.6686310514881952 0.5249856404365307 0.0 0.45442536327608996
0.6029411764705882 0.0 0.0 0.6442487729073109 0.6220562894887995 0.0 0.37780713342140027
0.4411764705882353 0.018867924528301883 0.013333333333333308 0.6556354118423078 0.42877656519241814 0.0 0.5464553060325849