0.47058823529411764 0.0 0.0 0.6624368015497051 0.46697300402067776 0.0 0.5063848524878909
0.5147058823529411 0.0 0.0 0.6420673817312479 0.5008615738081562 0.0 0.4788639365918098
0.29411764705882354 0.0 0.0 0.6324295295347928 0.27800114876507753 0.0 0.7091589608102158
0.6029411764705882 0.0 0.0 0.6429144094388006 0.6088454910970706 0.0 0.3813298106560987
0.36764705882352944 0.0 0.0 0.6393583823583819 0.37191269385410686 0.0 0.6133861734918539
0.5588235294117647 0.0 0.0 0.6368301289353924 0.5571510626076968 0.0 0.43350946719506844
0.5147058823529411 0.0 0.0 0.6417203618043958 0.4971280873061459 0.0 0.4815059445178336
0.3088235294117647 0.0 0.0 0.6220388341816914 0.3044227455485353 0.0 0.6906649053280493
0.35294117647058826 0.0 0.0 0.6471279123453034 0.3500861573808156 0.0 0.6314398943196831
0.6029411764705882 0.0 0.0 0.6416232209524905 0.6071223434807582 0.0 0.3830911492734479
0.38235294117647056 0.0 0.0 0.6351152266536876 0.38914417001723145 0.0 0.5995156318802289
0.27941176470588236 0.0 0.0 0.6271755859475159 0.263641585295807 0.0 0.7269925143108762
0.39705882352941174 0.009433962264150941 0.0 0.6714925625182028 0.3934520390580126 0.0 0.5785997357992074
0.4852941176470588 0.0 0.0 0.6552898069943529 0.493681792073521 0.0 0.48723029502421833
0.38235294117647056 0.0 0.0 0.6503880222341756 0.3676048248133257 0.0 0.6056803170409512
0.39705882352941174 0.0 0.0 0.637500707586177 0.40178058587018955 0.0 0.5834434169969177
0.4117647058823529 0.0 0.0 0.6377736754720875 0.40436530729465825 0.0 0.5759577278731838
0.5294117647058824 0.0 0.0 0.6527344436868253 0.5175186674325101 0.0 0.45816820783795675
0.5735294117647058 0.0 0.0 0.6322862098165745 0.5537047673750718 0.0 0.43483047115808016
0.5735294117647058 0.0 0.0 0.6401248324325255 0.5582998276852383 0.0 0.4220607661822986
0.4411764705882353 0.0 0.0 0.6286683303924677 0.4279149913842619 0.0 0.5574636723910172
0.4117647058823529 0.0 0.0 0.6366293318674262 0.40178058587018955 0.0 0.5785997357992074
0.47058823529411764 0.0 0.0 0.6487362212160598 0.44658242389431363 0.0 0.5292822545134303
0.4852941176470588 0.0 0.0 0.6633909020272659 0.4939689833429064 0.0 0.4819462791721709
0.45588235294117646 0.0 0.0 0.6264272048143013 0.4382538770821367 0.0 0.5535006605019814
0.4264705882352941 0.0 0.0 0.6460751891786368 0.41010913268236643 0.0 0.5653896961690885
0.6176470588235294 0.0 0.0 0.6448199883739963 0.6194715680643308 0.0 0.3672391017173052
0.4411764705882353 0.0 0.0 0.650177893626169 0.43940264215967834 0.0 0.5391897842360195
0.6617647058823529 0.0 0.0 0.6402847377089814 0.6453187823090178 0.0 0.34191985909291067
0.5 0.0 0.0 0.6436367356153457 0.48449167145318783 0.0 0.4938353148392779
0.45588235294117646 0.0 0.0 0.6451115789825465 0.4379666858127513 0.0 0.5387494495816821
0.4117647058823529 0.0 0.0 0.6456522900967336 0.4135554279149914 0.0 0.5656098634962571
0.47058823529411764 0.0 0.0 0.6590991557725433 0.4709936817920735 0.0 0.5059445178335535
0.5 0.0 0.0 0.6369158668623912 0.4896611143021252 0.0 0.4920739762219287
0.5147058823529411 0.0 0.0 0.6487859945843147 0.5031591039632395 0.0 0.47556142668428003
0.38235294117647056 0.0 0.0 0.6339433216356289 0.3894313612866169 0.0 0.6003963011889035
0.5294117647058824 0.0 0.0 0.6551204967871647 0.5284319356691557 0.0 0.44738000880669315
0.4117647058823529 0.0 0.0 0.6377476139380893 0.40149339460080413 0.0 0.5777190664905328
0.5294117647058824 0.0 0.0 0.656320540130065 0.5278575531303848 0.0 0.4471598414795246
0.4852941176470588 0.0 0.0 0.6623735481690031 0.4945433658816772 0.0 0.4821664464993395
0.4411764705882353 0.0 0.0 0.632107139348518 0.43767949454336585 0.0 0.5479964773227654
0.5735294117647058 0.0 0.0 0.6497282369752021 0.5729465824238943 0.0 0.40686922060766195
0.5441176470588235 0.0 0.0 0.6343392343392344 0.5186674325100517 0.0 0.46543372963452234
0.5735294117647058 0.0 0.0 0.6364788158310432 0.5591614014933945 0.0 0.42404227212681656
0.4117647058823529 0.009433962264150941 0.0 0.6727759013473291 0.4086731763354394 0.0 0.5618670189343902
0.5588235294117647 0.0 0.0 0.6366846761583611 0.5402067777139575 0.0 0.44407749889916337
0.3382352941176471 0.0 0.0 0.62027680268787 0.3299827685238369 0.0 0.6655658300308234
0.4852941176470588 0.0 0.0 0.6393050657255208 0.4675473865594486 0.0 0.5136503742844563
0.5441176470588235 0.0 0.0 0.6557395390728737 0.5465249856404365 0.0 0.4308674592690446
0.39705882352941174 0.0 0.0 0.6447214703624953 0.38340034462952327 0.0 0.5915896081021577
0.47058823529411764 0.0 0.0 0.6571313095506647 0.47932222860425044 0.0 0.49977983267283144
0.4852941176470588 0.0 0.0 0.6615590638317915 0.488799540493969 0.0 0.48568912373403794
0.5588235294117647 0.0 0.0 0.6398217477164848 0.5356117174037909 0.0 0.44517833553500663
0.5588235294117647 0.0 0.0 0.6346957136430825 0.5528431935669156 0.0 0.4394539850286219
0.38235294117647056 0.0 0.0 0.6530415396569239 0.3710511200459506 0.0 0.6023778071334214
0.6029411764705882 0.0 0.0 0.644107694473549 0.6039632395175186 0.0 0.3822104799647733
0.4264705882352941 0.0 0.0 0.6610990131926088 0.4080987937966686 0.0 0.5625275209158961
0.39705882352941174 0.0 0.0 0.6216559161003598 0.38253877082136706 0.0 0.6065609863496257
0.45588235294117646 0.0 0.0 0.6324034746615386 0.45002871912693854 0.0 0.535006605019815
0.5147058823529411 0.0 0.0 0.6358946935417528 0.5005743825387708 0.0 0.48326728313518275
0.5294117647058824 0.0 0.0 0.6376373009706345 0.5091901206203331 0.0 0.4718185821224131
0.36764705882352944 0.0 0.0 0.6272572612572609 0.36645605973578405 0.0 0.6237340378687802
0.5294117647058824 0.0 0.0 0.6538081142843055 0.5100516944284894 0.0 0.4616908850726552
0.4852941176470588 0.0 0.0 0.6609930158225619 0.49597932222860425 0.0 0.48238661382650816
0.5882352941176471 0.0 0.0 0.6364100002561546 0.5746697300402068 0.0 0.4095112285336857
0.47058823529411764 0.0 0.0 0.6602639631873505 0.45002871912693854 0.0 0.520695728753853
0.4264705882352941 0.0 0.0 0.6205535980166512 0.4063756461803561 0.0 0.5924702774108321
0.5147058823529411 0.0 0.0 0.6602977974406555 0.5051694428489374 0.0 0.4678555702333774
0.5441176470588235 0.0 0.0 0.6526451193117873 0.5407811602527283 0.0 0.4354909731395862
0.5294117647058824 0.0 0.0 0.6395782348163308 0.5137851809304997 0.0 0.46763540290620886
0.5588235294117647 0.0 0.0 0.6370970186759666 0.5404939689833429 0.0 0.440554821664465
0.4852941176470588 0.0 0.0 0.6362188421847514 0.4813325674899483 0.0 0.5039630118890357
0.35294117647058826 0.0 0.0 0.6492501660979919 0.3420448018380241 0.0 0.6340819022457067
0.4117647058823529 0.0 0.0 0.6449524901905848 0.3931648477886272 0.0 0.583883751651255
0.38235294117647056 0.009433962264150941 0.0 0.6706272360118506 0.3808156232050546 0.0 0.5933509467195068
0.3235294117647059 0.0 0.0 0.6152657827982504 0.3139000574382539 0.0 0.6875825627476883
0.38235294117647056 0.0 0.0 0.6422859192089956 0.3684663986214819 0.0 0.6092029942756496
0.38235294117647056 0.0 0.0 0.6353091011552543 0.3658816771970132 0.0 0.6180096873623955
0.27941176470588236 0.0 0.0 0.6205803618084321 0.27541642734060884 0.0 0.7199471598414795
0.35294117647058826 0.0 0.0 0.6426650845129103 0.34319356691556574 0.0 0.6360634081902246
0.4852941176470588 0.0 0.0 0.6277191348214075 0.4704192992533027 0.0 0.5173932188463233
0.5882352941176471 0.0 0.0 0.6370885311269932 0.5715106260769672 0.0 0.4112725671510349
0.3382352941176471 0.0 0.0 0.6264107653435717 0.33457782883400344 0.0 0.6633641567591368
0.4852941176470588 0.0 0.0 0.6466360028860032 0.4876507754164273 0.0 0.49405548216644646
0.4117647058823529 0.009433962264150941 0.0 0.6724380704539428 0.41556576680068924 0.0 0.5594451783355352
0.47058823529411764 0.0 0.0 0.6381438454019099 0.44572085008615736 0.0 0.5317040951122853
0.4852941176470588 0.0 0.0 0.6471363863409321 0.4867892016082711 0.0 0.49405548216644646
0.4117647058823529 0.0 0.0 0.646731927684308 0.40608845491097073 0.0 0.571334214002642
0.5147058823529411 0.0 0.0 0.6398435551376734 0.5045950603101665 0.0 0.4757815940114487