0.36764705882352944 0.0 0.0 0.6360696340696333 0.34807581849511776 0.0 0.6398062527520917
0.5 0.0 0.0 0.6284770883701369 0.48104537622056287 0.0 0.5081461911052401
0.36764705882352944 0.0 0.0 0.6569453694453687 0.3475014359563469 0.0 0.6296785557023339
0.5147058823529411 0.0 0.0 0.6380451388014422 0.5045950603101665 0.0 0.4757815940114487
0.38235294117647056 0.0 0.0 0.635784813477121 0.36473291211947156 0.0 0.623954205195949
0.7058823529411765 0.0 0.0 0.6467535911684866 0.6961516369902355 0.0 0.29062087186261554
0.39705882352941174 0.0 0.0 0.6465798051268129 0.38483630097645033 0.0 0.5909291061206517
0.5441176470588235 0.0 0.0 0.6505289505289512 0.5453762205628949 0.0 0.4328489652135624
0.5 0.0 0.0 0.6376084007100055 0.4971280873061459 0.0 0.48480845442536324
0.5 0.0 0.0 0.6487163064703177 0.49597932222860425 0.0 0.47930427124614716
0.5882352941176471 0.0 0.0 0.6643872509257139 0.5717978173463527 0.0 0.3996036988110966
0.47058823529411764 0.0 0.0 0.6353538934184093 0.45261344055140723 0.0 0.5290620871862616
0.35294117647058826 0.0 0.0 0.6404680464463068 0.3446295232624928 0.0 0.6422280933509468
0.6617647058823529 0.0 0.0 0.6442213398274017 0.6553704767375071 0.0 0.32584764420959933
0.5 0.0 0.0 0.6404734599921773 0.4919586444572085 0.0 0.4865697930427124
0.47058823529411764 0.0 0.0 0.6404613867315482 0.46611143021252155 0.0 0.5125495376486129
0.5294117647058824 0.0 0.0 0.6483373504802085 0.5218265364732912 0.0 0.4533245266402466
0.5588235294117647 0.0 0.0 0.6342536079378192 0.5370476737507179 0.0 0.4453985028621752
0.5882352941176471 0.0 0.0 0.648693763501457 0.5809879379666858 0.0 0.39652135623073526
0.36764705882352944 0.0 0.0 0.6361589521589518 0.3500861573808156 0.0 0.637604579480405
0.38235294117647056 0.0 0.0 0.6504305096612782 0.3632969557725445 0.0 0.6162483487450463
0.5735294117647058 0.0 0.0 0.6483020503263428 0.5686387133831131 0.0 0.4095112285336856
0.5441176470588235 0.0 0.0 0.6346879596879607 0.5261344055140724 0.0 0.4539850286217525
0.36764705882352944 0.0 0.0 0.663423872423872 0.35496840896036763 0.0 0.6177895200352268
0.47058823529411764 0.0 0.0 0.6545718506403989 0.4709936817920735 0.0 0.5035226772346983
0.5735294117647058 0.0 0.0 0.6488035356456417 0.5617461229178633 0.0 0.4141347424042272
0.6029411764705882 0.0 0.0 0.6395948225216526 0.586731763354394 0.0 0.39277851166886835
0.36764705882352944 0.0 0.0 0.6278890183890181 0.35410683515221136 0.0 0.6391457507705857
0.6470588235294118 0.0 0.0 0.6423167976022112 0.6378518093049971 0.0 0.34522236900044034
0.4411764705882353 0.0 0.0 0.6516883499642115 0.435669155657668 0.0 0.5369881109643329
0.5588235294117647 0.0 0.0 0.6343939528150058 0.5376220562894888 0.0 0.44275649493615143
0.5147058823529411 0.0 0.0 0.6375279155951432 0.49511774842044803 0.0 0.4834874504623514
0.45588235294117646 0.0 0.0 0.6367733461281844 0.445433658816772 0.0 0.5347864376926464
0.39705882352941174 0.0 0.0 0.6477170819051152 0.3854106835152211 0.0 0.5900484368119772
0.5147058823529411 0.0 0.0 0.6363529187898942 0.5017231476163124 0.0 0.4775429326287979
0.5441176470588235 0.0 0.0 0.6311711645044978 0.527283170591614 0.0 0.4610303830911494
0.5 0.0 0.0 0.6274638512606432 0.4850660539919586 0.0 0.5030823425803611
0.3235294117647059 0.0 0.0 0.6313638742210165 0.3041355542791499 0.0 0.6840598855129899
0.6029411764705882 0.0 0.0 0.638057247630419 0.5907524411257897 0.0 0.3907970057243506
0.47058823529411764 0.0 0.0 0.643869537720344 0.456634118322803 0.0 0.5180537208278291
0.7205882352941176 0.0 0.0 0.6520543043502243 0.7064905226881103 0.0 0.2723469837076177
0.4264705882352941 0.0 0.0 0.6611192037300402 0.4106835152211373 0.0 0.5572435050638486
0.5588235294117647 0.0 0.0 0.6366693524588269 0.5436530729465824 0.0 0.4346103038309115
0.5735294117647058 0.0 0.0 0.634374502390697 0.5565766800689259 0.0 0.42558344341699683
0.5147058823529411 0.0 0.0 0.6288399835458661 0.4945433658816772 0.0 0.4944958168207838
0.5 0.0 0.0 0.6374289703166712 0.490235496840896 0.0 0.4892118009687363
0.4264705882352941 0.0 0.0 0.6381382164633391 0.4190120620333142 0.0 0.5640686922060767
0.3235294117647059 0.0 0.0 0.6417147306757693 0.30729465824238944 0.0 0.6774548656979305
0.38235294117647056 0.0 0.0 0.6412689874228336 0.361573808156232 0.0 0.6237340378687802
0.47058823529411764 0.0 0.0 0.6401617200004298 0.45634692705341756 0.0 0.5193747247908411
0.4117647058823529 0.0 0.0 0.6587785524293451 0.3948879954049397 0.0 0.5748568912373405
0.5441176470588235 0.0 0.0 0.6349872099872107 0.5290063182079264 0.0 0.4515631880228974
0.36764705882352944 0.018867924528301883 0.013333333333333308 0.6379994264994259 0.3449167145318782 0.0 0.6391457507705858
0.36764705882352944 0.0 0.0 0.6593413253413246 0.3500861573808156 0.0 0.6281373844121534
0.45588235294117646 0.0 0.0 0.6437075708043446 0.43940264215967834 0.0 0.5336856010568032
0.5588235294117647 0.0 0.0 0.6429191244980729 0.5448018380241241 0.0 0.4308674592690446
0.5441176470588235 0.0 0.0 0.6426748510081852 0.5264215967834578 0.0 0.45024218405988536
0.5588235294117647 0.0 0.0 0.6442557363610002 0.5562894887995405 0.0 0.42382210479964777
0.4264705882352941 0.0 0.0 0.6301429276798729 0.4172889144170017 0.0 0.5691325407309555
0.4852941176470588 0.0 0.0 0.6268194873308512 0.47386559448592763 0.0 0.5180537208278291
0.5 0.0 0.0 0.6348445375183348 0.48363009764503156 0.0 0.4951563188022897
0.45588235294117646 0.0 0.0 0.6311937166775872 0.4391154508902929 0.0 0.5462351387054161
0.38235294117647056 0.0 0.0 0.6508489288489282 0.3678920160827111 0.0 0.6087626596213123
0.36764705882352944 0.009433962264150941 0.0 0.6310367780367777 0.35841470419299254 0.0 0.6334214002642009
0.5588235294117647 0.0 0.0 0.6433894144420471 0.5476737507179782 0.0 0.42844561867018927
0.47058823529411764 0.0 0.0 0.6536843644706548 0.4707064905226881 0.0 0.5039630118890357
0.47058823529411764 0.0 0.0 0.6305509119017183 0.4551981619758759 0.0 0.5286217525319243
0.4852941176470588 0.0 0.0 0.6344864836342111 0.47156806433084436 0.0 0.510568031704095
0.4117647058823529 0.0 0.0 0.6377461163175443 0.4066628374497415 0.0 0.5770585645090269
0.5147058823529411 0.0 0.0 0.6404160172227406 0.5043078690407812 0.0 0.4735799207397622
0.5 0.0 0.0 0.6317686868489012 0.4865020103388857 0.0 0.4969176574196389
0.6029411764705882 0.0 0.0 0.6360229540107603 0.5910396323951752 0.0 0.39409951563188017
0.39705882352941174 0.0 0.0 0.6371633905821933 0.3828259620907524 0.0 0.6019374724790841
0.4852941176470588 0.0 0.0 0.6337598848962488 0.46352670878805285 0.0 0.5213562307353589
0.35294117647058826 0.0 0.0 0.6276409178583094 0.3429063756461804 0.0 0.6527961250550418
0.5588235294117647 0.0 0.0 0.6345912424859796 0.5404939689833429 0.0 0.44033465433729624
0.47058823529411764 0.0 0.0 0.6356277459100041 0.45893164847788626 0.0 0.5209158960810216
0.4852941176470588 0.0 0.0 0.6448641846369123 0.4770246984491672 0.0 0.49889916336415685
0.5882352941176471 0.0 0.0 0.6376941078864163 0.5720850086157381 0.0 0.4097313958608543
0.5147058823529411 0.0 0.0 0.6421924014360997 0.5066053991958644 0.0 0.4696169088507266
0.5 0.0 0.0 0.6522987212826793 0.49167145318782307 0.0 0.4804051078819903
0.4852941176470588 0.0 0.0 0.640201423155969 0.4709936817920735 0.0 0.5055041831792162
0.5441176470588235 0.0 0.0 0.643003968003969 0.5264215967834578 0.0 0.4500220167327168
0.4852941176470588 0.0 0.0 0.632060490015036 0.4704192992533027 0.0 0.5136503742844563
0.45588235294117646 0.0 0.0 0.6559034991293052 0.45203905801263644 0.0 0.5217965653896961
0.4411764705882353 0.0 0.0 0.6594027811269186 0.42647903503733486 0.0 0.5422721268163805
0.47058823529411764 0.0 0.0 0.6289842549923198 0.4514646754738656 0.0 0.5361074416556584
0.47058823529411764 0.0 0.0 0.6307742996251062 0.4603676048248133 0.0 0.528181417877587
0.4411764705882353 0.0 0.0 0.6264364754019919 0.42877656519241814 0.0 0.5590048436811976