0.5735294117647058 0.0 0.0 0.6634987145108615 0.5864445720850087 0.0 0.39498018494055487
0.35294117647058826 0.0 0.0 0.6343034582165014 0.3360137851809305 0.0 0.6521356230735359
0.5 0.0 0.0 0.6305017917317385 0.49052268811028144 0.0 0.49713782474680757
0.45588235294117646 0.0 0.0 0.6619151219151217 0.44399770246984493 0.0 0.5239982386613826
0.4411764705882353 0.009433962264150941 0.0 0.6714712362988219 0.4497415278575531 0.0 0.5204755614266843
0.4411764705882353 0.0 0.0 0.6573419045832833 0.43710511200459506 0.0 0.5345662703654779
0.36764705882352944 0.0 0.0 0.6521230436230432 0.37708213670304425 0.0 0.6103038309114928
0.3382352941176471 0.009433962264150941 0.0 0.6570172251990433 0.3446295232624928 0.0 0.6349625715543814
0.3382352941176471 0.009433962264150941 0.0 0.659005026593959 0.34319356691556574 0.0 0.6347424042272127
0.4264705882352941 0.0 0.0 0.6307615892591253 0.4172889144170017 0.0 0.5686922060766183
0.5 0.028301886792452824 0.013333333333333308 0.6752162078365295 0.49885123492245836 0.0 0.4689564068692206
0.5 0.0 0.0 0.6376879112173233 0.4850660539919586 0.0 0.491193306913254
0.5294117647058824 0.0 0.0 0.6322414093842671 0.5178058587018954 0.0 0.4671950682518714
0.5147058823529411 0.0 0.0 0.6382590238892766 0.5068925904652498 0.0 0.4720387494495817
0.47058823529411764 0.0 0.0 0.660084841234035 0.4778862722573234 0.0 0.49669749009247044
0.5441176470588235 0.0 0.0 0.6421255671255677 0.5327398047099369 0.0 0.4420959929546455
0.3382352941176471 0.009433962264150941 0.0 0.6600560177635274 0.34520390580126364 0.0 0.6340819022457067
0.39705882352941174 0.0 0.0 0.6493305206980413 0.38311315336013785 0.0 0.5929106120651696
0.4411764705882353 0.0 0.0 0.6404806432392632 0.4304997128087306 0.0 0.5471158080140908
0.4264705882352941 0.009433962264150941 0.0 0.6537040545661229 0.4215967834577829 0.0 0.5510788199031265
0.47058823529411764 0.0 0.0 0.6633675800006444 0.46410109132682364 0.0 0.5046235138705417
0.36764705882352944 0.009433962264150941 0.0 0.6548256003255998 0.3641585295807008 0.0 0.6131660061646852
0.4264705882352941 0.0 0.0 0.664014898620809 0.42303273980470996 0.0 0.5455746367239103
0.47058823529411764 0.0 0.0 0.6549087337393791 0.47932222860425044 0.0 0.49955966534566276
0.6176470588235294 0.0 0.0 0.6415312652246461 0.6177484204480184 0.0 0.36789960369881114
0.6323529411764706 0.0 0.0 0.6428246848512643 0.6283744974152786 0.0 0.35909291061206516
0.39705882352941174 0.0 0.0 0.6353179583948805 0.3879954049396898 0.0 0.5953324526640248
0.6029411764705882 0.0 0.0 0.6374049324659088 0.5962090752441126 0.0 0.39123734037868796
0.4264705882352941 0.018867924528301883 0.013333333333333308 0.6706517620310717 0.40953475014359564 0.0 0.5541611624834876
0.5588235294117647 0.009433962264150941 0.0 0.6534714297872203 0.5574382538770821 0.0 0.4187582562747689
0.3235294117647059 0.009433962264150941 0.0 0.6570968713825855 0.3245261344055141 0.0 0.6521356230735359
0.5441176470588235 0.009433962264150941 0.0 0.6586007919341261 0.5442274554853532 0.0 0.42954645530603264
0.4117647058823529 0.009433962264150941 0.0 0.6640865748008595 0.41298104537622055 0.0 0.5565830030823427
0.4117647058823529 0.0 0.0 0.648335218573313 0.4118322802986789 0.0 0.56516952884192
0.4411764705882353 0.0 0.0 0.6485081585081578 0.4218839747271683 0.0 0.5508586525759578
0.35294117647058826 0.018867924528301883 0.013333333333333308 0.6609084554736723 0.33744974152785756 0.0 0.63518273888155
0.6176470588235294 0.0 0.0 0.6376140313422557 0.6085582998276853 0.0 0.3782474680757376
0.5147058823529411 0.0 0.0 0.6336112533591526 0.5011487650775417 0.0 0.4797446059004844
0.4117647058823529 0.0 0.0 0.6496748254684755 0.4063756461803561 0.0 0.5662703654777632
0.4264705882352941 0.028301886792452824 0.013333333333333308 0.6691854122888597 0.42877656519241814 0.0 0.5407309555261999
0.4117647058823529 0.0 0.0 0.6414265922202421 0.4012062033314187 0.0 0.5772787318361956
0.38235294117647056 0.009433962264150941 0.0 0.6412164246010393 0.38598506605399197 0.0 0.5984147952443859
0.4264705882352941 0.0 0.0 0.6334594524249688 0.4187248707639288 0.0 0.5634081902245708
0.47058823529411764 0.018867924528301883 0.013333333333333308 0.6545465287400772 0.44945433658816775 0.0 0.520695728753853
0.4264705882352941 0.0 0.0 0.6454766087771006 0.40436530729465825 0.0 0.5702333773667989
0.3088235294117647 0.037735849056603765 0.013333333333333308 0.6804502904502903 0.307007466973004 0.0 0.6631439894319683
0.5441176470588235 0.009433962264150941 0.0 0.6547646297646306 0.5448018380241241 0.0 0.4308674592690446
0.5147058823529411 0.0 0.0 0.645176224335889 0.5261344055140724 0.0 0.45992954645530615
0.5147058823529411 0.0 0.0 0.6568525312222795 0.5086157380815624 0.0 0.4612505504183181
0.47058823529411764 0.0 0.0 0.644098788756047 0.45577254451464677 0.0 0.5191545574636725
0.45588235294117646 0.009433962264150941 0.0 0.6583119389570997 0.45548535324526135 0.0 0.5160722148833113
0.39705882352941174 0.009433962264150941 0.0 0.6690192997885296 0.4006318207926479 0.0 0.5693527080581242
0.4852941176470588 0.009433962264150941 0.0 0.6453773499228047 0.4870763928776565 0.0 0.4907529722589168
0.4411764705882353 0.0 0.0 0.6512240122584944 0.4365307294658242 0.0 0.5367679436371644
0.4264705882352941 0.0 0.0 0.6422363897733352 0.4224583572659391 0.0 0.5543813298106561
0.38235294117647056 0.0 0.0 0.6436000751385359 0.37708213670304425 0.0 0.6032584764420962
0.3235294117647059 0.047169811320754707 0.013333333333333308 0.6939720452707463 0.3202182653647329 0.0 0.6464112725671511
0.36764705882352944 0.009433962264150941 0.0 0.6774369519369512 0.3627225732337737 0.0 0.6047996477322766
0.5882352941176471 0.0 0.0 0.642062417639341 0.586731763354394 0.0 0.39762219286657874
0.5147058823529411 0.0 0.0 0.6494284053947922 0.4965537047673751 0.0 0.4766622633201233
0.35294117647058826 0.0 0.0 0.6568766378548982 0.344055140723722 0.0 0.6296785557023338
0.39705882352941174 0.0 0.0 0.6638810066160487 0.3914417001723148 0.0 0.5781594011448701
0.3088235294117647 0.009433962264150941 0.0 0.6513252620395477 0.31016657093624356 0.0 0.6699691765741964
0.45588235294117646 0.009433962264150941 0.0 0.6427143823918012 0.43767949454336585 0.0 0.5367679436371642
0.5882352941176471 0.0 0.0 0.6641575305036853 0.6016657093624354 0.0 0.38022897402025535
0.45588235294117646 0.0 0.0 0.6461560900270574 0.446869615163699 0.0 0.5273007485689125
0.4411764705882353 0.0 0.0 0.6372471717299297 0.41757610568638714 0.0 0.562527520915896
0.5147058823529411 0.028301886792452824 0.013333333333333308 0.6766761343231942 0.5157955198161975 0.0 0.45046235138705426
0.5 0.0 0.0 0.6389366525730166 0.4965537047673751 0.0 0.4826067811536767
0.5 0.009433962264150941 0.0 0.6582160165047874 0.49511774842044803 0.0 0.4757815940114487
0.35294117647058826 0.0 0.0 0.6330444917401435 0.34434233199310743 0.0 0.6461911052399825
0.4411764705882353 0.009433962264150941 0.0 0.659866110900593 0.4480183802412407 0.0 0.5255394099515631
0.38235294117647056 0.028301886792452824 0.013333333333333308 0.6803775540698609 0.37535898908673176 0.0 0.5887274328489653
0.5294117647058824 0.0 0.0 0.6397099020908551 0.5163699023549684 0.0 0.46125055041831786
0.39705882352941174 0.009433962264150941 0.0 0.6417159763313602 0.3983342906375646 0.0 0.5854249229414356
0.4411764705882353 0.0 0.0 0.638297602780361 0.4267662263067203 0.0 0.5543813298106561
0.5588235294117647 0.0 0.0 0.6328461960040912 0.5473865594485927 0.0 0.4383531483927785
0.35294117647058826 0.009433962264150941 0.0 0.6647347217999386 0.3595634692705342 0.0 0.6162483487450463
0.4411764705882353 0.009433962264150941 0.0 0.6517378789792573 0.4491671453187823 0.0 0.5301629238221048
0.3235294117647059 0.009433962264150941 0.0 0.6603841084360563 0.3202182653647329 0.0 0.6569793042712462
0.47058823529411764 0.028301886792452824 0.013333333333333308 0.6735219753364914 0.47472716829408385 0.0 0.49251431087626596
0.4411764705882353 0.0 0.0 0.640095281474591 0.4276278001148765 0.0 0.549537648612946
0.4264705882352941 0.0 0.0 0.6448975900946339 0.41843767949454336 0.0 0.5568031704095114
0.35294117647058826 0.009433962264150941 0.0 0.6929263168393596 0.3575531303848363 0.0 0.6085424922941436
0.38235294117647056 0.028301886792452824 0.013333333333333308 0.6617485762101138 0.3868466398621482 0.0 0.5893879348304714
0.47058823529411764 0.0 0.0 0.6446857801696513 0.4626651349798966 0.0 0.5136503742844564