0.5588235294117647 0.0 0.0 0.6627676969782246 0.5775416427340608 0.0 0.4024658740642889
0.45588235294117646 0.0 0.0 0.6650180166309196 0.456634118322803 0.0 0.5154117129018054
0.6029411764705882 0.0 0.0 0.6364993204627362 0.5907524411257897 0.0 0.39299867899603713
0.5588235294117647 0.0 0.0 0.6452579426263644 0.5459506031016657 0.0 0.4308674592690446
0.35294117647058826 0.0 0.0 0.6496597806380411 0.3475014359563469 0.0 0.6298987230295024
0.5294117647058824 0.0 0.0 0.6554681297538449 0.5442274554853532 0.0 0.43725231175693535
0.36764705882352944 0.009433962264150941 0.0 0.6692580012580006 0.3632969557725445 0.0 0.6076618229854691
0.6617647058823529 0.0 0.0 0.6471030428606203 0.6628374497415278 0.0 0.32012329370321446
0.4411764705882353 0.009433962264150941 0.0 0.6696800772662834 0.4322228604250431 0.0 0.5339057683839719
0.36764705882352944 0.0 0.0 0.6483868908868904 0.35898908673176333 0.0 0.6173491853808895
0.6176470588235294 0.0 0.0 0.6457467555028543 0.6194715680643308 0.0 0.36217525319242616
0.39705882352941174 0.009433962264150941 0.0 0.6706582274958335 0.38397472716829406 0.0 0.584544253632761
0.45588235294117646 0.0 0.0 0.6583422909229355 0.44399770246984493 0.0 0.5264200792602379
0.3235294117647059 0.0 0.0 0.6498368634732267 0.3219414129810454 0.0 0.658960810215764
0.5441176470588235 0.0 0.0 0.6490867324200663 0.5462377943710511 0.0 0.4321884632320563
0.5147058823529411 0.0 0.0 0.6370667894197308 0.5137851809304997 0.0 0.4704975781594012
0.45588235294117646 0.0 0.0 0.6471128154999113 0.45089029293509475 0.0 0.5242184059885514
0.6176470588235294 0.0 0.0 0.6390739019658889 0.6079839172889144 0.0 0.3727432848965214
0.35294117647058826 0.009433962264150941 0.0 0.6743238846499711 0.35152211372774267 0.0 0.6180096873623955
0.45588235294117646 0.009433962264150941 0.0 0.6767127376804791 0.45261344055140723 0.0 0.5123293703214444
0.5735294117647058 0.0 0.0 0.6442343082019203 0.5700746697300402 0.0 0.4079700572435051
0.3235294117647059 0.0 0.0 0.6449097078967206 0.31102814474439977 0.0 0.6690885072655218
0.5294117647058824 0.0 0.0 0.6479062648110272 0.5267087880528432 0.0 0.4484808454425363
0.3235294117647059 0.0 0.0 0.6331851409773487 0.3141872487076393 0.0 0.6710700132100396
0.39705882352941174 0.028301886792452824 0.013333333333333308 0.6564141619697168 0.39029293509477314 0.0 0.5810215763980626
0.4852941176470588 0.028301886792452824 0.013333333333333308 0.6678446553446556 0.4761631246410109 0.0 0.48855129898723026
0.47058823529411764 0.0 0.0 0.658372384783675 0.479035037334865 0.0 0.49735799207397624
0.3382352941176471 0.0 0.0 0.6557273424862354 0.33716255025847214 0.0 0.6393659180977543
0.38235294117647056 0.0 0.0 0.629532228455305 0.3701895462377944 0.0 0.6162483487450463
0.5588235294117647 0.0 0.0 0.642543239911662 0.5542791499138426 0.0 0.4258036107441655
0.6470588235294118 0.0 0.0 0.6570399180335775 0.6547960941987364 0.0 0.32650814619110546
0.4852941176470588 0.0 0.0 0.6600089304634759 0.47932222860425044 0.0 0.4889916336415677
0.5441176470588235 0.0 0.0 0.6488639321972661 0.54192992533027 0.0 0.4330691325407311
0.4264705882352941 0.0 0.0 0.6284609342491106 0.4080987937966686 0.0 0.5781594011448701
0.38235294117647056 0.0 0.0 0.6584405850559688 0.3765077541642734 0.0 0.5951122853368561
0.5882352941176471 0.0 0.0 0.640765943458252 0.5844342331993108 0.0 0.39828269484808465
0.38235294117647056 0.009433962264150941 0.0 0.6645978124439657 0.3782309017805859 0.0 0.5924702774108321
0.3088235294117647 0.0 0.0 0.6449459799459797 0.30729465824238944 0.0 0.67591369440775
0.38235294117647056 0.0 0.0 0.6225682864144396 0.36731763354394026 0.0 0.6248348745046235
0.5294117647058824 0.0 0.0 0.6374785091451761 0.516082711085583 0.0 0.46983707617789516
0.4117647058823529 0.0 0.0 0.6276551344011656 0.4000574382538771 0.0 0.5885072655217967
0.3235294117647059 0.0 0.0 0.6272521610183949 0.3093049971280873 0.0 0.6831792162043153
0.6470588235294118 0.0 0.0 0.6558193920244677 0.6421596783457783 0.0 0.33355350066050204
0.6323529411764706 0.0 0.0 0.6569004823157659 0.6303848363009764 0.0 0.34500220167327167
0.6470588235294118 0.0 0.0 0.6402554281518352 0.6387133831131534 0.0 0.34280052840158526
0.3382352941176471 0.018867924528301883 0.0 0.6608683367576645 0.3360137851809305 0.0 0.6373844121532364
0.47058823529411764 0.009433962264150941 0.0 0.6700364935243968 0.46438828259620907 0.0 0.5015411712901806
0.4411764705882353 0.0 0.0 0.6611772901428068 0.43337162550258473 0.0 0.5352267723469838
0.3235294117647059 0.0 0.0 0.6299960020739241 0.30499712808730617 0.0 0.6842800528401585
0.5588235294117647 0.0 0.0 0.6650011992117267 0.574095347501436 0.0 0.40356671070013217
0.5 0.009433962264150941 0.0 0.6577464919710913 0.4893739230327398 0.0 0.4819462791721709
0.5294117647058824 0.009433962264150941 0.0 0.6600634374443906 0.516082711085583 0.0 0.45200352267723476
0.38235294117647056 0.009433962264150941 0.0 0.666810061733138 0.37794371051120046 0.0 0.5915896081021577
0.35294117647058826 0.028301886792452824 0.013333333333333308 0.680849243349243 0.34807581849511776 0.0 0.6219726992514312
0.38235294117647056 0.028301886792452824 0.013333333333333308 0.6639044886737188 0.3785180930499713 0.0 0.5918097754293262
0.39705882352941174 0.0 0.0 0.6636338969672294 0.39718552556002296 0.0 0.5744165565830031
0.5735294117647058 0.0 0.0 0.6358641957832248 0.5663411832280298 0.0 0.4205195948921181
0.6029411764705882 0.0 0.0 0.6451011183938021 0.5844342331993108 0.0 0.39211800968736243
0.4264705882352941 0.0 0.0 0.6425244159234301 0.42102240091901205 0.0 0.5579040070453545
0.38235294117647056 0.0 0.0 0.6449958759189521 0.3782309017805859 0.0 0.598194627917217
0.3382352941176471 0.009433962264150941 0.0 0.6699733292618666 0.3340034462952326 0.0 0.637604579480405
0.47058823529411764 0.0 0.0 0.6644544299786236 0.4595060310166571 0.0 0.5059445178335535
0.47058823529411764 0.0 0.0 0.6326383294125227 0.45893164847788626 0.0 0.5332452664024658
0.5147058823529411 0.0 0.0 0.6345785493684655 0.5040206777713957 0.0 0.48502862175253203
0.5147058823529411 0.0 0.0 0.6449627869795942 0.5172314761631246 0.0 0.4632320563628358
0.3382352941176471 0.0 0.0 0.6455070401710715 0.33457782883400344 0.0 0.6486129458388374
0.5294117647058824 0.009433962264150941 0.0 0.657922606494036 0.5097645031591039 0.0 0.4592690444738
0.6029411764705882 0.0 0.0 0.6363567800762927 0.5913268236645606 0.0 0.3901365037428446
0.35294117647058826 0.009433962264150941 0.0 0.6724489479924257 0.34865020103388855 0.0 0.6206516952884191
0.39705882352941174 0.0 0.0 0.6415986514277107 0.39115450890292935 0.0 0.5902686041391458
0.38235294117647056 0.028301886792452824 0.013333333333333308 0.6586178778486466 0.37966685812751294 0.0 0.592029942756495
0.4264705882352941 0.0 0.0 0.6567824622011808 0.4218839747271683 0.0 0.5484368119771026
0.5147058823529411 0.0 0.0 0.6469867574069258 0.49885123492245836 0.0 0.4726992514310877
0.5 0.009433962264150941 0.0 0.6610882482540241 0.5005743825387708 0.0 0.47159841479524434
0.4411764705882353 0.0 0.0 0.6380421749387265 0.4279149913842619 0.0 0.5561426684280055
0.5882352941176471 0.0 0.0 0.6451171691556313 0.5743825387708213 0.0 0.4048877146631441
0.39705882352941174 0.009433962264150941 0.0 0.6729875221328204 0.37880528431935667 0.0 0.5885072655217967
0.3235294117647059 0.028301886792452824 0.013333333333333308 0.666498196368326 0.31332567489948304 0.0 0.658300308234258
0.6323529411764706 0.0 0.0 0.6580882634038795 0.6421596783457783 0.0 0.338617349185381
0.4852941176470588 0.0 0.0 0.6739629688493326 0.47960941987363587 0.0 0.4876706296785559
0.4852941176470588 0.028301886792452824 0.013333333333333308 0.6579152854721041 0.4675473865594486 0.0 0.4993394980184941
0.4117647058823529 0.0 0.0 0.649027163312877 0.4115450890292935 0.0 0.5653896961690885
0.29411764705882354 0.0 0.0 0.6361299811299809 0.2900631820792648 0.0 0.6963892558344342
0.39705882352941174 0.0 0.0 0.6478515786208087 0.3897185525560023 0.0 0.5874064288859533
0.4852941176470588 0.0 0.0 0.6477319292660203 0.4681217690982194 0.0 0.5026420079260239
0.5588235294117647 0.0 0.0 0.6506663085610461 0.5614589316484779 0.0 0.4167767503302511
0.3382352941176471 0.0 0.0 0.6338621852455841 0.327972429638139 0.0 0.6549977983267283
0.4264705882352941 0.009433962264150941 0.0 0.6808337393312756 0.4190120620333142 0.0 0.5431527961250551
0.6029411764705882 0.0 0.0 0.6416914386426588 0.5873061458931649 0.0 0.3901365037428446
0.47058823529411764 0.0 0.0 0.6387519402640367 0.46955772544514646 0.0 0.5180537208278291
0.35294117647058826 0.009433962264150941 0.0 0.6497566644305772 0.34175761056863874 0.0 0.6411272567151034
0.5294117647058824 0.0 0.0 0.6402316202316205 0.514646754738656 0.0 0.4592690444738001
0.38235294117647056 0.009433962264150941 0.0 0.6384271967348879 0.3630097645031591 0.0 0.6259357111404666
0.38235294117647056 0.0 0.0 0.6504173774943 0.3730614589316485 0.0 0.6012769704975781