0.4852941176470588 0.0 0.0 0.6573503411571595 0.48449167145318783 0.0 0.48811096433289314
0.5294117647058824 0.0 0.0 0.6595285666714251 0.5410683515221137 0.0 0.4383531483927785
0.5882352941176471 0.0 0.0 0.6563481817327981 0.5953475014359564 0.0 0.3837516512549538
0.3382352941176471 0.0 0.0 0.6583846105585228 0.33457782883400344 0.0 0.6468516072214884
0.4852941176470588 0.0 0.0 0.642163381652018 0.46955772544514646 0.0 0.5077058564509027
0.4411764705882353 0.0 0.0 0.6359380211104342 0.43078690407811604 0.0 0.5488771466314399
0.5294117647058824 0.0 0.0 0.6691259357926033 0.5183802412406663 0.0 0.4480405107881992
0.5 0.0 0.0 0.6536080477256956 0.5074669730040207 0.0 0.4718185821224131
0.4264705882352941 0.018867924528301883 0.013333333333333308 0.6472923628096037 0.41929925330269957 0.0 0.5554821664464993
0.39705882352941174 0.0 0.0 0.65638391364887 0.4066628374497415 0.0 0.5706737120211361
0.5294117647058824 0.0 0.0 0.6529606196272871 0.5390580126364158 0.0 0.4420959929546455
0.4852941176470588 0.0 0.0 0.633756626370263 0.47185525560022973 0.0 0.5090268604139147
0.5 0.0 0.0 0.6596728385498444 0.5074669730040207 0.0 0.4693967415235579
0.47058823529411764 0.0 0.0 0.6407623066897263 0.45634692705341756 0.0 0.5202553940995156
0.4117647058823529 0.0 0.0 0.6251845303432598 0.39862148190695 0.0 0.5968736239542052
0.3382352941176471 0.0 0.0 0.660584738055093 0.34175761056863874 0.0 0.6406869220607662
0.5882352941176471 0.0 0.0 0.6553112485804805 0.575531303848363 0.0 0.39762219286657874
0.45588235294117646 0.009433962264150941 0.0 0.6721445340800177 0.44313612866168867 0.0 0.5228974020255395
0.4411764705882353 0.018867924528301883 0.013333333333333308 0.6490605945778355 0.4302125215393452 0.0 0.5409511228533685
0.4411764705882353 0.0 0.0 0.6377524901662827 0.43624353819643885 0.0 0.5429326287978864
0.5441176470588235 0.0 0.0 0.6416227416227418 0.5393452039058013 0.0 0.4407749889916338
0.47058823529411764 0.0 0.0 0.6456477438332275 0.4612291786329696 0.0 0.5118890356671071
0.5294117647058824 0.0 0.0 0.6555562074609701 0.5186674325100517 0.0 0.45266402465874056
0.5 0.0 0.0 0.6590295622381189 0.5103388856978748 0.0 0.4682959048877148
0.4411764705882353 0.0 0.0 0.6382662930938788 0.43337162550258473 0.0 0.5440334654337298
0.4264705882352941 0.0 0.0 0.6340926725163171 0.4161401493394601 0.0 0.5642888595332454
0.5 0.0 0.0 0.6372563067750237 0.4890867317633544 0.0 0.48877146631439905
0.5441176470588235 0.0 0.0 0.6509047175713851 0.5376220562894888 0.0 0.43725231175693535
0.47058823529411764 0.0 0.0 0.6584002578962256 0.4698449167145319 0.0 0.5019815059445178
0.39705882352941174 0.0 0.0 0.6546671119320684 0.4037909247558874 0.0 0.5730955526199912
0.5882352941176471 0.0 0.0 0.6449200016507719 0.596496266513498 0.0 0.39123734037868774
0.47058823529411764 0.0 0.0 0.6539946948213078 0.4698449167145319 0.0 0.5035226772346983
0.5147058823529411 0.0 0.0 0.6595023370653629 0.4974152785755313 0.0 0.4704975781594012
0.45588235294117646 0.0 0.0 0.6461459567911174 0.4488799540493969 0.0 0.5248789079700573
0.5147058823529411 0.0 0.0 0.6484792611683373 0.4956921309592188 0.0 0.47952443857331584
0.4264705882352941 0.0 0.0 0.6305026801332215 0.4152785755313039 0.0 0.5680317040951124
0.4117647058823529 0.0 0.0 0.6698189817237428 0.4055140723721999 0.0 0.5642888595332454
0.4411764705882353 0.009433962264150941 0.0 0.6685435381987102 0.425904652498564 0.0 0.5431527961250551
0.4117647058823529 0.028301886792452824 0.013333333333333308 0.6696572387048569 0.4080987937966686 0.0 0.5609863496257157
0.5441176470588235 0.0 0.0 0.6327699911033248 0.5318782309017805 0.0 0.4506825187142228
0.4117647058823529 0.0 0.0 0.6521296017327753 0.42102240091901205 0.0 0.5583443416996918
0.38235294117647056 0.009433962264150941 0.0 0.6679732233578379 0.3854106835152211 0.0 0.5893879348304711
0.4117647058823529 0.0 0.0 0.653990571450888 0.4161401493394601 0.0 0.5601056803170411
0.5588235294117647 0.0 0.0 0.6329531066373174 0.5473865594485927 0.0 0.4361514751210921
0.4852941176470588 0.0 0.0 0.6673432312636858 0.479035037334865 0.0 0.48811096433289314
0.5588235294117647 0.0 0.0 0.6644235565288209 0.5646180356117174 0.0 0.4101717305151916
0.45588235294117646 0.0 0.0 0.650767201734943 0.4618035611717404 0.0 0.516952884191986
0.3088235294117647 0.009433962264150941 0.0 0.6631948739091597 0.3176335439402642 0.0 0.6717305151915456
0.5588235294117647 0.0 0.0 0.6368020868020875 0.5422171165996553 0.0 0.4423161602818142
0.4411764705882353 0.0 0.0 0.6494536880743772 0.4411257897759908 0.0 0.5347864376926464
0.39705882352941174 0.0 0.0 0.6568348713647851 0.40264215967834577 0.0 0.5750770585645092
0.6617647058823529 0.0 0.0 0.649181424635972 0.6565192418150488 0.0 0.32716864817261126
0.4117647058823529 0.009433962264150941 0.0 0.6758084654910043 0.41929925330269957 0.0 0.5517393218846325
0.5294117647058824 0.0 0.0 0.6583198459388944 0.516082711085583 0.0 0.45442536327608996
0.5 0.0 0.0 0.6371225031652843 0.493681792073521 0.0 0.48634962571554397
0.3088235294117647 0.009433962264150941 0.0 0.668616542187971 0.3144744399770247 0.0 0.6668868339938352
0.5735294117647058 0.0 0.0 0.6325262981133432 0.5617461229178633 0.0 0.42382210479964777
0.6176470588235294 0.0 0.0 0.6577008808716143 0.6206203331418725 0.0 0.35931307793923384
0.39705882352941174 0.0 0.0 0.6373550476114574 0.38483630097645033 0.0 0.6023778071334214
0.6029411764705882 0.0 0.0 0.6492831964783192 0.6143021252153934 0.0 0.37296345222369
0.5588235294117647 0.0 0.0 0.6419553182711084 0.5479609419873636 0.0 0.43174812857771916
0.5 0.0 0.0 0.6313111032362373 0.48793796668581274 0.0 0.496917657419639
0.4264705882352941 0.0 0.0 0.6674883408873548 0.4241815048822516 0.0 0.5468956406869221
0.5588235294117647 0.0 0.0 0.6684644263591641 0.5548535324526135 0.0 0.4143549097313959
0.38235294117647056 0.0 0.0 0.6490692213769129 0.38655944859276276 0.0 0.5933509467195069
0.5 0.0 0.0 0.6378332699188317 0.49080987937966686 0.0 0.48723029502421855
0.5882352941176471 0.0 0.0 0.6337604987604996 0.5775416427340608 0.0 0.40620871862615604
0.5441176470588235 0.0 0.0 0.6602857602857618 0.5562894887995405 0.0 0.4236019374724792
0.47058823529411764 0.009433962264150941 0.0 0.6644997699433186 0.4603676048248133 0.0 0.5077058564509027
0.4117647058823529 0.0 0.0 0.6623595833913286 0.4126938541068352 0.0 0.560105680317041
0.4852941176470588 0.0 0.0 0.6666673183718639 0.4862148190695003 0.0 0.48326728313518275
0.5735294117647058 0.0 0.0 0.6566952615535625 0.5637564618035612 0.0 0.40907089387934836
0.4117647058823529 0.009433962264150941 0.0 0.6675606580368478 0.40781160252728316 0.0 0.5642888595332454
0.3382352941176471 0.009433962264150941 0.0 0.6763652026497871 0.3446295232624928 0.0 0.631439894319683
0.38235294117647056 0.0 0.0 0.6245922453614753 0.3736358414704193 0.0 0.6219726992514311
0.47058823529411764 0.0 0.0 0.6579906316801476 0.4655370476737507 0.0 0.5046235138705417
0.38235294117647056 0.009433962264150941 0.0 0.6722309143847599 0.39201608271108557 0.0 0.5847644209599296
0.4117647058823529 0.009433962264150941 0.0 0.6642538678252954 0.4012062033314187 0.0 0.5689123734037869
0.5 0.0 0.0 0.6402540913236102 0.49052268811028144 0.0 0.48634962571554397
0.5147058823529411 0.0 0.0 0.6593844250987116 0.5287191269385411 0.0 0.4502421840598856
0.3382352941176471 0.009433962264150941 0.0 0.655948750415153 0.3305571510626077 0.0 0.6525759577278731
0.4852941176470588 0.0 0.0 0.6773767793654162 0.4813325674899483 0.0 0.4859092910612066
0.5 0.0 0.0 0.656204193904729 0.4865020103388857 0.0 0.4859092910612066
0.6029411764705882 0.0 0.0 0.6557392878124597 0.5907524411257897 0.0 0.38353148392778524
0.4411764705882353 0.009433962264150941 0.0 0.655695096729579 0.4302125215393452 0.0 0.5407309555262001
0.4852941176470588 0.0 0.0 0.661354712206985 0.4948305571510626 0.0 0.4815059445178336
0.4411764705882353 0.0 0.0 0.6480857839478522 0.44198736358414703 0.0 0.5350066050198152
0.5294117647058824 0.0 0.0 0.6669122235788911 0.5232624928202183 0.0 0.4453985028621752
0.5441176470588235 0.0 0.0 0.6599775599775611 0.5551407237219989 0.0 0.4244826067811538