0.014705882352941176 0.6981132075471699 0.4 0.0 0.015508328546812177 0.2142857142857143 0.9815059445178336
0.029411764705882353 0.4811320754716981 0.19999999999999996 0.0 0.02871912693854107 0.0 0.9707177454865697
0.014705882352941176 0.7735849056603774 0.72 0.0 0.011200459506031017 0.4285714285714286 0.9878907970057244
1.0 0.0 0.0 1.0 1.0 0.0 0.0
0.08823529411764706 0.0 0.0 1.0 0.08788052843193567 0.0 0.9125935711140467
0.1323529411764706 0.2547169811320755 0.1466666666666666 1.0 0.12578977599080987 0.0 0.869881109643329
0.014705882352941176 0.7830188679245282 0.72 0.0 0.011487650775416428 0.4285714285714286 0.9876706296785557
0.08823529411764706 0.49056603773584906 0.42666666666666664 0.6666666666666666 0.08902929350947732 0.2142857142857143 0.9143549097313959
0.029411764705882353 0.7169811320754718 0.6266666666666667 0.3333333333333333 0.023549684089603676 0.3571428571428571 0.972479084103919
0.3235294117647059 0.26415094339622647 0.29333333333333333 0.7777777777777778 0.32165422171165997 0.1428571428571429 0.6985909291061208
0.014705882352941176 0.7452830188679245 0.6266666666666667 0.0 0.012062033314187249 0.3571428571428571 0.9867899603698811
0.029411764705882353 0.679245283018868 0.64 0.2222222222222222 0.022688110281447443 0.3571428571428571 0.97556142668428
0.7647058823529411 0.1132075471698113 0.1466666666666666 0.8888888888888888 0.7633543940264216 0.0714285714285714 0.27653016292382215
0.07352941176470588 0.5943396226415094 0.52 0.5555555555555556 0.059448592762780014 0.2857142857142857 0.9310876265962131
0.014705882352941176 0.679245283018868 0.2666666666666667 0.0 0.01723147616312464 0.1428571428571429 0.9797446059004844
0.029411764705882353 0.5094339622641509 0.31999999999999995 0.0 0.025847214244686962 0.0714285714285714 0.973139586085425
0.029411764705882353 0.6226415094339622 0.5733333333333333 0.1111111111111111 0.024411257897759907 0.2857142857142857 0.9760017613386174
0.014705882352941176 0.6886792452830188 0.4 0.0 0.014359563469270534 0.2142857142857143 0.9821664464993395
0.04411764705882353 0.6415094339622642 0.52 0.5555555555555556 0.03676048248133257 0.2857142857142857 0.9555261999119331
0.014705882352941176 0.7169811320754718 0.52 0.0 0.01263641585295807 0.2857142857142857 0.9839277851166887
0.16176470588235295 0.24528301886792447 0.17333333333333334 0.8888888888888888 0.1639862148190695 0.0714285714285714 0.8383971818582123
0.10294117647058823 0.047169811320754707 0.013333333333333308 0.8888888888888888 0.10338885697874785 0.0 0.8996036988110965
0.029411764705882353 0.46226415094339623 0.12 0.1111111111111111 0.030442274554853533 0.0 0.9689564068692206
0.08823529411764706 0.15094339622641506 0.013333333333333308 0.7777777777777778 0.08730614589316485 0.0 0.9117129018053721
0.08823529411764706 0.44339622641509435 0.31999999999999995 0.7777777777777778 0.07955198161975877 0.1428571428571429 0.9108322324966975
0.058823529411764705 0.6037735849056604 0.5333333333333333 0.4444444444444444 0.046812176909821944 0.2857142857142857 0.9471598414795245
0.029411764705882353 0.4056603773584906 0.06666666666666665 0.3333333333333333 0.035611717403790925 0.0 0.9641127256715103
0.07352941176470588 0.339622641509434 0.2533333333333333 0.7777777777777778 0.06662837449741528 0.0714285714285714 0.9299867899603699
0.029411764705882353 0.41509433962264153 0.040000000000000036 0.4444444444444444 0.03618609994256174 0.0 0.9632320563628357
0.07352941176470588 0.2547169811320755 0.040000000000000036 0.5555555555555556 0.07840321654221712 0.0 0.9194187582562747
0.10294117647058823 0.160377358490566 0.026666666666666616 0.6666666666666666 0.11171740379092475 0.0 0.8923381770145311
0.029411764705882353 0.41509433962264153 0.09333333333333338 0.2222222222222222 0.03159103963239517 0.0 0.9674152355790401
0.9117647058823529 0.0 0.0 1.0 0.9190120620333142 0.0 0.0810215763980624
0.04411764705882353 0.5377358490566038 0.43999999999999995 0.3333333333333333 0.03848363009764503 0.2142857142857143 0.9592690444738001
0.07352941176470588 0.3867924528301887 0.17333333333333334 0.7777777777777778 0.07409534750143595 0.0714285714285714 0.913033905768384
0.3382352941176471 0.17924528301886788 0.21333333333333337 0.7777777777777778 0.3334290637564618 0.0714285714285714 0.687142228093351
0.27941176470588236 0.160377358490566 0.053333333333333344 0.7777777777777778 0.2713957495692131 0.0 0.7236900044033465
0.9705882352941176 0.0 0.0 1.0 0.9724296381390006 0.0 0.026420079260237705
0.029411764705882353 0.5754716981132075 0.52 0.0 0.02469844916714532 0.2142857142857143 0.976882430647292
0.45588235294117646 0.18867924528301883 0.1333333333333333 0.8888888888888888 0.4511774842044802 0.0714285714285714 0.5068251871422281
0.5294117647058824 0.10377358490566035 0.013333333333333308 0.8888888888888888 0.5252728317059161 0.0 0.43240863055922507
0.8088235294117647 0.0 0.0 1.0 0.8070074669730041 0.0 0.186481726111845
0.7058823529411765 0.0 0.0 1.0 0.6955772544514647 0.0 0.2824746807573756
0.8235294117647058 0.0 0.0 1.0 0.8207926479035037 0.0 0.16006164685160695
0.029411764705882353 0.7075471698113207 0.6266666666666667 0.3333333333333333 0.023549684089603676 0.3571428571428571 0.9744605900484368
0.11764705882352941 0.2735849056603774 0.22666666666666668 0.7777777777777778 0.10855829982768524 0.0714285714285714 0.8905768383971819
0.9705882352941176 0.0 0.0 1.0 0.9652498564043653 0.0 0.039630118890356725
0.5735294117647058 0.06603773584905659 0.0 1.0 0.5680643308443424 0.0 0.3938793483047116
0.058823529411764705 0.5283018867924528 0.4666666666666667 0.3333333333333333 0.04709936817920735 0.2142857142857143 0.947380008806693
0.16176470588235295 0.2075471698113207 0.21333333333333337 0.7777777777777778 0.15508328546812178 0.0714285714285714 0.850506384852488
0.38235294117647056 0.160377358490566 0.19999999999999996 0.7777777777777778 0.3799540493968983 0.0714285714285714 0.6435490973139586
0.6470588235294118 0.028301886792452824 0.0 1.0 0.644744399770247 0.0 0.33113166006164685
0.8823529411764706 0.0 0.0 1.0 0.8779437105112005 0.0 0.11118450022016713
0.36764705882352944 0.1132075471698113 0.07999999999999996 0.7777777777777778 0.365020103388857 0.0 0.6538969616908852
0.17647058823529413 0.17924528301886788 0.053333333333333344 0.7777777777777778 0.17403790924755888 0.0 0.8317921620431528
0.7352941176470589 0.018867924528301883 0.0 1.0 0.7211372774267663 0.0 0.24922941435490953
0.9411764705882353 0.0 0.0 1.0 0.9442848937392303 0.0 0.05504183179216193
0.8382352941176471 0.0 0.0 1.0 0.8368753589890867 0.0 0.15477763099955932
0.029411764705882353 0.5754716981132075 0.48 0.1111111111111111 0.024985640436530728 0.2142857142857143 0.9751210920299428
0.47058823529411764 0.08490566037735847 0.0 1.0 0.4652498564043653 0.0 0.5002201673271687
0.25 0.24528301886792447 0.16000000000000003 0.7777777777777778 0.24641010913268235 0.0714285714285714 0.7527520915896082
0.4852941176470588 0.08490566037735847 0.0 1.0 0.4870763928776565 0.0 0.4757815940114487
0.5147058823529411 0.10377358490566035 0.013333333333333308 0.8888888888888888 0.5123492245835727 0.0 0.4476001761338617
0.35294117647058826 0.028301886792452824 0.026666666666666616 1.0 0.34778862722573234 0.0 0.6682078379568472
0.19117647058823528 0.10377358490566035 0.013333333333333308 0.8888888888888888 0.188110281447444 0.0 0.8014090708938794
0.5588235294117647 0.05660377358490565 0.013333333333333308 1.0 0.5603101665709362 0.0 0.4132540730955526
0.7352941176470589 0.0 0.0 1.0 0.7386559448592763 0.0 0.2564949361514749
0.27941176470588236 0.08490566037735847 0.07999999999999996 1.0 0.27283170591614014 0.0 0.7364597093791282
0.4411764705882353 0.018867924528301883 0.026666666666666616 1.0 0.42906375646180356 0.0 0.5708938793483047
0.4411764705882353 0.16981132075471694 0.18666666666666665 0.7777777777777778 0.43423319931074095 0.0714285714285714 0.5966534566270367
0.6029411764705882 0.0 0.0 1.0 0.5936243538196438 0.0 0.3775869660942316
0.20588235294117646 0.3113207547169812 0.31999999999999995 0.7777777777777778 0.20505456634118321 0.1428571428571429 0.809775429326288
0.07352941176470588 0.5188679245283019 0.4 0.5555555555555556 0.061171740379092475 0.2142857142857143 0.929326287978864
0.7205882352941176 0.037735849056603765 0.013333333333333308 1.0 0.7102240091901206 0.0 0.2666226332012328
0.22058823529411764 0.1132075471698113 0.09333333333333338 1.0 0.21309592188397472 0.0 0.7921620431527961
0.5441176470588235 0.05660377358490565 0.06666666666666665 0.8888888888888888 0.5445146467547387 0.0 0.49273447820343474
0.19117647058823528 0.3207547169811321 0.33333333333333337 0.6666666666666666 0.19213095921883974 0.1428571428571429 0.8236459709379129
0.11764705882352941 0.33018867924528306 0.30666666666666664 0.7777777777777778 0.11602527283170591 0.1428571428571429 0.8828709819462792
0.39705882352941174 0.037735849056603765 0.026666666666666616 1.0 0.3868466398621482 0.0 0.6232937032144431
0.23529411764705882 0.16981132075471694 0.053333333333333344 0.7777777777777778 0.236358414704193 0.0 0.7749889916336417
0.058823529411764705 0.44339622641509435 0.2666666666666667 0.5555555555555556 0.059448592762780014 0.1428571428571429 0.9359313077939234
0.4264705882352941 0.05660377358490565 0.013333333333333308 1.0 0.42044801838024126 0.0 0.5752972258916776
0.4117647058823529 0.037735849056603765 0.040000000000000036 1.0 0.39919586444572086 0.0 0.6034786437692646
0.04411764705882353 0.4811320754716981 0.3466666666666667 0.4444444444444444 0.045376220562894885 0.1428571428571429 0.956186701893439
0.7352941176470589 0.047169811320754707 0.013333333333333308 0.8888888888888888 0.7343480758184951 0.0 0.30162923822104803
0.7941176470588235 0.0 0.0 1.0 0.7909247558874211 0.0 0.1996917657419638
0.058823529411764705 0.23584905660377353 0.07999999999999996 0.6666666666666666 0.05427914991384262 0.0 0.9423161602818142
0.35294117647058826 0.26415094339622647 0.1333333333333333 0.8888888888888888 0.35381964388282594 0.0714285714285714 0.6036988110964334
0.3235294117647059 0.2075471698113207 0.1333333333333333 0.8888888888888888 0.3202182653647329 0.0714285714285714 0.6395860854249229
0.6764705882352942 0.0 0.0 1.0 0.6651349798966112 0.0 0.33971818582122404
0.08823529411764706 0.4056603773584906 0.36 0.6666666666666666 0.07237219988512349 0.1428571428571429 0.9198590929106121
0.25 0.13207547169811318 0.12 0.8888888888888888 0.24554853532452614 0.0 0.7666226332012329
0.3235294117647059 0.14150943396226412 0.040000000000000036 0.8888888888888888 0.31361286616886846 0.0 0.6767943637164244
0.2647058823529412 0.2264150943396226 0.16000000000000003 0.7777777777777778 0.2576105686387134 0.0714285714285714 0.7406428885953324
0.27941176470588236 0.1132075471698113 0.026666666666666616 0.7777777777777778 0.2854681217690982 0.0 0.7311756935270806
0.7647058823529411 0.0 0.0 1.0 0.7561746122917863 0.0 0.22897402025539393
0.8529411764705882 0.0 0.0 1.0 0.8463526708788053 0.0 0.1395860854249229
0.058823529411764705 0.46226415094339623 0.29333333333333333 0.6666666666666666 0.05542791499138426 0.1428571428571429 0.9348304711580802
0.23529411764705882 0.10377358490566035 0.07999999999999996 0.8888888888888888 0.23032739804709937 0.0 0.7846763540290621
0.8529411764705882 0.0 0.0 1.0 0.8535324526134406 0.0 0.13540290620871842
0.029411764705882353 0.5377358490566038 0.3733333333333333 0.1111111111111111 0.02556002297530155 0.1428571428571429 0.9722589167767504
0.1323529411764706 0.24528301886792447 0.10666666666666669 0.6666666666666666 0.13325674899483056 0.0 0.8701012769704977
0.14705882352941177 0.160377358490566 0.07999999999999996 0.7777777777777778 0.13871338311315337 0.0 0.8579920739762219
0.029411764705882353 0.6320754716981132 0.5466666666666666 0.2222222222222222 0.024411257897759907 0.2857142857142857 0.971818582122413
0.6176470588235294 0.05660377358490565 0.013333333333333308 1.0 0.6186099942561746 0.0 0.3579920739762219
0.1323529411764706 0.24528301886792447 0.053333333333333344 0.7777777777777778 0.13555427914991383 0.0 0.8674592690444738
0.5 0.009433962264150941 0.0 1.0 0.4971280873061459 0.0 0.4671950682518714