0.6323529411764706 0.0 0.0 0.6405978111958193 0.6220562894887995 0.0 0.3656979304271246
0.4852941176470588 0.0 0.0 0.662429847088938 0.4991384261918438 0.0 0.47710259797446064
0.5441176470588235 0.0 0.0 0.649258574258575 0.5522688110281447 0.0 0.4306472919418759
0.39705882352941174 0.0 0.0 0.6457193803347644 0.3842619184376795 0.0 0.5918097754293263
0.5588235294117647 0.0 0.0 0.639230920809869 0.5430786904078116 0.0 0.43571114046675474
0.7058823529411765 0.0 0.0 0.6484166936294615 0.7070649052268811 0.0 0.280933509467195
0.6470588235294118 0.0 0.0 0.6525702509846294 0.6516369902354968 0.0 0.3315719947159841
0.5882352941176471 0.0 0.0 0.6482923984847071 0.5717978173463527 0.0 0.4033465433729635
0.4852941176470588 0.009433962264150941 0.0 0.6824057781444149 0.49339460080413555 0.0 0.47468075737560556
0.5588235294117647 0.0 0.0 0.6576964603280406 0.54192992533027 0.0 0.43020695728753855
0.45588235294117646 0.0 0.0 0.6733089252444088 0.4577828834003446 0.0 0.5114487010127698
0.6029411764705882 0.0 0.0 0.6521037025305331 0.585295807007467 0.0 0.38903566710700144
0.5882352941176471 0.0 0.0 0.6375640456409697 0.5838598506605399 0.0 0.4024658740642889
0.4117647058823529 0.0 0.0 0.6713460995207018 0.4221711659965537 0.0 0.5501981505944519
0.4264705882352941 0.0 0.0 0.6509525367899746 0.40953475014359564 0.0 0.5625275209158961
0.6029411764705882 0.0 0.0 0.6507261167017281 0.5838598506605399 0.0 0.3916776750330252
0.47058823529411764 0.009433962264150941 0.0 0.6835749599862502 0.48104537622056287 0.0 0.4876706296785557
0.4852941176470588 0.018867924528301883 0.013333333333333308 0.6420123857623862 0.4784606547960942 0.0 0.4975781594011449
0.4411764705882353 0.0 0.0 0.6530563689184375 0.42647903503733486 0.0 0.5440334654337298
0.4852941176470588 0.0 0.0 0.6460715946511403 0.47932222860425044 0.0 0.4960369881109644
0.5 0.0 0.0 0.667675135322195 0.5077541642734061 0.0 0.4647732276530163
0.5 0.0 0.0 0.659588549695502 0.5008615738081562 0.0 0.4711580801409073
0.5882352941176471 0.0 0.0 0.6476006756775998 0.596496266513498 0.0 0.38793483047115807
0.4264705882352941 0.009433962264150941 0.0 0.6789754170296032 0.43164847788627225 0.0 0.5365477763099957
0.5441176470588235 0.0 0.0 0.6354129104129105 0.5315910396323952 0.0 0.44892118009687365
0.4852941176470588 0.0 0.0 0.6478325441393626 0.48449167145318783 0.0 0.4916336415675914
0.39705882352941174 0.0 0.0 0.6379299554513223 0.38483630097645033 0.0 0.6023778071334214
0.45588235294117646 0.0 0.0 0.6712781722459139 0.46323951751866743 0.0 0.5081461911052401
0.45588235294117646 0.0 0.0 0.6313693594338755 0.4353819643882826 0.0 0.5537208278291501
0.39705882352941174 0.0 0.0 0.6374425353057827 0.38598506605399197 0.0 0.6019374724790841
0.4852941176470588 0.0 0.0 0.6581598746371478 0.4807581849511775 0.0 0.49185380889476005
0.47058823529411764 0.009433962264150941 0.0 0.6849704283172025 0.479035037334865 0.0 0.4889916336415677
0.47058823529411764 0.0 0.0 0.640967444294057 0.46611143021252155 0.0 0.5107881990312639
0.6176470588235294 0.0 0.0 0.6438602112818153 0.6111430212521539 0.0 0.37010127697049755
0.4411764705882353 0.0 0.0 0.6531483459069661 0.429350947731189 0.0 0.5416116248348746
0.5 0.0 0.0 0.6352889336846554 0.47673750717978175 0.0 0.5033025099075299
0.5147058823529411 0.0 0.0 0.6361089517392047 0.5212521539345204 0.0 0.47005724350506384
0.6323529411764706 0.0 0.0 0.6429853031181947 0.6318207926479035 0.0 0.3527080581241744
0.45588235294117646 0.0 0.0 0.6319953284469412 0.4402642159678346 0.0 0.5495376486129459
0.45588235294117646 0.0 0.0 0.6466206911368199 0.44572085008615736 0.0 0.5277410832232496
0.47058823529411764 0.0 0.0 0.6711965342005664 0.47759908098793796 0.0 0.493174812857772
0.5294117647058824 0.0 0.0 0.6490097997240862 0.5402067777139575 0.0 0.44187582562747696
0.5147058823529411 0.0 0.0 0.6427939380880562 0.5089029293509477 0.0 0.4680757375605462
0.5441176470588235 0.0 0.0 0.6372229872229878 0.5358989086731764 0.0 0.4447380008806694
0.5441176470588235 0.0 0.0 0.6480892564225911 0.5413555427914991 0.0 0.4361514751210921
0.5 0.0 0.0 0.6624884424349671 0.5060310166570936 0.0 0.468736239542052
0.47058823529411764 0.0 0.0 0.632993865453543 0.45290063182079265 0.0 0.5343461030383092
0.5294117647058824 0.0 0.0 0.6440610712039289 0.5212521539345204 0.0 0.4546455306032585
0.5147058823529411 0.0 0.0 0.6627651433533793 0.5264215967834578 0.0 0.4511228533685602
0.5294117647058824 0.0 0.0 0.6587953404620082 0.5344629523262493 0.0 0.4407749889916338
0.45588235294117646 0.0 0.0 0.6709680403228788 0.45835726593911547 0.0 0.5114487010127698
0.5735294117647058 0.0 0.0 0.6490203303968497 0.574095347501436 0.0 0.40554821664465
0.5882352941176471 0.0 0.0 0.6418030971877134 0.5784032165422172 0.0 0.40070453544693985
0.5294117647058824 0.0 0.0 0.6330474287617148 0.5175186674325101 0.0 0.46389255834434173
0.5735294117647058 0.0 0.0 0.6430945572645986 0.5614589316484779 0.0 0.4165565830030824
0.4411764705882353 0.0 0.0 0.6545633166322816 0.4365307294658242 0.0 0.5354469396741524
0.4411764705882353 0.0 0.0 0.6284046477149924 0.4233199310740953 0.0 0.5669308674592691
0.5441176470588235 0.0 0.0 0.6397255813922489 0.5505456634118323 0.0 0.43637164244826077
0.5147058823529411 0.0 0.0 0.667875719052191 0.519529006318208 0.0 0.45222369000440343
0.4117647058823529 0.0 0.0 0.6567635627159432 0.4009190120620333 0.0 0.5717745486569794
0.47058823529411764 0.0 0.0 0.6487078221957255 0.4681217690982194 0.0 0.5068251871422282
0.45588235294117646 0.0 0.0 0.6773890864213441 0.4618035611717404 0.0 0.5072655217965654
0.5147058823529411 0.009433962264150941 0.0 0.6578847296494362 0.5201033888569787 0.0 0.4555261999119332
0.4852941176470588 0.0 0.0 0.673207095934369 0.4896611143021252 0.0 0.4797446059004844
0.6323529411764706 0.0 0.0 0.642191093021659 0.6332567489948305 0.0 0.3527080581241744
0.5735294117647058 0.0 0.0 0.657004706194991 0.5689259046524986 0.0 0.40532804931748145
0.5588235294117647 0.0 0.0 0.6508502640081597 0.5680643308443424 0.0 0.41303390576838395
0.45588235294117646 0.0 0.0 0.6455629555629555 0.4402642159678346 0.0 0.5336856010568033
0.4852941176470588 0.0 0.0 0.6547770621634259 0.4965537047673751 0.0 0.4819462791721709
0.35294117647058826 0.0 0.0 0.6506032413641103 0.3497989661114302 0.0 0.6281373844121532
0.4264705882352941 0.0 0.0 0.6600346014139108 0.41929925330269957 0.0 0.5504183179216204
0.45588235294117646 0.0 0.0 0.6526746013842785 0.44514646754738657 0.0 0.5266402465874065
0.4411764705882353 0.018867924528301883 0.0 0.6778192943710177 0.4460080413555428 0.0 0.5226772346983708
0.45588235294117646 0.0 0.0 0.637841226873485 0.4391154508902929 0.0 0.5497578159401145
0.5294117647058824 0.0 0.0 0.6544305518115053 0.5295807007466973 0.0 0.4453985028621752
0.5882352941176471 0.0 0.0 0.6425965558657875 0.5812751292360713 0.0 0.39828269484808465
0.45588235294117646 0.0 0.0 0.6620934978999493 0.44830557151062606 0.0 0.521356230735359
0.5147058823529411 0.0 0.0 0.6342129485826966 0.4948305571510626 0.0 0.4892118009687362
0.5588235294117647 0.0 0.0 0.6401536506799669 0.5404939689833429 0.0 0.43659180977542933
0.45588235294117646 0.018867924528301883 0.0 0.680892536376407 0.4658242389431361 0.0 0.5037428445618671
0.39705882352941174 0.009433962264150941 0.0 0.6683544850211507 0.3983342906375646 0.0 0.5763980625275209
0.5588235294117647 0.0 0.0 0.6390378864063083 0.5499712808730615 0.0 0.4313077939233819
0.5147058823529411 0.0 0.0 0.6394208779082735 0.5043078690407812 0.0 0.47313958608542506
0.4264705882352941 0.0 0.0 0.6762404672503185 0.43681792073520964 0.0 0.5339057683839719
0.5441176470588235 0.0 0.0 0.6492067825401172 0.5442274554853532 0.0 0.433729634522237
0.6176470588235294 0.0 0.0 0.6478334995756612 0.5985066053991959 0.0 0.3782474680757376
0.4117647058823529 0.0 0.0 0.6683859497351552 0.4115450890292935 0.0 0.5618670189343902
0.45588235294117646 0.0 0.0 0.6628663451244093 0.4471568064330844 0.0 0.521356230735359
0.5147058823529411 0.0 0.0 0.6591895872568151 0.5206777713957496 0.0 0.4555261999119331