0.6029411764705882 0.0 0.0 0.6501007732105303 0.6134405514072372 0.0 0.3720827829150154
0.5588235294117647 0.0 0.0 0.6526370973739404 0.5617461229178633 0.0 0.41545574636723914
0.4264705882352941 0.0 0.0 0.6568839753568814 0.4224583572659391 0.0 0.5552619991193308
0.5 0.009433962264150941 0.0 0.6670699769630256 0.4928202182653647 0.0 0.4753412593571116
0.47058823529411764 0.0 0.0 0.652426851822013 0.4511774842044802 0.0 0.5222369000440334
0.5441176470588235 0.0 0.0 0.6375436208769544 0.5284319356691557 0.0 0.46147071774548654
0.6029411764705882 0.0 0.0 0.6454101860199427 0.5985066053991959 0.0 0.3822104799647733
0.6029411764705882 0.0 0.0 0.6444222579588438 0.5976450315910397 0.0 0.38331131660061646
0.4852941176470588 0.0 0.0 0.6688128685287776 0.4991384261918438 0.0 0.4760017613386174
0.5294117647058824 0.0 0.0 0.654561091465854 0.5123492245835727 0.0 0.4586085424922942
0.5735294117647058 0.0 0.0 0.6415069411020834 0.5763928776565193 0.0 0.40995156318802295
0.4264705882352941 0.0 0.0 0.6477887875671117 0.4029293509477312 0.0 0.5722148833113166
0.3382352941176471 0.009433962264150941 0.0 0.6717041193325772 0.3429063756461804 0.0 0.6323205636283575
0.47058823529411764 0.0 0.0 0.6752823341533016 0.47731188971855254 0.0 0.49273447820343474
0.47058823529411764 0.0 0.0 0.6474861272240303 0.47960941987363587 0.0 0.5033025099075299
0.6470588235294118 0.0 0.0 0.645567112004745 0.6395749569213096 0.0 0.34191985909291067
0.5588235294117647 0.0 0.0 0.6546666546666555 0.5680643308443424 0.0 0.4110523998238662
0.5147058823529411 0.0 0.0 0.6479114536257401 0.5278575531303848 0.0 0.45662703654777637
0.5441176470588235 0.0 0.0 0.653087428087429 0.5554279149913842 0.0 0.42470277410832236
0.4852941176470588 0.0 0.0 0.6427137992478905 0.49597932222860425 0.0 0.4938353148392779
0.38235294117647056 0.0 0.0 0.6574568508414654 0.38856978747846066 0.0 0.5898282694848085
0.6029411764705882 0.0 0.0 0.6511828686218945 0.6099942561746123 0.0 0.37164244826067827
0.47058823529411764 0.0 0.0 0.6654514951893982 0.47501435956346927 0.0 0.49713782474680757
0.5882352941176471 0.0 0.0 0.6553622659391903 0.5982194141298105 0.0 0.38243064729194187
0.7205882352941176 0.0 0.0 0.6496817760848391 0.7136703044227456 0.0 0.26948480845442535
0.7058823529411765 0.0 0.0 0.6507665305537663 0.6973004020677771 0.0 0.28445618670189343
0.5588235294117647 0.0 0.0 0.6509696562328149 0.5669155657668007 0.0 0.41391457507705853
0.5735294117647058 0.0 0.0 0.6687615952798155 0.5763928776565193 0.0 0.3969616908850727
0.5441176470588235 0.0 0.0 0.6508942092275438 0.5445146467547387 0.0 0.4335094671950682
0.47058823529411764 0.0 0.0 0.6755341656551331 0.4842044801838024 0.0 0.4883311316600617
0.38235294117647056 0.009433962264150941 0.0 0.6557033564725866 0.39460080413555426 0.0 0.5885072655217967
0.4411764705882353 0.009433962264150941 0.0 0.6664731692317889 0.45634692705341756 0.0 0.5195948921180098
0.3235294117647059 0.009433962264150941 0.0 0.6711596484323755 0.3276852383687536 0.0 0.647732276530163
0.39705882352941174 0.0 0.0 0.6359483979142094 0.3765077541642734 0.0 0.6061206516952885
0.45588235294117646 0.0 0.0 0.6481767575315956 0.44198736358414703 0.0 0.5310435931307793
0.6176470588235294 0.0 0.0 0.6452333123064837 0.6165996553704768 0.0 0.3667987670629679
0.6617647058823529 0.0 0.0 0.6505851443730246 0.6513497989661114 0.0 0.326728313518274
0.4264705882352941 0.0 0.0 0.6297127749098185 0.408385985066054 0.0 0.5761778952003523
0.4264705882352941 0.018867924528301883 0.0 0.6650007764539777 0.42561746122917865 0.0 0.5471158080140908
0.5294117647058824 0.0 0.0 0.6532649889792758 0.5221137277426766 0.0 0.45134302069572885
0.5588235294117647 0.0 0.0 0.6520090467458896 0.5726593911545089 0.0 0.4103918978423603
0.4411764705882353 0.009433962264150941 0.0 0.640211053314501 0.4471568064330844 0.0 0.5420519594892119
0.47058823529411764 0.0 0.0 0.6577176743507387 0.46927053417576103 0.0 0.5026420079260239
0.6176470588235294 0.0 0.0 0.6507900474799438 0.6197587593337163 0.0 0.3601937472479084
0.5882352941176471 0.0 0.0 0.6632599665291985 0.5933371625502585 0.0 0.38243064729194187
0.6029411764705882 0.0 0.0 0.6475728539752934 0.6010913268236645 0.0 0.37890797005724364
0.39705882352941174 0.0 0.0 0.6582388014011936 0.4012062033314187 0.0 0.5737560546014973
0.5441176470588235 0.0 0.0 0.658217166550501 0.5525560022975301 0.0 0.42470277410832236
0.4264705882352941 0.0 0.0 0.6853941488177931 0.43107409534750146 0.0 0.5358872743284897
0.5735294117647058 0.0 0.0 0.6448619756312072 0.565766800689259 0.0 0.4128137384412154
0.5147058823529411 0.0 0.0 0.6441149140308811 0.5123492245835727 0.0 0.46763540290620886
0.6029411764705882 0.0 0.0 0.6428675118919027 0.602814474439977 0.0 0.38177014531043596
0.4852941176470588 0.0 0.0 0.6342683515978974 0.47472716829408385 0.0 0.5147512109202995
0.4411764705882353 0.009433962264150941 0.0 0.6671097740063247 0.4574956921309592 0.0 0.5187142228093352
0.39705882352941174 0.0 0.0 0.6312382932041047 0.3756461803561172 0.0 0.6067811536767944
0.4852941176470588 0.0 0.0 0.654794637181001 0.483917288914417 0.0 0.4898723029502422
0.5 0.0 0.0 0.656534226320323 0.48793796668581274 0.0 0.48304711580801407
0.5147058823529411 0.0 0.0 0.6596669903392602 0.5057438253877082 0.0 0.46631439894319693
0.5441176470588235 0.0 0.0 0.6557737974404652 0.5479609419873636 0.0 0.4288859533245266
0.5441176470588235 0.0 0.0 0.6358228524895191 0.5315910396323952 0.0 0.4579480405107883
0.5441176470588235 0.0 0.0 0.6565781315781326 0.5450890292935094 0.0 0.42998678996037
0.47058823529411764 0.009433962264150941 0.0 0.6652284990994667 0.4813325674899483 0.0 0.4938353148392779
0.5735294117647058 0.0 0.0 0.6524455376682107 0.5835726593911545 0.0 0.3978423601937473
0.4852941176470588 0.0 0.0 0.6698578883237977 0.48363009764503156 0.0 0.4852487890797006
0.4117647058823529 0.0 0.0 0.6563707309739047 0.419586444572085 0.0 0.5581241743725232
0.5147058823529411 0.0 0.0 0.6556137513280378 0.5229753015508328 0.0 0.4546455306032585
0.45588235294117646 0.0 0.0 0.6352133887617758 0.4365307294658242 0.0 0.5473359753412594
0.4411764705882353 0.0 0.0 0.6844936927695541 0.4462952326249282 0.0 0.5204755614266843
0.5 0.0 0.0 0.6366705487026348 0.4939689833429064 0.0 0.49515631880228983
0.5441176470588235 0.0 0.0 0.6556205639538984 0.5425043078690408 0.0 0.4321884632320565
0.3382352941176471 0.0 0.0 0.6736375613845965 0.3420448018380241 0.0 0.6329810656098634
0.4264705882352941 0.009433962264150941 0.0 0.6816754537197878 0.4284893739230327 0.0 0.5385292822545136
0.47058823529411764 0.0 0.0 0.6419264986805308 0.446869615163699 0.0 0.5314839277851167
0.45588235294117646 0.0 0.0 0.6452148448922643 0.46094198736358416 0.0 0.5248789079700573
0.6176470588235294 0.0 0.0 0.6409383750847178 0.606260769672602 0.0 0.37934830471158076
0.5294117647058824 0.0 0.0 0.6567993470374432 0.538483630097645 0.0 0.43879348304711585
0.5441176470588235 0.0 0.0 0.6577923244589923 0.5557151062607697 0.0 0.4227212681638046
0.5441176470588235 0.0 0.0 0.647667914334582 0.5344629523262493 0.0 0.4420959929546455
0.47058823529411764 0.0 0.0 0.656937831433799 0.4724296381390006 0.0 0.5011008366358433
0.38235294117647056 0.0 0.0 0.6588587139356362 0.38225157955198164 0.0 0.5935711140466755