45,0.4891304347826087
61,0.6630434782608695
14,0.15217391304347827
21,0.22826086956521738
77,0.8369565217391305
22,0.2391304347826087
33,0.358695652173913
37,0.40217391304347827
38,0.41304347826086957
15,0.16304347826086957
50,0.5434782608695652
12,0.13043478260869565
29,0.31521739130434784
9,0.09782608695652174
7,0.07608695652173914
19,0.20652173913043478
70,0.7608695652173914
11,0.11956521739130435
57,0.6195652173913043
16,0.17391304347826086
21,0.22826086956521738
19,0.20652173913043478
23,0.25
40,0.43478260869565216
60,0.6521739130434783
16,0.17391304347826086
10,0.10869565217391304
48,0.5217391304347826
57,0.6195652173913043
25,0.2717391304347826
20,0.21739130434782608
10,0.10869565217391304
14,0.15217391304347827
4,0.043478260869565216
53,0.5760869565217391
4,0.043478260869565216
66,0.717391304347826
0,0.0
42,0.45652173913043476
68,0.7391304347826086
30,0.32608695652173914
36,0.391304347826087
30,0.32608695652173914
36,0.391304347826087
56,0.6086956521739131
28,0.30434782608695654
36,0.391304347826087
70,0.7608695652173914
62,0.6739130434782609
8,0.08695652173913043
24,0.2608695652173913
2,0.021739130434782608
86,0.9347826086956522
70,0.7608695652173914
92,1.0
71,0.7717391304347826
83,0.9021739130434783
84,0.9130434782608695
55,0.5978260869565217
58,0.6304347826086957
87,0.9456521739130435
89,0.967391304347826
77,0.8369565217391305
59,0.6413043478260869
77,0.8369565217391305
18,0.1956521739130435
79,0.8586956521739131
77,0.8369565217391305
