0.2 0.08370044052863435 0.07650273224043713 0.7054090960643281 0.20595290981785874 0.04761904761904767 0.7862754529421198
0.18888888888888888 0.008810572687224627 0.005464480874316946 0.6937847981151014 0.1919147045757441 0.0 0.8021164021164023
0.19555555555555557 0.004405286343612369 0.005464480874316946 0.6982218253062742 0.20159928920479786 0.0 0.7917588584255253
0.18888888888888888 0.026431718061673992 0.032786885245901676 0.7040112441737858 0.19659410632311566 0.0 0.7965688632355301
0.2222222222222222 0.008810572687224627 0.010928961748633892 0.6953714330054375 0.22869835628609506 0.0 0.7638287638287641
0.2 0.008810572687224627 0.005464480874316946 0.6931974379123422 0.2035243595439064 0.0 0.7902196568863238
0.20444444444444446 0.03524229074889873 0.016393442622950838 0.7102114087751268 0.2118169702354509 0.0 0.7802789802789805
0.20666666666666667 0.026431718061673992 0.032786885245901676 0.7058166308159319 0.21522286391233525 0.0 0.7780663780663784
0.20444444444444446 0.017621145374449365 0.005464480874316946 0.71727696620062 0.21377165704131498 0.0 0.7777136443803112
0.19111111111111112 0.03524229074889873 0.016393442622950838 0.7053226353245454 0.19700873685769288 0.0 0.796119929453263
0.19111111111111112 0.017621145374449365 0.005464480874316946 0.7134127745077622 0.19810454612764697 0.0 0.793746993746994
0.21333333333333335 0.03964757709251099 0.010928961748633892 0.6961351278079284 0.21581519324744558 0.0 0.7761744428411098
0.22 0.017621145374449365 0.016393442622950838 0.7036865367845211 0.22772101288316304 0.0 0.7652717652717655
0.19777777777777777 0.022026431718061623 0.02732240437158473 0.6946349843514251 0.20103657633644306 0.0 0.7915023248356584
0.19555555555555557 0.013215859030836996 0.010928961748633892 0.711539977626043 0.20266548200799644 0.0 0.7892576559243227
0.20222222222222222 0.008810572687224627 0.010928961748633892 0.692913338814324 0.2059232933511032 0.0 0.7864999198332534
0.17777777777777778 0.017621145374449365 0.005464480874316946 0.7048942507677513 0.1828816822153117 0.0 0.811127144460478
0.21777777777777776 0.03964757709251099 0.010928961748633892 0.6937589607823931 0.21942840219161855 0.0 0.7729677729677733
0.2088888888888889 0.08810572687224671 0.07650273224043713 0.7175999401252131 0.21910262105730785 0.04761904761904767 0.7722943722943725
0.18444444444444444 0.03524229074889873 0.02732240437158473 0.7104880830269077 0.19046349770472382 0.0 0.801827801827802
0.2 0.004405286343612369 0.005464480874316946 0.6994352914894499 0.20660447208648008 0.0 0.7872374539041208
0.20666666666666667 0.03524229074889873 0.016393442622950838 0.7144336875431093 0.21652598844957796 0.0 0.7755331088664424
0.20444444444444446 0.026431718061673992 0.032786885245901676 0.7058588315674227 0.21243891603731674 0.0 0.7805355138688473
0.17555555555555555 0.017621145374449365 0.005464480874316946 0.7050012344079514 0.18074929660891456 0.0 0.8132756132756135
0.19777777777777777 0.004405286343612369 0.005464480874316946 0.6873945559113452 0.19994076706648897 0.0 0.7939393939393942
0.19333333333333333 0.013215859030836996 0.010928961748633892 0.7109493059889852 0.20062194580186585 0.0 0.7916305916305919
0.20444444444444446 0.08810572687224671 0.07650273224043713 0.7106428782409425 0.21169850436842885 0.04761904761904767 0.7800865800865803
0.20444444444444446 0.008810572687224627 0.0 0.7098847471525821 0.21146157263438473 0.0 0.7808241141574477
0.20444444444444446 0.03964757709251099 0.010928961748633892 0.6984850612795771 0.20820376129127796 0.0 0.7834215167548503
0.19333333333333333 0.004405286343612369 0.005464480874316946 0.689921455641851 0.1949948171183178 0.0 0.7987173320506656
0.19777777777777777 0.013215859030836996 0.010928961748633892 0.7111225129412946 0.20544942988301496 0.0 0.7867885201218536
0.20666666666666667 0.09251101321585908 0.07650273224043713 0.6986787432721635 0.21131349030060714 0.04761904761904767 0.7810806477473147
0.21777777777777776 0.022026431718061623 0.02732240437158473 0.6983759510722038 0.22387087220494595 0.0 0.7681577681577684
0.19333333333333333 0.008810572687224627 0.0 0.7151619492109158 0.2014808233377758 0.0 0.7906365239698575
0.20444444444444446 0.03524229074889873 0.010928961748633892 0.7165276725131406 0.21374204057455945 0.0 0.7778098444765114
0.20444444444444446 0.03964757709251099 0.016393442622950838 0.6940131773717992 0.2069894861543018 0.0 0.785762385762386
0.22 0.03083700440528636 0.005464480874316946 0.6943770183686071 0.22159040426477122 0.0 0.7705627705627709
0.18666666666666668 0.017621145374449365 0.005464480874316946 0.7093035301070141 0.19315859617947578 0.0 0.7992624659291329
0.2 0.004405286343612369 0.005464480874316946 0.6873300427351913 0.2013031245372427 0.0 0.7929453262786599
0.20666666666666667 0.08810572687224671 0.07650273224043713 0.7095115680895517 0.213830889974826 0.04761904761904767 0.7780984447651116
0.20444444444444446 0.004405286343612369 0.005464480874316946 0.7036541268776257 0.21057307863171923 0.0 0.7818823152156487
0.19333333333333333 0.008810572687224627 0.0 0.7094916562759235 0.20029616466755515 0.0 0.7926246592913262
0.19111111111111112 0.03524229074889873 0.005464480874316946 0.7082302030013012 0.19768991559306975 0.0 0.7948372615039283
0.2088888888888889 0.026431718061673992 0.032786885245901676 0.7021600316742752 0.21507478157855767 0.0 0.7780343113676449
0.19777777777777777 0.008810572687224627 0.010928961748633892 0.6933354233998795 0.2012735080704872 0.0 0.7915985249318584
0.20222222222222222 0.017621145374449365 0.005464480874316946 0.7109270328545088 0.20971420109580927 0.0 0.7823312489979158
0.2088888888888889 0.09251101321585908 0.07650273224043713 0.6991673667329166 0.2136828076410484 0.04761904761904767 0.7783870450537119
0.20444444444444446 0.004405286343612369 0.005464480874316946 0.690970825044809 0.20746334962239005 0.0 0.7848324514991183
0.19555555555555557 0.008810572687224627 0.0 0.7122266873711472 0.20281356434177403 0.0 0.7900913900913903
0.21333333333333335 0.017621145374449365 0.021857923497267784 0.7037641676903067 0.22090922552939435 0.0 0.7729357062690398
0.2111111111111111 0.03083700440528636 0.03825136612021862 0.705341007268378 0.21981341625944026 0.0 0.7738015071348407
0.18222222222222223 0.008810572687224627 0.0 0.7055376211116104 0.18643565822597363 0.0 0.8069584736251405
0.19555555555555557 0.026431718061673992 0.032786885245901676 0.7023814193128717 0.20248778320746336 0.0 0.790764790764791
0.20444444444444446 0.0 0.0 0.7054605320118154 0.21107655856656302 0.0 0.7811447811447814
0.19777777777777777 0.017621145374449365 0.005464480874316946 0.713344230521245 0.20396860654523916 0.0 0.7881032547699216
0.19777777777777777 0.03964757709251099 0.010928961748633892 0.7011800219712694 0.20177698800533098 0.0 0.7911816578483247
0.20666666666666667 0.08810572687224671 0.07650273224043713 0.7101755694495503 0.21374204057455945 0.04761904761904767 0.7779381112714449
0.20222222222222222 0.004405286343612369 0.005464480874316946 0.6954819536151585 0.20707833555456834 0.0 0.7864357864357867
0.20666666666666667 0.004405286343612369 0.005464480874316946 0.6990283335376619 0.21282393010513845 0.0 0.7801507134840471
0.20222222222222222 0.004405286343612369 0.005464480874316946 0.6938458455817509 0.20767066488967867 0.0 0.7852493185826521
0.19777777777777777 0.017621145374449365 0.005464480874316946 0.7162097916775625 0.20559751221679254 0.0 0.7859547859547862
0.22444444444444445 0.008810572687224627 0.010928961748633892 0.6970848737146457 0.23071227602547015 0.0 0.7613596280262949
0.2 0.008810572687224627 0.005464480874316946 0.6958000850990608 0.20420553827928328 0.0 0.7882635882635884
0.19777777777777777 0.03524229074889873 0.010928961748633892 0.7045862637355919 0.20236931734044128 0.0 0.7910854577521247
0.19333333333333333 0.013215859030836996 0.010928961748633892 0.7014861138026441 0.19828224492818006 0.0 0.7948051948051951
0.21555555555555556 0.08810572687224671 0.07650273224043713 0.7072219066421681 0.22455205094032282 0.04761904761904767 0.7686067019400354