0.28444444444444444 0.008810572687224627 0.0 0.6882450064947361 0.28816822153117133 0.0 0.7041847041847045
0.26 0.004405286343612369 0.0 0.6868058753569914 0.26343847179031543 0.0 0.7305435305435308
0.2577777777777778 0.004405286343612369 0.0 0.6882294555757571 0.26717014660151045 0.0 0.7273689273689277
0.24444444444444444 0.004405286343612369 0.0 0.6840017253024165 0.24931141714793426 0.0 0.7459996793330128
0.24444444444444444 0.008810572687224627 0.0 0.6885569900860452 0.2514734192210869 0.0 0.7426006092672761
0.2866666666666667 0.004405286343612369 0.0 0.6911559400779772 0.2941507478157856 0.0 0.6993105659772328
0.2644444444444444 0.0 0.0 0.6855793212495475 0.2730638234858581 0.0 0.7219175885842555
0.26 0.004405286343612369 0.0 0.6890103676435495 0.26942099807492964 0.0 0.7248677248677251
0.28 0.004405286343612369 0.0 0.691547822213467 0.2896194284021916 0.0 0.7034151034151037
0.26666666666666666 0.004405286343612369 0.0 0.6836378844539487 0.27033910854435067 0.0 0.7224627224627227
0.2777777777777778 0.013215859030836996 0.0 0.693083764892438 0.28544350658966383 0.0 0.7085137085137088
0.2644444444444444 0.004405286343612369 0.0 0.687535195846262 0.2731230564193692 0.0 0.7210517877184546
0.2511111111111111 0.004405286343612369 0.0 0.6870927073915091 0.2549385458314823 0.0 0.7395863395863398
0.23333333333333334 0.008810572687224627 0.0 0.695191435810575 0.2420553827928328 0.0 0.7518678852012188
0.28888888888888886 0.004405286343612369 0.0 0.6846309835361875 0.29669776395675995 0.0 0.69642456309123
0.26222222222222225 0.004405286343612369 0.0 0.6885466104365543 0.27122760254701617 0.0 0.7230719897386566
0.2644444444444444 0.0 0.0 0.6786514974985021 0.26835480527173106 0.0 0.7256693923360593
0.26222222222222225 0.004405286343612369 0.0 0.6919437364698923 0.2716126166148379 0.0 0.7215648548981884
0.2777777777777778 0.004405286343612369 0.0 0.6901970839723446 0.28763512512957207 0.0 0.7051467051467054
0.24222222222222223 0.004405286343612369 0.0 0.6893769141929318 0.24928180068117872 0.0 0.7447490780824115
0.26 0.004405286343612369 0.0 0.6857323223081319 0.26663705019991113 0.0 0.7277216610549946
0.26222222222222225 0.004405286343612369 0.0 0.688031848526979 0.271049903746483 0.0 0.7236171236171238
0.28 0.008810572687224627 0.0 0.6902862174731572 0.2868947134606841 0.0 0.705467372134039
0.2577777777777778 0.004405286343612369 0.0 0.6867451612488207 0.26494891159484674 0.0 0.7300945967612638
0.2644444444444444 0.004405286343612369 0.0 0.6902828732150785 0.27291574115208056 0.0 0.7212762546095881
0.2511111111111111 0.004405286343612369 0.0 0.6875865052832805 0.25819635717458905 0.0 0.73644380311047
0.29555555555555557 0.004405286343612369 0.0 0.6836654643858264 0.30042943876795497 0.0 0.6925444925444928
0.26 0.004405286343612369 0.0 0.6928038557091231 0.2697763956759959 0.0 0.7232643899310569
0.29333333333333333 0.004405286343612369 0.0 0.6863719060400232 0.3017917962387087 0.0 0.6912618245951583
0.24888888888888888 0.008810572687224627 0.0 0.6914173585316135 0.25633051976899157 0.0 0.7375020041686711
0.26 0.0 0.0 0.6836221746175134 0.2654523915296905 0.0 0.7288439955106624
0.24444444444444444 0.004405286343612369 0.0 0.6898112551291747 0.25188804975566415 0.0 0.7420234086900754
0.2644444444444444 0.004405286343612369 0.0 0.6912295781948296 0.2735080704871909 0.0 0.720378387045054
0.2688888888888889 0.0 0.0 0.6780245270891069 0.2732119058196357 0.0 0.7215327881994551
0.26666666666666666 0.004405286343612369 0.0 0.6910144787411836 0.2763216348289649 0.0 0.7169472502805838
0.2644444444444444 0.004405286343612369 0.0 0.6895148722336756 0.27386346808825707 0.0 0.720378387045054
0.2644444444444444 0.004405286343612369 0.0 0.6911953626203393 0.27297497408559157 0.0 0.7207952541285877
0.2688888888888889 0.004405286343612369 0.0 0.6901622574717845 0.2775951428994521 0.0 0.7161135161135164
0.24444444444444444 0.008810572687224627 0.0 0.6898438367544928 0.2517399674218866 0.0 0.7420875420875424
0.2644444444444444 0.004405286343612369 0.0 0.6888262824762293 0.2740707833555457 0.0 0.7205387205387208
0.2688888888888889 0.004405286343612369 0.0 0.6866993716278115 0.2770324300310973 0.0 0.7171396504729841
0.27111111111111114 0.004405286343612369 0.0 0.6775011604883199 0.27276765881830295 0.0 0.7220779220779223
0.26666666666666666 0.004405286343612369 0.0 0.6920328793664229 0.2758477713608766 0.0 0.7174282507615843
0.24222222222222223 0.008810572687224627 0.0 0.6896938712620772 0.2493706500814453 0.0 0.7444925444925447
0.2577777777777778 0.004405286343612369 0.0 0.6882264066998744 0.2671405301347549 0.0 0.7274330607663944
0.26666666666666666 0.004405286343612369 0.0 0.6901003133620187 0.27460387975714495 0.0 0.7190636523969858
0.25555555555555554 0.004405286343612369 0.0 0.6927146787608248 0.2646823633940471 0.0 0.7286195286195287
0.24222222222222223 0.004405286343612369 0.0 0.6894398640866246 0.24972604768251147 0.0 0.7444604777938113
0.28444444444444444 0.004405286343612369 0.0 0.6907257064349114 0.29184066340885534 0.0 0.7016835016835019
0.24888888888888888 0.008810572687224627 0.0 0.692193284548032 0.25644898563601365 0.0 0.7366682700016035
0.26222222222222225 0.004405286343612369 0.0 0.6889912109015724 0.27146453428106027 0.0 0.7226871893538562
0.26666666666666666 0.004405286343612369 0.0 0.6854880467014995 0.2745150303568784 0.0 0.7195446528779864
0.26 0.004405286343612369 0.0 0.6894756677940531 0.2680882570709314 0.0 0.7245791245791249
0.24888888888888888 0.008810572687224627 0.0 0.6886981591951838 0.2560047386346809 0.0 0.7379188712522048
0.2688888888888889 0.004405286343612369 0.0 0.6857605089587693 0.2766474159632756 0.0 0.7173320506653842
0.27555555555555555 0.004405286343612369 0.0 0.6854743876978926 0.2833407374500222 0.0 0.7104056437389774
0.26 0.004405286343612369 0.0 0.6884203594441594 0.2691248334073745 0.0 0.7254449254449258
0.26 0.004405286343612369 0.0 0.6869995133935876 0.26702206426773284 0.0 0.7274009940676609
0.24666666666666667 0.008810572687224627 0.0 0.6857737327439055 0.25250999555753 0.0 0.7413820747154083
0.2644444444444444 0.004405286343612369 0.0 0.6873570283263633 0.27327113875314674 0.0 0.720634920634921
0.29777777777777775 0.004405286343612369 0.0 0.6849062051136221 0.303243003109729 0.0 0.6901074234407569
0.25333333333333335 0.008810572687224627 0.0 0.69170104345323 0.26148378498445135 0.0 0.7320827320827323
0.2866666666666667 0.0 0.0 0.6800541993438445 0.2926995409447653 0.0 0.7012666345999682
0.24666666666666667 0.008810572687224627 0.0 0.6882172674686121 0.25316155782615135 0.0 0.7408690075356743
0.28 0.004405286343612369 0.0 0.6833173723628927 0.28760550866281653 0.0 0.70642937309604
0.2644444444444444 0.004405286343612369 0.0 0.688768814220761 0.27143491781430473 0.0 0.7215969215969218
0.24888888888888888 0.004405286343612369 0.0 0.6857272220862789 0.25591588923441433 0.0 0.7389770723104059
0.2688888888888889 0.004405286343612369 0.0 0.6804980632967599 0.2698652450762624 0.0 0.723713323713324
0.25555555555555554 0.004405286343612369 0.0 0.6874853294713148 0.264504664593514 0.0 0.7300945967612638
0.26222222222222225 0.008810572687224627 0.0 0.6873202369454513 0.2692136828076411 0.0 0.7242905242905244
0.2911111111111111 0.0 0.0 0.6793371005660731 0.2969050792240486 0.0 0.6978034311367648
0.2688888888888889 0.004405286343612369 0.0 0.6916425806572285 0.27806900636754034 0.0 0.7157607824274493