0.32666666666666666 0.008810572687224627 0.0 0.6874968186395456 0.334577224937065 0.0 0.6588103254769926
0.2822222222222222 0.004405286343612369 0.0 0.6852795806340217 0.28911594846734784 0.0 0.7056597723264393
0.3 0.008810572687224627 0.0 0.6853196357468578 0.3051088405153265 0.0 0.688439955106622
0.29777777777777775 0.004405286343612369 0.0 0.6895595404098969 0.3067673626536354 0.0 0.6864518197851535
0.3333333333333333 0.004405286343612369 0.0 0.6853005525179943 0.34091514882274543 0.0 0.6528138528138532
0.30444444444444446 0.004405286343612369 0.0 0.6893627838687569 0.3128091218717607 0.0 0.680262946929614
0.3022222222222222 0.008810572687224627 0.0 0.687032158139167 0.30768547312305644 0.0 0.6852974186307522
0.28 0.008810572687224627 0.0 0.687505140150115 0.28615430179179624 0.0 0.7072951739618409
0.30666666666666664 0.008810572687224627 0.0 0.6880714212284502 0.31488227454464685 0.0 0.6785954785954789
0.29777777777777775 0.008810572687224627 0.0 0.6875510643181281 0.3030653043091959 0.0 0.6899791566458235
0.31777777777777777 0.004405286343612369 0.0 0.6865198176049765 0.324359543906412 0.0 0.6692320025653362
0.3088888888888889 0.004405286343612369 0.0 0.6818932575640698 0.31381608174144826 0.0 0.6798781465448136
0.28888888888888886 0.0 0.0 0.6822057308800116 0.2939730490152525 0.0 0.7005932339265675
0.3 0.004405286343612369 0.0 0.690685155531754 0.3085739671257219 0.0 0.6844636844636848
0.31555555555555553 0.004405286343612369 0.0 0.6862893056831464 0.32219754183325927 0.0 0.6724066057399394
0.2911111111111111 0.004405286343612369 0.0 0.6849319149427856 0.29746779209240337 0.0 0.6969055635722305
0.3 0.004405286343612369 0.0 0.6863708726151009 0.3061750333185251 0.0 0.6879268879268883
0.29777777777777775 0.004405286343612369 0.0 0.691093343799088 0.30667851325336887 0.0 0.6861632194965532
0.31555555555555553 0.004405286343612369 0.0 0.6952642036299854 0.32637346364578707 0.0 0.666378066378067
0.28 0.004405286343612369 0.0 0.6875910826589136 0.2865096993928624 0.0 0.7069745069745073
0.3288888888888889 0.008810572687224627 0.0 0.6916855754649185 0.33753887161261664 0.0 0.6539682539682545
0.29555555555555557 0.004405286343612369 0.0 0.6892617756657742 0.30416111357915 0.0 0.6890812890812894
0.3333333333333333 0.004405286343612369 0.0 0.6822597864254595 0.33910854435065896 0.0 0.6547699214365885
0.2866666666666667 0.008810572687224627 0.0 0.687515023236695 0.2934695690804087 0.0 0.7002084335417671
0.32 0.004405286343612369 0.0 0.6798968889599682 0.32397452983859026 0.0 0.6708994708994712
0.30666666666666664 0.004405286343612369 0.0 0.6822318980155151 0.31109136679994076 0.0 0.6831489498156167
0.3 0.004405286343612369 0.0 0.6899925985578969 0.3089589811935436 0.0 0.6842392175725512
0.28 0.008810572687224627 0.0 0.68907360508404 0.2871908781282393 0.0 0.7058521725188394
0.3333333333333333 0.004405286343612369 0.0 0.6799412031633709 0.33798311861394936 0.0 0.6563732563732567
0.30666666666666664 0.0 0.0 0.6871976634627384 0.3149711239449134 0.0 0.6787878787878793
0.3 0.008810572687224627 0.0 0.6858265000134031 0.30629349918554716 0.0 0.6876703543370213
0.3288888888888889 0.004405286343612369 0.0 0.6828954054806695 0.335495335406486 0.0 0.6581048581048585
0.2777777777777778 0.0 0.0 0.6871526673139644 0.28363690211757736 0.0 0.7108545775212445
0.30666666666666664 0.004405286343612369 0.0 0.6906201786975449 0.31645194728268916 0.0 0.67641494308161
0.3 0.008810572687224627 0.0 0.6876375211739747 0.3057604027839479 0.0 0.6876382876382879
0.2733333333333333 0.004405286343612369 0.0 0.6872211047038589 0.28079372130904784 0.0 0.7137405804072474
0.3 0.004405286343612369 0.0 0.6883486471967298 0.3083370353916778 0.0 0.6851370851370855
0.31333333333333335 0.008810572687224627 0.0 0.687165082169636 0.31902857989041905 0.0 0.6732403399070068
0.2866666666666667 0.004405286343612369 0.0 0.6864036893071668 0.29240337627721014 0.0 0.7020041686708356
0.3 0.004405286343612369 0.0 0.6928924699684367 0.3104398045313194 0.0 0.6817059483726154
0.3111111111111111 0.004405286343612369 0.0 0.6811134975875787 0.31511920627869094 0.0 0.6791085457752127
0.3244444444444444 0.004405286343612369 0.0 0.6870534122620757 0.3325040722641789 0.0 0.6611191277857948
0.3088888888888889 0.0 0.0 0.6845517263593913 0.3148230416111358 0.0 0.6790123456790127
0.29555555555555557 0.004405286343612369 0.0 0.6874138921795453 0.30185102917221973 0.0 0.6918710918710922
0.30666666666666664 0.004405286343612369 0.0 0.6939097016335858 0.31828816822153116 0.0 0.6742664742664748
0.30444444444444446 0.008810572687224627 0.0 0.6867375414121847 0.3126314230712276 0.0 0.6812249478916149
0.31333333333333335 0.004405286343612369 0.0 0.6784463769463497 0.3169258107507774 0.0 0.6778258778258783
0.30444444444444446 0.008810572687224627 0.0 0.6857085354565927 0.3119502443358507 0.0 0.6818662818662822
0.27555555555555555 0.004405286343612369 0.0 0.6883555165019567 0.2835480527173108 0.0 0.7106942440275776
0.28 0.004405286343612369 0.0 0.6897365686868524 0.2876943580630831 0.0 0.7063973063973066
0.3 0.004405286343612369 0.0 0.6916288636167778 0.31026210573078633 0.0 0.6824755491422163
0.30666666666666664 0.004405286343612369 0.0 0.6818778870791957 0.3109432844661632 0.0 0.6831810165143501
0.3377777777777778 0.0 0.0 0.684755358683224 0.3458907152376721 0.0 0.6476831810165147
0.33555555555555555 0.0 0.0 0.6849066380512602 0.3423663556937657 0.0 0.6512746512746516
0.30444444444444446 0.0 0.0 0.6863814358187873 0.3087812823930105 0.0 0.685361552028219
0.30444444444444446 0.008810572687224627 0.0 0.6844816351483001 0.3098474751962091 0.0 0.6839185505852176
0.3022222222222222 0.004405286343612369 0.0 0.6918337908761234 0.3122464090034059 0.0 0.6804232804232808
0.32 0.008810572687224627 0.0 0.6863169754609669 0.32726195764845256 0.0 0.666057399390733
0.3 0.004405286343612369 0.0 0.6898727948919209 0.3085443506589664 0.0 0.6850408850408853
0.29777777777777775 0.0 0.0 0.6867260326842779 0.3041907300459055 0.0 0.6890812890812894
0.29333333333333333 0.004405286343612369 0.0 0.6890440738812387 0.3025914408411077 0.0 0.691678691678692
0.29777777777777775 0.004405286343612369 0.0 0.6906933989451849 0.30605656745150306 0.0 0.6863556196889533
0.31777777777777777 0.0 0.0 0.6812390662793455 0.3227602547016141 0.0 0.6712522045855382
0.30666666666666664 0.008810572687224627 0.0 0.6854327666101641 0.3126314230712276 0.0 0.6807760141093477
0.2911111111111111 0.004405286343612369 0.0 0.6863089733922253 0.2973493262253813 0.0 0.696584896584897
0.3022222222222222 0.0 0.0 0.6809561855912409 0.30667851325336887 0.0 0.6881513548180218
0.3088888888888889 0.004405286343612369 0.0 0.6885963870441193 0.3155634532800237 0.0 0.6778579445246116
0.29555555555555557 0.004405286343612369 0.0 0.6880901924139989 0.30217681030653043 0.0 0.6913580246913583
0.30666666666666664 0.004405286343612369 0.0 0.6789105261228353 0.31052865393158596 0.0 0.684752284752285
0.3111111111111111 0.004405286343612369 0.0 0.6822164778043138 0.3164815637494447 0.0 0.6775693442360113
0.29555555555555557 0.004405286343612369 0.0 0.6869581489609736 0.3033614689767511 0.0 0.6911656244989581
0.3111111111111111 0.008810572687224627 0.0 0.6899007023557037 0.31923589515770767 0.0 0.6734648067981405
0.30444444444444446 0.008810572687224627 0.0 0.6833052333519276 0.30943284466163185 0.0 0.6844316177649514
0.32666666666666666 0.0 0.0 0.6836941494701969 0.33463645787057605 0.0 0.6590027256693927
0.3088888888888889 0.008810572687224627 0.0 0.6822910402946747 0.31328298533984894 0.0 0.6804232804232808
0.32222222222222224 0.004405286343612369 0.0 0.6800335633476243 0.32693617651414186 0.0 0.6682058682058685
0.30444444444444446 0.008810572687224627 0.0 0.6831812374947954 0.31008440693025324 0.0 0.6838223504890175
0.33555555555555555 0.004405286343612369 0.0 0.6857506693198548 0.3430475344291426 0.0 0.6505371172037842
0.2911111111111111 0.008810572687224627 0.0 0.6887069963064012 0.2985043684288464 0.0 0.6944364277697614
0.30666666666666664 0.004405286343612369 0.0 0.688918799733171 0.31417147934251444 0.0 0.6791085457752128
0.3333333333333333 0.004405286343612369 0.0 0.687603402862244 0.34224788982674365 0.0 0.6518839185505857
0.3022222222222222 0.008810572687224627 0.0 0.6855025386518705 0.30724122612172367 0.0 0.6863556196889533
0.29555555555555557 0.004405286343612369 0.0 0.685039732040634 0.3017621797719532 0.0 0.6922879589546259
0.3022222222222222 0.008810572687224627 0.0 0.6873323649385981 0.3104101880645639 0.0 0.6830848164181501
0.29777777777777775 0.0 0.0 0.6874641896347903 0.3041314971123945 0.0 0.6898188231521568