0.25555555555555554 0.004405286343612369 0.005464480874316946 0.6792007868734466 0.25713016437139047 0.0 0.7382074715408053
0.2644444444444444 0.004405286343612369 0.0 0.6856419721601217 0.27146453428106027 0.0 0.7229437229437232
0.29555555555555557 0.008810572687224627 0.0 0.6782369651909244 0.2966681474900044 0.0 0.6983164983164987
0.2688888888888889 0.004405286343612369 0.005464480874316946 0.6747264104110798 0.26811787353768696 0.0 0.7267275933942605
0.28444444444444444 0.0 0.0 0.6745689022586445 0.28304457278246703 0.0 0.7125541125541128
0.2688888888888889 0.0 0.0 0.681247443469927 0.2689767510735969 0.0 0.7255731922398594
0.2688888888888889 0.004405286343612369 0.0 0.6808799864518957 0.27253072708425885 0.0 0.7226230559563895
0.24888888888888888 0.004405286343612369 0.0 0.678050423045732 0.25153265215459797 0.0 0.7443001443001447
0.2688888888888889 0.0 0.0 0.6812596462013887 0.2715237672145713 0.0 0.7234888568221906
0.26 0.0 0.0 0.6724947840333756 0.2576632607729898 0.0 0.7376302709636047
0.29555555555555557 0.004405286343612369 0.0 0.6787445330035748 0.29764549089293646 0.0 0.6972262305595641
0.2777777777777778 0.0 0.0 0.6846380020525628 0.2832222715830002 0.0 0.7107904441237778
0.2777777777777778 0.0 0.0 0.6730475083307697 0.2751962090922553 0.0 0.7205707872374543
0.2577777777777778 0.004405286343612369 0.0 0.6767212592074846 0.25979564637938696 0.0 0.7352252685586023
0.26 0.0 0.0 0.6759731288937034 0.26204649785280615 0.0 0.7337822671156008
0.27555555555555555 0.0 0.0 0.6735678733839889 0.2726788094180364 0.0 0.7227192560525897
0.2733333333333333 0.008810572687224627 0.0 0.6812128918776553 0.2788094180364283 0.0 0.7164983164983167
0.27111111111111114 0.0 0.0 0.6800136640204335 0.27398193395527914 0.0 0.7206669873336542
0.24888888888888888 0.008810572687224627 0.005464480874316946 0.679826780176465 0.2499333629498001 0.0 0.7454224787558125
0.2911111111111111 0.0 0.0 0.6702300435186554 0.2890270990670813 0.0 0.7079044412377751
0.2822222222222222 0.0 0.0 0.6756305635865958 0.2846734784540204 0.0 0.7112714446047783
0.2644444444444444 0.004405286343612369 0.0 0.676967137992577 0.2656300903302236 0.0 0.729324995991663
0.2577777777777778 0.004405286343612369 0.0 0.6809557849391372 0.26086183918258554 0.0 0.7341991341991345
0.2866666666666667 0.0 0.0 0.6712161983565187 0.28579890419073006 0.0 0.7104056437389774
0.2733333333333333 0.0 0.0 0.673041123792762 0.27146453428106027 0.0 0.7241943241943245
0.26666666666666666 0.004405286343612369 0.005464480874316946 0.6744700967100772 0.26607433733155633 0.0 0.729068462401796
0.27111111111111114 0.0 0.0 0.6827271748460761 0.2740115504220347 0.0 0.7205707872374543
0.3 0.004405286343612369 0.0 0.6782251873595054 0.2998963423663557 0.0 0.6951418951418955
0.26666666666666666 0.004405286343612369 0.0 0.6798752822374449 0.27143491781430473 0.0 0.7240660573993911
0.26666666666666666 0.0 0.0 0.6754679616325321 0.26879905227306383 0.0 0.7273368606701944
0.27555555555555555 0.0 0.0 0.672489107426744 0.2738930845550126 0.0 0.7217572550905889
0.28444444444444444 0.0 0.0 0.6851609081852782 0.2912187176069895 0.0 0.7032868366201703
0.29777777777777775 0.004405286343612369 0.0 0.6801271194734593 0.30016289056715534 0.0 0.6947570947570951
0.28 0.0 0.0 0.6750634464328638 0.2807048719087813 0.0 0.7152477152477157
0.27111111111111114 0.004405286343612369 0.0 0.6818741835853664 0.2766770324300311 0.0 0.7186467853134523
0.27111111111111114 0.004405286343612369 0.0 0.6826815202105633 0.2767954982970532 0.0 0.7181657848324519
0.26666666666666666 0.004405286343612369 0.0 0.6807657324875597 0.26956908040870725 0.0 0.7254128587461924
0.2777777777777778 0.004405286343612369 0.0 0.6792708264343706 0.2809121871760699 0.0 0.7146384479717816
0.28888888888888886 0.004405286343612369 0.0 0.6739337486217417 0.2862431511920628 0.0 0.7094757094757098
0.2733333333333333 0.0 0.0 0.673428299894298 0.27090182141270547 0.0 0.7244187910854581
0.2866666666666667 0.004405286343612369 0.0 0.6827747685445711 0.2928772397452984 0.0 0.7024531024531028
0.2577777777777778 0.0 0.0 0.677721479954555 0.2594994817118318 0.0 0.7357704024370695
0.28888888888888886 0.0 0.0 0.68145256501876 0.29323263734636457 0.0 0.7006253006253009
0.2644444444444444 0.0 0.0 0.6746321004269573 0.26565970679697914 0.0 0.7304152637485974
0.2688888888888889 0.004405286343612369 0.0 0.6814345415003675 0.2732119058196357 0.0 0.722302388969056
0.2733333333333333 0.0 0.0 0.6735842862898462 0.2727972752850585 0.0 0.7234567901234573
0.28 0.0 0.0 0.675367122023522 0.27845402043536205 0.0 0.7163059163059167
0.28444444444444444 0.0 0.0 0.6779991838116178 0.2853250407226418 0.0 0.7098284431617767
0.26666666666666666 0.0 0.0 0.6783157061967887 0.2682067229379535 0.0 0.7272406605739943
0.2644444444444444 0.004405286343612369 0.0 0.6833740317045609 0.2701614097438176 0.0 0.7248035914702584
0.2866666666666667 0.0 0.0 0.6851272196243304 0.29210721160965497 0.0 0.7023889690556361
0.27111111111111114 0.004405286343612369 0.0 0.6802469152136518 0.27626240189545387 0.0 0.7193522526855862
0.27555555555555555 0.0 0.0 0.6757035694038698 0.27460387975714495 0.0 0.7198973865640536
0.28444444444444444 0.004405286343612369 0.0 0.6772216216109616 0.28218569524655707 0.0 0.7129709796376467
0.26222222222222225 0.0 0.0 0.6752231572525894 0.2629053753887161 0.0 0.7321147987814659
0.2822222222222222 0.0 0.0 0.6749021534612147 0.2795794461720717 0.0 0.715985249318583
0.27111111111111114 0.004405286343612369 0.0 0.6854523694952692 0.2777728416999852 0.0 0.7171717171717176
0.2644444444444444 0.004405286343612369 0.0 0.6852270346966377 0.2693025322079076 0.0 0.7253166586499924
0.26666666666666666 0.004405286343612369 0.005464480874316946 0.6753868455310112 0.26367540352435953 0.0 0.7312489979156649
0.28888888888888886 0.0 0.0 0.6755824180717955 0.28837553679845995 0.0 0.7068141734808406
0.28 0.0 0.0 0.6752256015436832 0.27883903450318376 0.0 0.7162097162097165
0.2511111111111111 0.008810572687224627 0.005464480874316946 0.6804542273843603 0.25301347549237374 0.0 0.7421516754850093
0.2777777777777778 0.0 0.0 0.6804566400575879 0.28212646231304606 0.0 0.7132275132275134
0.27555555555555555 0.004405286343612369 0.0 0.6756418305733226 0.2747815785576781 0.0 0.7201218534551872
0.3088888888888889 0.0 0.0 0.6823121663622155 0.31215755960313935 0.0 0.6818983485650154
0.2866666666666667 0.0 0.0 0.6756671305489713 0.2849696431215756 0.0 0.710726310726311
0.27555555555555555 0.004405286343612369 0.0 0.6840478403076484 0.2818302976454909 0.0 0.7129709796376466
0.2733333333333333 0.0 0.0 0.6728236547044385 0.2709610543462165 0.0 0.7247394580727918
0.25555555555555554 0.004405286343612369 0.0 0.6805786499926048 0.25837405597512214 0.0 0.737053070386404
0.28888888888888886 0.0 0.0 0.6785545695070639 0.2907448541389012 0.0 0.7045695045695048
0.2577777777777778 0.013215859030836996 0.005464480874316946 0.676400525186374 0.2584925218421442 0.0 0.7374058040724711
0.27555555555555555 0.0 0.0 0.6728841847089733 0.27285650821856955 0.0 0.7228154561487898
0.30666666666666664 0.004405286343612369 0.0 0.6778107059755047 0.3071523767214571 0.0 0.6875741542408212
0.2777777777777778 0.004405286343612369 0.0 0.6826101981055657 0.2836072856508219 0.0 0.7117524450857787
0.2777777777777778 0.0 0.0 0.6740171055112203 0.2779801569672738 0.0 0.7166265832932504
0.2511111111111111 0.004405286343612369 0.0 0.6808402986855598 0.25559010810010363 0.0 0.7402276735610074
0.27111111111111114 0.004405286343612369 0.0 0.6852099488939833 0.27842440396860657 0.0 0.7163059163059167
0.28888888888888886 0.004405286343612369 0.0 0.6744112962693812 0.28565082185695245 0.0 0.7102453102453106
0.27555555555555555 0.0 0.0 0.6738887723112108 0.2750777432252332 0.0 0.7198653198653202
0.26666666666666666 0.0 0.0 0.6789552144736274 0.26847327113875313 0.0 0.7267917267917272