0.25555555555555554 0.008810572687224627 0.005464480874316946 0.6943193457664903 0.26337923885680437 0.0 0.730479397146064
0.2311111111111111 0.004405286343612369 0.005464480874316946 0.6999805991874378 0.24172960165852214 0.0 0.7512906846240182
0.23777777777777778 0.008810572687224627 0.005464480874316946 0.7215407873065843 0.2531023248926403 0.0 0.7376302709636045
0.22444444444444445 0.004405286343612369 0.005464480874316946 0.6926984002996716 0.2300607137568488 0.0 0.7638928972262308
0.23555555555555555 0.004405286343612369 0.005464480874316946 0.6942020887964301 0.2405449429883015 0.0 0.7522206188872858
0.22444444444444445 0.008810572687224627 0.005464480874316946 0.7212696897815617 0.23681326817710646 0.0 0.7536636203302871
0.24666666666666667 0.0 0.0 0.7134402406306498 0.25914408411076556 0.0 0.7330126663459998
0.24222222222222223 0.0 0.0 0.714343728755349 0.2520065156226862 0.0 0.739073272406606
0.23555555555555555 0.0 0.0 0.7098694387744233 0.2429438767954983 0.0 0.7493346160012828
0.23333333333333334 0.004405286343612369 0.0 0.6975113586647236 0.2403672441877684 0.0 0.7526695526695529
0.24 0.013215859030836996 0.005464480874316946 0.6998966387224229 0.24919295128091218 0.0 0.7441718775052111
0.2311111111111111 0.004405286343612369 0.0 0.6970199845457448 0.2401895453872353 0.0 0.7532146865480202
0.23777777777777778 0.004405286343612369 0.0 0.6992109423788889 0.24750481267584779 0.0 0.7454224787558122
0.24 0.0 0.0 0.7140093167367293 0.2494002665482008 0.0 0.7418630751964088
0.2311111111111111 0.008810572687224627 0.005464480874316946 0.7157845588643678 0.24282541092847623 0.0 0.749078082411416
0.22666666666666666 0.008810572687224627 0.005464480874316946 0.696191014284064 0.23254849696431215 0.0 0.7609748276414945
0.23555555555555555 0.008810572687224627 0.005464480874316946 0.6958367558290481 0.2418480675255442 0.0 0.7506493506493508
0.24222222222222223 0.0 0.0 0.7031740287758166 0.25354657189397306 0.0 0.7384319384319387
0.26 0.008810572687224627 0.005464480874316946 0.6890462964704829 0.2656300903302236 0.0 0.7280423280423283
0.2311111111111111 0.008810572687224627 0.005464480874316946 0.7154089535308166 0.2436842884643862 0.0 0.7482443482443485
0.23555555555555555 0.0 0.0 0.692296647917228 0.2422034651266104 0.0 0.7516113516113518
0.23555555555555555 0.0 0.0 0.7005734901851643 0.24667555160669333 0.0 0.7464165464165466
0.2288888888888889 0.004405286343612369 0.0 0.7006425710412053 0.23702058344439508 0.0 0.7565816899150235
0.24 0.004405286343612369 0.005464480874316946 0.7150517135866198 0.25298385902561826 0.0 0.7386564053230722
0.2222222222222222 0.004405286343612369 0.005464480874316946 0.6942196818194417 0.2278098622834296 0.0 0.7660092993426328
0.23555555555555555 0.004405286343612369 0.005464480874316946 0.6914230975494029 0.23992299718643567 0.0 0.7542087542087544
0.23333333333333334 0.0 0.0 0.7144857552523164 0.24380275433140827 0.0 0.7476350809684145
0.2311111111111111 0.004405286343612369 0.005464480874316946 0.7017625387799195 0.24211461572634385 0.0 0.7508738175404844
0.24 0.004405286343612369 0.005464480874316946 0.6973972423727401 0.24987413001628905 0.0 0.7431778098444768
0.22444444444444445 0.004405286343612369 0.005464480874316946 0.6994299894862154 0.231334221827336 0.0 0.7619688953022289
0.23777777777777778 0.004405286343612369 0.005464480874316946 0.7012804116465856 0.24892640308011255 0.0 0.7443001443001445
0.24444444444444444 0.0 0.0 0.6900326988996219 0.2493706500814453 0.0 0.7451338784672121
0.23555555555555555 0.008810572687224627 0.005464480874316946 0.7130672056802664 0.24599437287131645 0.0 0.7454224787558124
0.24888888888888888 0.008810572687224627 0.005464480874316946 0.7186327956749018 0.26332000592329335 0.0 0.7274971941638609
0.2311111111111111 0.008810572687224627 0.005464480874316946 0.7083413018684328 0.24107803938990077 0.0 0.7512586179252849
0.23333333333333334 0.004405286343612369 0.005464480874316946 0.7029905132145337 0.2440989189989634 0.0 0.748212281545615
0.24666666666666667 0.004405286343612369 0.0 0.714508215460236 0.25739671257219016 0.0 0.7335898669232005
0.23333333333333334 0.008810572687224627 0.005464480874316946 0.721877319598045 0.24851177254553533 0.0 0.742151675485009
0.2311111111111111 0.013215859030836996 0.005464480874316946 0.7050999981521826 0.2422330815933659 0.0 0.7503928170594839
0.25333333333333335 0.004405286343612369 0.005464480874316946 0.6924777764147799 0.2584925218421442 0.0 0.7353214686548022
0.23777777777777778 0.008810572687224627 0.005464480874316946 0.7106006575312153 0.25025914408411076 0.0 0.7423120089786759
0.23333333333333334 0.008810572687224627 0.0 0.7046691984756809 0.24392122019843032 0.0 0.748468815135482
0.23555555555555555 0.0 0.0 0.7138995561813061 0.2468236339404709 0.0 0.745133878467212
0.24222222222222223 0.004405286343612369 0.005464480874316946 0.7006524210155655 0.2527173108248186 0.0 0.7402276735610072
0.23333333333333334 0.004405286343612369 0.005464480874316946 0.7036097976762077 0.24483933066785132 0.0 0.7477312810646146
0.24222222222222223 0.013215859030836996 0.005464480874316946 0.711573120136865 0.2560047386346809 0.0 0.735032868366202
0.2288888888888889 0.008810572687224627 0.005464480874316946 0.6986792474321157 0.23719828224492817 0.0 0.7557158890492226
0.23333333333333334 0.013215859030836996 0.005464480874316946 0.7066094284847774 0.24480971420109582 0.0 0.7468975468975472
0.23555555555555555 0.008810572687224627 0.0 0.6940120264496367 0.24374352139789723 0.0 0.7510341510341513
0.24444444444444444 0.0 0.0 0.7136569894098327 0.2538131200947727 0.0 0.7373416706750042
0.24888888888888888 0.0 0.0 0.6963888227792571 0.2572782467051681 0.0 0.7357704024370693
0.23333333333333334 0.013215859030836996 0.005464480874316946 0.6887550696725592 0.23728713164519472 0.0 0.7569344236010905
0.23777777777777778 0.0 0.0 0.7096629470954852 0.24528357766918407 0.0 0.7468334135000805
0.2222222222222222 0.008810572687224627 0.005464480874316946 0.7148956895357912 0.23195616762920185 0.0 0.7598845598845602
0.2311111111111111 0.008810572687224627 0.0 0.6926518968426509 0.23601362357470754 0.0 0.7579284912618248
0.24888888888888888 0.004405286343612369 0.005464480874316946 0.6980303984664674 0.2592033170442766 0.0 0.7336219336219338
0.23333333333333334 0.004405286343612369 0.005464480874316946 0.7017160627954933 0.24436546719976307 0.0 0.7486291486291488
0.2511111111111111 0.004405286343612369 0.0 0.7130204695543143 0.26222419665333924 0.0 0.7293249959916629
0.23333333333333334 0.013215859030836996 0.005464480874316946 0.7035932657928404 0.24478009773434029 0.0 0.747859547859548
0.2311111111111111 0.008810572687224627 0.005464480874316946 0.7165229562875388 0.24208499925958832 0.0 0.7490139490139491
0.23555555555555555 0.013215859030836996 0.005464480874316946 0.6926529562179451 0.2416703687250111 0.0 0.7520602853936189
0.24222222222222223 0.0 0.0 0.6925350948476949 0.24827484081149118 0.0 0.7456469456469459
0.2311111111111111 0.013215859030836996 0.005464480874316946 0.7027331716920112 0.23764252924626092 0.0 0.7546576879910215
0.24222222222222223 0.004405286343612369 0.0 0.703317020376291 0.25328002369317343 0.0 0.7397466730800066
0.24222222222222223 0.004405286343612369 0.0 0.7111553626418173 0.2569228491041019 0.0 0.7356421356421359
0.22444444444444445 0.004405286343612369 0.005464480874316946 0.6996213643971919 0.23157115356138014 0.0 0.7611351611351613
0.2222222222222222 0.004405286343612369 0.005464480874316946 0.7002925473124211 0.22943876795498297 0.0 0.7640211640211642
0.23333333333333334 0.004405286343612369 0.005464480874316946 0.7119962252263179 0.246083222271583 0.0 0.744877344877345
0.23777777777777778 0.0 0.0 0.7000396291973335 0.24489856360136236 0.0 0.747859547859548
0.24444444444444444 0.004405286343612369 0.0 0.7048714762957522 0.25618243743521396 0.0 0.736796536796537