0.2111111111111111 0.022026431718061623 0.02732240437158473 0.699955840448666 0.21948763512512956 0.0 0.7736091069424406
0.22444444444444445 0.004405286343612369 0.005464480874316946 0.6923055835395122 0.22810602695098475 0.0 0.7650152316818986
0.23333333333333334 0.03083700440528636 0.03825136612021862 0.6944355244409989 0.2372278987116837 0.0 0.7549142215808885
0.22666666666666666 0.03083700440528636 0.03825136612021862 0.7084026261611993 0.23761291277950541 0.0 0.7527016193682863
0.20222222222222222 0.004405286343612369 0.005464480874316946 0.6995618061677793 0.2114023397008737 0.0 0.7815616482283152
0.22 0.004405286343612369 0.005464480874316946 0.6974071636448393 0.23068265955871464 0.0 0.762770562770563
0.21333333333333335 0.03964757709251099 0.016393442622950838 0.6973172065251445 0.2193691692581075 0.0 0.7736091069424404
0.2288888888888889 0.03964757709251099 0.010928961748633892 0.7103561820316645 0.23921220198430326 0.0 0.7515472182138851
0.23555555555555555 0.03964757709251099 0.016393442622950838 0.6939870500838544 0.2379683103805716 0.0 0.7546256212922882
0.2288888888888889 0.09251101321585908 0.07650273224043713 0.707675653438061 0.23642825410928475 0.04761904761904767 0.7542408209074878
0.24666666666666667 0.008810572687224627 0.010928961748633892 0.7005279782137485 0.2543758329631275 0.0 0.7372454705788042
0.20666666666666667 0.008810572687224627 0.010928961748633892 0.7188975521170686 0.21913223752406338 0.0 0.7729677729677732
0.23333333333333334 0.03083700440528636 0.03825136612021862 0.7112096609671004 0.24472086480082927 0.0 0.7456148789482125
0.22666666666666666 0.03524229074889873 0.016393442622950838 0.7107770081703028 0.2372278987116837 0.0 0.752765752765753
0.23555555555555555 0.03083700440528636 0.03825136612021862 0.6957514512754593 0.24060417592181252 0.0 0.7520923520923524
0.2288888888888889 0.08810572687224671 0.07650273224043713 0.6996596420430604 0.23613208944172961 0.04761904761904767 0.7562930896264233
0.21777777777777776 0.013215859030836996 0.016393442622950838 0.7108413473351691 0.22985339848956018 0.0 0.7612313612313615
0.2222222222222222 0.0 0.0 0.7168683353778947 0.23358507330075523 0.0 0.7580888247554918
0.20666666666666667 0.004405286343612369 0.005464480874316946 0.7019027501252592 0.21584480971420109 0.0 0.7769761103094439
0.22666666666666666 0.013215859030836996 0.016393442622950838 0.6984831869095566 0.2353916777728417 0.0 0.7564213564213567
0.22666666666666666 0.03964757709251099 0.016393442622950838 0.6980826696725514 0.23029764549089293 0.0 0.7617444284110954
0.2088888888888889 0.008810572687224627 0.010928961748633892 0.6912673940814298 0.21483784984451354 0.0 0.7798941798941801
0.22 0.013215859030836996 0.016393442622950838 0.7026949129845185 0.2296756996890271 0.0 0.7627384960718298
0.23777777777777778 0.09251101321585908 0.07650273224043713 0.6983675953949134 0.24175921812527765 0.04761904761904767 0.7499759499759502
0.21555555555555556 0.008810572687224627 0.010928961748633892 0.709304814362817 0.2261809566118762 0.0 0.7651434984768322
0.22444444444444445 0.03083700440528636 0.016393442622950838 0.7082322819939041 0.23491781430475345 0.0 0.7557800224466894
0.23555555555555555 0.004405286343612369 0.005464480874316946 0.7010643394740567 0.24418776839922998 0.0 0.7459676126342796
0.21555555555555556 0.026431718061673992 0.005464480874316946 0.7028189115178484 0.22363394047090182 0.0 0.7678371011704347
0.22666666666666666 0.03083700440528636 0.03825136612021862 0.7074478189560647 0.23707981637790612 0.0 0.7532467532467535
0.22444444444444445 0.03083700440528636 0.03825136612021862 0.7026688093417375 0.23308159336591144 0.0 0.7577360910694246
0.24 0.03964757709251099 0.016393442622950838 0.6943589946495909 0.24309195912927586 0.0 0.749430816097483
0.2222222222222222 0.026431718061673992 0.005464480874316946 0.6986953432200957 0.22840219161853992 0.0 0.7636042969376305
0.22 0.004405286343612369 0.005464480874316946 0.6964084514395404 0.22994224788982676 0.0 0.7637646304312974
0.23333333333333334 0.013215859030836996 0.016393442622950838 0.6909190484364288 0.23601362357470754 0.0 0.7571909571909574
0.23555555555555555 0.03083700440528636 0.03825136612021862 0.6927414198666363 0.24027839478750185 0.0 0.7524771524771527
0.21777777777777776 0.03083700440528636 0.03825136612021862 0.703477128563714 0.2263586554124093 0.0 0.7654320987654324
0.20444444444444446 0.008810572687224627 0.010928961748633892 0.7153413994355884 0.21516363097882424 0.0 0.776719576719577
0.24 0.03964757709251099 0.016393442622950838 0.6947214455752171 0.24341774026358656 0.0 0.7492063492063494
0.22666666666666666 0.004405286343612369 0.005464480874316946 0.6951440572840918 0.23201540056271286 0.0 0.7612634279300948
0.2288888888888889 0.03083700440528636 0.03825136612021862 0.7068380466306439 0.23829409151488226 0.0 0.75302228635562
0.20444444444444446 0.03083700440528636 0.03825136612021862 0.7011307804907437 0.21320894417296016 0.0 0.7797659130992467
0.22444444444444445 0.004405286343612369 0.005464480874316946 0.6980232495819664 0.23195616762920185 0.0 0.7610389610389612
0.23555555555555555 0.004405286343612369 0.005464480874316946 0.693243490533001 0.24161113579150006 0.0 0.7514189514189518
0.21777777777777776 0.008810572687224627 0.010928961748633892 0.7144219032815333 0.22955723382200505 0.0 0.7611672278338948
0.22444444444444445 0.03524229074889873 0.010928961748633892 0.7155553654266651 0.23553976010661928 0.0 0.754080487413821
0.2222222222222222 0.008810572687224627 0.010928961748633892 0.7133272057728038 0.2335258403672442 0.0 0.7568702902036237
0.23333333333333334 0.09251101321585908 0.07650273224043713 0.7052968364977281 0.23992299718643567 0.04761904761904767 0.7510982844316181
0.23333333333333334 0.03964757709251099 0.016393442622950838 0.6941732049382969 0.23601362357470754 0.0 0.7565816899150235
0.2088888888888889 0.0 0.0 0.7015931903935594 0.21691100251739967 0.0 0.7747314413981083
0.22666666666666666 0.03083700440528636 0.03825136612021862 0.6981711412964668 0.2315119206278691 0.0 0.7612313612313615
0.24 0.03524229074889873 0.016393442622950838 0.7047822682328142 0.24726788094180363 0.0 0.7437550104216775
0.21777777777777776 0.0 0.0 0.6936694932650634 0.22680290241374204 0.0 0.7671957671957674
0.2288888888888889 0.03083700440528636 0.03825136612021862 0.7030047985167968 0.23838294091514883 0.0 0.7521564854898192
0.23555555555555555 0.09251101321585908 0.07650273224043713 0.7045126584038975 0.24247001332741003 0.04761904761904767 0.7484367484367487
0.2288888888888889 0.03964757709251099 0.021857923497267784 0.7025299700491144 0.23613208944172961 0.0 0.7552028218694888
0.22 0.03083700440528636 0.03825136612021862 0.7058154824979865 0.23044572782467052 0.0 0.7611992945326281
0.2222222222222222 0.004405286343612369 0.005464480874316946 0.6873705583029013 0.2262105730786317 0.0 0.767772967772968
0.23333333333333334 0.03083700440528636 0.03825136612021862 0.6958543454879408 0.23915296905079225 0.0 0.7534712201378871
0.2311111111111111 0.0 0.0 0.7001192361903089 0.23707981637790612 0.0 0.7531505531505535
0.21555555555555556 0.09251101321585908 0.07650273224043713 0.7017336075954228 0.22295276173552495 0.04761904761904767 0.7686708353375022
0.2111111111111111 0.004405286343612369 0.005464480874316946 0.6957439040640682 0.21996149859321784 0.0 0.7738335738335741
0.2288888888888889 0.0 0.0 0.6958683049473146 0.23784984451354954 0.0 0.7557800224466894
0.21777777777777776 0.008810572687224627 0.010928961748633892 0.7067895025474742 0.22695098474751962 0.0 0.7636684303350972
0.2222222222222222 0.03964757709251099 0.016393442622950838 0.6955059665970227 0.22609210721160966 0.0 0.7662978996312332
0.22666666666666666 0.03524229074889873 0.010928961748633892 0.712144779570833 0.23663556937657337 0.0 0.7529581529581533
0.21777777777777776 0.008810572687224627 0.010928961748633892 0.7093927078628861 0.22807641048422922 0.0 0.76302709636043
0.2222222222222222 0.03964757709251099 0.016393442622950838 0.702065793410957 0.22869835628609506 0.0 0.7632194965528302
0.2311111111111111 0.08810572687224671 0.07650273224043713 0.6994506982342455 0.23850140678217088 0.04761904761904767 0.7540484207150877
0.23555555555555555 0.03083700440528636 0.03825136612021862 0.6981639783348493 0.24090034058936768 0.0 0.7514830848164186
0.21777777777777776 0.008810572687224627 0.010928961748633892 0.7009928421705947 0.22535169554272175 0.0 0.7666827000160337
0.19555555555555557 0.008810572687224627 0.010928961748633892 0.7101052180059668 0.20506441581519325 0.0 0.7879108545775215