0.2733333333333333 0.004405286343612369 0.0 0.6770153195496462 0.27273804235154747 0.0 0.7213403880070549
0.3244444444444444 0.004405286343612369 0.0 0.67690594757951 0.3255145861098771 0.0 0.6688151354818025
0.29777777777777775 0.004405286343612369 0.0 0.6708913378459043 0.2920183622093884 0.0 0.7029341029341031
0.2911111111111111 0.004405286343612369 0.0 0.6765353267881128 0.2942692136828076 0.0 0.700112233445567
0.3022222222222222 0.004405286343612369 0.0 0.6780064958038181 0.3054938545831482 0.0 0.6885682219015554
0.29333333333333333 0.0 0.0 0.6665168536724522 0.2868058640604176 0.0 0.7103094436427773
0.3022222222222222 0.004405286343612369 0.0 0.679469964398111 0.305938101584481 0.0 0.6874138207471544
0.30666666666666664 0.004405286343612369 0.0 0.6660944481168816 0.29960017769880054 0.0 0.6979316979316982
0.3111111111111111 0.004405286343612369 0.0 0.6732155248636715 0.3080408707241226 0.0 0.686676286676287
0.2777777777777778 0.004405286343612369 0.0 0.6736116578357383 0.2761439360284318 0.0 0.7187429854096523
0.29555555555555557 0.0 0.0 0.6722110537221817 0.295779653487339 0.0 0.6997915664582335
0.30666666666666664 0.004405286343612369 0.0 0.6734867696263569 0.30333185250999556 0.0 0.6927048260381596
0.29333333333333333 0.0 0.0 0.6697653757504825 0.2882866873981934 0.0 0.7080327080327082
0.30666666666666664 0.004405286343612369 0.0 0.6732382081906506 0.30365763364430626 0.0 0.691069424402758
0.28888888888888886 0.004405286343612369 0.0 0.6762387460382175 0.2890567155338368 0.0 0.705371172037839
0.3022222222222222 0.0 0.0 0.6684030603411791 0.2980601214275137 0.0 0.6984126984126987
0.29555555555555557 0.004405286343612369 0.0 0.6793677356869126 0.29865245076262403 0.0 0.694404361071028
0.30444444444444446 0.0 0.0 0.6744890695122586 0.3046942099807493 0.0 0.6894019560686231
0.30444444444444446 0.0 0.0 0.6667819964404202 0.2989486154301792 0.0 0.698957832291166
0.2866666666666667 0.0 0.0 0.6703739839367445 0.28194876351251297 0.0 0.7136443803110473
0.3244444444444444 0.004405286343612369 0.0 0.6754071621491966 0.32364874870427957 0.0 0.6704826038159375
0.3022222222222222 0.0 0.0 0.669441367931065 0.29803050496075817 0.0 0.6981882315215652
0.27555555555555555 0.004405286343612369 0.0 0.6702775425390066 0.2707833555456834 0.0 0.7246111912778581
0.30444444444444446 0.0 0.0 0.6751988932283295 0.3037760995113283 0.0 0.6902356902356905
0.28888888888888886 0.0 0.0 0.6709771869272723 0.2855323559899304 0.0 0.7095719095719097
0.31333333333333335 0.0 0.0 0.6716137796615593 0.3141122464090034 0.0 0.6814814814814818
0.29333333333333333 0.0 0.0 0.6771625547772676 0.29607581815489414 0.0 0.6978675645342315
0.2866666666666667 0.0 0.0 0.6692278738342718 0.2817710647119799 0.0 0.7138688472021808
0.32222222222222224 0.004405286343612369 0.0 0.6765721476208642 0.32320450170294684 0.0 0.6710918710918714
0.29555555555555557 0.004405286343612369 0.0 0.6800714017827255 0.29927439656448984 0.0 0.6935706269039605
0.29555555555555557 0.0 0.0 0.6710410166453659 0.29189989634236635 0.0 0.7037999037999042
0.3022222222222222 0.004405286343612369 0.0 0.6783773067475494 0.30605656745150306 0.0 0.688183421516755
0.3244444444444444 0.0 0.0 0.6718271201788207 0.32320450170294684 0.0 0.6720538720538722
0.27555555555555555 0.004405286343612369 0.0 0.6705059146336639 0.27208648008292613 0.0 0.7233926567259904
0.30444444444444446 0.004405286343612369 0.0 0.6714841210747492 0.30111061750333185 0.0 0.694404361071028
0.32666666666666666 0.0 0.0 0.6735767606446506 0.3258996001776988 0.0 0.6689754689754692
0.3 0.0 0.0 0.6741597253665546 0.29909669776395675 0.0 0.6952701619368289
0.3 0.0 0.0 0.6716509478168925 0.2952169406189842 0.0 0.700817700817701
0.29777777777777775 0.004405286343612369 0.0 0.6788378366593426 0.3010217681030653 0.0 0.6923520923520927
0.2866666666666667 0.0 0.0 0.6709400941618613 0.28274840811491186 0.0 0.7127144460477797
0.31333333333333335 0.0 0.0 0.6725451377189057 0.3107952021323856 0.0 0.6847202180535517
0.3022222222222222 0.004405286343612369 0.0 0.6728267087226547 0.3001036576336443 0.0 0.6952380952380954
0.28444444444444444 0.004405286343612369 0.0 0.6778731994023912 0.2870131793277062 0.0 0.7073593073593076
0.30444444444444446 0.004405286343612369 0.0 0.6742084021566583 0.30048867170146604 0.0 0.6942119608786277
0.2822222222222222 0.0 0.0 0.6685565508499651 0.2793721309047831 0.0 0.7170113836780506
0.3 0.0 0.0 0.6724714891728026 0.2988005330964016 0.0 0.6964245630912301
0.3 0.004405286343612369 0.0 0.6703815133605255 0.29569080408707243 0.0 0.7005932339265675
0.32 0.0 0.0 0.6714601713549999 0.3181104694209981 0.0 0.6777617444284114
0.27555555555555555 0.004405286343612369 0.0 0.6738774188837522 0.27353768695394637 0.0 0.7212762546095881
0.2911111111111111 0.004405286343612369 0.0 0.6789016972276632 0.29243299274396567 0.0 0.7013628346961682
0.3022222222222222 0.0 0.0 0.6717864300711743 0.2973789426921368 0.0 0.6986050986050989
0.32222222222222224 0.0 0.0 0.6773626732088935 0.32305641936916923 0.0 0.6707712041045377
0.2644444444444444 0.004405286343612369 0.0 0.6715868989407927 0.26169110025173997 0.0 0.7333012666346002
0.29333333333333333 0.0 0.0 0.6721347426847903 0.29302532207907594 0.0 0.7014590347923684
0.2911111111111111 0.0 0.0 0.6702468709855699 0.2855619724566859 0.0 0.7096039762706432
0.32 0.0 0.0 0.6713749454838724 0.3174292906856212 0.0 0.6785634118967456
0.32666666666666666 0.0 0.0 0.6700098383414633 0.32249370650081444 0.0 0.6736572069905407
0.28444444444444444 0.0 0.0 0.6685720355926342 0.27821708870131795 0.0 0.7178130511463847
0.29777777777777775 0.004405286343612369 0.0 0.671192331765561 0.29536502295276174 0.0 0.6995991662658332
0.2777777777777778 0.004405286343612369 0.0 0.6750493359238161 0.2772101288316304 0.0 0.7165945165945169
0.32 0.004405286343612369 0.0 0.6705100402264471 0.317932770620465 0.0 0.6784351451018122
0.28888888888888886 0.004405286343612369 0.0 0.6703017956788524 0.28434769731970977 0.0 0.7108545775212444
0.29333333333333333 0.0 0.0 0.6717607591988144 0.29089293647267883 0.0 0.7042167708834379
0.3088888888888889 0.004405286343612369 0.0 0.6785788218305714 0.31159484673478455 0.0 0.6814494147827485
0.30444444444444446 0.0 0.0 0.6686408981523122 0.29945209536502293 0.0 0.6971941638608308
0.29555555555555557 0.004405286343612369 0.0 0.6773668299829083 0.29909669776395675 0.0 0.6950777617444286
0.2911111111111111 0.004405286343612369 0.0 0.6718360179033853 0.2877832074633496 0.0 0.7075517075517078
0.3088888888888889 0.0 0.0 0.6726879362879321 0.30753739078927883 0.0 0.6876062209395544
0.3 0.0 0.0 0.6719398729516964 0.2998667258996002 0.0 0.6961680295013631
0.3022222222222222 0.0 0.0 0.6680231274656089 0.2979416555604916 0.0 0.6985730319063654
0.31555555555555553 0.0 0.0 0.6706969476753631 0.31183177846882865 0.0 0.6842071508738179
0.3022222222222222 0.0 0.0 0.6668848352554771 0.2962239004886717 0.0 0.7015873015873019
0.28444444444444444 0.0 0.0 0.668591881868879 0.2807641048422923 0.0 0.7155042488375823
0.3022222222222222 0.004405286343612369 0.0 0.6684944875316254 0.2965496816229824 0.0 0.7000801667468338
0.30444444444444446 0.0 0.0 0.6747315635934616 0.3043388123796831 0.0 0.6901394901394905
0.32 0.0 0.0 0.6743679427215129 0.3209240337627721 0.0 0.6732403399070069
0.2822222222222222 0.004405286343612369 0.0 0.6738287837997662 0.28135643417740264 0.0 0.7133237133237136
0.3022222222222222 0.004405286343612369 0.0 0.6681895272009379 0.2971123944913372 0.0 0.7001763668430337
0.31777777777777777 0.0 0.0 0.6715835856900175 0.31455649341033615 0.0 0.6817380150713488
0.29777777777777775 0.004405286343612369 0.0 0.6741107685166022 0.29539463941951727 0.0 0.6985730319063654
0.32 0.004405286343612369 0.0 0.6710658176873173 0.3175773730193988 0.0 0.6788520121853459
0.2777777777777778 0.004405286343612369 0.0 0.6753760484558249 0.27682511476380867 0.0 0.717299983966651
0.29555555555555557 0.0 0.0 0.6711695190152345 0.2929364726788094 0.0 0.702132435465769
0.31555555555555553 0.004405286343612369 0.0 0.6787923919648071 0.31834740115504223 0.0 0.6744268077601414