0.28444444444444444 0.017621145374449365 0.010928961748633892 0.7096717068757683 0.2934399526136532 0.0 0.6961038961038963
0.24222222222222223 0.03524229074889873 0.010928961748633892 0.7163375678835527 0.2537538871612617 0.0 0.7370210036876707
0.25333333333333335 0.013215859030836996 0.0 0.7142232907954286 0.2668147490004443 0.0 0.725637325637326
0.25555555555555554 0.08810572687224671 0.07650273224043713 0.7113866343928787 0.2668739819339553 0.04761904761904767 0.7242584575917912
0.23555555555555555 0.008810572687224627 0.005464480874316946 0.7048063348783195 0.24383237079816378 0.0 0.7491101491101494
0.24 0.013215859030836996 0.0 0.7272352324694267 0.2538723530282837 0.0 0.7358986692320029
0.2577777777777778 0.004405286343612369 0.005464480874316946 0.6983409736872318 0.2600029616466756 0.0 0.7322430655763992
0.24666666666666667 0.08810572687224671 0.07650273224043713 0.7118611599958462 0.25778172664001187 0.04761904761904767 0.7335578002244673
0.24888888888888888 0.017621145374449365 0.0 0.717717874191793 0.2615134014512069 0.0 0.7294532627865964
0.27555555555555555 0.013215859030836996 0.0 0.7061209998795209 0.28665778172664 0.0 0.7055315055315059
0.24444444444444444 0.008810572687224627 0.0 0.7212642812936202 0.25633051976899157 0.0 0.7337822671156007
0.24444444444444444 0.03083700440528636 0.005464480874316946 0.7154905779595593 0.25434621649637196 0.0 0.737053070386404
0.24666666666666667 0.008810572687224627 0.0 0.7246692881987129 0.2610099215163631 0.0 0.7294853294853297
0.26 0.026431718061673992 0.005464480874316946 0.714538397924783 0.271849548348882 0.0 0.7183902517235854
0.23555555555555555 0.03524229074889873 0.010928961748633892 0.7169095762886162 0.2471790315415371 0.0 0.7443642776976114
0.27555555555555555 0.008810572687224627 0.0 0.7058056326536485 0.28653931585961795 0.0 0.7056918390251727
0.24888888888888888 0.008810572687224627 0.0 0.7058772649343868 0.256241670368725 0.0 0.7348725348725352
0.25555555555555554 0.08810572687224671 0.07650273224043713 0.7087890826004045 0.2653043091959129 0.04761904761904767 0.7265993265993269
0.24444444444444444 0.008810572687224627 0.0 0.7261642860426597 0.25887753590996593 0.0 0.7315375982042651
0.2644444444444444 0.013215859030836996 0.005464480874316946 0.7084393786469733 0.2729453576188361 0.0 0.716947250280584
0.2644444444444444 0.013215859030836996 0.0 0.7112869330380075 0.2779209240337628 0.0 0.713965047298381
0.24 0.013215859030836996 0.0 0.7130858188531065 0.2510587886865097 0.0 0.7398428731762068
0.25555555555555554 0.03524229074889873 0.010928961748633892 0.7098447128099198 0.26394195172515916 0.0 0.7265672599005935
0.26 0.013215859030836996 0.005464480874316946 0.6993302126623538 0.26533392566266845 0.0 0.7265351932018602
0.2311111111111111 0.08810572687224671 0.07650273224043713 0.7186845591475314 0.2425884791944321 0.04761904761904767 0.7487253487253489
0.2577777777777778 0.026431718061673992 0.005464480874316946 0.7136134394563204 0.2694506145416852 0.0 0.7212441879108549
0.28888888888888886 0.008810572687224627 0.0 0.7166231009290015 0.3019398785724863 0.0 0.6882154882154886
0.24666666666666667 0.013215859030836996 0.0 0.7194520750248433 0.2597067969791204 0.0 0.7304152637485974
0.25555555555555554 0.026431718061673992 0.0 0.7094886151996951 0.26551162446320153 0.0 0.7252204585537922
0.2644444444444444 0.004405286343612369 0.0 0.7013821636337068 0.27140530134754925 0.0 0.7201539201539204
0.26222222222222225 0.008810572687224627 0.005464480874316946 0.7042881950234787 0.27001332741003997 0.0 0.7212762546095882
0.2511111111111111 0.03524229074889873 0.005464480874316946 0.7119779473942641 0.26219458018658376 0.0 0.7292608625941962
0.2311111111111111 0.013215859030836996 0.0 0.7157578996616865 0.24122612172367836 0.0 0.7498156164822833
0.24666666666666667 0.017621145374449365 0.0 0.7263370996730237 0.26124685325040725 0.0 0.7285233285233288
0.2511111111111111 0.017621145374449365 0.005464480874316946 0.713865013867694 0.2620761143195617 0.0 0.7291005291005295
0.23333333333333334 0.08810572687224671 0.07650273224043713 0.7182651653173221 0.24454316600029616 0.04761904761904767 0.7470899470899474
0.27111111111111114 0.03083700440528636 0.010928961748633892 0.7042046187301066 0.2798756108396268 0.0 0.7108866442199779
0.24444444444444444 0.03083700440528636 0.005464480874316946 0.7111307116776306 0.25333925662668444 0.0 0.7384640051306721
0.26 0.008810572687224627 0.0 0.7100331782963376 0.27090182141270547 0.0 0.7215007215007219
0.23777777777777778 0.03524229074889873 0.016393442622950838 0.7183859007850513 0.2501110617503332 0.0 0.7414141414141417
0.2577777777777778 0.013215859030836996 0.0 0.7103602424541493 0.26823633940470903 0.0 0.722398589065256
0.24444444444444444 0.013215859030836996 0.0 0.7282963846131811 0.25846290537538874 0.0 0.7313131313131316
0.24888888888888888 0.008810572687224627 0.0 0.7088897618627392 0.25795942544054495 0.0 0.7332691999358669
0.25555555555555554 0.004405286343612369 0.005464480874316946 0.6995129855378552 0.259914112246409 0.0 0.7321147987814657
0.25555555555555554 0.004405286343612369 0.0 0.7128790503773295 0.2678513253368873 0.0 0.7233926567259903
0.26666666666666666 0.0 0.0 0.7095019478512149 0.2769731970975863 0.0 0.713708513708514
0.25333333333333335 0.03083700440528636 0.010928961748633892 0.7159671343760163 0.26462313046053604 0.0 0.7267596600929938
0.23777777777777778 0.013215859030836996 0.0 0.7279085862674041 0.25203613208944176 0.0 0.7380150713484049
0.24 0.08810572687224671 0.07650273224043713 0.7125787322525519 0.2509107063527321 0.04761904761904767 0.7405483405483408
0.24666666666666667 0.008810572687224627 0.0 0.7071258335162177 0.25713016437139047 0.0 0.7347122013788683
0.29555555555555557 0.004405286343612369 0.0 0.7095364271068433 0.3053753887161262 0.0 0.6843354176687513
0.24888888888888888 0.008810572687224627 0.0 0.7219953300282923 0.2619576484525396 0.0 0.7279781946448616
0.2577777777777778 0.017621145374449365 0.005464480874316946 0.7020319632495534 0.26444543166000295 0.0 0.7276895943562613
0.24 0.03524229074889873 0.010928961748633892 0.7201472093866966 0.25242114615726347 0.0 0.7388167388167393
0.23777777777777778 0.017621145374449365 0.0 0.7263629998815601 0.2514734192210869 0.0 0.7388808722142058
0.26222222222222225 0.008810572687224627 0.0 0.7195284460073468 0.2747815785576781 0.0 0.715728715728716
0.26 0.03524229074889873 0.010928961748633892 0.7100587802833901 0.27001332741003997 0.0 0.7206990540323877
0.2688888888888889 0.017621145374449365 0.0 0.71052732456959 0.28008292610691543 0.0 0.7110149110149113
0.25333333333333335 0.026431718061673992 0.0 0.7088885234940562 0.26438619872649194 0.0 0.7278819945486615
0.2688888888888889 0.008810572687224627 0.0 0.7081124350222885 0.28106026950984747 0.0 0.7113997113997117
0.2911111111111111 0.008810572687224627 0.0 0.7148125486026856 0.3034799348437731 0.0 0.6867724867724871
0.23555555555555555 0.008810572687224627 0.005464480874316946 0.7064128641806405 0.24267732859469865 0.0 0.7502645502645504
0.2511111111111111 0.03083700440528636 0.005464480874316946 0.7157875225377192 0.26154301791796236 0.0 0.7298380631713969
0.25333333333333335 0.08810572687224671 0.07650273224043713 0.7086141700538803 0.26260921072116095 0.04761904761904767 0.7292608625941962
0.24666666666666667 0.013215859030836996 0.0 0.7234256573962582 0.2602398933807197 0.0 0.7297418630751967
0.2511111111111111 0.013215859030836996 0.0 0.7162202360865784 0.26426773285946986 0.0 0.7280423280423284
0.24666666666666667 0.008810572687224627 0.0 0.7241629176304216 0.25982526284614244 0.0 0.7305755972422643
0.2733333333333333 0.0 0.0 0.700381334901339 0.2772101288316304 0.0 0.714413981080648
0.24 0.013215859030836996 0.0 0.7272643095558567 0.25428698356286095 0.0 0.7357704024370694
0.26666666666666666 0.008810572687224627 0.005464480874316946 0.7061068607406641 0.2757589219606101 0.0 0.7153759820426491
0.24 0.03524229074889873 0.010928961748633892 0.7192269761118528 0.2502887605508663 0.0 0.7406766073432742
0.2644444444444444 0.0 0.0 0.6994001213600335 0.26755516066933216 0.0 0.7243867243867246
0.24888888888888888 0.013215859030836996 0.0 0.7218342174805157 0.26219458018658376 0.0 0.7279781946448616
0.23555555555555555 0.017621145374449365 0.005464480874316946 0.713200022359509 0.2450170294683844 0.0 0.7470258136924807
0.24 0.013215859030836996 0.0 0.7265814506923118 0.25298385902561826 0.0 0.7364758698092033
0.24666666666666667 0.08810572687224671 0.07650273224043713 0.7145099475517567 0.2582852065748556 0.04761904761904767 0.7330767997434667