0.23777777777777778 0.004405286343612369 0.0 0.6891980008377976 0.2407522582555901 0.0 0.7527016193682863
0.26666666666666666 0.008810572687224627 0.0 0.6908361343947188 0.2701614097438176 0.0 0.7226230559563895
0.23777777777777778 0.008810572687224627 0.0 0.6882307312996256 0.24383237079816378 0.0 0.7507134840468177
0.22 0.008810572687224627 0.0 0.6918433610981538 0.22588479194432104 0.0 0.7680936347603016
0.2644444444444444 0.004405286343612369 0.0 0.6897282332155167 0.2699244780097734 0.0 0.7233926567259903
0.23333333333333334 0.008810572687224627 0.0 0.685161678519332 0.2372278987116837 0.0 0.757415424082091
0.24222222222222223 0.008810572687224627 0.0 0.6872510148582617 0.2464386198726492 0.0 0.7474747474747477
0.23777777777777778 0.008810572687224627 0.0 0.6929232762970416 0.24146305345772248 0.0 0.751707551707552
0.26 0.004405286343612369 0.0 0.6840147580200263 0.2654523915296905 0.0 0.7289722623055959
0.24444444444444444 0.008810572687224627 0.0 0.6928206286280553 0.24898563601362358 0.0 0.7436267436267439
0.23333333333333334 0.008810572687224627 0.0 0.68440596592047 0.23583592477417445 0.0 0.7592752926086261
0.24 0.008810572687224627 0.0 0.6876649516369736 0.2436842884643862 0.0 0.7504890171556841
0.24666666666666667 0.004405286343612369 0.0 0.6883348025432225 0.24972604768251147 0.0 0.7437870771204107
0.26222222222222225 0.008810572687224627 0.0 0.6875563252970825 0.263586554124093 0.0 0.7289081289081292
0.24444444444444444 0.008810572687224627 0.0 0.6939168362229656 0.24948911594846734 0.0 0.74301747635081
0.23333333333333334 0.008810572687224627 0.0 0.6855449896433587 0.2372575151784392 0.0 0.7573192239858909
0.24222222222222223 0.008810572687224627 0.0 0.683469464032265 0.24572782467051682 0.0 0.7499438832772168
0.24444444444444444 0.004405286343612369 0.0 0.6874954289951918 0.25025914408411076 0.0 0.7436267436267439
0.22666666666666666 0.008810572687224627 0.0 0.6879359595937077 0.2320746334962239 0.0 0.7623536956870293
0.25333333333333335 0.008810572687224627 0.0 0.6900431071335275 0.2595587146453428 0.0 0.7339426006092675
0.23777777777777778 0.004405286343612369 0.0 0.6902819487407287 0.24193691692581076 0.0 0.7513227513227516
0.2311111111111111 0.008810572687224627 0.0 0.6834578403242738 0.23328890863320006 0.0 0.7620650953984289
0.2511111111111111 0.004405286343612369 0.0 0.6889269971725358 0.257159780838146 0.0 0.7370210036876705
0.23777777777777778 0.004405286343612369 0.0 0.6868897552382731 0.24116688879016734 0.0 0.7529581529581533
0.24222222222222223 0.008810572687224627 0.0 0.6856246885969985 0.24575744113727233 0.0 0.749078082411416
0.24 0.008810572687224627 0.0 0.6860453727805907 0.24454316600029616 0.0 0.7499438832772168
0.23333333333333334 0.004405286343612369 0.0 0.6892083708870939 0.23639863764252925 0.0 0.7570306236972906
0.26 0.008810572687224627 0.0 0.6891976508435518 0.26642973493262256 0.0 0.7274651274651276
0.24222222222222223 0.004405286343612369 0.0 0.6889299762937856 0.2477417444098919 0.0 0.746095879429213
0.26666666666666666 0.004405286343612369 0.0 0.6811292965067024 0.2683844217384866 0.0 0.7256373256373257
0.2311111111111111 0.004405286343612369 0.0 0.6855348463042277 0.2348585813712424 0.0 0.7597242263908932
0.24888888888888888 0.008810572687224627 0.0 0.689566556472112 0.25357618836072854 0.0 0.739169472502806
0.24444444444444444 0.004405286343612369 0.0 0.6848610085133959 0.24951873241522288 0.0 0.7451659451659454
0.24444444444444444 0.004405286343612369 0.0 0.6851268975320172 0.24860062194580188 0.0 0.7457752124418793
0.25333333333333335 0.0 0.0 0.6864852143581038 0.25982526284614244 0.0 0.7341350008016676
0.24444444444444444 0.004405286343612369 0.0 0.6918642644732759 0.2499037464830446 0.0 0.7433060766394102
0.25555555555555554 0.004405286343612369 0.0 0.6897708886899637 0.26169110025173997 0.0 0.7321468654801989
0.24 0.008810572687224627 0.0 0.6867013737752835 0.24433585073300756 0.0 0.750136283469617
0.25333333333333335 0.004405286343612369 0.0 0.689593686871253 0.2587886865096994 0.0 0.7342632675966012
0.24666666666666667 0.004405286343612369 0.0 0.6923553726846786 0.2514438027543314 0.0 0.7413820747154083
0.23777777777777778 0.008810572687224627 0.0 0.6889787440717974 0.24140382052421147 0.0 0.7529260862594198
0.24 0.008810572687224627 0.0 0.6885474580910307 0.24566859173700578 0.0 0.7486932820266156
0.23555555555555555 0.008810572687224627 0.0 0.6852959656211135 0.23947875018510292 0.0 0.755138688472022
0.2577777777777778 0.008810572687224627 0.0 0.6894365947046721 0.2646823633940471 0.0 0.7289722623055959
0.22666666666666666 0.004405286343612369 0.0 0.6881878865497274 0.2306234266252036 0.0 0.7630270963604298
0.23555555555555555 0.004405286343612369 0.0 0.6883203499932486 0.23947875018510292 0.0 0.7542087542087544
0.25555555555555554 0.008810572687224627 0.0 0.6887963521170815 0.26071375684880793 0.0 0.7324995991662662
0.24444444444444444 0.008810572687224627 0.0 0.6874833821682796 0.2473567303420702 0.0 0.7465768799102135
0.24666666666666667 0.004405286343612369 0.0 0.6899177936526731 0.25114763808677626 0.0 0.7417027417027419
0.24 0.008810572687224627 0.0 0.6872681949024708 0.24395083666518586 0.0 0.750040083373417
0.23555555555555555 0.004405286343612369 0.0 0.682516861025522 0.23953798311861396 0.0 0.7554272887606224
0.2644444444444444 0.008810572687224627 0.0 0.6835889309418876 0.26533392566266845 0.0 0.7281385281385283
0.24444444444444444 0.004405286343612369 0.0 0.6868720455351444 0.24865985487931289 0.0 0.7443963443963446
0.2577777777777778 0.008810572687224627 0.0 0.6876846366092555 0.26287575892196063 0.0 0.7316337983004653
0.24 0.008810572687224627 0.0 0.6830777663457835 0.2436842884643862 0.0 0.7522526855860191
0.24444444444444444 0.008810572687224627 0.0 0.6836839600905553 0.2464978528061602 0.0 0.7494628827962164
0.24666666666666667 0.004405286343612369 0.0 0.6891390614188316 0.25022952761735523 0.0 0.7426326759660096
0.2577777777777778 0.008810572687224627 0.0 0.6842222788584845 0.26021027691396414 0.0 0.7324675324675327
0.23777777777777778 0.008810572687224627 0.0 0.6856439661595841 0.2416407522582556 0.0 0.7528940195606865
0.25333333333333335 0.008810572687224627 0.0 0.6879265945021633 0.25946986524507626 0.0 0.7349366682700018
0.2577777777777778 0.008810572687224627 0.0 0.6849516310650847 0.25807789130756703 0.0 0.7346801346801349
0.23333333333333334 0.008810572687224627 0.0 0.686123342661472 0.23749444691248334 0.0 0.7571268237934906
0.2577777777777778 0.008810572687224627 0.0 0.6828288804075048 0.2600918110469421 0.0 0.7333333333333335
0.23555555555555555 0.004405286343612369 0.0 0.688833372370907 0.2393010513845698 0.0 0.7543370210036879
0.23777777777777778 0.008810572687224627 0.0 0.6861681942258993 0.24152228639123352 0.0 0.7529581529581532
0.2511111111111111 0.008810572687224627 0.0 0.6913344943742882 0.25713016437139047 0.0 0.7358986692320029
0.24666666666666667 0.004405286343612369 0.0 0.6833792596232845 0.2495779653487339 0.0 0.7451659451659454
0.24888888888888888 0.004405286343612369 0.0 0.6892017266450673 0.2543758329631275 0.0 0.7395863395863398