0.28444444444444444 0.004405286343612369 0.0 0.6800496885323634 0.29172219754183326 0.0 0.7031585698252367
0.3111111111111111 0.004405286343612369 0.0 0.6796163224714202 0.3149711239449134 0.0 0.6792047458714129
0.2866666666666667 0.004405286343612369 0.0 0.6754757177040273 0.2881386050644158 0.0 0.7073272406605744
0.2688888888888889 0.004405286343612369 0.0 0.6731704202003496 0.2699244780097734 0.0 0.7272085938752608
0.3 0.0 0.0 0.6782332611601838 0.3056419369169258 0.0 0.6895622895622899
0.2866666666666667 0.004405286343612369 0.0 0.677549842889557 0.29367688434769734 0.0 0.7017155683822354
0.28 0.0 0.0 0.6755790656665605 0.2835480527173108 0.0 0.7122013788680458
0.28888888888888886 0.004405286343612369 0.0 0.6803465249109142 0.29468384421738486 0.0 0.7006573673240342
0.31777777777777777 0.0 0.0 0.6795666740011781 0.3211313490300607 0.0 0.6737534070867408
0.28444444444444444 0.004405286343612369 0.0 0.6805599299153368 0.29059677180512367 0.0 0.7040564373897711
0.2866666666666667 0.004405286343612369 0.0 0.6761192801379418 0.2906560047386347 0.0 0.7051146384479721
0.28 0.004405286343612369 0.0 0.6774908993000819 0.2852954242558863 0.0 0.7100529100529104
0.29555555555555557 0.004405286343612369 0.0 0.6791692977097225 0.2993632459647564 0.0 0.6956549623216292
0.28888888888888886 0.004405286343612369 0.0 0.6802340538149868 0.2963719828224493 0.0 0.6980278980278983
0.29777777777777775 0.004405286343612369 0.0 0.6742471387746755 0.29518732415222865 0.0 0.7006253006253012
0.2911111111111111 0.004405286343612369 0.0 0.6780843656790019 0.2964312157559603 0.0 0.6995350328683665
0.2866666666666667 0.004405286343612369 0.0 0.6796513047637621 0.2937065008144528 0.0 0.7009139009139012
0.3 0.0 0.0 0.6777459009253659 0.30635273211905817 0.0 0.6894019560686231
0.28888888888888886 0.004405286343612369 0.0 0.6813187949856715 0.2942692136828076 0.0 0.7004649671316341
0.28 0.004405286343612369 0.0 0.6798937329012469 0.28576928772397453 0.0 0.7091229757896427
0.2866666666666667 0.004405286343612369 0.0 0.6827715975737496 0.29391381608174144 0.0 0.7008818342151678
0.29777777777777775 0.004405286343612369 0.0 0.6807624824925859 0.3034207019102621 0.0 0.6914862914862917
0.27555555555555555 0.004405286343612369 0.0 0.6743509548394957 0.27845402043536205 0.0 0.7181978515311851
0.3022222222222222 0.0 0.0 0.6751540107200594 0.3038057159780838 0.0 0.6918710918710922
0.29777777777777775 0.0 0.0 0.6735266317836929 0.29847475196209095 0.0 0.6983485650152319
0.28 0.0 0.0 0.673200481460893 0.28286687398193394 0.0 0.7143177809844479
0.29333333333333333 0.004405286343612369 0.0 0.6810326480307457 0.2979120390937361 0.0 0.6960076960076964
0.28 0.0 0.0 0.6724072138644566 0.28212646231304606 0.0 0.7150873817540486
0.3 0.004405286343612369 0.0 0.6747634515507571 0.29977787649933363 0.0 0.695366362033029
0.2911111111111111 0.004405286343612369 0.0 0.6810340770015144 0.2969050792240486 0.0 0.697482764149431
0.3 0.0 0.0 0.6742241559493469 0.30016289056715534 0.0 0.695719095719096
0.29333333333333333 0.004405286343612369 0.0 0.6770547447149289 0.29444691248334076 0.0 0.7005611672278342
0.28888888888888886 0.0 0.0 0.6723699933001281 0.29021175773730196 0.0 0.7063331729998399
0.2777777777777778 0.004405286343612369 0.0 0.6747551438070233 0.28067525544202576 0.0 0.7160173160173162
0.3088888888888889 0.0 0.0 0.6770994388871786 0.3144676440100696 0.0 0.6810966810966813
0.2911111111111111 0.004405286343612369 0.0 0.6739505290327465 0.2932030208796091 0.0 0.7025493025493028
0.3022222222222222 0.004405286343612369 0.0 0.6818475180978908 0.30679697912039094 0.0 0.6873176206509544
0.28888888888888886 0.004405286343612369 0.0 0.6801867193874446 0.2933214867466311 0.0 0.701683501683502
0.28888888888888886 0.004405286343612369 0.0 0.6842015503431552 0.2967866133570265 0.0 0.697995831329165
0.3111111111111111 0.004405286343612369 0.0 0.6760505734237461 0.30943284466163185 0.0 0.6856822190155528
0.31333333333333335 0.004405286343612369 0.0 0.6803058307900007 0.3169850436842885 0.0 0.6775052108385446
0.2822222222222222 0.004405286343612369 0.0 0.6835887549476445 0.2896194284021916 0.0 0.7052108385441722
0.29555555555555557 0.004405286343612369 0.0 0.6769719674875242 0.2945949948171183 0.0 0.7011383678050349
0.28 0.004405286343612369 0.0 0.6798630009874406 0.2849696431215756 0.0 0.7103415103415106
0.28888888888888886 0.004405286343612369 0.0 0.6748881875770777 0.2905079224048571 0.0 0.7054032387365724
0.3111111111111111 0.0 0.0 0.6754815695454602 0.3133126018066045 0.0 0.6824434824434826
0.2911111111111111 0.004405286343612369 0.0 0.6767728425002323 0.29702354509107065 0.0 0.6989257655924326
0.27555555555555555 0.004405286343612369 0.0 0.6765432105095205 0.27877980156967275 0.0 0.715985249318583
0.3 0.004405286343612369 0.0 0.6806182357001342 0.3075966237227899 0.0 0.6873176206509544
0.2911111111111111 0.0 0.0 0.6755911268137518 0.2924922256774767 0.0 0.7034471701138372
0.28888888888888886 0.0 0.0 0.6804814791738881 0.29563157115356137 0.0 0.6990219656886327
0.29777777777777775 0.004405286343612369 0.0 0.6772072265578057 0.304101880645639 0.0 0.6910694244027581
0.3022222222222222 0.0 0.0 0.6767439254143826 0.30810010365763363 0.0 0.6875741542408211
0.2911111111111111 0.0 0.0 0.6713084553308979 0.28964904486894716 0.0 0.7082892416225752
0.29555555555555557 0.0 0.0 0.676545476815163 0.3002517399674219 0.0 0.6955266955266958
0.28888888888888886 0.004405286343612369 0.0 0.6795445717748094 0.2954834888197838 0.0 0.6997915664582334
0.2777777777777778 0.0 0.0 0.6752576659522591 0.281149118910114 0.0 0.7146384479717816
0.31333333333333335 0.004405286343612369 0.0 0.6824717946095136 0.31929512809121874 0.0 0.6748116081449418
0.2777777777777778 0.004405286343612369 0.0 0.6735503787805566 0.2817118317784688 0.0 0.7150553150553153
0.28444444444444444 0.004405286343612369 0.0 0.6758808095792994 0.28458462905375387 0.0 0.7116241782908455
0.3111111111111111 0.0 0.0 0.6793651129777438 0.31529690507922403 0.0 0.6798781465448136
0.28888888888888886 0.004405286343612369 0.0 0.6832069610350834 0.2961646675551607 0.0 0.6987333654000323
0.29777777777777775 0.0 0.0 0.6796685761808873 0.3017621797719532 0.0 0.6927689594356266
0.32222222222222224 0.0 0.0 0.6760021262075505 0.32047978676143934 0.0 0.6747154080487416
0.28888888888888886 0.004405286343612369 0.0 0.6730702450192557 0.28748704279579446 0.0 0.7099246432579769
0.30666666666666664 0.004405286343612369 0.0 0.677127255075397 0.309610543462165 0.0 0.6864838864838868
0.28888888888888886 0.0 0.0 0.6756721500766042 0.2904783059381016 0.0 0.7053711720378391
0.30666666666666664 0.004405286343612369 0.0 0.6791155072195699 0.3120687102028728 0.0 0.6837261503928174
0.2777777777777778 0.0 0.0 0.6780908385150147 0.2814749000444247 0.0 0.714317780984448
0.29777777777777775 0.004405286343612369 0.0 0.6739161255657415 0.3001332741003998 0.0 0.6953984287317623
0.2733333333333333 0.004405286343612369 0.0 0.6780736840631516 0.27756552643269655 0.0 0.717748917748918
0.2866666666666667 0.004405286343612369 0.0 0.6819417573057335 0.2923145268769436 0.0 0.7021965688632359
0.29777777777777775 0.004405286343612369 0.0 0.6783208852521506 0.2997186435658226 0.0 0.6955587622254293
0.28 0.0 0.0 0.6770609136376909 0.28040870724122613 0.0 0.7152477152477156