0.022222222222222223 0.0 0.0 0.609482238989463 0.021560787798015697 0.0 0.978579445246112
0.015555555555555555 0.052863436123347984 0.016393442622950838 0.6166289907775976 0.01581519324744558 0.0 0.983934583934584
0.017777777777777778 0.013215859030836996 0.005464480874316946 0.6068940734188412 0.017681030653043092 0.0 0.9823953823953824
0.02 0.004405286343612369 0.0 0.6136080772464932 0.019872649192951283 0.0 0.9801507134840468
0.022222222222222223 0.0 0.0 0.61311009214002 0.021590404264771212 0.0 0.9783870450537118
0.022222222222222223 0.0 0.0 0.6170710230410954 0.021708870131793276 0.0 0.9783549783549784
0.02666666666666667 0.0 0.0 0.6217576068582262 0.026299422478898268 0.0 0.9739618406285073
0.017777777777777778 0.026431718061673992 0.016393442622950838 0.599403027067777 0.01723678365171035 0.0 0.9829084495751162
0.022222222222222223 0.008810572687224627 0.0 0.6104430665653575 0.02206426773285947 0.0 0.9781305114638448
0.02 0.017621145374449365 0.010928961748633892 0.601439148346398 0.019250703391085443 0.0 0.9811768478435146
0.02666666666666667 0.0 0.0 0.6211739148078157 0.025855175477565526 0.0 0.9743145743145744
0.022222222222222223 0.008810572687224627 0.005464480874316946 0.6068686211926667 0.02147193839774915 0.0 0.978932178932179
0.02666666666666667 0.0 0.0 0.6217563782966261 0.026003257811343106 0.0 0.9741863075196409
0.022222222222222223 0.008810572687224627 0.0 0.6072320433646544 0.021797719532059827 0.0 0.9785153118486452
0.02666666666666667 0.0 0.0 0.6264956570490627 0.026832518880497556 0.0 0.9731601731601732
0.02666666666666667 0.0 0.0 0.6223545947230158 0.026121723678365173 0.0 0.9739939073272407
0.024444444444444446 0.004405286343612369 0.0 0.6179104340791646 0.02440396860654524 0.0 0.9756293089626423
0.022222222222222223 0.008810572687224627 0.0 0.6146506096815695 0.022005034799348438 0.0 0.9781625781625782
0.02 0.017621145374449365 0.005464480874316946 0.6098694606047546 0.01996149859321783 0.0 0.9800865800865801
0.02666666666666667 0.0 0.0 0.6195421752310298 0.0263586554124093 0.0 0.974025974025974
0.02666666666666667 0.0 0.0 0.6187726116905684 0.026269806012142752 0.0 0.9742504409171077
0.024444444444444446 0.004405286343612369 0.0 0.6161603480798528 0.024226269806012144 0.0 0.9757896424563092
0.022222222222222223 0.008810572687224627 0.005464480874316946 0.6076531533291081 0.022005034799348438 0.0 0.9782267115600449
0.024444444444444446 0.004405286343612369 0.005464480874316946 0.6151345747475779 0.023930105138456982 0.0 0.9763989097322431
0.02666666666666667 0.0 0.0 0.6288365974124488 0.026477121279431363 0.0 0.9734487734487735
0.022222222222222223 0.008810572687224627 0.0 0.6084647001700666 0.02191618539908189 0.0 0.9784511784511785
0.02666666666666667 0.0 0.0 0.6238429598723717 0.026388271879164815 0.0 0.9737373737373738
0.02666666666666667 0.0 0.0 0.6294198942612256 0.02665482007996446 0.0 0.9733205066538401
0.028888888888888888 0.0 0.0 0.6244592547908814 0.02831334221827336 0.0 0.972262305595639
0.015555555555555555 0.07048458149779735 0.04371584699453557 0.5991739385812804 0.015370946246112838 0.0 0.9849286515953183
0.028888888888888888 0.0 0.0 0.6212156964761751 0.027661779949652007 0.0 0.9726471059804394
0.017777777777777778 0.04405286343612336 0.016393442622950838 0.61734325309071 0.018036428254109286 0.0 0.9820426487093153
0.022222222222222223 0.008810572687224627 0.0 0.6347578368579403 0.02236043240041463 0.0 0.9774571107904442
0.028888888888888888 0.0 0.0 0.6239106311578925 0.028076410484229233 0.0 0.972358505691839
0.02666666666666667 0.004405286343612369 0.0 0.6383342957065866 0.02665482007996446 0.0 0.9732243065576399
0.028888888888888888 0.0 0.0 0.6243374303076018 0.028046794017473717 0.0 0.9724867724867725
0.02666666666666667 0.004405286343612369 0.0 0.6257760177845316 0.02621057307863172 0.0 0.9738656405323072
0.028888888888888888 0.0 0.0 0.6204588310461734 0.027691396416407523 0.0 0.9725509058842392
0.028888888888888888 0.0 0.0 0.6195501601104126 0.027661779949652007 0.0 0.9726791726791727
0.017777777777777778 0.04405286343612336 0.010928961748633892 0.6185862941667895 0.01815489412113135 0.0 0.9818823152156486
0.028888888888888888 0.0 0.0 0.6287238283666005 0.02792832815045165 0.0 0.9721981721981723
0.024444444444444446 0.0 0.0 0.6300249681519031 0.02446320154005627 0.0 0.975340708674042
0.017777777777777778 0.03083700440528636 0.016393442622950838 0.6325004782614801 0.018184510587886865 0.0 0.9817861151194485
0.02 0.017621145374449365 0.0 0.6505543031052576 0.020849992595883313 0.0 0.9790604457271124
0.02 0.017621145374449365 0.0 0.6522628568971448 0.020613060861839182 0.0 0.9791245791245792
0.022222222222222223 0.008810572687224627 0.0 0.634828247088309 0.0223011994669036 0.0 0.9775533108866442
0.024444444444444446 0.0 0.0 0.6318419103178462 0.02446320154005627 0.0 0.975244508577842
0.024444444444444446 0.0 0.0 0.6242886851710382 0.024522434473567303 0.0 0.9753727753727754
0.024444444444444446 0.0 0.0 0.6264830199821755 0.023959721605212498 0.0 0.9758217091550425
0.024444444444444446 0.0 0.0 0.628482045130652 0.024226269806012144 0.0 0.9755651755651756
0.017777777777777778 0.03964757709251099 0.021857923497267784 0.6078482472611174 0.016762920183622094 0.0 0.9832932499599166
0.02666666666666667 0.0 0.0 0.6192943172238841 0.025707093143787947 0.0 0.974635241301908
0.022222222222222223 0.008810572687224627 0.005464480874316946 0.6147942558339875 0.02108692432992744 0.0 0.9793811127144461
0.02666666666666667 0.0 0.0 0.6258414615999757 0.025499777876499333 0.0 0.9748276414943082
0.024444444444444446 0.004405286343612369 0.0 0.617993994387887 0.023989338071968014 0.0 0.9761744428411095
0.024444444444444446 0.004405286343612369 0.005464480874316946 0.6231418014390152 0.0230416111357915 0.0 0.9773929773929774
0.013333333333333334 0.13215859030837007 0.03825136612021862 0.6184664275066752 0.01356434177402636 0.0 0.9863395863395864
0.015555555555555555 0.06167400881057272 0.02732240437158473 0.6081728597871897 0.015578261513401451 0.0 0.9842552509219176
0.02 0.013215859030836996 0.005464480874316946 0.612150337717933 0.019694950392418184 0.0 0.9805675805675806
0.022222222222222223 0.004405286343612369 0.005464480874316946 0.6121248928421272 0.0213830889974826 0.0 0.9786435786435786
0.02666666666666667 0.0 0.0 0.6250787074122988 0.02641788834592033 0.0 0.9736091069424403
0.015555555555555555 0.07929515418502198 0.049180327868852514 0.5992151989000727 0.014600918110469421 0.0 0.985249318582652
0.02666666666666667 0.0 0.0 0.6247418767736105 0.026240189545387236 0.0 0.9736411736411736
0.022222222222222223 0.013215859030836996 0.005464480874316946 0.6135649654973703 0.021116540796682955 0.0 0.979028379028379
0.017777777777777778 0.04405286343612336 0.02732240437158473 0.6139140423375826 0.017266400118465867 0.0 0.9824915824915825
0.017777777777777778 0.04405286343612336 0.02732240437158473 0.6144541487310173 0.01694061898415519 0.0 0.9828122494789162
0.02 0.026431718061673992 0.010928961748633892 0.615296164199673 0.019546868058640605 0.0 0.9803751803751803
0.02666666666666667 0.0 0.0 0.6366709027699738 0.02680290241374204 0.0 0.9728715728715729
0.02666666666666667 0.0 0.0 0.6227741306108181 0.02615134014512069 0.0 0.9738656405323073
0.02666666666666667 0.0 0.0 0.630493798856802 0.026269806012142752 0.0 0.9734487734487735
0.02666666666666667 0.0 0.0 0.6366791117952109 0.026684436546719977 0.0 0.9730319063652397
0.02666666666666667 0.0 0.0 0.6242437974249119 0.026329038945653783 0.0 0.9738335738335738
0.02666666666666667 0.0 0.0 0.6330049214917635 0.02659558714645343 0.0 0.9732563732563733
0.015555555555555555 0.11894273127753308 0.049180327868852514 0.6127720093885508 0.014393602843180808 0.0 0.9854417187750522
0.02 0.026431718061673992 0.021857923497267784 0.6130009971824987 0.018836072856508217 0.0 0.9810165143498477
0.022222222222222223 0.008810572687224627 0.005464480874316946 0.6163816403754486 0.021501554864504665 0.0 0.9785153118486452
0.013333333333333334 0.11013215859030834 0.03825136612021862 0.6060076252723311 0.013297793573226715 0.0 0.98666025332692
0.024444444444444446 0.0 0.0 0.6121755125132553 0.02348585813712424 0.0 0.9766875100208434
0.015555555555555555 0.052863436123347984 0.005464480874316946 0.6173698134224449 0.015726343847179032 0.0 0.9843514510181177
0.02 0.008810572687224627 0.005464480874316946 0.6088527904414129 0.019487635125129573 0.0 0.9808241141574475
0.017777777777777778 0.026431718061673992 0.005464480874316946 0.6018899648253362 0.017355249518732414 0.0 0.9827481160814494
0.015555555555555555 0.052863436123347984 0.005464480874316946 0.6250677756482708 0.015755960313934548 0.0 0.9840949174282507
0.024444444444444446 0.0 0.0 0.6113055253999528 0.023397008736857693 0.0 0.9769761103094436
0.024444444444444446 0.0 0.0 0.6115374117548338 0.023219309936324598 0.0 0.9771043771043771
0.024444444444444446 0.0 0.0 0.6112796525799622 0.02363394047090182 0.0 0.9764951098284432
0.024444444444444446 0.0 0.0 0.6148238698006501 0.023545091070635273 0.0 0.97665544332211
0.024444444444444446 0.0 0.0 0.6249189037656532 0.02310084406930253 0.0 0.9768478435145103
0.015555555555555555 0.11894273127753308 0.09836065573770492 0.6197906940553998 0.014275136976158745 0.0 0.9857303190636524
0.017777777777777778 0.026431718061673992 0.010928961748633892 0.6211191274755515 0.017059084851177256 0.0 0.9829725829725829
0.02 0.013215859030836996 0.005464480874316946 0.6159073302810403 0.01919147045757441 0.0 0.9809203142536476
0.02 0.013215859030836996 0.005464480874316946 0.6204225671750182 0.019013771657041316 0.0 0.9809844476511144
0.022222222222222223 0.004405286343612369 0.0 0.6267615525742462 0.0213830889974826 0.0 0.9786115119448453
0.02666666666666667 0.0 0.0 0.6225950391198071 0.02567747667703243 0.0 0.9745069745069745
0.02666666666666667 0.0 0.0 0.6190078210976047 0.025351695542721753 0.0 0.9751483084816418
0.024444444444444446 0.0 0.0 0.6191368126197848 0.024226269806012144 0.0 0.9758858425525092
0.013333333333333334 0.10572687224669608 0.07103825136612019 0.581675348501974 0.012557381904338812 0.0 0.9875581208914542
0.017777777777777778 0.03524229074889873 0.021857923497267784 0.5973114684470279 0.017059084851177256 0.0 0.9829405162738496
0.015555555555555555 0.07929515418502198 0.060109289617486295 0.597808480117193 0.014630534577224937 0.0 0.9852172518839185
0.02 0.013215859030836996 0.010928961748633892 0.6049981298562309 0.019487635125129573 0.0 0.9806317139650473
0.022222222222222223 0.004405286343612369 0.0 0.6150212268143126 0.021886568932326374 0.0 0.9781305114638448
0.017777777777777778 0.03524229074889873 0.010928961748633892 0.6003088516108196 0.017444098918998962 0.0 0.9826519159852494
0.024444444444444446 0.0 0.0 0.6190999110968153 0.024433585073300755 0.0 0.9756293089626423
0.024444444444444446 0.0 0.0 0.6210034667774609 0.02431511920627869 0.0 0.9756613756613757
0.024444444444444446 0.0 0.0 0.6208709496557795 0.024522434473567303 0.0 0.9754048420715088
0.024444444444444446 0.0 0.0 0.6223904793177242 0.024433585073300755 0.0 0.975597242263909
0.024444444444444446 0.0 0.0 0.6206035699766351 0.02455205094032282 0.0 0.9755651755651756
0.024444444444444446 0.0 0.0 0.6250262920773758 0.02416703687250111 0.0 0.9757255090588424
0.015555555555555555 0.07048458149779735 0.049180327868852514 0.6123970055858601 0.015252480379090775 0.0 0.9847683181016514
0.02 0.013215859030836996 0.005464480874316946 0.623397546152964 0.020050347993484378 0.0 0.9798300464967131
0.022222222222222223 0.004405286343612369 0.0 0.630851679853228 0.02244928180068118 0.0 0.9774891774891775
0.022222222222222223 0.004405286343612369 0.0 0.6336719795130528 0.02250851473419221 0.0 0.9773929773929774
0.022222222222222223 0.004405286343612369 0.0 0.6336303176241258 0.022538131200947727 0.0 0.977264710598044
0.02 0.013215859030836996 0.005464480874316946 0.6210583648664145 0.020139197393750925 0.0 0.9797338464005131
0.02 0.013215859030836996 0.005464480874316946 0.6212595077017162 0.019991115059973346 0.0 0.9799262465929133
0.028888888888888888 0.0 0.0 0.6318163959760172 0.02772101288316304 0.0 0.9720378387045054
0.015555555555555555 0.10132158590308371 0.04371584699453557 0.6245886366242404 0.015341329779357323 0.0 0.9844797178130512
0.028888888888888888 0.0 0.0 0.6336121435147988 0.028639123352584037 0.0 0.9710758377425044
0.017777777777777778 0.048458149779735726 0.021857923497267784 0.621503206545776 0.017740263586554124 0.0 0.9820426487093153
0.02 0.026431718061673992 0.016393442622950838 0.6091361392735232 0.01942840219161854 0.0 0.9804713804713805
0.022222222222222223 0.013215859030836996 0.005464480874316946 0.626586973970875 0.02191618539908189 0.0 0.9778419111752445
0.02666666666666667 0.004405286343612369 0.0 0.62770549453986 0.025855175477565526 0.0 0.973929773929774
0.024444444444444446 0.008810572687224627 0.005464480874316946 0.6198628332451863 0.023604324004146304 0.0 0.9762706429373096
0.024444444444444446 0.008810572687224627 0.0 0.6357567939456484 0.02461128387383385 0.0 0.9751162417829085
0.02666666666666667 0.004405286343612369 0.0 0.6412371261635968 0.026832518880497556 0.0 0.9728074394741062
0.028888888888888888 0.0 0.0 0.6308421387517601 0.027869095216940618 0.0 0.9720378387045054
0.022222222222222223 0.013215859030836996 0.005464480874316946 0.6297373198792189 0.022153117133126017 0.0 0.977617444284111
0.024444444444444446 0.008810572687224627 0.005464480874316946 0.6325563909774439 0.023782022804679403 0.0 0.975949975949976
0.02666666666666667 0.004405286343612369 0.005464480874316946 0.6251223041664219 0.025470161409743817 0.0 0.974378707712041
0.028888888888888888 0.0 0.0 0.6313447937048795 0.028046794017473717 0.0 0.9717813051146384
0.02666666666666667 0.004405286343612369 0.0 0.6255108833088711 0.026299422478898268 0.0 0.9735449735449736
0.028888888888888888 0.0 0.0 0.6316962883288197 0.028520657485561974 0.0 0.9712682379349047
0.02666666666666667 0.004405286343612369 0.0 0.6302974989120502 0.0263586554124093 0.0 0.9733525733525734
0.028888888888888888 0.0 0.0 0.6322039441576831 0.028046794017473717 0.0 0.9716851050184384
0.02666666666666667 0.004405286343612369 0.0 0.6267341583711554 0.02621057307863172 0.0 0.9736411736411736
0.028888888888888888 0.0 0.0 0.6300151514116149 0.028076410484229233 0.0 0.9717492384159051
0.024444444444444446 0.008810572687224627 0.005464480874316946 0.6213868974163094 0.023545091070635273 0.0 0.976302709636043
0.02666666666666667 0.004405286343612369 0.005464480874316946 0.6259343647695041 0.02603287427809862 0.0 0.9737053070386404
0.02666666666666667 0.004405286343612369 0.0 0.6260203640815097 0.025944024877832074 0.0 0.9738977072310406
0.02666666666666667 0.004405286343612369 0.005464480874316946 0.625971565987046 0.025707093143787947 0.0 0.9741542408209075
0.028888888888888888 0.0 0.0 0.6336348010258466 0.028224492818006812 0.0 0.9714606381273049
0.02666666666666667 0.004405286343612369 0.005464480874316946 0.6285836289899759 0.0256182437435214 0.0 0.9742183742183742
0.024444444444444446 0.008810572687224627 0.0 0.635818557087907 0.02416703687250111 0.0 0.9755010421677088
0.02666666666666667 0.004405286343612369 0.005464480874316946 0.6272952480382822 0.025647860210276915 0.0 0.9741221741221742
0.028888888888888888 0.0 0.0 0.6290404531652448 0.02816525988449578 0.0 0.9717492384159051
0.024444444444444446 0.008810572687224627 0.005464480874316946 0.6217477482957362 0.023841255738190435 0.0 0.976046176046176
0.02666666666666667 0.004405286343612369 0.0 0.6366334452441265 0.02597364134458759 0.0 0.9737373737373738
0.028888888888888888 0.0 0.0 0.6267885076276958 0.02798756108396268 0.0 0.9718775052108386
0.02666666666666667 0.004405286343612369 0.0 0.62952663235171 0.026714053013475493 0.0 0.9730639730639731
0.028888888888888888 0.0 0.0 0.6333362841832122 0.027957944617207166 0.0 0.9718133718133718
0.02666666666666667 0.004405286343612369 0.005464480874316946 0.6249111032586266 0.02558862727676588 0.0 0.9743466410133077
0.02666666666666667 0.004405286343612369 0.0 0.6369449321461705 0.026240189545387236 0.0 0.9735449735449736
0.028888888888888888 0.0 0.0 0.630476751931265 0.028402191618539907 0.0 0.9713323713323714
0.02666666666666667 0.004405286343612369 0.0 0.6398629148629149 0.026447504812675847 0.0 0.9732243065576399
0.024444444444444446 0.008810572687224627 0.0 0.6371390374331551 0.024640900340589366 0.0 0.9749879749879751
0.024444444444444446 0.008810572687224627 0.005464480874316946 0.6327147413989522 0.02381163927143492 0.0 0.9758537758537759
0.02666666666666667 0.004405286343612369 0.0 0.6401773987106807 0.02603287427809862 0.0 0.9736091069424403
0.024444444444444446 0.008810572687224627 0.0 0.6343980048159614 0.02425588627276766 0.0 0.9754689754689755
0.02666666666666667 0.004405286343612369 0.005464480874316946 0.6286915548331957 0.025944024877832074 0.0 0.9738015071348405
0.017777777777777778 0.03083700440528636 0.016393442622950838 0.612315562189788 0.017444098918998962 0.0 0.9823953823953824
0.02666666666666667 0.0 0.0 0.6274806892453952 0.025559010810010364 0.0 0.9744107744107744
0.017777777777777778 0.03083700440528636 0.016393442622950838 0.6087332301341589 0.017503331852509997 0.0 0.982619849286516
0.02 0.022026431718061623 0.016393442622950838 0.606749717430832 0.019102621057307864 0.0 0.9809203142536476
0.024444444444444446 0.004405286343612369 0.005464480874316946 0.6265905963661383 0.023397008736857693 0.0 0.9764309764309764
0.02666666666666667 0.0 0.0 0.6229796018108713 0.025647860210276915 0.0 0.9744428411095079
0.02 0.022026431718061623 0.016393442622950838 0.6199830663259456 0.019398785724863025 0.0 0.980599647266314
0.02666666666666667 0.0 0.0 0.6308471971784666 0.025410928476232785 0.0 0.974378707712041
0.02666666666666667 0.0 0.0 0.6332420567908187 0.025855175477565526 0.0 0.9739618406285073
0.02666666666666667 0.0 0.0 0.6241666722510377 0.025884791944321042 0.0 0.9741863075196409
0.02 0.022026431718061623 0.005464480874316946 0.6259640283988839 0.0197245668591737 0.0 0.9800865800865801
0.02666666666666667 0.0 0.0 0.628245847576343 0.025322079075966238 0.0 0.9746031746031746
0.02666666666666667 0.0 0.0 0.6285599154600705 0.02582555901081001 0.0 0.9741542408209075
0.02666666666666667 0.0 0.0 0.6309373403800651 0.02576632607729898 0.0 0.9741863075196409
0.02666666666666667 0.0 0.0 0.624654057529445 0.0256182437435214 0.0 0.9744428411095079
0.02666666666666667 0.0 0.0 0.6300162356276909 0.025647860210276915 0.0 0.9742504409171077
0.024444444444444446 0.004405286343612369 0.005464480874316946 0.6323010288644965 0.023604324004146304 0.0 0.9761423761423762
0.02666666666666667 0.0 0.0 0.6314647190614685 0.02567747667703243 0.0 0.9741221741221742
0.02666666666666667 0.0 0.0 0.6270944741532979 0.025707093143787947 0.0 0.9742183742183742
0.024444444444444446 0.004405286343612369 0.005464480874316946 0.6248288390316257 0.023545091070635273 0.0 0.9762385762385762
0.02666666666666667 0.0 0.0 0.6322717630380172 0.02558862727676588 0.0 0.9742183742183742
0.022222222222222223 0.0 0.0 0.6091659715318126 0.021827335998815343 0.0 0.9782587782587783
0.008888888888888889 0.2555066079295154 0.1311475409836066 0.5797827903091061 0.008648008292610691 0.0 0.9915023248356581
0.011111111111111112 0.17180616740088106 0.060109289617486295 0.602233709273183 0.011165407966829558 0.0 0.9891293891293892
0.013333333333333334 0.07488986784140972 0.049180327868852514 0.5854390879158681 0.012942395972160521 0.0 0.9871412538079205
0.015555555555555555 0.03964757709251099 0.016393442622950838 0.6043601066157457 0.015400562712868354 0.0 0.9846721180054514
0.017777777777777778 0.017621145374449365 0.010928961748633892 0.6083865783155368 0.017532948319265513 0.0 0.9824915824915825
0.02 0.004405286343612369 0.005464480874316946 0.6034733838429659 0.019161853990818895 0.0 0.980952380952381
0.022222222222222223 0.0 0.0 0.6129655166910069 0.02167925366503776 0.0 0.9784191117524451
0.022222222222222223 0.0 0.0 0.6122191382175903 0.021442321930993633 0.0 0.9786435786435786
0.015555555555555555 0.07929515418502198 0.04371584699453557 0.6060893363193232 0.015370946246112838 0.0 0.9846721180054514
0.028888888888888888 0.0 0.0 0.6333627364229889 0.028727972752850585 0.0 0.9711720378387045
0.017777777777777778 0.04405286343612336 0.010928961748633892 0.621108355622951 0.018036428254109286 0.0 0.9819464486131153
0.02 0.026431718061673992 0.010928961748633892 0.6224955010494226 0.01996149859321783 0.0 0.9797979797979798
0.02 0.026431718061673992 0.005464480874316946 0.6290417117139255 0.020198430327261957 0.0 0.9795735129068462
0.022222222222222223 0.013215859030836996 0.005464480874316946 0.6269809453245988 0.02206426773285947 0.0 0.977713644380311
0.02666666666666667 0.004405286343612369 0.005464480874316946 0.6355827601764136 0.026299422478898268 0.0 0.9733525733525734
0.024444444444444446 0.008810572687224627 0.005464480874316946 0.6293117658055739 0.02372278987116837 0.0 0.9761103094436429
0.028888888888888888 0.0 0.0 0.621457933709363 0.027158300014808234 0.0 0.9730639730639731
0.02666666666666667 0.004405286343612369 0.005464480874316946 0.6307767388843241 0.026536354212942394 0.0 0.9732884399551066
0.028888888888888888 0.0 0.0 0.6297021711033977 0.02846142455205094 0.0 0.9713965047298381
0.024444444444444446 0.008810572687224627 0.005464480874316946 0.6295529066736499 0.023900488671701466 0.0 0.9757896424563092
0.02666666666666667 0.004405286343612369 0.005464480874316946 0.6282351427668766 0.026714053013475493 0.0 0.9732563732563733
0.028888888888888888 0.0 0.0 0.6342066885752883 0.027691396416407523 0.0 0.9722943722943723
0.028888888888888888 0.0 0.0 0.629377573981944 0.028639123352584037 0.0 0.9713323713323714
0.02666666666666667 0.004405286343612369 0.005464480874316946 0.6313465773992089 0.02695098474751962 0.0 0.9730319063652397
0.028888888888888888 0.0 0.0 0.6274686333926631 0.028194876351251296 0.0 0.9718454385121053
0.02666666666666667 0.004405286343612369 0.005464480874316946 0.6325444063447161 0.026062490744854137 0.0 0.973673240339907
0.028888888888888888 0.0 0.0 0.6376673800078186 0.028876055086628164 0.0 0.971043771043771
0.02666666666666667 0.004405286343612369 0.005464480874316946 0.6319652233158429 0.026625203613208945 0.0 0.9731922398589066
0.028888888888888888 0.0 0.0 0.6295027848850189 0.028431808085295423 0.0 0.9716530383197051
0.02666666666666667 0.004405286343612369 0.005464480874316946 0.6384719182319801 0.027099067081297203 0.0 0.9727433060766394
0.024444444444444446 0.008810572687224627 0.005464480874316946 0.6401913042238121 0.02461128387383385 0.0 0.9750200416867084
0.024444444444444446 0.008810572687224627 0.005464480874316946 0.6281305708395495 0.023930105138456982 0.0 0.9758217091550425
0.02666666666666667 0.004405286343612369 0.005464480874316946 0.6283109971383968 0.026447504812675847 0.0 0.9735129068462403
0.028888888888888888 0.0 0.0 0.629541525163995 0.028283725751517844 0.0 0.9716851050184384
0.028888888888888888 0.0 0.0 0.6248159399058425 0.02792832815045165 0.0 0.972262305595639
0.024444444444444446 0.008810572687224627 0.005464480874316946 0.6250153965401644 0.023959721605212498 0.0 0.9758217091550425
0.02666666666666667 0.004405286343612369 0.005464480874316946 0.6297615253110611 0.025855175477565526 0.0 0.9737694404361071
0.024444444444444446 0.008810572687224627 0.005464480874316946 0.6282409180087201 0.024196653339256628 0.0 0.9755651755651756
0.028888888888888888 0.0 0.0 0.6303089339303319 0.02869835628609507 0.0 0.971300304633638
0.028888888888888888 0.0 0.0 0.6264331213470891 0.02846142455205094 0.0 0.9717492384159051
0.02666666666666667 0.004405286343612369 0.005464480874316946 0.6270678603302445 0.026240189545387236 0.0 0.9736091069424403
0.028888888888888888 0.0 0.0 0.6283870304410909 0.028491041018806458 0.0 0.9715889049222383
0.02666666666666667 0.004405286343612369 0.005464480874316946 0.6356136138256883 0.026714053013475493 0.0 0.9730319063652397
0.024444444444444446 0.0 0.0 0.6169231851739594 0.023308159336591146 0.0 0.97665544332211
0.024444444444444446 0.0 0.0 0.6115033083531537 0.023071227602547015 0.0 0.9771685105018438
0.02 0.017621145374449365 0.005464480874316946 0.6013461373078246 0.019102621057307864 0.0 0.9812089145422479
0.022222222222222223 0.004405286343612369 0.0 0.6067510488975918 0.021116540796682955 0.0 0.9791887125220459
0.024444444444444446 0.0 0.0 0.611606517837168 0.023308159336591146 0.0 0.9770402437069104
0.024444444444444446 0.0 0.0 0.6171137909218405 0.023071227602547015 0.0 0.9770723104056438
0.024444444444444446 0.0 0.0 0.6068277269529734 0.022775062934991857 0.0 0.9774571107904442
0.024444444444444446 0.0 0.0 0.6066094188202268 0.022686213534725306 0.0 0.9776815776815777
0.024444444444444446 0.0 0.0 0.6151234541172622 0.02333777580334666 0.0 0.9768157768157768
0.024444444444444446 0.0 0.0 0.6094614776348524 0.023160077002813563 0.0 0.9773288439955107
0.024444444444444446 0.0 0.0 0.6140698843640021 0.023367392270102177 0.0 0.9766875100208434
0.024444444444444446 0.0 0.0 0.609865746568533 0.023248926403080114 0.0 0.9771043771043771
0.024444444444444446 0.0 0.0 0.6128409490406397 0.023782022804679403 0.0 0.9764309764309764
0.015555555555555555 0.08810572687224671 0.049180327868852514 0.5959856614710661 0.014778616911002518 0.0 0.9850889850889851
0.02 0.013215859030836996 0.016393442622950838 0.5990402728792821 0.018954538723530284 0.0 0.9812409812409812
0.017777777777777778 0.048458149779735726 0.04371584699453557 0.5963614629387516 0.01664445431660003 0.0 0.9835497835497836
0.022222222222222223 0.008810572687224627 0.010928961748633892 0.6122745872978073 0.02132385606397157 0.0 0.9787397787397788
0.024444444444444446 0.0 0.0 0.6194314672255848 0.024107803938990077 0.0 0.9759820426487094
0.024444444444444446 0.0 0.0 0.6155952724605978 0.023841255738190435 0.0 0.9763347763347764
0.024444444444444446 0.0 0.0 0.614167449337728 0.023959721605212498 0.0 0.9762706429373096
0.024444444444444446 0.0 0.0 0.6173474693521134 0.024048571005479046 0.0 0.9760782427449094
0.022222222222222223 0.008810572687224627 0.010928961748633892 0.6051902506391673 0.021264623130460535 0.0 0.9790925124258458
0.024444444444444446 0.0 0.0 0.619144698610643 0.023604324004146304 0.0 0.9764630431297098
0.024444444444444446 0.0 0.0 0.6209519350618423 0.024196653339256628 0.0 0.9757575757575758
0.024444444444444446 0.0 0.0 0.6095535527424073 0.023545091070635273 0.0 0.9768799102132436
0.024444444444444446 0.0 0.0 0.6192736976567543 0.02381163927143492 0.0 0.9762385762385762
0.013333333333333334 0.10572687224669608 0.021857923497267784 0.6378310973512211 0.013919739375092551 0.0 0.9860830527497194
0.024444444444444446 0.0 0.0 0.6199468935698882 0.023604324004146304 0.0 0.9763668430335097
0.015555555555555555 0.06167400881057272 0.0 0.6419344930954838 0.016377906115800384 0.0 0.9835177168510502
0.017777777777777778 0.03524229074889873 0.0 0.6294781070322867 0.01836220938841996 0.0 0.981657848324515
0.02 0.022026431718061623 0.0 0.6168521374661725 0.020020731526728862 0.0 0.9799262465929133
0.02 0.022026431718061623 0.0 0.6153352130325814 0.01996149859321783 0.0 0.9799583132916466
0.022222222222222223 0.008810572687224627 0.0 0.6115068729000618 0.021590404264771212 0.0 0.9784191117524451
0.024444444444444446 0.0 0.0 0.6192142799502778 0.023663556937657336 0.0 0.9763989097322431
0.02 0.022026431718061623 0.0 0.6141475104129903 0.019606100992151636 0.0 0.9802789802789803
0.024444444444444446 0.0 0.0 0.6184852961717584 0.023989338071968014 0.0 0.9760782427449094
0.024444444444444446 0.0 0.0 0.619872230530829 0.02381163927143492 0.0 0.9761103094436429
0.024444444444444446 0.0 0.0 0.6183301065041847 0.02372278987116837 0.0 0.9763347763347764
0.017777777777777778 0.052863436123347984 0.010928961748633892 0.6199521914028769 0.01702946838442174 0.0 0.9829725829725829
0.02 0.03083700440528636 0.005464480874316946 0.6289881327774776 0.01951725159188509 0.0 0.9802789802789803
0.02 0.03083700440528636 0.005464480874316946 0.6208178489944487 0.01928031985784096 0.0 0.9808561808561809
0.02666666666666667 0.0 0.0 0.6237761149525858 0.025203613208944174 0.0 0.9750841750841751
0.02666666666666667 0.0 0.0 0.6237877590818769 0.025410928476232785 0.0 0.974987974987975
0.02666666666666667 0.0 0.0 0.6274791113026407 0.02517399674218866 0.0 0.975244508577842
0.02666666666666667 0.0 0.0 0.6259552674993855 0.025470161409743817 0.0 0.9746673080006414
0.02666666666666667 0.0 0.0 0.621746705879833 0.025559010810010364 0.0 0.9746031746031746
0.017777777777777778 0.03524229074889873 0.010928961748633892 0.6273596061231509 0.01791796238708722 0.0 0.9822029822029822
0.017777777777777778 0.03524229074889873 0.010928961748633892 0.6245001289989679 0.01782911298682067 0.0 0.9822991822991823
0.022222222222222223 0.013215859030836996 0.005464480874316946 0.6273761473400277 0.021768103065304308 0.0 0.9780343113676447
0.017777777777777778 0.03524229074889873 0.005464480874316946 0.6327357916850949 0.01782911298682067 0.0 0.9819464486131153
0.02666666666666667 0.0 0.0 0.6174030919773957 0.02552939434325485 0.0 0.9747955747955748
0.022222222222222223 0.013215859030836996 0.0 0.6204672492778791 0.021501554864504665 0.0 0.9785473785473786
0.02666666666666667 0.0 0.0 0.6258645357910065 0.026121723678365173 0.0 0.9738015071348405
0.02666666666666667 0.0 0.0 0.6233409771915965 0.025944024877832074 0.0 0.9741221741221742
0.02666666666666667 0.0 0.0 0.6260652008523527 0.025914408411076558 0.0 0.9739618406285073
0.02666666666666667 0.0 0.0 0.62225412831063 0.02621057307863172 0.0 0.973929773929774
0.02666666666666667 0.0 0.0 0.6239171632747484 0.025736709610543463 0.0 0.974378707712041
0.02666666666666667 0.0 0.0 0.6225832711320328 0.026003257811343106 0.0 0.9740901074234408
0.022222222222222223 0.0 0.0 0.6087112525322022 0.021175773730193987 0.0 0.9792207792207792
0.008888888888888889 0.2422907488986784 0.10382513661202186 0.6381213450292398 0.009329187027987561 0.04761904761904767 0.9907968574635242
0.011111111111111112 0.1674008810572687 0.11475409836065575 0.5743945648434814 0.010306530430919591 0.0 0.9898027898027898
0.013333333333333334 0.07488986784140972 0.02732240437158473 0.5917796124297673 0.013120094772693618 0.0 0.986916786916787
0.017777777777777778 0.013215859030836996 0.0 0.6106333542188803 0.017503331852509997 0.0 0.9825236491903159
0.015555555555555555 0.04405286343612336 0.016393442622950838 0.6061964551902632 0.015459795646379388 0.0 0.9844155844155844
0.02 0.008810572687224627 0.0 0.603213217548228 0.01919147045757441 0.0 0.980952380952381
0.02 0.008810572687224627 0.0 0.6130226505807002 0.019546868058640605 0.0 0.9804072470739138
0.022222222222222223 0.0 0.0 0.6088863635122667 0.021590404264771212 0.0 0.978675645342312
0.02 0.008810572687224627 0.010928961748633892 0.6052000904200336 0.01892492225677477 0.0 0.9811768478435146
0.02 0.008810572687224627 0.010928961748633892 0.6049474858169389 0.019043388123796832 0.0 0.9811127144460478
0.022222222222222223 0.0 0.0 0.6087052871830996 0.02162002073152673 0.0 0.9785473785473786
0.013333333333333334 0.07488986784140972 0.02732240437158473 0.5983098268547185 0.013416259440248778 0.0 0.9864357864357864
0.022222222222222223 0.0 0.0 0.6079590998192651 0.0213830889974826 0.0 0.9787718454385121
0.022222222222222223 0.0 0.0 0.6083456189493343 0.02129423959721605 0.0 0.9789642456309123
0.022222222222222223 0.0 0.0 0.6114862182689842 0.02129423959721605 0.0 0.9788680455347122
0.022222222222222223 0.0 0.0 0.6080434746998216 0.021353472530727086 0.0 0.9789001122334456
0.02 0.008810572687224627 0.0 0.6032949168946332 0.019369169258107506 0.0 0.9809203142536476
0.022222222222222223 0.0 0.0 0.6120530492898916 0.02153117133126018 0.0 0.9786435786435786
0.011111111111111112 0.20264317180616742 0.07103825136612019 0.5868725735908399 0.010987709166296461 0.0 0.989033189033189
0.013333333333333334 0.11894273127753308 0.04371584699453557 0.5959244516520059 0.013001628905671553 0.0 0.987012987012987
0.015555555555555555 0.08370044052863435 0.04371584699453557 0.6103622735643965 0.01528209684584629 0.0 0.9848003848003848
0.017777777777777778 0.052863436123347984 0.02732240437158473 0.6122789027891857 0.017444098918998962 0.0 0.9825557158890492
0.02666666666666667 0.0 0.0 0.6199800025369966 0.0256182437435214 0.0 0.9746993746993747
0.022222222222222223 0.008810572687224627 0.0 0.6133841113975271 0.021797719532059827 0.0 0.978322911656245
0.015555555555555555 0.07488986784140972 0.05464480874316935 0.6093061201088622 0.015252480379090775 0.0 0.9845438512105179
0.017777777777777778 0.03083700440528636 0.021857923497267784 0.6083688080495355 0.01717755071819932 0.0 0.9827160493827161
0.017777777777777778 0.03083700440528636 0.021857923497267784 0.6057496581628603 0.017266400118465867 0.0 0.9828763828763829
0.02 0.008810572687224627 0.005464480874316946 0.6193841254825518 0.019546868058640605 0.0 0.9802148468815136
0.022222222222222223 0.004405286343612369 0.0 0.6317974811757062 0.021768103065304308 0.0 0.9778419111752445
0.024444444444444446 0.0 0.0 0.6261323935782142 0.023456241670368725 0.0 0.9762706429373096
0.024444444444444446 0.0 0.0 0.6263571645073193 0.023308159336591146 0.0 0.9764630431297098
0.015555555555555555 0.07488986784140972 0.03825136612021862 0.6220539092830114 0.015578261513401451 0.0 0.984030784030784
0.024444444444444446 0.0 0.0 0.6228573783379584 0.02342662520361321 0.0 0.9764630431297098
0.022222222222222223 0.004405286343612369 0.0 0.6320722012001683 0.02162002073152673 0.0 0.9780343113676447
0.022222222222222223 0.004405286343612369 0.005464480874316946 0.6223677112170406 0.021264623130460535 0.0 0.9784511784511785
0.022222222222222223 0.004405286343612369 0.0 0.6318791805221114 0.02191618539908189 0.0 0.9776815776815777
0.015555555555555555 0.05726872246696035 0.016393442622950838 0.6148707143676183 0.01543017917962387 0.0 0.9843193843193844
0.024444444444444446 0.0 0.0 0.6195222123937296 0.023515474603879757 0.0 0.9765913099246433
0.017777777777777778 0.03083700440528636 0.010928961748633892 0.6134201926384588 0.017147934251443803 0.0 0.9825557158890492
0.017777777777777778 0.03083700440528636 0.005464480874316946 0.6118474802201581 0.017592181252776545 0.0 0.9823953823953824
0.022222222222222223 0.004405286343612369 0.005464480874316946 0.6154470326142152 0.021353472530727086 0.0 0.9788039121372455
0.02 0.013215859030836996 0.010928961748633892 0.6148996196919313 0.01919147045757441 0.0 0.9807279140612474
0.022222222222222223 0.004405286343612369 0.0 0.622167469326912 0.021797719532059827 0.0 0.9780663780663781
0.024444444444444446 0.0 0.0 0.6230934957715144 0.024048571005479046 0.0 0.9758217091550425
0.024444444444444446 0.0 0.0 0.6197016322171122 0.023663556937657336 0.0 0.9762065095398429
0.024444444444444446 0.0 0.0 0.6288853707352159 0.02440396860654524 0.0 0.9755010421677088
0.024444444444444446 0.0 0.0 0.624895784470088 0.024226269806012144 0.0 0.9756613756613757
0.011111111111111112 0.13656387665198233 0.07103825136612019 0.5692225662194703 0.010632311565230267 0.0 0.9893859227192561
0.022222222222222223 0.0 0.0 0.607335895289972 0.02093884199614986 0.0 0.9794452461119127
0.013333333333333334 0.07488986784140972 0.021857923497267784 0.5834407915212869 0.013060861839182586 0.0 0.9871091871091872
0.015555555555555555 0.048458149779735726 0.010928961748633892 0.5936962211785299 0.015459795646379388 0.0 0.9847683181016514
0.017777777777777778 0.026431718061673992 0.010928961748633892 0.599229646311966 0.0173256330519769 0.0 0.9829405162738496
0.017777777777777778 0.026431718061673992 0.016393442622950838 0.6062317032075987 0.017947578853842735 0.0 0.9822350489017155
0.02 0.013215859030836996 0.010928961748633892 0.6009486682764549 0.01933955279135199 0.0 0.9808561808561809
0.015555555555555555 0.048458149779735726 0.021857923497267784 0.5977269270281211 0.015489412113134904 0.0 0.9844797178130512
0.017777777777777778 0.026431718061673992 0.010928961748633892 0.6015726668535161 0.017266400118465867 0.0 0.9829725829725829
0.015555555555555555 0.048458149779735726 0.021857923497267784 0.593518662525739 0.015193247445579742 0.0 0.9850569183902518
0.024444444444444446 0.0 0.0 0.6224051739454216 0.023900488671701466 0.0 0.976046176046176
0.013333333333333334 0.10572687224669608 0.016393442622950838 0.6087825364063754 0.013386642973493262 0.0 0.9869809203142537
0.024444444444444446 0.0 0.0 0.6181487475372925 0.02327854286983563 0.0 0.9766875100208434
0.015555555555555555 0.06607929515418498 0.005464480874316946 0.6159293249463528 0.015459795646379388 0.0 0.9848965848965849
0.02 0.013215859030836996 0.005464480874316946 0.6071657653539749 0.019369169258107506 0.0 0.9806637806637807
0.015555555555555555 0.06607929515418498 0.005464480874316946 0.6197698085081984 0.015696727380423516 0.0 0.9844155844155844
0.02 0.013215859030836996 0.005464480874316946 0.6146821130986508 0.0197245668591737 0.0 0.9803751803751803
0.022222222222222223 0.004405286343612369 0.005464480874316946 0.6120179901320254 0.021353472530727086 0.0 0.9788359788359788
0.024444444444444446 0.0 0.0 0.6204582723777771 0.023515474603879757 0.0 0.9764630431297098
0.024444444444444446 0.0 0.0 0.6187985303310383 0.023900488671701466 0.0 0.9761103094436429
0.024444444444444446 0.0 0.0 0.6206209674398528 0.024048571005479046 0.0 0.9758537758537759
0.024444444444444446 0.0 0.0 0.611865110293903 0.023248926403080114 0.0 0.9768799102132436
0.024444444444444446 0.0 0.0 0.6203732894212771 0.023989338071968014 0.0 0.975949975949976
0.024444444444444446 0.0 0.0 0.6220595013861268 0.02363394047090182 0.0 0.976302709636043
0.013333333333333334 0.10572687224669608 0.010928961748633892 0.6085302717578258 0.013534725307270843 0.0 0.9865319865319866
0.024444444444444446 0.0 0.0 0.6189165057508711 0.023959721605212498 0.0 0.9760141093474427
0.024444444444444446 0.0 0.0 0.6168902391038614 0.023930105138456982 0.0 0.9762706429373096
0.024444444444444446 0.0 0.0 0.6205803243883741 0.023397008736857693 0.0 0.9765271765271766
0.017777777777777778 0.03524229074889873 0.005464480874316946 0.6096423775313093 0.017503331852509997 0.0 0.9826839826839827