0.30444444444444446 0.004405286343612369 0.0 0.6805032843028587 0.3080112542573671 0.0 0.6850408850408853
0.28444444444444444 0.004405286343612369 0.0 0.6784995835161793 0.28576928772397453 0.0 0.7078723745390414
0.30444444444444446 0.004405286343612369 0.0 0.6774221788977858 0.301406782170887 0.0 0.6922238255571592
0.33111111111111113 0.004405286343612369 0.0 0.6811532222635064 0.3325040722641789 0.0 0.65974025974026
0.30444444444444446 0.0 0.0 0.6734976551703515 0.3002813564341774 0.0 0.6936347603014273
0.28444444444444444 0.0 0.0 0.6892404857779542 0.28873093439952613 0.0 0.704152637485971
0.3022222222222222 0.0 0.0 0.684332863582776 0.30460536058048276 0.0 0.6887926887926892
0.3333333333333333 0.004405286343612369 0.0 0.6798984097322011 0.33262253813120096 0.0 0.6607343274009945
0.3 0.0 0.0 0.6874862363914731 0.3045165111802162 0.0 0.6881513548180216
0.3 0.0 0.0 0.6742846006500574 0.29758625795942545 0.0 0.6958152958152961
0.32666666666666666 0.0 0.0 0.6785931032814005 0.32767658818302975 0.0 0.6665383998717334
0.3111111111111111 0.0 0.0 0.6732198973532463 0.306915444987413 0.0 0.6871252204585541
0.31777777777777777 0.004405286343612369 0.0 0.6748356806981559 0.31713312601806604 0.0 0.6769280102613437
0.3022222222222222 0.0 0.0 0.6851843674543814 0.3063231156523027 0.0 0.6870931537598206
0.28444444444444444 0.0 0.0 0.6870651146832855 0.28760550866281653 0.0 0.7052108385441721
0.30666666666666664 0.0 0.0 0.6748651335586124 0.3027099067081297 0.0 0.6907166907166911
0.30444444444444446 0.0 0.0 0.674181982122455 0.3002517399674219 0.0 0.6933782267115605
0.29777777777777775 0.004405286343612369 0.0 0.6906734260733423 0.30105138456982083 0.0 0.6916786916786921
0.3288888888888889 0.004405286343612369 0.0 0.6819721408932534 0.3303716866577817 0.0 0.6615680615680618
0.2733333333333333 0.004405286343612369 0.0 0.685537503345126 0.27487042795794464 0.0 0.7179092512425848
0.29333333333333333 0.004405286343612369 0.0 0.6911127000952493 0.29776395675995854 0.0 0.6956549623216292
0.35333333333333333 0.004405286343612369 0.0 0.6806614415404006 0.3537686953946394 0.0 0.6396665063331732
0.30444444444444446 0.004405286343612369 0.0 0.6843718510816986 0.3073893084555013 0.0 0.6865159531826202
0.29333333333333333 0.0 0.0 0.6740866620772421 0.2939730490152525 0.0 0.7015552348885685
0.30444444444444446 0.004405286343612369 0.0 0.6811613918777886 0.30552347104990374 0.0 0.6867404200737536
0.32222222222222224 0.0 0.0 0.6782775853712283 0.3231748852361913 0.0 0.6710277376944045
0.29555555555555557 0.0 0.0 0.6747474487664832 0.2922552939434325 0.0 0.7012987012987015
0.3022222222222222 0.004405286343612369 0.0 0.6807519163921659 0.30401303124537243 0.0 0.6890171556838225
0.31333333333333335 0.004405286343612369 0.0 0.677193241371045 0.31328298533984894 0.0 0.6811928811928813
0.30666666666666664 0.004405286343612369 0.0 0.6813395273792001 0.3092255293943433 0.0 0.6837902837902841
0.32 0.004405286343612369 0.0 0.6834558508176106 0.3212201984303273 0.0 0.670803270803271
0.28888888888888886 0.004405286343612369 0.0 0.6832794717677885 0.29000444247001333 0.0 0.7026455026455027
0.3088888888888889 0.004405286343612369 0.0 0.6812377529951257 0.3113579150007404 0.0 0.6816097482764152
0.2777777777777778 0.004405286343612369 0.0 0.6837480923805848 0.2809121871760699 0.0 0.7124258457591794
0.3088888888888889 0.0 0.0 0.6734595062963585 0.30478305938101585 0.0 0.6892736892736897
0.2911111111111111 0.004405286343612369 0.0 0.6837315554288078 0.29329187027987563 0.0 0.7005611672278342
0.32 0.0 0.0 0.6775377348087996 0.3205390196949504 0.0 0.6737854737854739
0.3088888888888889 0.0 0.0 0.6749028388073697 0.3081889530579002 0.0 0.6857463524130193
0.3022222222222222 0.004405286343612369 0.0 0.6820790277805916 0.302324892640308 0.0 0.6901074234407569
0.31333333333333335 0.004405286343612369 0.0 0.6800353849321692 0.3153857544794906 0.0 0.6783389450056119
0.29333333333333333 0.0 0.0 0.6733393405046132 0.2932622538131201 0.0 0.7027417027417031
0.31555555555555553 0.0 0.0 0.6815727760964477 0.3168665778172664 0.0 0.6772486772486774
0.32 0.004405286343612369 0.0 0.6827348673801358 0.32302680290241376 0.0 0.6713484046817382
0.30666666666666664 0.004405286343612369 0.0 0.680572686743166 0.31020287279727526 0.0 0.682828282828283
0.3088888888888889 0.004405286343612369 0.0 0.6754752142853027 0.3050496075818155 0.0 0.6886644219977556
0.29555555555555557 0.004405286343612369 0.0 0.6898728336137521 0.30042943876795497 0.0 0.6928010261343597
0.32666666666666666 0.0 0.0 0.6739962436800195 0.3241226121723678 0.0 0.6707391374058043
0.29777777777777775 0.0 0.0 0.6855125769764737 0.3026802902413742 0.0 0.6909732243065578
0.3111111111111111 0.004405286343612369 0.0 0.6840167853549292 0.3142899452095365 0.0 0.6794612794612798
0.29555555555555557 0.0 0.0 0.6746992653678019 0.29234414334369907 0.0 0.701170434503768
0.3022222222222222 0.0 0.0 0.6736339534005759 0.29853398489560196 0.0 0.6953342953342957
0.31555555555555553 0.004405286343612369 0.0 0.6825135401210743 0.3181400858877536 0.0 0.6763187429854098
0.2822222222222222 0.004405286343612369 0.0 0.6863870973563926 0.2863320005923293 0.0 0.7070707070707072
0.2911111111111111 0.004405286343612369 0.0 0.6852929739793268 0.2960165852213831 0.0 0.6983164983164986
0.30444444444444446 0.0 0.0 0.671557066876866 0.3045461276469717 0.0 0.6901394901394904
0.3 0.004405286343612369 0.0 0.6789050888623144 0.30075521990226567 0.0 0.6919352252685589
0.31555555555555553 0.0 0.0 0.6791272763414811 0.3191174292906856 0.0 0.6745550745550748
0.3111111111111111 0.0 0.0 0.6760724413509264 0.31020287279727526 0.0 0.6832451499118168
0.3088888888888889 0.0 0.0 0.6786618278009939 0.3106175033318525 0.0 0.6835658168991505
0.3 0.0 0.0 0.673113911221435 0.29983710943284464 0.0 0.6964566297899633
0.31555555555555553 0.004405286343612369 0.0 0.6844818567815278 0.32009477269361764 0.0 0.6738496071829408
0.3 0.004405286343612369 0.0 0.6820398361939123 0.303183770176218 0.0 0.6912297578964248
0.3111111111111111 0.004405286343612369 0.0 0.6729480700050002 0.30884051532652157 0.0 0.6862273528940197
0.28888888888888886 0.004405286343612369 0.0 0.6806517993390274 0.29145564934103363 0.0 0.7016514349847687
0.33111111111111113 0.0 0.0 0.6778269906661162 0.33102324892640306 0.0 0.662626262626263
0.3022222222222222 0.0 0.0 0.6709910767406808 0.29853398489560196 0.0 0.6971941638608306
0.3088888888888889 0.0 0.0 0.6744525645121309 0.30786317192358953 0.0 0.6861952861952864
0.30666666666666664 0.0 0.0 0.6740636001470204 0.3024729749740856 0.0 0.6912938912938917
0.29777777777777775 0.0 0.0 0.6753856629088489 0.29486154301791795 0.0 0.6986371653038322
0.31777777777777777 0.0 0.0 0.6752186368753732 0.3179623870872205 0.0 0.6762225428892098
0.31555555555555553 0.004405286343612369 0.0 0.6759353084672115 0.31197986080260626 0.0 0.6818983485650155
0.28888888888888886 0.004405286343612369 0.0 0.682597794978324 0.2914260328742781 0.0 0.7033830367163703