0.2511111111111111 0.008810572687224627 0.005464480874316946 0.6861754520809638 0.2497852806160225 0.0 0.74320987654321
0.22444444444444445 0.008810572687224627 0.010928961748633892 0.6864885156412833 0.22665482007996446 0.0 0.7674523007856343
0.24888888888888888 0.08370044052863435 0.07650273224043713 0.6982204293681629 0.2562712868354805 0.04761904761904767 0.7356421356421359
0.24222222222222223 0.03083700440528636 0.016393442622950838 0.6946024644695333 0.24670516807344883 0.0 0.7469937469937473
0.23777777777777778 0.03083700440528636 0.03825136612021862 0.6904411629018518 0.24069302532207906 0.0 0.7536315536315539
0.28888888888888886 0.08370044052863435 0.07650273224043713 0.6940777426484589 0.2957204205538279 0.04761904761904767 0.697739297739298
0.2822222222222222 0.022026431718061623 0.010928961748633892 0.6948193596203096 0.2888494002665482 0.0 0.7053391053391056
0.24666666666666667 0.013215859030836996 0.010928961748633892 0.6943207345198718 0.2523026802902414 0.0 0.7400352733686069
0.2288888888888889 0.08370044052863435 0.07650273224043713 0.6874504809456659 0.22789871168369613 0.04761904761904767 0.7663299663299665
0.2911111111111111 0.08370044052863435 0.07650273224043713 0.6869506956052553 0.2934695690804087 0.04761904761904767 0.6996312329645665
0.26 0.03083700440528636 0.010928961748633892 0.6843382609407807 0.25801865837405596 0.0 0.7360269360269363
0.2644444444444444 0.008810572687224627 0.010928961748633892 0.6888786281101293 0.2678217088701318 0.0 0.7242263908930577
0.24666666666666667 0.013215859030836996 0.016393442622950838 0.6920026288742896 0.2495779653487339 0.0 0.744684944684945
0.25555555555555554 0.08370044052863435 0.07650273224043713 0.6962289846773786 0.2624907448541389 0.04761904761904767 0.7297739297739301
0.29777777777777775 0.03083700440528636 0.016393442622950838 0.6880704569471668 0.30167333037168664 0.0 0.691069424402758
0.22444444444444445 0.08370044052863435 0.07650273224043713 0.6924287555282321 0.22825410928476234 0.04761904761904767 0.766105499438833
0.25555555555555554 0.022026431718061623 0.005464480874316946 0.6864664360414 0.2554716422330816 0.0 0.7379509379509381
0.28 0.08370044052863435 0.07650273224043713 0.6920277767389272 0.2844365467199763 0.04761904761904767 0.7068462401795738
0.23333333333333334 0.017621145374449365 0.021857923497267784 0.6927539154595618 0.23639863764252925 0.0 0.7576398909732245
0.26 0.03083700440528636 0.03825136612021862 0.6908774975544547 0.26557085739671255 0.0 0.7297418630751966
0.26 0.03083700440528636 0.010928961748633892 0.6838675667221061 0.2582259736413446 0.0 0.7356421356421359
0.29333333333333333 0.08370044052863435 0.07650273224043713 0.6873454992816918 0.2960462016881386 0.04761904761904767 0.6969376302709638
0.21555555555555556 0.08370044052863435 0.07650273224043713 0.6887998659188523 0.21590404264771212 0.04761904761904767 0.7785794452461121
0.23555555555555555 0.03083700440528636 0.010928961748633892 0.6936582818788288 0.23675403524359545 0.0 0.7562930896264232
0.2733333333333333 0.03083700440528636 0.0 0.695795199524041 0.2794313638382941 0.0 0.713804713804714
0.28444444444444444 0.08370044052863435 0.07650273224043713 0.6951031325690351 0.2920183622093884 0.04761904761904767 0.7016514349847687
0.2733333333333333 0.08370044052863435 0.07650273224043713 0.6908769667334363 0.2751962090922553 0.04761904761904767 0.7173641173641175
0.25555555555555554 0.013215859030836996 0.016393442622950838 0.6882217213813253 0.25914408411076556 0.0 0.7360590027256697
0.23333333333333334 0.03083700440528636 0.010928961748633892 0.6909761272812244 0.2344735673034207 0.0 0.7586660253326922
0.22444444444444445 0.08370044052863435 0.07650273224043713 0.6881836172075384 0.22404857100547904 0.04761904761904767 0.7704665704665707
0.2644444444444444 0.008810572687224627 0.005464480874316946 0.6855469303185217 0.26678513253368874 0.0 0.7283629950296618
0.29555555555555557 0.08370044052863435 0.07650273224043713 0.6890433084761759 0.3002517399674219 0.04761904761904767 0.692640692640693
0.26222222222222225 0.03083700440528636 0.03825136612021862 0.6917821832978133 0.2661335702650674 0.0 0.7292608625941961
0.22666666666666666 0.08370044052863435 0.07650273224043713 0.6931725858981548 0.23065304309195914 0.04761904761904767 0.76302709636043
0.2577777777777778 0.008810572687224627 0.005464480874316946 0.6847399723283945 0.2599437287131645 0.0 0.7354176687510023
0.24888888888888888 0.03083700440528636 0.03825136612021862 0.6885168934967195 0.2510291722197542 0.0 0.7434343434343437
0.24 0.004405286343612369 0.005464480874316946 0.6888300079939533 0.2401599289204798 0.0 0.7532788199454867
0.27111111111111114 0.08370044052863435 0.07650273224043713 0.6919130157020603 0.27661779949652004 0.04761904761904767 0.7176847843514513
0.26666666666666666 0.0 0.0 0.691163670507418 0.2706056567451503 0.0 0.7236812570145907
0.24888888888888888 0.0 0.0 0.6846887587461483 0.24854138901229084 0.0 0.746801346801347
0.24222222222222223 0.008810572687224627 0.0 0.6829390946815151 0.24303272619576485 0.0 0.7519320185986855
0.24444444444444444 0.03083700440528636 0.03825136612021862 0.6921680078138052 0.24726788094180363 0.0 0.7470258136924806
0.29777777777777775 0.08370044052863435 0.07650273224043713 0.6855899991911864 0.29921516363097883 0.04761904761904767 0.6940195606862276
0.27111111111111114 0.08370044052863435 0.07650273224043713 0.6855230282087087 0.27303420701910264 0.04761904761904767 0.7214045214045215
0.2644444444444444 0.017621145374449365 0.005464480874316946 0.6856182084859247 0.2661631867318229 0.0 0.7275933942600612
0.27111111111111114 0.08370044052863435 0.07650273224043713 0.6916584111468302 0.27715089589811936 0.04761904761904767 0.7175244508577845
0.24888888888888888 0.008810572687224627 0.005464480874316946 0.6857946034299192 0.2469717162742485 0.0 0.7462562129228798
0.2511111111111111 0.03083700440528636 0.010928961748633892 0.6947604016275772 0.25479046349770473 0.0 0.7384640051306721
0.23777777777777778 0.008810572687224627 0.010928961748633892 0.686804028016925 0.24060417592181252 0.0 0.753727753727754
0.22444444444444445 0.03083700440528636 0.032786885245901676 0.6892525473799084 0.22692136828076412 0.0 0.7673881673881677
0.22 0.08370044052863435 0.07650273224043713 0.6930391872050419 0.22363394047090182 0.04761904761904767 0.7708513708513711
0.24444444444444444 0.03083700440528636 0.03825136612021862 0.6901094441133091 0.2484525396120243 0.0 0.7462241462241465
0.27111111111111114 0.008810572687224627 0.0 0.6852062980232576 0.2708129720124389 0.0 0.7225268558601894
0.2911111111111111 0.08370044052863435 0.07650273224043713 0.6899798637059453 0.29498000888494 0.04761904761904767 0.6971300304633641
0.28444444444444444 0.017621145374449365 0.021857923497267784 0.6907499713583722 0.2901229083370354 0.0 0.7034151034151036
0.24444444444444444 0.03083700440528636 0.03825136612021862 0.6878482794598643 0.24744557974233675 0.0 0.7480519480519483
0.24 0.008810572687224627 0.005464480874316946 0.6834461907245899 0.23992299718643567 0.0 0.7552348885682223
0.24444444444444444 0.03083700440528636 0.03825136612021862 0.687613234397491 0.2464386198726492 0.0 0.748116081449415
0.26222222222222225 0.03083700440528636 0.032786885245901676 0.6895598023121613 0.26734784540204354 0.0 0.7268558601891938
0.24888888888888888 0.08370044052863435 0.07650273224043713 0.688901544401052 0.25117725455353174 0.04761904761904767 0.742151675485009
0.29555555555555557 0.08370044052863435 0.07650273224043713 0.6933258949444641 0.30161409743817563 0.04761904761904767 0.6916145582812252
0.2577777777777778 0.03083700440528636 0.03825136612021862 0.6903635447990272 0.26281652598844957 0.0 0.732403399070066
0.24 0.03083700440528636 0.016393442622950838 0.6878907429646282 0.24344735673034207 0.0 0.7506814173480844
0.29333333333333333 0.08370044052863435 0.07650273224043713 0.6880332678451729 0.29619428402191617 0.04761904761904767 0.6966810966810969
0.2577777777777778 0.022026431718061623 0.005464480874316946 0.6856919327398394 0.2576040278394788 0.0 0.7359307359307362
0.24666666666666667 0.004405286343612369 0.0 0.68978297401391 0.24812675847771362 0.0 0.7460317460317463
0.2733333333333333 0.08370044052863435 0.07650273224043713 0.6874003839158623 0.2754035243595439 0.04761904761904767 0.717299983966651
0.2222222222222222 0.08370044052863435 0.07650273224043713 0.6933526702082218 0.22597364134458758 0.04761904761904767 0.7685425685425687
0.24444444444444444 0.004405286343612369 0.0 0.690414164041971 0.24620168813860507 0.0 0.7481802148468818
0.27555555555555555 0.017621145374449365 0.016393442622950838 0.684919874031105 0.2746927291574115 0.0 0.7186467853134522
0.29333333333333333 0.08370044052863435 0.07650273224043713 0.687383351298694 0.29575003702058345 0.04761904761904767 0.6971620971620974