0.24666666666666667 0.004405286343612369 0.0 0.6828945662192302 0.2531023248926403 0.0 0.7419913419913424
0.23333333333333334 0.004405286343612369 0.0 0.676765187878555 0.23494743077150895 0.0 0.7611351611351614
0.27111111111111114 0.004405286343612369 0.0 0.6749815196211659 0.2735673034207019 0.0 0.7218855218855222
0.24888888888888888 0.004405286343612369 0.0 0.6750284049197726 0.24857100547904634 0.0 0.745743145743146
0.24666666666666667 0.004405286343612369 0.0 0.6736473258743229 0.24874870427957946 0.0 0.7466089466089469
0.26666666666666666 0.0 0.0 0.6778285407941091 0.2663705019991115 0.0 0.728362995029662
0.23333333333333334 0.004405286343612369 0.0 0.6800000853107552 0.23530282837257516 0.0 0.7593073593073596
0.24444444444444444 0.0 0.0 0.679155793121571 0.24780097734340292 0.0 0.7475388808722145
0.24444444444444444 0.004405286343612369 0.0 0.6778219554290092 0.24546127646971716 0.0 0.7506172839506177
0.2511111111111111 0.004405286343612369 0.0 0.6808922809084784 0.2575447949059677 0.0 0.738015071348405
0.25555555555555554 0.004405286343612369 0.0 0.6747847237898251 0.25422775062934994 0.0 0.7402276735610072
0.2733333333333333 0.0 0.0 0.6731453198671769 0.27510735969198874 0.0 0.7200897867564537
0.24444444444444444 0.0 0.0 0.6739511185029332 0.2464978528061602 0.0 0.7498476831810168
0.25333333333333335 0.0 0.0 0.6754491725373141 0.25443506589663856 0.0 0.7409331409331412
0.26666666666666666 0.004405286343612369 0.0 0.6694375173758822 0.26539315859617946 0.0 0.7305435305435308
0.24444444444444444 0.004405286343612369 0.0 0.6778798504032582 0.24797867614393604 0.0 0.7477312810646147
0.2577777777777778 0.0 0.0 0.6760121851133079 0.26092107211609655 0.0 0.734680134680135
0.24888888888888888 0.0 0.0 0.676635685422595 0.25043684288464385 0.0 0.7445246111912782
0.27111111111111114 0.0 0.0 0.6715325544594581 0.27164223308159335 0.0 0.7248677248677251
0.24444444444444444 0.004405286343612369 0.0 0.6783668056233622 0.24854138901229084 0.0 0.7473785473785477
0.25555555555555554 0.0 0.0 0.6730218463936184 0.2543758329631275 0.0 0.7408369408369412
0.2577777777777778 0.004405286343612369 0.0 0.6722156430533842 0.25644898563601365 0.0 0.7384319384319388
0.25555555555555554 0.0 0.0 0.6802155270334143 0.2601214275136976 0.0 0.7350008016674687
0.24666666666666667 0.004405286343612369 0.0 0.6776691827198509 0.2501702946838442 0.0 0.7455828122494792
0.24 0.004405286343612369 0.0 0.6730150170311566 0.24214423219309936 0.0 0.754689754689755
0.2511111111111111 0.004405286343612369 0.0 0.6828760933678366 0.2566563009033022 0.0 0.738977072310406
0.2733333333333333 0.004405286343612369 0.0 0.6767769144550188 0.2735080704871909 0.0 0.7214686548019884
0.2511111111111111 0.004405286343612369 0.0 0.681566448418925 0.257159780838146 0.0 0.7381112714446052
0.26 0.004405286343612369 0.0 0.6662525948501364 0.25795942544054495 0.0 0.7390091390091393
0.28444444444444444 0.0 0.0 0.6807248865030296 0.28816822153117133 0.0 0.7077120410453748
0.24 0.004405286343612369 0.0 0.6787237661505897 0.24004146305345772 0.0 0.7543049543049547
0.25555555555555554 0.004405286343612369 0.0 0.6726130447824 0.2548793128979713 0.0 0.7400994067660738
0.2511111111111111 0.0 0.0 0.6769879420997511 0.2541981341625944 0.0 0.7414141414141417
0.2577777777777778 0.0 0.0 0.6776368829823558 0.2615134014512069 0.0 0.7339426006092676
0.22444444444444445 0.008810572687224627 0.0 0.6764647853313278 0.22677328594698654 0.0 0.7695687029020366
0.2577777777777778 0.004405286343612369 0.0 0.6725411798067169 0.25579742336739225 0.0 0.7384960718294056
0.26 0.004405286343612369 0.0 0.6685511179455362 0.25896638531023247 0.0 0.7382074715408051
0.24666666666666667 0.0 0.0 0.679284825424009 0.2499629794165556 0.0 0.7454545454545458
0.2511111111111111 0.004405286343612369 0.0 0.6797443216501334 0.2549089293647268 0.0 0.7404842071508742
0.24222222222222223 0.004405286343612369 0.0 0.675159107442621 0.2420553827928328 0.0 0.7534070867404205
0.26666666666666666 0.0 0.0 0.6778988705983836 0.27122760254701617 0.0 0.7236171236171239
0.24222222222222223 0.004405286343612369 0.0 0.673804420855064 0.24492818006811787 0.0 0.7515472182138851
0.2644444444444444 0.0 0.0 0.6750068841350436 0.2671109136679994 0.0 0.7282347282347286
0.24 0.004405286343612369 0.0 0.6783680329605837 0.2425588627276766 0.0 0.7532146865480202
0.2688888888888889 0.004405286343612369 0.0 0.6693133301939116 0.26740707833555455 0.0 0.7284271284271288
0.27111111111111114 0.0 0.0 0.6809429130863578 0.27510735969198874 0.0 0.7204425204425207
0.24222222222222223 0.004405286343612369 0.0 0.6770575251556618 0.2421738486598549 0.0 0.7523488856822194
0.2511111111111111 0.0 0.0 0.6748939801942305 0.25295424255886273 0.0 0.7431136764470101
0.24888888888888888 0.004405286343612369 0.0 0.6834828859769505 0.2543758329631275 0.0 0.7399711399711404
0.24444444444444444 0.0 0.0 0.6692585658609893 0.24507626240189545 0.0 0.7518358185024856
0.24222222222222223 0.004405286343612369 0.0 0.6699825678793577 0.24252924626092107 0.0 0.7542087542087546
0.26 0.004405286343612369 0.0 0.6782728081699924 0.2611283873833852 0.0 0.7335898669232006
0.24888888888888888 0.004405286343612369 0.0 0.6728514575042711 0.25061454168517694 0.0 0.7451659451659456
0.2688888888888889 0.004405286343612369 0.0 0.6842537762768283 0.2754035243595439 0.0 0.7195125861792533
0.24444444444444444 0.0 0.0 0.6701206462037135 0.24525396120242854 0.0 0.7513227513227516
0.27555555555555555 0.0 0.0 0.6774588069495722 0.2779209240337628 0.0 0.7172358505691843
0.25333333333333335 0.004405286343612369 0.0 0.6806572561860829 0.2593217829112987 0.0 0.73634760301427
0.2688888888888889 0.004405286343612369 0.0 0.6704050305328997 0.26811787353768696 0.0 0.7278819945486614
0.25333333333333335 0.0 0.0 0.6738052212349164 0.2545239152969051 0.0 0.7415424082090752
0.24 0.004405286343612369 0.0 0.6768001546076764 0.2435065896638531 0.0 0.7528940195606866
0.27111111111111114 0.0 0.0 0.6688889043396986 0.2701614097438176 0.0 0.7269520602853939
0.24888888888888888 0.004405286343612369 0.0 0.6783880291164203 0.2527173108248186 0.0 0.7430495430495434
0.24888888888888888 0.004405286343612369 0.0 0.669865658805844 0.24898563601362358 0.0 0.7479557479557483
0.26 0.004405286343612369 0.0 0.6720390330400247 0.25952909817858727 0.0 0.7356742023408693
0.2644444444444444 0.004405286343612369 0.0 0.682587849762427 0.26974677920924034 0.0 0.7251883918550589
0.23333333333333334 0.004405286343612369 0.0 0.6787447383928301 0.23476973197097586 0.0 0.7602372935706272
0.24222222222222223 0.0 0.0 0.6726986643829281 0.2426180956611876 0.0 0.7523488856822194
0.26 0.0 0.0 0.6824190334000718 0.2654523915296905 0.0 0.7295494628827965