0.26 0.004405286343612369 0.0 0.6812420650348453 0.26663705019991113 0.0 0.7288439955106626
0.2644444444444444 0.004405286343612369 0.0 0.6750271083913627 0.2611283873833852 0.0 0.7336540003206673
0.24444444444444444 0.004405286343612369 0.0 0.6794092289020667 0.24634977047238266 0.0 0.7493987493987497
0.28 0.004405286343612369 0.0 0.6822973088263613 0.2873685769287724 0.0 0.7066217732884403
0.2688888888888889 0.0 0.0 0.6778829658994492 0.2721753294831927 0.0 0.7228795895462565
0.2644444444444444 0.004405286343612369 0.0 0.6782822353121419 0.2659262549977788 0.0 0.7285553952220623
0.25333333333333335 0.0 0.0 0.6811336965543537 0.2558566563009033 0.0 0.7387846721180057
0.26666666666666666 0.0 0.0 0.6771180988537001 0.26980601214275135 0.0 0.725829725829726
0.25333333333333335 0.004405286343612369 0.0 0.6800008968834729 0.25221383088997484 0.0 0.7419272085938755
0.2688888888888889 0.004405286343612369 0.0 0.6788750045452664 0.2715533836813268 0.0 0.72291165624499
0.2644444444444444 0.004405286343612369 0.0 0.6796738224421845 0.2686509699392862 0.0 0.7266313932980603
0.26222222222222225 0.004405286343612369 0.0 0.6833151309581652 0.26462313046053604 0.0 0.7304793971460641
0.2733333333333333 0.004405286343612369 0.0 0.6855870813601745 0.27525544202576635 0.0 0.7178771845438516
0.25555555555555554 0.004405286343612369 0.0 0.6772637336628855 0.25979564637938696 0.0 0.7365720699054036
0.27111111111111114 0.0 0.0 0.6769996915057849 0.27001332741003997 0.0 0.7243546576879913
0.26666666666666666 0.004405286343612369 0.0 0.6812127247898597 0.2731822893528802 0.0 0.7220137886804557
0.2644444444444444 0.004405286343612369 0.0 0.6820646014314948 0.2674663112690656 0.0 0.7273689273689277
0.2644444444444444 0.004405286343612369 0.0 0.6793752291508797 0.2658077891307567 0.0 0.7293570626903962
0.2688888888888889 0.0 0.0 0.6784022045987467 0.27347845402043536 0.0 0.7215007215007219
0.24888888888888888 0.0 0.0 0.6825235810744247 0.25132533688730935 0.0 0.7425044091710761
0.26666666666666666 0.004405286343612369 0.0 0.6805936518252764 0.27232341181697023 0.0 0.7230399230399234
0.29555555555555557 0.004405286343612369 0.0 0.6850559236215091 0.29998519176662225 0.0 0.6936668270001607
0.24666666666666667 0.004405286343612369 0.0 0.6760365185224534 0.24803790907744705 0.0 0.7476992143658813
0.25333333333333335 0.004405286343612369 0.0 0.6737362495570256 0.25378350362801716 0.0 0.7423440756774093
0.2644444444444444 0.004405286343612369 0.0 0.6787490682213632 0.26565970679697914 0.0 0.730383197049864
0.2644444444444444 0.004405286343612369 0.0 0.6808459752962469 0.26823633940470903 0.0 0.7255090588423925
0.2777777777777778 0.004405286343612369 0.0 0.678970269011616 0.2828964904486895 0.0 0.7125220458553796
0.2511111111111111 0.004405286343612369 0.0 0.6806170176784819 0.25449429883014957 0.0 0.7408690075356744
0.26666666666666666 0.004405286343612369 0.0 0.6834364680221704 0.26903598400710793 0.0 0.7252845919512589
0.2777777777777778 0.004405286343612369 0.0 0.6786738073189114 0.282007996446024 0.0 0.71309924643258
0.2644444444444444 0.004405286343612369 0.0 0.6812159258965989 0.271049903746483 0.0 0.7241622574955913
0.2777777777777778 0.0 0.0 0.675749811713331 0.27620316896194286 0.0 0.7183581850248522
0.2688888888888889 0.0 0.0 0.6798190788252045 0.27119798608026063 0.0 0.7235850569183906
0.25555555555555554 0.004405286343612369 0.0 0.6817057060072806 0.2591737005775211 0.0 0.7353535353535356
0.2644444444444444 0.004405286343612369 0.0 0.6778690068308542 0.267258996001777 0.0 0.7279140612473949
0.26222222222222225 0.004405286343612369 0.0 0.6789797005334576 0.2678809418036428 0.0 0.727048260381594
0.2511111111111111 0.004405286343612369 0.0 0.6845383188210546 0.25422775062934994 0.0 0.7401956068622738
0.2511111111111111 0.004405286343612369 0.0 0.6781205369374328 0.253487338960462 0.0 0.7423120089786759
0.26222222222222225 0.004405286343612369 0.0 0.675174052485688 0.2637642529246261 0.0 0.7320827320827323
0.2822222222222222 0.004405286343612369 0.0 0.6806058527569785 0.28408114911891014 0.0 0.7101170434503772
0.25555555555555554 0.0 0.0 0.6805559563536954 0.2578705760402784 0.0 0.7364117364117366
0.26666666666666666 0.004405286343612369 0.0 0.6790572585008766 0.2701614097438176 0.0 0.7244829244829247
0.27111111111111114 0.0 0.0 0.6755748958033546 0.2698356286095069 0.0 0.7247073913740584
0.2777777777777778 0.0 0.0 0.6824522645968433 0.2823337775803347 0.0 0.7113035113035117
0.26666666666666666 0.004405286343612369 0.0 0.6783890319414501 0.271849548348882 0.0 0.7233285233285236
0.27555555555555555 0.004405286343612369 0.0 0.6771107527246439 0.2791055827039834 0.0 0.7169151835818506
0.26 0.004405286343612369 0.0 0.6798646637263763 0.2630238412557382 0.0 0.7328202661535999
0.2733333333333333 0.0 0.0 0.673020138144943 0.2759070042943877 0.0 0.7196087862754533
0.2511111111111111 0.0 0.0 0.6796277501495922 0.2517992003553976 0.0 0.7423761423761427
0.2688888888888889 0.004405286343612369 0.0 0.6779788239792632 0.27007256034355104 0.0 0.7246111912778582
0.2688888888888889 0.004405286343612369 0.0 0.6802635381053299 0.27063527321190584 0.0 0.7236812570145907
0.25555555555555554 0.004405286343612369 0.0 0.6832992278275272 0.2605064415815193 0.0 0.7337822671156008
0.26666666666666666 0.004405286343612369 0.0 0.6827016116639737 0.26968754627572933 0.0 0.7243867243867248
0.28 0.004405286343612369 0.0 0.683774200534808 0.28156374944469126 0.0 0.7118807118807122
0.2644444444444444 0.0 0.0 0.6803726869563104 0.2656893232637346 0.0 0.7287798621131958
0.24888888888888888 0.004405286343612369 0.0 0.6821272874236246 0.25061454168517694 0.0 0.7443001443001446
0.28444444444444444 0.004405286343612369 0.0 0.6808451184949379 0.2883163038649489 0.0 0.7055956389289726
0.2644444444444444 0.004405286343612369 0.0 0.6819119084928164 0.2713756848807937 0.0 0.7236812570145907
0.26666666666666666 0.004405286343612369 0.0 0.6787006867350065 0.26915444987413 0.0 0.7259900593233929
0.27555555555555555 0.0 0.0 0.6770710512086456 0.2756108396268325 0.0 0.718807118807119
0.27111111111111114 0.0 0.0 0.6766614465823237 0.27007256034355104 0.0 0.7240339907006577
0.2511111111111111 0.004405286343612369 0.0 0.6824966804717885 0.2546423811639271 0.0 0.7405804072470743
0.27555555555555555 0.004405286343612369 0.0 0.6794985640985441 0.28005330964015995 0.0 0.7150553150553154
0.26666666666666666 0.004405286343612369 0.0 0.6790939037594638 0.26557085739671255 0.0 0.7292287958954629
0.2511111111111111 0.004405286343612369 0.0 0.6791767181147921 0.2549681622982378 0.0 0.7404521404521407
0.2644444444444444 0.004405286343612369 0.0 0.6819482306409647 0.2643565822597364 0.0 0.729324995991663
0.2822222222222222 0.004405286343612369 0.0 0.6792247180204821 0.28727972752850583 0.0 0.707744107744108
0.23555555555555555 0.004405286343612369 0.0 0.6814364035193923 0.23844217384865984 0.0 0.7570626903960239
0.28 0.0 0.0 0.6793147610690565 0.28274840811491186 0.0 0.7113676447009785
0.2577777777777778 0.0 0.0 0.6779278178799742 0.2587294535761884 0.0 0.7359628026294696
0.25333333333333335 0.004405286343612369 0.0 0.6789704347493694 0.2573670961054346 0.0 0.7383357383357385
0.29333333333333333 0.004405286343612369 0.0 0.6851371556276418 0.2979120390937361 0.0 0.6956549623216294
0.26 0.0 0.0 0.67164588469488 0.2587886865096994 0.0 0.7364758698092035
0.2577777777777778 0.004405286343612369 0.0 0.6778996136891409 0.25896638531023247 0.0 0.7366682700016036
0.2688888888888889 0.004405286343612369 0.0 0.6779261256638279 0.2695986968754628 0.0 0.7251883918550588
0.28 0.0 0.0 0.6773068097327392 0.2812083518436251 0.0 0.7120410453743791
0.2511111111111111 0.004405286343612369 0.0 0.6839447138325403 0.2552939434325485 0.0 0.7397787397787401
0.2577777777777778 0.004405286343612369 0.0 0.6797588987474151 0.2617799496520065 0.0 0.7339426006092675
0.27555555555555555 0.004405286343612369 0.0 0.6776403060447327 0.27895750037020584 0.0 0.7167869167869172