0.2777777777777778 0.004405286343612369 0.0 0.6776417949351198 0.27676588183029766 0.0 0.7166586499919836
0.2911111111111111 0.004405286343612369 0.0 0.6807067073373095 0.2973493262253813 0.0 0.6967772967772972
0.2733333333333333 0.004405286343612369 0.0 0.6833407121097365 0.28067525544202576 0.0 0.7131954465287802
0.26222222222222225 0.004405286343612369 0.0 0.680776028400258 0.2645342810602695 0.0 0.7291005291005294
0.27555555555555555 0.004405286343612369 0.0 0.6776464478861209 0.2749000444247001 0.0 0.7185505852172521
0.26 0.004405286343612369 0.0 0.681674969130398 0.26527469272915744 0.0 0.7294853294853296
0.27111111111111114 0.004405286343612369 0.0 0.6864232887565328 0.27898711683696137 0.0 0.7145743145743149
0.2733333333333333 0.004405286343612369 0.0 0.6749389278228297 0.27404116688879016 0.0 0.7207311207311209
0.29555555555555557 0.0 0.0 0.6751139145943729 0.2971716274248482 0.0 0.6978354978354981
0.27555555555555555 0.004405286343612369 0.0 0.6772976242355004 0.27688434769731973 0.0 0.7171717171717173
0.2777777777777778 0.004405286343612369 0.0 0.6824632383196764 0.283844217384866 0.0 0.7093474426807763
0.2577777777777778 0.0 0.0 0.6831435496008708 0.2628461424552051 0.0 0.7305114638447974
0.2733333333333333 0.004405286343612369 0.0 0.6841746437352553 0.27803938990078486 0.0 0.7145743145743149
0.27555555555555555 0.004405286343612369 0.0 0.6763830333269446 0.27543314082629944 0.0 0.7186788520121855
0.27555555555555555 0.004405286343612369 0.0 0.6828616494416746 0.2788982674366948 0.0 0.714061247394581
0.3088888888888889 0.004405286343612369 0.0 0.6787012623591001 0.31085443506589666 0.0 0.6831810165143501
0.25555555555555554 0.004405286343612369 0.0 0.6835970535656802 0.2593513993780542 0.0 0.7342312008978678
0.2911111111111111 0.004405286343612369 0.0 0.6809520207144558 0.29178143047534427 0.0 0.7018117684784353
0.2822222222222222 0.004405286343612369 0.0 0.6775173446425581 0.28280764104842293 0.0 0.7109507776174445
0.27111111111111114 0.004405286343612369 0.0 0.6837839868464565 0.27688434769731973 0.0 0.7165945165945169
0.26666666666666666 0.004405286343612369 0.0 0.6836584310667759 0.27196801421590405 0.0 0.7215648548981884
0.2822222222222222 0.004405286343612369 0.0 0.6774064413647974 0.2818302976454909 0.0 0.7118807118807121
0.27111111111111114 0.004405286343612369 0.0 0.687823273118746 0.27475196209092256 0.0 0.717396184062851
0.25555555555555554 0.004405286343612369 0.0 0.6846525169990014 0.2587294535761884 0.0 0.7346801346801349
0.29777777777777775 0.004405286343612369 0.0 0.6850330065222721 0.3038649489115948 0.0 0.6900432900432905
0.2644444444444444 0.004405286343612369 0.0 0.6810175309039829 0.2693025322079076 0.0 0.7255090588423925
0.2733333333333333 0.004405286343612369 0.0 0.684984371603495 0.28008292610691543 0.0 0.71290684624018
0.27555555555555555 0.0 0.0 0.6737330888201615 0.27510735969198874 0.0 0.7197691197691198
0.28444444444444444 0.004405286343612369 0.0 0.6867039640203206 0.29101140233970085 0.0 0.7015873015873018
0.2777777777777778 0.004405286343612369 0.0 0.6823437058297978 0.2822745446468236 0.0 0.7113355780022449
0.2688888888888889 0.0 0.0 0.6832394966828008 0.2722641788834592 0.0 0.7206028539361875
0.28444444444444444 0.004405286343612369 0.0 0.6839006218387539 0.28855323559899304 0.0 0.7043771043771047
0.28 0.004405286343612369 0.0 0.6772188742354704 0.28174144824522435 0.0 0.712393779060446
0.2777777777777778 0.004405286343612369 0.0 0.6829826638845119 0.28431808085295424 0.0 0.7091550424883761
0.26666666666666666 0.004405286343612369 0.0 0.6840470733922682 0.27327113875314674 0.0 0.7205707872374542
0.2733333333333333 0.004405286343612369 0.0 0.677546506004649 0.27492966089145565 0.0 0.7190957190957192
0.28444444444444444 0.004405286343612369 0.0 0.6782120557535155 0.2861839182585518 0.0 0.7075837742504412
0.2733333333333333 0.004405286343612369 0.0 0.6786046361811466 0.27442618095661186 0.0 0.718710918710919
0.26 0.004405286343612369 0.0 0.6796394257333734 0.2626388271879165 0.0 0.7326278659611994
0.2822222222222222 0.004405286343612369 0.0 0.6778459064178226 0.285739671257219 0.0 0.7080968414301752
0.27111111111111114 0.004405286343612369 0.0 0.6864092436676518 0.2778616911002517 0.0 0.7156645823312493
0.28888888888888886 0.004405286343612369 0.0 0.6815285796098034 0.295898119354361 0.0 0.6977072310405648
0.26666666666666666 0.004405286343612369 0.0 0.6777537160200683 0.26980601214275135 0.0 0.7251242584575919
0.2733333333333333 0.004405286343612369 0.0 0.6821361363832076 0.2793721309047831 0.0 0.7149270482603818
0.2644444444444444 0.004405286343612369 0.0 0.681095611730628 0.2692729157411521 0.0 0.7257335257335261
0.2822222222222222 0.004405286343612369 0.0 0.677444852999415 0.2863320005923293 0.0 0.7073272406605744
0.27111111111111114 0.0 0.0 0.683434772316702 0.2772397452983859 0.0 0.7159211159211162
0.2688888888888889 0.004405286343612369 0.0 0.6837463372035698 0.272826891751814 0.0 0.7204104537437872
0.27111111111111114 0.004405286343612369 0.0 0.6820280152287769 0.27564045609358806 0.0 0.7180054513387849
0.27555555555555555 0.004405286343612369 0.0 0.6786386517816982 0.277417444098919 0.0 0.7159211159211161
0.28888888888888886 0.004405286343612369 0.0 0.6768543920016444 0.29101140233970085 0.0 0.7031585698252368
0.2644444444444444 0.004405286343612369 0.0 0.6857326759073887 0.26924329927439655 0.0 0.7238415905082574
0.27555555555555555 0.004405286343612369 0.0 0.6831261296354306 0.2811195024433585 0.0 0.7120089786756456
0.2777777777777778 0.004405286343612369 0.0 0.6783656941835606 0.2788686509699393 0.0 0.7148308481641819
0.2866666666666667 0.004405286343612369 0.0 0.6782116527663627 0.28950096253516955 0.0 0.7050505050505054
0.26666666666666666 0.0 0.0 0.6802188364857832 0.2715237672145713 0.0 0.7225909892576561
0.27555555555555555 0.004405286343612369 0.0 0.6825399542568824 0.27928328150451653 0.0 0.7143177809844479
0.2688888888888889 0.0 0.0 0.6812708888985533 0.2733896046201688 0.0 0.7213083213083217
0.2777777777777778 0.004405286343612369 0.0 0.678231186479469 0.277417444098919 0.0 0.7156325156325158
0.29777777777777775 0.004405286343612369 0.0 0.6763640416898953 0.2998667258996002 0.0 0.6947570947570951
0.2644444444444444 0.004405286343612369 0.0 0.6769099208315827 0.26370501999111506 0.0 0.7301907968574637
0.2777777777777778 0.004405286343612369 0.0 0.6783871613555965 0.2785724863023841 0.0 0.7146063812730482
0.29555555555555557 0.0 0.0 0.6785059950386061 0.3009625351695543 0.0 0.693506493506494
0.28888888888888886 0.004405286343612369 0.0 0.681455301864105 0.29569080408707243 0.0 0.6981882315215653
0.2733333333333333 0.004405286343612369 0.0 0.6790246256491568 0.2742484821560788 0.0 0.7187750521083855
0.2688888888888889 0.004405286343612369 0.0 0.680905934764439 0.27454464682363394 0.0 0.7208273208273211
0.2733333333333333 0.004405286343612369 0.0 0.6835080289716607 0.2796386791055827 0.0 0.7137405804072474
0.29777777777777775 0.004405286343612369 0.0 0.6821156128409733 0.30312453724270694 0.0 0.6903639570306241
0.2777777777777778 0.004405286343612369 0.0 0.686436499326348 0.2820376129127795 0.0 0.7109187109187112
0.27555555555555555 0.004405286343612369 0.0 0.6758429610462291 0.2766474159632756 0.0 0.7178451178451182
0.3022222222222222 0.004405286343612369 0.0 0.6783565602476305 0.3039241818451059 0.0 0.6898829565496235
0.26666666666666666 0.004405286343612369 0.0 0.6844771657475398 0.27362653635421297 0.0 0.7200577200577203
0.2733333333333333 0.0 0.0 0.6775631267187967 0.2751962090922553 0.0 0.7184864518197853
0.26666666666666666 0.004405286343612369 0.0 0.6825786960462369 0.2711683696135051 0.0 0.7220779220779223
0.28444444444444444 0.004405286343612369 0.0 0.6810626708176148 0.29056715533836813 0.0 0.703350970017637
0.27111111111111114 0.004405286343612369 0.0 0.6781564251810199 0.27258996001776986 0.0 0.7211800545133882
0.3 0.004405286343612369 0.0 0.6748794685796534 0.3023545091070635 0.0 0.6928972262305597
0.28 0.004405286343612369 0.0 0.6770315847485936 0.2790463497704724 0.0 0.7143498476831813
0.2777777777777778 0.004405286343612369 0.0 0.6832357002668904 0.282007996446024 0.0 0.7110790444123779
0.29555555555555557 0.004405286343612369 0.0 0.677584191174516 0.2978528061602251 0.0 0.69632836299503
0.27111111111111114 0.004405286343612369 0.0 0.6820715552918141 0.2745150303568784 0.0 0.718807118807119
0.28888888888888886 0.004405286343612369 0.0 0.6825252252778767 0.29379535021471936 0.0 0.6999198332531669
0.26666666666666666 0.004405286343612369 0.0 0.6873244136005919 0.271849548348882 0.0 0.7207311207311211
0.27111111111111114 0.004405286343612369 0.0 0.6889496912293098 0.2779209240337628 0.0 0.7142536475869812
0.28444444444444444 0.0 0.0 0.681504261478517 0.29151488227454464 0.0 0.7028699695366365