0.25333333333333335 0.004405286343612369 0.0 0.684552148956031 0.25846290537538874 0.0 0.7348404681738019
0.24 0.004405286343612369 0.0 0.6796147131715493 0.24146305345772248 0.0 0.7522847522847527
0.2777777777777778 0.004405286343612369 0.0 0.6812452990045327 0.28023100844069304 0.0 0.712650312650313
0.2577777777777778 0.004405286343612369 0.0 0.6778807501556365 0.25807789130756703 0.0 0.7350649350649354
0.2866666666666667 0.004405286343612369 0.0 0.6752365357445874 0.2853842736561528 0.0 0.7093795093795097
0.2577777777777778 0.0 0.0 0.6856448813416292 0.2618984155190286 0.0 0.7317299983966654
0.26222222222222225 0.0 0.0 0.6805957162616227 0.2641492669924478 0.0 0.7294532627865965
0.2577777777777778 0.004405286343612369 0.0 0.6840981704804203 0.2617799496520065 0.0 0.731601731601732
0.2688888888888889 0.004405286343612369 0.0 0.6795877182177175 0.2705464238116393 0.0 0.7229437229437234
0.23777777777777778 0.008810572687224627 0.0 0.6809146444797995 0.23968606545239152 0.0 0.7538560205226874
0.2577777777777778 0.008810572687224627 0.0 0.6819484312956473 0.25926254997778764 0.0 0.7347442680776017
0.2577777777777778 0.004405286343612369 0.0 0.6832190290780461 0.26254997778764994 0.0 0.7311848645181982
0.26222222222222225 0.004405286343612369 0.0 0.6848472934370082 0.26873981933955277 0.0 0.7248035914702584
0.2577777777777778 0.0 0.0 0.6791834109014715 0.25890715237672146 0.0 0.7355459355459358
0.2777777777777778 0.004405286343612369 0.0 0.6768623081314351 0.2761735524951873 0.0 0.7191277857944529
0.24888888888888888 0.0 0.0 0.6880075897048537 0.2530430919591293 0.0 0.7403238736572073
0.25333333333333335 0.004405286343612369 0.0 0.6865559633635918 0.25852213830889975 0.0 0.7337822671156008
0.26222222222222225 0.0 0.0 0.6815614307577841 0.26370501999111506 0.0 0.7299663299663303
0.27111111111111114 0.0 0.0 0.6758165367792416 0.2701614097438176 0.0 0.7248677248677251
0.26666666666666666 0.0 0.0 0.6756058048043454 0.265482007996446 0.0 0.7295494628827965
0.24666666666666667 0.0 0.0 0.6871281619649263 0.25043684288464385 0.0 0.7424402757736095
0.24 0.008810572687224627 0.0 0.6804101796321699 0.2418480675255442 0.0 0.7518678852012188
0.2644444444444444 0.0 0.0 0.6740251612498706 0.26243151192062786 0.0 0.7332691999358669
0.28 0.0 0.0 0.6793596597859148 0.2794905967718051 0.0 0.7148629148629153
0.26222222222222225 0.0 0.0 0.67604021545039 0.25979564637938696 0.0 0.7364117364117366
0.2511111111111111 0.004405286343612369 0.0 0.6840742110392011 0.2560047386346809 0.0 0.7374378707712045
0.28444444444444444 0.004405286343612369 0.0 0.6795432208383412 0.28464386198726493 0.0 0.7087381754048423
0.2577777777777778 0.0 0.0 0.6846686215561216 0.26086183918258554 0.0 0.7328202661535999
0.26666666666666666 0.0 0.0 0.6755380109963427 0.2647119798608026 0.0 0.7314413981080651
0.2511111111111111 0.008810572687224627 0.0 0.6807426193872738 0.2522434473567303 0.0 0.7417027417027421
0.26666666666666666 0.0 0.0 0.6794910959944631 0.26796979120390935 0.0 0.7264069264069267
0.25333333333333335 0.0 0.0 0.6893571333290219 0.2576632607729898 0.0 0.7355459355459358
0.2644444444444444 0.0 0.0 0.6773633719598969 0.26438619872649194 0.0 0.7311848645181982
0.24666666666666667 0.008810572687224627 0.0 0.6803337933192999 0.247919443210425 0.0 0.7459034792368129
0.2644444444444444 0.0 0.0 0.683524107338849 0.2683844217384866 0.0 0.7251563251563256
0.2577777777777778 0.004405286343612369 0.0 0.6846657128781541 0.2629646083222272 0.0 0.7303511303511308
0.24444444444444444 0.008810572687224627 0.0 0.683135464189435 0.24489856360136236 0.0 0.7488215488215492
0.26222222222222225 0.004405286343612369 0.0 0.6834918300513236 0.2647415963275581 0.0 0.7278178611511947
0.26 0.004405286343612369 0.0 0.6821729632297352 0.26166148378498444 0.0 0.7326919993586664
0.26 0.004405286343612369 0.0 0.6835171169442377 0.2642973493262254 0.0 0.7292608625941963
0.24 0.0 0.0 0.6814851871629356 0.24226269806012143 0.0 0.7511303511303515
0.24666666666666667 0.0 0.0 0.6898488377780605 0.25182881682215313 0.0 0.7409010742344079
0.2777777777777778 0.0 0.0 0.6818067831050721 0.27712127943136383 0.0 0.7171075837742509
0.26 0.004405286343612369 0.0 0.6862927592714421 0.26533392566266845 0.0 0.7272085938752609
0.25333333333333335 0.004405286343612369 0.0 0.6828829253764359 0.25538279283281506 0.0 0.7381754048420719
0.2644444444444444 0.004405286343612369 0.0 0.6838334412495086 0.2663705019991115 0.0 0.7269199935866605
0.26 0.004405286343612369 0.0 0.6839303059841437 0.2632311565230268 0.0 0.7302549302549306
0.26666666666666666 0.0 0.0 0.6886408398429696 0.2719976306826596 0.0 0.7217572550905887
0.24222222222222223 0.008810572687224627 0.0 0.6851830394316447 0.2416407522582556 0.0 0.7515151515151518
0.27555555555555555 0.004405286343612369 0.0 0.6795907830781491 0.2775359099659411 0.0 0.7152797819464489
0.2577777777777778 0.008810572687224627 0.0 0.6826359171573232 0.25869983710943284 0.0 0.7349046015712686
0.26222222222222225 0.004405286343612369 0.0 0.6847304509031329 0.26554124092995707 0.0 0.7277216610549947
0.26 0.0 0.0 0.6735216810312467 0.25914408411076556 0.0 0.7364117364117367
0.25555555555555554 0.0 0.0 0.6746975489171149 0.2528061602250852 0.0 0.7427930094596764
0.2577777777777778 0.004405286343612369 0.0 0.6876181573314859 0.2621649637198282 0.0 0.7307359307359311
0.26222222222222225 0.004405286343612369 0.0 0.6891206789395623 0.26767362653635424 0.0 0.7248997915664586
0.2644444444444444 0.0 0.0 0.6814306653595914 0.26634088553235596 0.0 0.7274651274651278
0.26 0.004405286343612369 0.0 0.6841487541745402 0.2630830741892492 0.0 0.7294532627865964
0.2577777777777778 0.0 0.0 0.6771417402274635 0.2563897527025026 0.0 0.7386564053230723
0.27111111111111114 0.004405286343612369 0.0 0.6803024641452741 0.2733896046201688 0.0 0.7201218534551872
0.25555555555555554 0.004405286343612369 0.0 0.6837056568357175 0.2592033170442766 0.0 0.7342632675966012
0.26222222222222225 0.008810572687224627 0.0 0.6873718181962406 0.2665778172664001 0.0 0.7262786596119933
0.24888888888888888 0.004405286343612369 0.0 0.6814355832987019 0.2518584332889086 0.0 0.742408209074876
0.2577777777777778 0.004405286343612369 0.0 0.6790181636138007 0.25801865837405596 0.0 0.7356742023408694
0.26666666666666666 0.0 0.0 0.6806372092024271 0.26734784540204354 0.0 0.727561327561328
0.2577777777777778 0.0 0.0 0.683713370642188 0.25979564637938696 0.0 0.7340388007054677
0.24888888888888888 0.008810572687224627 0.0 0.683311257791581 0.24916333481415667 0.0 0.7444925444925448
0.26666666666666666 0.0 0.0 0.6851319933916956 0.27051680734488376 0.0 0.7229437229437232
0.2511111111111111 0.0 0.0 0.6883418971312251 0.2550866281652599 0.0 0.7382395382395386
0.24 0.0 0.0 0.6877500988540032 0.244247001332741 0.0 0.749078082411416
0.26 0.004405286343612369 0.0 0.6860935719363774 0.26406041759218124 0.0 0.7291005291005295
0.26 0.0 0.0 0.6797549581698838 0.25985487931289797 0.0 0.7342632675966012
0.24 0.0 0.0 0.6794670317900617 0.24158151932474456 0.0 0.7527336860670197
0.26 0.008810572687224627 0.0 0.6798454666433237 0.26154301791796236 0.0 0.7311848645181982
0.2511111111111111 0.004405286343612369 0.0 0.68167992788498 0.2536354212942396 0.0 0.7405162738496074
0.27111111111111114 0.0 0.0 0.6847796507570992 0.2737153857544795 0.0 0.7204425204425208
0.2644444444444444 0.0 0.0 0.6788719720381611 0.2629646083222272 0.0 0.7319223985890656
0.2644444444444444 0.0 0.0 0.6740045553856003 0.2613949355841848 0.0 0.7353214686548022
0.28888888888888886 0.004405286343612369 0.0 0.6838971507316844 0.2941507478157856 0.0 0.6995991662658332