0.3523636363636364 0.0 0.0 0.4943314474414881 0.35249004368347275 0.0 0.6479346131914083
0.3511818181818182 0.0 0.0 0.4947175168660262 0.3516569568466734 0.0 0.6481779129443077
0.34945454545454546 0.0 0.0 0.49492758489390193 0.3496535473351938 0.0 0.6504010644364193
0.34945454545454546 0.0 0.0 0.49566091282728536 0.35057237209687814 0.0 0.6495510359247296
0.3482727272727273 0.0 0.0 0.4933191732658327 0.3474165019784026 0.0 0.6524280555027568
0.34645454545454546 0.0 0.0 0.49317651678771274 0.3454259531556558 0.0 0.6541281125261373
0.3482727272727273 0.0 0.0 0.49396107018221197 0.3477458785065025 0.0 0.6524158905151118
0.34645454545454546 0.0 0.0 0.49433623271467664 0.34646838342571595 0.0 0.6531427485268964
0.3498181818181818 0.0 0.0 0.4930851364910524 0.3504087555568893 0.0 0.6504406006462644
0.3480909090909091 0.0 0.0 0.49358408332350295 0.34847679431614714 0.0 0.6522197300893369
0.3471818181818182 0.0 0.0 0.49369219545388493 0.3472678895752686 0.0 0.6528781600456187
0.3507272727272727 0.0 0.0 0.49467226274223114 0.35083887414672904 0.0 0.6486797186846616
0.35063636363636363 0.0 0.0 0.49478781408075445 0.35135615962686856 0.0 0.648764873598175
0.3481818181818182 0.0 0.0 0.4951641365602123 0.3484846536259283 0.0 0.6514335677627844
0.353 0.0 0.0 0.4941358480488285 0.3532538256976566 0.0 0.6470845846797195
0.35145454545454546 0.0 0.0 0.494010997106476 0.35105036102811205 0.0 0.6484592282835974
0.34463636363636363 0.0 0.0 0.49528223083222417 0.34452856287519273 0.0 0.6547576506367621
0.35 0.0 0.0 0.49418287609377276 0.35057022864875603 0.0 0.6495860102642093
0.3493636363636364 0.0 0.0 0.49444425651695334 0.34920199426413284 0.0 0.6508481277323708
0.35 0.0 0.0 0.4933839601196998 0.3491398342685912 0.0 0.6510458087816011
0.3498181818181818 0.0 0.0 0.49388189043202557 0.3492112825393287 0.0 0.6504801368561117
0.3482727272727273 0.0 0.0 0.49305067649231166 0.3474222178400616 0.0 0.6528948869036316
0.3482727272727273 0.0 0.0 0.49299563988856504 0.34747508956040735 0.0 0.6530849648355839
0.3519090909090909 0.0 0.0 0.49509550957652887 0.3527886974551555 0.0 0.6475179623645696
0.3477272727272727 0.0 0.0 0.4947192546950082 0.3486882811975302 0.0 0.6513240828739786
0.3489090909090909 0.0 0.0 0.4932756195288169 0.3477916053997745 0.0 0.6518152442501433
0.3490909090909091 0.0 0.0 0.4947478770772092 0.34832246605135414 0.0 0.6510625356396125
0.3490909090909091 0.0 0.0 0.494737165603475 0.3483296108784279 0.0 0.6510883862383583
0.3472727272727273 0.0 0.0 0.49376836926474865 0.34698566890585547 0.0 0.6530530317430145
0.3472727272727273 0.0 0.0 0.4939614901798156 0.34714642751501484 0.0 0.6527914845086484
0.3507272727272727 0.0 0.0 0.4948650434662798 0.35208921888463535 0.0 0.6481338148640947
0.3507272727272727 0.0 0.0 0.49454564909389714 0.35141046031262907 0.0 0.6484227333206622
0.3490909090909091 0.0 0.0 0.4940935899952218 0.35004865627237225 0.0 0.6508268390039922
0.3488181818181818 0.0 0.0 0.4941357140335736 0.3484417846634858 0.0 0.6509378445162526