nsga-ii 0.1 metric-min-ed-value 0.9337945803757379 0 
nsga-ii 0.1 metric-min-ed-solution 0.35294117647058826;0.35294117647058826;1.3529411764705883;1.3529411764705883;1.3529411764705883;1.3529411764705883;1.3529411764705883 0 
r-nsga-ii 0.1 metric-min-ed-value 0.778162150313115 0 
r-nsga-ii 0.1 metric-min-ed-solution 0.29411764705882354;0.29411764705882354;1.2941176470588236;1.2941176470588236;1.2941176470588236;1.2941176470588236;1.2941176470588236 0 
nsga-iii 0.1 metric-min-ed-value 0.19454053757827863 0 
nsga-iii 0.1 metric-min-ed-solution 0.07352941176470588;0.07352941176470588;1.0735294117647058;1.0735294117647058;1.0735294117647058;1.0735294117647058;1.0735294117647058 0 
nautilus-1 0.1 metric-min-ed-value 0.19145532531707224 0 
nautilus-1 0.1 metric-min-ed-solution 0.08823529411764706;0.04522752497225306;1.0735294117647058;1.0709764092117033;1.0850170625401223;1.0735294117647058;1.0612000414432616 0 
nautilus-2 0.1 metric-min-ed-value 0.19175096464125274 0 
nautilus-2 0.1 metric-min-ed-solution 0.08823529411764706;0.04522752497225306;1.0735294117647058;1.0717700600053544;1.0850170625401223;1.0735294117647058;1.0612000414432616 0 
nautilus-3 0.1 metric-min-ed-value 0.19122942223852046 0 
nautilus-3 0.1 metric-min-ed-solution 0.08823529411764706;0.04522752497225306;1.0735294117647058;1.071616879852174;1.0821451498462682;1.0735294117647058;1.0636218820421166 0 
nsga-ii 0.2 metric-min-ed-value 0.9337945803757379 0 
nsga-ii 0.2 metric-min-ed-solution 0.35294117647058826;0.35294117647058826;1.3529411764705883;1.3529411764705883;1.3529411764705883;1.3529411764705883;1.3529411764705883 0 
r-nsga-ii 0.2 metric-min-ed-value 0.7506253643917342 0 
r-nsga-ii 0.2 metric-min-ed-solution 0.3088235294117647;0.2375138734739179;1.267450980392157;1.280151855123107;1.3102003581444066;1.2941176470588236;1.2809076074287047 0 
nsga-iii 0.2 metric-min-ed-value 0.19454053757827863 0 
nsga-iii 0.2 metric-min-ed-solution 0.07352941176470588;0.07352941176470588;1.0735294117647058;1.0735294117647058;1.0735294117647058;1.0735294117647058;1.0735294117647058 0 
nautilus-1 0.2 metric-min-ed-value 0.19145532531707224 0 
nautilus-1 0.2 metric-min-ed-solution 0.08823529411764706;0.04522752497225306;1.0735294117647058;1.0709764092117033;1.0850170625401223;1.0735294117647058;1.0612000414432616 0 
nautilus-2 0.2 metric-min-ed-value 0.19175096464125274 0 
nautilus-2 0.2 metric-min-ed-solution 0.08823529411764706;0.04522752497225306;1.0735294117647058;1.0717700600053544;1.0850170625401223;1.0735294117647058;1.0612000414432616 0 
nautilus-3 0.2 metric-min-ed-value 0.19122942223852046 0 
nautilus-3 0.2 metric-min-ed-solution 0.08823529411764706;0.04522752497225306;1.0735294117647058;1.071616879852174;1.0821451498462682;1.0735294117647058;1.0636218820421166 0 
nsga-ii 0.3 metric-min-ed-value 0.9337945803757379 0 
nsga-ii 0.3 metric-min-ed-solution 0.35294117647058826;0.35294117647058826;1.3529411764705883;1.3529411764705883;1.3529411764705883;1.3529411764705883;1.3529411764705883 0 
r-nsga-ii 0.3 metric-min-ed-value 0.7506253643917342 0 
r-nsga-ii 0.3 metric-min-ed-solution 0.3088235294117647;0.2375138734739179;1.267450980392157;1.280151855123107;1.3102003581444066;1.2941176470588236;1.2809076074287047 0 
nsga-iii 0.3 metric-min-ed-value 0.19454053757827863 0 
nsga-iii 0.3 metric-min-ed-solution 0.07352941176470588;0.07352941176470588;1.0735294117647058;1.0735294117647058;1.0735294117647058;1.0735294117647058;1.0735294117647058 0 
nautilus-1 0.3 metric-min-ed-value 0.19145532531707224 0 
nautilus-1 0.3 metric-min-ed-solution 0.08823529411764706;0.04522752497225306;1.0735294117647058;1.0709764092117033;1.0850170625401223;1.0735294117647058;1.0612000414432616 0 
nautilus-2 0.3 metric-min-ed-value 0.19175096464125274 0 
nautilus-2 0.3 metric-min-ed-solution 0.08823529411764706;0.04522752497225306;1.0735294117647058;1.0717700600053544;1.0850170625401223;1.0735294117647058;1.0612000414432616 0 
nautilus-3 0.3 metric-min-ed-value 0.19122942223852046 0 
nautilus-3 0.3 metric-min-ed-solution 0.08823529411764706;0.04522752497225306;1.0735294117647058;1.071616879852174;1.0821451498462682;1.0735294117647058;1.0636218820421166 0 
nsga-ii 0.4 metric-min-ed-value 0.9337945803757379 0 
nsga-ii 0.4 metric-min-ed-solution 0.35294117647058826;0.35294117647058826;1.3529411764705883;1.3529411764705883;1.3529411764705883;1.3529411764705883;1.3529411764705883 0 
r-nsga-ii 0.4 metric-min-ed-value 0.7506253643917342 0 
r-nsga-ii 0.4 metric-min-ed-solution 0.3088235294117647;0.2375138734739179;1.267450980392157;1.280151855123107;1.3102003581444066;1.2941176470588236;1.2809076074287047 0 
nsga-iii 0.4 metric-min-ed-value 0.19454053757827863 0 
nsga-iii 0.4 metric-min-ed-solution 0.07352941176470588;0.07352941176470588;1.0735294117647058;1.0735294117647058;1.0735294117647058;1.0735294117647058;1.0735294117647058 0 
nautilus-1 0.4 metric-min-ed-value 0.19145532531707224 0 
nautilus-1 0.4 metric-min-ed-solution 0.08823529411764706;0.04522752497225306;1.0735294117647058;1.0709764092117033;1.0850170625401223;1.0735294117647058;1.0612000414432616 0 
nautilus-2 0.4 metric-min-ed-value 0.19175096464125274 0 
nautilus-2 0.4 metric-min-ed-solution 0.08823529411764706;0.04522752497225306;1.0735294117647058;1.0717700600053544;1.0850170625401223;1.0735294117647058;1.0612000414432616 0 
nautilus-3 0.4 metric-min-ed-value 0.19122942223852046 0 
nautilus-3 0.4 metric-min-ed-solution 0.08823529411764706;0.04522752497225306;1.0735294117647058;1.071616879852174;1.0821451498462682;1.0735294117647058;1.0636218820421166 0 
nsga-ii 0.5 metric-min-ed-value 0.9337945803757379 0 
nsga-ii 0.5 metric-min-ed-solution 0.35294117647058826;0.35294117647058826;1.3529411764705883;1.3529411764705883;1.3529411764705883;1.3529411764705883;1.3529411764705883 0 
r-nsga-ii 0.5 metric-min-ed-value 0.7506253643917342 0 
r-nsga-ii 0.5 metric-min-ed-solution 0.3088235294117647;0.2375138734739179;1.267450980392157;1.280151855123107;1.3102003581444066;1.2941176470588236;1.2809076074287047 0 
nsga-iii 0.5 metric-min-ed-value 0.19454053757827863 0 
nsga-iii 0.5 metric-min-ed-solution 0.07352941176470588;0.07352941176470588;1.0735294117647058;1.0735294117647058;1.0735294117647058;1.0735294117647058;1.0735294117647058 0 
nautilus-1 0.5 metric-min-ed-value 0.19145532531707224 0 
nautilus-1 0.5 metric-min-ed-solution 0.08823529411764706;0.04522752497225306;1.0735294117647058;1.0709764092117033;1.0850170625401223;1.0735294117647058;1.0612000414432616 0 
nautilus-2 0.5 metric-min-ed-value 0.19175096464125274 0 
nautilus-2 0.5 metric-min-ed-solution 0.08823529411764706;0.04522752497225306;1.0735294117647058;1.0717700600053544;1.0850170625401223;1.0735294117647058;1.0612000414432616 0 
nautilus-3 0.5 metric-min-ed-value 0.19122942223852046 0 
nautilus-3 0.5 metric-min-ed-solution 0.08823529411764706;0.04522752497225306;1.0735294117647058;1.071616879852174;1.0821451498462682;1.0735294117647058;1.0636218820421166 0 
nsga-ii 0.6 metric-min-ed-value 0.9337945803757379 0 
nsga-ii 0.6 metric-min-ed-solution 0.35294117647058826;0.35294117647058826;1.3529411764705883;1.3529411764705883;1.3529411764705883;1.3529411764705883;1.3529411764705883 0 
r-nsga-ii 0.6 metric-min-ed-value 0.7506253643917342 0 
r-nsga-ii 0.6 metric-min-ed-solution 0.3088235294117647;0.2375138734739179;1.267450980392157;1.280151855123107;1.3102003581444066;1.2941176470588236;1.2809076074287047 0 
nsga-iii 0.6 metric-min-ed-value 0.19454053757827863 0 
nsga-iii 0.6 metric-min-ed-solution 0.07352941176470588;0.07352941176470588;1.0735294117647058;1.0735294117647058;1.0735294117647058;1.0735294117647058;1.0735294117647058 0 
nautilus-1 0.6 metric-min-ed-value 0.19145532531707224 0 
nautilus-1 0.6 metric-min-ed-solution 0.08823529411764706;0.04522752497225306;1.0735294117647058;1.0709764092117033;1.0850170625401223;1.0735294117647058;1.0612000414432616 0 
nautilus-2 0.6 metric-min-ed-value 0.19175096464125274 0 
nautilus-2 0.6 metric-min-ed-solution 0.08823529411764706;0.04522752497225306;1.0735294117647058;1.0717700600053544;1.0850170625401223;1.0735294117647058;1.0612000414432616 0 
nautilus-3 0.6 metric-min-ed-value 0.19122942223852046 0 
nautilus-3 0.6 metric-min-ed-solution 0.08823529411764706;0.04522752497225306;1.0735294117647058;1.071616879852174;1.0821451498462682;1.0735294117647058;1.0636218820421166 0 
nsga-ii 0.7 metric-min-ed-value 0.9337945803757379 0 
nsga-ii 0.7 metric-min-ed-solution 0.35294117647058826;0.35294117647058826;1.3529411764705883;1.3529411764705883;1.3529411764705883;1.3529411764705883;1.3529411764705883 0 
r-nsga-ii 0.7 metric-min-ed-value 0.7506253643917342 0 
r-nsga-ii 0.7 metric-min-ed-solution 0.3088235294117647;0.2375138734739179;1.267450980392157;1.280151855123107;1.3102003581444066;1.2941176470588236;1.2809076074287047 0 
nsga-iii 0.7 metric-min-ed-value 0.19454053757827863 0 
nsga-iii 0.7 metric-min-ed-solution 0.07352941176470588;0.07352941176470588;1.0735294117647058;1.0735294117647058;1.0735294117647058;1.0735294117647058;1.0735294117647058 0 
nautilus-1 0.7 metric-min-ed-value 0.19145532531707224 0 
nautilus-1 0.7 metric-min-ed-solution 0.08823529411764706;0.04522752497225306;1.0735294117647058;1.0709764092117033;1.0850170625401223;1.0735294117647058;1.0612000414432616 0 
nautilus-2 0.7 metric-min-ed-value 0.19175096464125274 0 
nautilus-2 0.7 metric-min-ed-solution 0.08823529411764706;0.04522752497225306;1.0735294117647058;1.0717700600053544;1.0850170625401223;1.0735294117647058;1.0612000414432616 0 
nautilus-3 0.7 metric-min-ed-value 0.19122942223852046 0 
nautilus-3 0.7 metric-min-ed-solution 0.08823529411764706;0.04522752497225306;1.0735294117647058;1.071616879852174;1.0821451498462682;1.0735294117647058;1.0636218820421166 0 
nsga-ii 0.8 metric-min-ed-value 0.9337945803757379 0 
nsga-ii 0.8 metric-min-ed-solution 0.35294117647058826;0.35294117647058826;1.3529411764705883;1.3529411764705883;1.3529411764705883;1.3529411764705883;1.3529411764705883 0 
r-nsga-ii 0.8 metric-min-ed-value 0.7506253643917342 0 
r-nsga-ii 0.8 metric-min-ed-solution 0.3088235294117647;0.2375138734739179;1.267450980392157;1.280151855123107;1.3102003581444066;1.2941176470588236;1.2809076074287047 0 
nsga-iii 0.8 metric-min-ed-value 0.19454053757827863 0 
nsga-iii 0.8 metric-min-ed-solution 0.07352941176470588;0.07352941176470588;1.0735294117647058;1.0735294117647058;1.0735294117647058;1.0735294117647058;1.0735294117647058 0 
nautilus-1 0.8 metric-min-ed-value 0.19145532531707224 0 
nautilus-1 0.8 metric-min-ed-solution 0.08823529411764706;0.04522752497225306;1.0735294117647058;1.0709764092117033;1.0850170625401223;1.0735294117647058;1.0612000414432616 0 
nautilus-2 0.8 metric-min-ed-value 0.19175096464125274 0 
nautilus-2 0.8 metric-min-ed-solution 0.08823529411764706;0.04522752497225306;1.0735294117647058;1.0717700600053544;1.0850170625401223;1.0735294117647058;1.0612000414432616 0 
nautilus-3 0.8 metric-min-ed-value 0.19122942223852046 0 
nautilus-3 0.8 metric-min-ed-solution 0.08823529411764706;0.04522752497225306;1.0735294117647058;1.071616879852174;1.0821451498462682;1.0735294117647058;1.0636218820421166 0 
nsga-ii 0.9 metric-min-ed-value 0.9337945803757379 0 
nsga-ii 0.9 metric-min-ed-solution 0.35294117647058826;0.35294117647058826;1.3529411764705883;1.3529411764705883;1.3529411764705883;1.3529411764705883;1.3529411764705883 0 
r-nsga-ii 0.9 metric-min-ed-value 0.7506253643917342 0 
r-nsga-ii 0.9 metric-min-ed-solution 0.3088235294117647;0.2375138734739179;1.267450980392157;1.280151855123107;1.3102003581444066;1.2941176470588236;1.2809076074287047 0 
nsga-iii 0.9 metric-min-ed-value 0.19454053757827863 0 
nsga-iii 0.9 metric-min-ed-solution 0.07352941176470588;0.07352941176470588;1.0735294117647058;1.0735294117647058;1.0735294117647058;1.0735294117647058;1.0735294117647058 0 
nautilus-1 0.9 metric-min-ed-value 0.19145532531707224 0 
nautilus-1 0.9 metric-min-ed-solution 0.08823529411764706;0.04522752497225306;1.0735294117647058;1.0709764092117033;1.0850170625401223;1.0735294117647058;1.0612000414432616 0 
nautilus-2 0.9 metric-min-ed-value 0.19175096464125274 0 
nautilus-2 0.9 metric-min-ed-solution 0.08823529411764706;0.04522752497225306;1.0735294117647058;1.0717700600053544;1.0850170625401223;1.0735294117647058;1.0612000414432616 0 
nautilus-3 0.9 metric-min-ed-value 0.19122942223852046 0 
nautilus-3 0.9 metric-min-ed-solution 0.08823529411764706;0.04522752497225306;1.0735294117647058;1.071616879852174;1.0821451498462682;1.0735294117647058;1.0636218820421166 0 
nsga-ii 1.0 metric-min-ed-value 0.9337945803757379 0 
nsga-ii 1.0 metric-min-ed-solution 0.35294117647058826;0.35294117647058826;1.3529411764705883;1.3529411764705883;1.3529411764705883;1.3529411764705883;1.3529411764705883 0 
r-nsga-ii 1.0 metric-min-ed-value 0.7506253643917342 0 
r-nsga-ii 1.0 metric-min-ed-solution 0.3088235294117647;0.2375138734739179;1.267450980392157;1.280151855123107;1.3102003581444066;1.2941176470588236;1.2809076074287047 0 
nsga-iii 1.0 metric-min-ed-value 0.19454053757827863 0 
nsga-iii 1.0 metric-min-ed-solution 0.07352941176470588;0.07352941176470588;1.0735294117647058;1.0735294117647058;1.0735294117647058;1.0735294117647058;1.0735294117647058 0 
nautilus-1 1.0 metric-min-ed-value 0.19145532531707224 0 
nautilus-1 1.0 metric-min-ed-solution 0.08823529411764706;0.04522752497225306;1.0735294117647058;1.0709764092117033;1.0850170625401223;1.0735294117647058;1.0612000414432616 0 
nautilus-2 1.0 metric-min-ed-value 0.19175096464125274 0 
nautilus-2 1.0 metric-min-ed-solution 0.08823529411764706;0.04522752497225306;1.0735294117647058;1.0717700600053544;1.0850170625401223;1.0735294117647058;1.0612000414432616 0 
nautilus-3 1.0 metric-min-ed-value 0.19122942223852046 0 
nautilus-3 1.0 metric-min-ed-solution 0.08823529411764706;0.04522752497225306;1.0735294117647058;1.071616879852174;1.0821451498462682;1.0735294117647058;1.0636218820421166 0 
