nsga-ii 0.1 metric-min-ed-value 1.2916076854924412 0 
nsga-ii 0.1 metric-min-ed-solution 0.48818181818181816;0.48818181818181816;1.4881818181818183;1.4881818181818183;1.4881818181818183;1.4881818181818183;1.4881818181818183 0 
r-nsga-ii 0.1 metric-min-ed-value 1.27476301933347 0 
r-nsga-ii 0.1 metric-min-ed-solution 0.4827272727272727;0.4819090909090909;1.4819090909090908;1.4809203033942722;1.4809402799276576;1.4819090909090908;1.4823879443448629 0 
nsga-iii 0.1 metric-min-ed-value 1.1778174422342012 0 
nsga-iii 0.1 metric-min-ed-solution 0.44527272727272726;0.4451818181818182;1.4451818181818181;1.4449171869148438;1.4454791565114855;1.4451818181818181;1.444997291857841 0 
nautilus-1 0.1 metric-min-ed-value 0.9284181873372107 0 
nautilus-1 0.1 metric-min-ed-solution 0.3509090909090909;0.3509090909090909;1.3509090909090908;1.3509090909090908;1.3509090909090908;1.3509090909090908;1.3509090909090908 0 
nautilus-2 0.1 metric-min-ed-value 0.9199998877110962 0 
nautilus-2 0.1 metric-min-ed-solution 0.3477272727272727;0.3477272727272727;1.3477272727272727;1.3477272727272727;1.3477272727272727;1.3477272727272727;1.3477272727272727 0 
nautilus-3 0.1 metric-min-ed-value 0.9269750502584486 0 
nautilus-3 0.1 metric-min-ed-solution 0.3503636363636364;0.3503636363636364;1.3503636363636364;1.3503636363636364;1.3503636363636364;1.3503636363636364;1.3503636363636364 0 
nsga-ii 0.2 metric-min-ed-value 1.2916076854924412 0 
nsga-ii 0.2 metric-min-ed-solution 0.48818181818181816;0.48818181818181816;1.4881818181818183;1.4881818181818183;1.4881818181818183;1.4881818181818183;1.4881818181818183 0 
r-nsga-ii 0.2 metric-min-ed-value 1.27476301933347 0 
r-nsga-ii 0.2 metric-min-ed-solution 0.4827272727272727;0.4819090909090909;1.4819090909090908;1.4809203033942722;1.4809402799276576;1.4819090909090908;1.4823879443448629 0 
nsga-iii 0.2 metric-min-ed-value 1.1778174422342012 0 
nsga-iii 0.2 metric-min-ed-solution 0.44527272727272726;0.4451818181818182;1.4451818181818181;1.4449171869148438;1.4454791565114855;1.4451818181818181;1.444997291857841 0 
nautilus-1 0.2 metric-min-ed-value 0.9284181873372107 0 
nautilus-1 0.2 metric-min-ed-solution 0.3509090909090909;0.3509090909090909;1.3509090909090908;1.3509090909090908;1.3509090909090908;1.3509090909090908;1.3509090909090908 0 
nautilus-2 0.2 metric-min-ed-value 0.9199998877110962 0 
nautilus-2 0.2 metric-min-ed-solution 0.3477272727272727;0.3477272727272727;1.3477272727272727;1.3477272727272727;1.3477272727272727;1.3477272727272727;1.3477272727272727 0 
nautilus-3 0.2 metric-min-ed-value 0.9269750502584486 0 
nautilus-3 0.2 metric-min-ed-solution 0.3503636363636364;0.3503636363636364;1.3503636363636364;1.3503636363636364;1.3503636363636364;1.3503636363636364;1.3503636363636364 0 
nsga-ii 0.3 metric-min-ed-value 1.2916076854924412 0 
nsga-ii 0.3 metric-min-ed-solution 0.48818181818181816;0.48818181818181816;1.4881818181818183;1.4881818181818183;1.4881818181818183;1.4881818181818183;1.4881818181818183 0 
r-nsga-ii 0.3 metric-min-ed-value 1.27476301933347 0 
r-nsga-ii 0.3 metric-min-ed-solution 0.4827272727272727;0.4819090909090909;1.4819090909090908;1.4809203033942722;1.4809402799276576;1.4819090909090908;1.4823879443448629 0 
nsga-iii 0.3 metric-min-ed-value 1.1778174422342012 0 
nsga-iii 0.3 metric-min-ed-solution 0.44527272727272726;0.4451818181818182;1.4451818181818181;1.4449171869148438;1.4454791565114855;1.4451818181818181;1.444997291857841 0 
nautilus-1 0.3 metric-min-ed-value 0.9284181873372107 0 
nautilus-1 0.3 metric-min-ed-solution 0.3509090909090909;0.3509090909090909;1.3509090909090908;1.3509090909090908;1.3509090909090908;1.3509090909090908;1.3509090909090908 0 
nautilus-2 0.3 metric-min-ed-value 0.9199998877110962 0 
nautilus-2 0.3 metric-min-ed-solution 0.3477272727272727;0.3477272727272727;1.3477272727272727;1.3477272727272727;1.3477272727272727;1.3477272727272727;1.3477272727272727 0 
nautilus-3 0.3 metric-min-ed-value 0.9269750502584486 0 
nautilus-3 0.3 metric-min-ed-solution 0.3503636363636364;0.3503636363636364;1.3503636363636364;1.3503636363636364;1.3503636363636364;1.3503636363636364;1.3503636363636364 0 
nsga-ii 0.4 metric-min-ed-value 1.2916076854924412 0 
nsga-ii 0.4 metric-min-ed-solution 0.48818181818181816;0.48818181818181816;1.4881818181818183;1.4881818181818183;1.4881818181818183;1.4881818181818183;1.4881818181818183 0 
r-nsga-ii 0.4 metric-min-ed-value 1.27476301933347 0 
r-nsga-ii 0.4 metric-min-ed-solution 0.4827272727272727;0.4819090909090909;1.4819090909090908;1.4809203033942722;1.4809402799276576;1.4819090909090908;1.4823879443448629 0 
nsga-iii 0.4 metric-min-ed-value 1.1778174422342012 0 
nsga-iii 0.4 metric-min-ed-solution 0.44527272727272726;0.4451818181818182;1.4451818181818181;1.4449171869148438;1.4454791565114855;1.4451818181818181;1.444997291857841 0 
nautilus-1 0.4 metric-min-ed-value 0.9284181873372107 0 
nautilus-1 0.4 metric-min-ed-solution 0.3509090909090909;0.3509090909090909;1.3509090909090908;1.3509090909090908;1.3509090909090908;1.3509090909090908;1.3509090909090908 0 
nautilus-2 0.4 metric-min-ed-value 0.9199998877110962 0 
nautilus-2 0.4 metric-min-ed-solution 0.3477272727272727;0.3477272727272727;1.3477272727272727;1.3477272727272727;1.3477272727272727;1.3477272727272727;1.3477272727272727 0 
nautilus-3 0.4 metric-min-ed-value 0.9269750502584486 0 
nautilus-3 0.4 metric-min-ed-solution 0.3503636363636364;0.3503636363636364;1.3503636363636364;1.3503636363636364;1.3503636363636364;1.3503636363636364;1.3503636363636364 0 
nsga-ii 0.5 metric-min-ed-value 1.2916076854924412 0 
nsga-ii 0.5 metric-min-ed-solution 0.48818181818181816;0.48818181818181816;1.4881818181818183;1.4881818181818183;1.4881818181818183;1.4881818181818183;1.4881818181818183 0 
r-nsga-ii 0.5 metric-min-ed-value 1.27476301933347 0 
r-nsga-ii 0.5 metric-min-ed-solution 0.4827272727272727;0.4819090909090909;1.4819090909090908;1.4809203033942722;1.4809402799276576;1.4819090909090908;1.4823879443448629 0 
nsga-iii 0.5 metric-min-ed-value 1.1778174422342012 0 
nsga-iii 0.5 metric-min-ed-solution 0.44527272727272726;0.4451818181818182;1.4451818181818181;1.4449171869148438;1.4454791565114855;1.4451818181818181;1.444997291857841 0 
nautilus-1 0.5 metric-min-ed-value 0.9284181873372107 0 
nautilus-1 0.5 metric-min-ed-solution 0.3509090909090909;0.3509090909090909;1.3509090909090908;1.3509090909090908;1.3509090909090908;1.3509090909090908;1.3509090909090908 0 
nautilus-2 0.5 metric-min-ed-value 0.9199998877110962 0 
nautilus-2 0.5 metric-min-ed-solution 0.3477272727272727;0.3477272727272727;1.3477272727272727;1.3477272727272727;1.3477272727272727;1.3477272727272727;1.3477272727272727 0 
nautilus-3 0.5 metric-min-ed-value 0.9269750502584486 0 
nautilus-3 0.5 metric-min-ed-solution 0.3503636363636364;0.3503636363636364;1.3503636363636364;1.3503636363636364;1.3503636363636364;1.3503636363636364;1.3503636363636364 0 
nsga-ii 0.6 metric-min-ed-value 1.2916076854924412 0 
nsga-ii 0.6 metric-min-ed-solution 0.48818181818181816;0.48818181818181816;1.4881818181818183;1.4881818181818183;1.4881818181818183;1.4881818181818183;1.4881818181818183 0 
r-nsga-ii 0.6 metric-min-ed-value 1.27476301933347 0 
r-nsga-ii 0.6 metric-min-ed-solution 0.4827272727272727;0.4819090909090909;1.4819090909090908;1.4809203033942722;1.4809402799276576;1.4819090909090908;1.4823879443448629 0 
nsga-iii 0.6 metric-min-ed-value 1.1778174422342012 0 
nsga-iii 0.6 metric-min-ed-solution 0.44527272727272726;0.4451818181818182;1.4451818181818181;1.4449171869148438;1.4454791565114855;1.4451818181818181;1.444997291857841 0 
nautilus-1 0.6 metric-min-ed-value 0.9284181873372107 0 
nautilus-1 0.6 metric-min-ed-solution 0.3509090909090909;0.3509090909090909;1.3509090909090908;1.3509090909090908;1.3509090909090908;1.3509090909090908;1.3509090909090908 0 
nautilus-2 0.6 metric-min-ed-value 0.9199998877110962 0 
nautilus-2 0.6 metric-min-ed-solution 0.3477272727272727;0.3477272727272727;1.3477272727272727;1.3477272727272727;1.3477272727272727;1.3477272727272727;1.3477272727272727 0 
nautilus-3 0.6 metric-min-ed-value 0.9269750502584486 0 
nautilus-3 0.6 metric-min-ed-solution 0.3503636363636364;0.3503636363636364;1.3503636363636364;1.3503636363636364;1.3503636363636364;1.3503636363636364;1.3503636363636364 0 
nsga-ii 0.7 metric-min-ed-value 1.2916076854924412 0 
nsga-ii 0.7 metric-min-ed-solution 0.48818181818181816;0.48818181818181816;1.4881818181818183;1.4881818181818183;1.4881818181818183;1.4881818181818183;1.4881818181818183 0 
r-nsga-ii 0.7 metric-min-ed-value 1.27476301933347 0 
r-nsga-ii 0.7 metric-min-ed-solution 0.4827272727272727;0.4819090909090909;1.4819090909090908;1.4809203033942722;1.4809402799276576;1.4819090909090908;1.4823879443448629 0 
nsga-iii 0.7 metric-min-ed-value 1.1778174422342012 0 
nsga-iii 0.7 metric-min-ed-solution 0.44527272727272726;0.4451818181818182;1.4451818181818181;1.4449171869148438;1.4454791565114855;1.4451818181818181;1.444997291857841 0 
nautilus-1 0.7 metric-min-ed-value 0.9284181873372107 0 
nautilus-1 0.7 metric-min-ed-solution 0.3509090909090909;0.3509090909090909;1.3509090909090908;1.3509090909090908;1.3509090909090908;1.3509090909090908;1.3509090909090908 0 
nautilus-2 0.7 metric-min-ed-value 0.9199998877110962 0 
nautilus-2 0.7 metric-min-ed-solution 0.3477272727272727;0.3477272727272727;1.3477272727272727;1.3477272727272727;1.3477272727272727;1.3477272727272727;1.3477272727272727 0 
nautilus-3 0.7 metric-min-ed-value 0.9269750502584486 0 
nautilus-3 0.7 metric-min-ed-solution 0.3503636363636364;0.3503636363636364;1.3503636363636364;1.3503636363636364;1.3503636363636364;1.3503636363636364;1.3503636363636364 0 
nsga-ii 0.8 metric-min-ed-value 1.2916076854924412 0 
nsga-ii 0.8 metric-min-ed-solution 0.48818181818181816;0.48818181818181816;1.4881818181818183;1.4881818181818183;1.4881818181818183;1.4881818181818183;1.4881818181818183 0 
r-nsga-ii 0.8 metric-min-ed-value 1.27476301933347 0 
r-nsga-ii 0.8 metric-min-ed-solution 0.4827272727272727;0.4819090909090909;1.4819090909090908;1.4809203033942722;1.4809402799276576;1.4819090909090908;1.4823879443448629 0 
nsga-iii 0.8 metric-min-ed-value 1.1778174422342012 0 
nsga-iii 0.8 metric-min-ed-solution 0.44527272727272726;0.4451818181818182;1.4451818181818181;1.4449171869148438;1.4454791565114855;1.4451818181818181;1.444997291857841 0 
nautilus-1 0.8 metric-min-ed-value 0.9284181873372107 0 
nautilus-1 0.8 metric-min-ed-solution 0.3509090909090909;0.3509090909090909;1.3509090909090908;1.3509090909090908;1.3509090909090908;1.3509090909090908;1.3509090909090908 0 
nautilus-2 0.8 metric-min-ed-value 0.9199998877110962 0 
nautilus-2 0.8 metric-min-ed-solution 0.3477272727272727;0.3477272727272727;1.3477272727272727;1.3477272727272727;1.3477272727272727;1.3477272727272727;1.3477272727272727 0 
nautilus-3 0.8 metric-min-ed-value 0.9269750502584486 0 
nautilus-3 0.8 metric-min-ed-solution 0.3503636363636364;0.3503636363636364;1.3503636363636364;1.3503636363636364;1.3503636363636364;1.3503636363636364;1.3503636363636364 0 
nsga-ii 0.9 metric-min-ed-value 1.2916076854924412 0 
nsga-ii 0.9 metric-min-ed-solution 0.48818181818181816;0.48818181818181816;1.4881818181818183;1.4881818181818183;1.4881818181818183;1.4881818181818183;1.4881818181818183 0 
r-nsga-ii 0.9 metric-min-ed-value 1.27476301933347 0 
r-nsga-ii 0.9 metric-min-ed-solution 0.4827272727272727;0.4819090909090909;1.4819090909090908;1.4809203033942722;1.4809402799276576;1.4819090909090908;1.4823879443448629 0 
nsga-iii 0.9 metric-min-ed-value 1.1778174422342012 0 
nsga-iii 0.9 metric-min-ed-solution 0.44527272727272726;0.4451818181818182;1.4451818181818181;1.4449171869148438;1.4454791565114855;1.4451818181818181;1.444997291857841 0 
nautilus-1 0.9 metric-min-ed-value 0.9284181873372107 0 
nautilus-1 0.9 metric-min-ed-solution 0.3509090909090909;0.3509090909090909;1.3509090909090908;1.3509090909090908;1.3509090909090908;1.3509090909090908;1.3509090909090908 0 
nautilus-2 0.9 metric-min-ed-value 0.9199998877110962 0 
nautilus-2 0.9 metric-min-ed-solution 0.3477272727272727;0.3477272727272727;1.3477272727272727;1.3477272727272727;1.3477272727272727;1.3477272727272727;1.3477272727272727 0 
nautilus-3 0.9 metric-min-ed-value 0.9269750502584486 0 
nautilus-3 0.9 metric-min-ed-solution 0.3503636363636364;0.3503636363636364;1.3503636363636364;1.3503636363636364;1.3503636363636364;1.3503636363636364;1.3503636363636364 0 
nsga-ii 1.0 metric-min-ed-value 1.2916076854924412 0 
nsga-ii 1.0 metric-min-ed-solution 0.48818181818181816;0.48818181818181816;1.4881818181818183;1.4881818181818183;1.4881818181818183;1.4881818181818183;1.4881818181818183 0 
r-nsga-ii 1.0 metric-min-ed-value 1.27476301933347 0 
r-nsga-ii 1.0 metric-min-ed-solution 0.4827272727272727;0.4819090909090909;1.4819090909090908;1.4809203033942722;1.4809402799276576;1.4819090909090908;1.4823879443448629 0 
nsga-iii 1.0 metric-min-ed-value 1.1778174422342012 0 
nsga-iii 1.0 metric-min-ed-solution 0.44527272727272726;0.4451818181818182;1.4451818181818181;1.4449171869148438;1.4454791565114855;1.4451818181818181;1.444997291857841 0 
nautilus-1 1.0 metric-min-ed-value 0.9284181873372107 0 
nautilus-1 1.0 metric-min-ed-solution 0.3509090909090909;0.3509090909090909;1.3509090909090908;1.3509090909090908;1.3509090909090908;1.3509090909090908;1.3509090909090908 0 
nautilus-2 1.0 metric-min-ed-value 0.9199998877110962 0 
nautilus-2 1.0 metric-min-ed-solution 0.3477272727272727;0.3477272727272727;1.3477272727272727;1.3477272727272727;1.3477272727272727;1.3477272727272727;1.3477272727272727 0 
nautilus-3 1.0 metric-min-ed-value 0.9269750502584486 0 
nautilus-3 1.0 metric-min-ed-solution 0.3503636363636364;0.3503636363636364;1.3503636363636364;1.3503636363636364;1.3503636363636364;1.3503636363636364;1.3503636363636364 0 
