0.34854545454545455 0.0 0.0 0.4668017994153611 0.34527872022432304 0.0 0.655391752435823
0.3477272727272727 0.0 0.0 0.46513953893285537 0.34219998857905753 0.0 0.6579446207526528
0.3513636363636364 0.0 0.0 0.46238374272448346 0.344116442415805 0.0 0.6559743066156486
0.3513636363636364 0.0 0.0 0.4625741988145642 0.3443847361073096 0.0 0.6558355306199309
0.3503636363636364 0.0 0.0 0.4619509399143794 0.343001423679552 0.0 0.6574291670542727
0.44881818181818184 0.0 0.0 0.4708281862984932 0.4467887460395913 0.0 0.55198381048384
0.45690909090909093 0.0 0.0 0.47139492847190234 0.4555257670245885 0.0 0.5430380962983401
0.4506363636363636 0.0 0.0 0.472399830489154 0.45175636372944966 0.0 0.5474835031941345
0.45254545454545453 0.0 0.0 0.4745333170554144 0.4555858254289253 0.0 0.5435291498216498
0.45345454545454544 0.0 0.0 0.47007712860280043 0.4503262845114298 0.0 0.5481819582055492
0.452 0.0 0.0 0.4717329122902622 0.4511301810219381 0.0 0.547668029518112
0.44872727272727275 0.0 0.0 0.4708391184318428 0.4466543530528376 0.0 0.5521561367202805
0.45245454545454544 0.0 0.0 0.4742021673826042 0.45508566691412045 0.0 0.5439759780276421
0.4556363636363636 0.0 0.0 0.47114805056705206 0.4540622126303809 0.0 0.5447445835423871
0.4547272727272727 0.0 0.0 0.4699681676709432 0.4516505230988561 0.0 0.5471556258416151
0.4530909090909091 0.0 0.0 0.4701965750628836 0.4502022294467341 0.0 0.548476285317347
0.4506363636363636 0.0 0.0 0.46965739406727575 0.4474941861495474 0.0 0.5515324072450221
0.4519090909090909 0.0 0.0 0.47138715255721286 0.4506886040654617 0.0 0.5480919825599744
0.4536363636363636 0.0 0.0 0.474228241823238 0.4564025212715053 0.0 0.5427544442631371
0.4527272727272727 0.0 0.0 0.47401188621080725 0.4552697803831529 0.0 0.5438417770647503
0.45290909090909093 0.0 0.0 0.4700521522074822 0.449725208186059 0.0 0.5488133127355179
0.4486363636363636 0.0 0.0 0.4708792459140794 0.44634766136511766 0.0 0.5524641889305552
0.4506363636363636 0.0 0.0 0.4736439610697631 0.45277587975716715 0.0 0.5462604444186885
0.45381818181818184 0.0 0.0 0.473561256522609 0.45605250876754244 0.0 0.5431951724253615
0.4547272727272727 0.0 0.0 0.47031873764085386 0.45218021853382667 0.0 0.5467530229529395
0.45145454545454544 0.0 0.0 0.47072525569015006 0.4493092298937262 0.0 0.5493516415980289
0.45127272727272727 0.0 0.0 0.47228774522739003 0.4512168226544239 0.0 0.5476329542664469
0.45390909090909093 0.0 0.0 0.47015592712343357 0.450829889000254 0.0 0.5476970047260079
0.45454545454545453 0.0 0.0 0.47102402481221184 0.4527414200169739 0.0 0.5460149176570346
0.4519090909090909 0.0 0.0 0.4717845582870453 0.45113165786794635 0.0 0.5476451543539824
0.4526363636363636 0.0 0.0 0.4743117468898581 0.4554553706981937 0.0 0.543684700937729
0.449 0.0 0.0 0.4715825619617172 0.44776051071304096 0.0 0.5511984298487338
0.4527272727272727 0.0 0.0 0.4703523066273966 0.45038240465974455 0.0 0.5486394614881356
0.45181818181818184 0.0 0.0 0.4742955382299915 0.4545997845773956 0.0 0.5445631072402941
0.4519090909090909 0.0 0.0 0.4743228519000052 0.4546810111078511 0.0 0.5444228062336343
0.4517272727272727 0.0 0.0 0.4702285515426556 0.4488888210633685 0.0 0.5497450944210527
0.45345454545454544 0.0 0.0 0.4698906915773238 0.4502248744188611 0.0 0.548554060875386
0.4531818181818182 0.0 0.0 0.4741263821451137 0.45573695600377284 0.0 0.5433720736946288
0.45072727272727275 0.0 0.0 0.47357993547855687 0.45279606331928035 0.0 0.5463565201080313
0.45181818181818184 0.0 0.0 0.4708159503839574 0.4498871689649672 0.0 0.5491457651208642
0.45690909090909093 0.0 0.0 0.4721195496198615 0.45667672234704304 0.0 0.5420605642845472
0.453 0.0 0.0 0.4700388421301476 0.4503203771273967 0.0 0.5484976354705345
0.4506363636363636 0.0 0.0 0.47074711489995064 0.44874950525658724 0.0 0.5503474737431244
0.4510909090909091 0.0 0.0 0.4726135736583613 0.4523992840250552 0.0 0.5468231734562689
0.4582727272727273 0.0 0.0 0.4715257180841012 0.4570208274669728 0.0 0.5415115603454446
0.45145454545454544 0.0 0.0 0.47103586847233647 0.4491822211370139 0.0 0.5495026176812812
0.4537272727272727 0.0 0.0 0.4739045933541039 0.4562843735908428 0.0 0.542966420784069
0.452 0.0 0.0 0.47138584143238726 0.45072060239564116 0.0 0.5480935075709163
0.45354545454545453 0.0 0.0 0.4696578567745747 0.4500570062559197 0.0 0.5487263871118273
0.45145454545454544 0.0 0.0 0.4706860361183505 0.44955980143313135 0.0 0.5493363914886085
0.45381818181818184 0.0 0.0 0.4697899837818076 0.4504537855501448 0.0 0.5482612587745316
0.45 0.0 0.0 0.4700024621371272 0.4474356045912189 0.0 0.5516696582297976
0.4562727272727273 0.0 0.0 0.46971709876520706 0.45318693522947234 0.0 0.5457831159938569
0.45181818181818184 0.0 0.0 0.4714560487371836 0.4505547033607108 0.0 0.5484320600000301
0.45081818181818184 0.0 0.0 0.4729024877965581 0.45143490358164695 0.0 0.5475719538287686
0.4501818181818182 0.0 0.0 0.4726360671429414 0.45152154521413285 0.0 0.5476619294743432
0.4527272727272727 0.0 0.0 0.4700763527668194 0.4495706316371921 0.0 0.548909388424861
0.45327272727272727 0.0 0.0 0.4742724614763876 0.4560618621255949 0.0 0.5430868966484832
0.45045454545454544 0.0 0.0 0.47135875154721524 0.44890358952345133 0.0 0.5499997712483585
0.4519090909090909 0.0 0.0 0.47415934983355545 0.4545092046888876 0.0 0.5445768323387717
0.45345454545454544 0.0 0.0 0.47406971015961097 0.455960944315029 0.0 0.543132646976742
0.4506363636363636 0.0 0.0 0.47134004443305977 0.44924966377139214 0.0 0.5496352936332313
0.4530909090909091 0.0 0.0 0.47419255114307135 0.4557851996400434 0.0 0.5433857987931061
0.45127272727272727 0.0 0.0 0.4737360609776756 0.4536890628722883 0.0 0.5455238641337248
0.45327272727272727 0.0 0.0 0.4726151813679619 0.45390615923550576 0.0 0.5454125383349622
0.4531818181818182 0.0 0.0 0.4741912130180858 0.4556650828313698 0.0 0.5433598736070928
0.4511818181818182 0.0 0.0 0.4697893145123163 0.44802142017450414 0.0 0.5507943019491162
0.4520909090909091 0.0 0.0 0.474153874006291 0.4546662426477683 0.0 0.5444151811789248
0.45327272727272727 0.0 0.0 0.4701210252533728 0.4503351455874795 0.0 0.5484732352954631
0.4556363636363636 0.0 0.0 0.47259797556127336 0.4560259255393934 0.0 0.5428337448321177
0.45381818181818184 0.0 0.0 0.47002043543031047 0.45074767790579295 0.0 0.5481346828663494
0.4475454545454545 0.0 0.0 0.47125174025737 0.44654358960221646 0.0 0.5525129892806984
0.4527272727272727 0.0 0.0 0.4742119118686187 0.4554401099561081 0.0 0.5436725008501933
0.4541818181818182 0.0 0.0 0.4722896674327236 0.45467805741583456 0.0 0.5443831559491431
0.4451818181818182 0.0 0.0 0.4720442627180566 0.4452823631111435 0.0 0.5539724247521474
0.4481818181818182 0.0 0.0 0.4737088326722633 0.4509229302987758 0.0 0.5487919625823309
0.4546363636363636 0.0 0.0 0.47306782853712864 0.45567788216344157 0.0 0.543530674832591
0.45027272727272727 0.0 0.0 0.4709957782924226 0.4484226300067541 0.0 0.5504603245528279
0.45045454545454544 0.0 0.0 0.4724523432526236 0.45168399827504385 0.0 0.5479425314876621
0.45245454545454544 0.0 0.0 0.47260213557833874 0.45356599237159806 0.0 0.5459188419676897
0.44681818181818184 0.0 0.0 0.47123139063308506 0.4459814035550637 0.0 0.5532800697845001
0.4491818181818182 0.0 0.0 0.4728238444342393 0.4508554876643976 0.0 0.5488422879434149
0.4476363636363636 0.0 0.0 0.47264463839970455 0.44863677267795504 0.0 0.5507211014239023
0.45027272727272727 0.0 0.0 0.4710778102032952 0.449702563213932 0.0 0.5497405193882252
0.4536363636363636 0.0 0.0 0.47165279961037243 0.45321794899564627 0.0 0.5460820181384793
0.448 0.0 0.0 0.47376197994052205 0.4506418372751994 0.0 0.5491045898254313
0.4480909090909091 0.0 0.0 0.47117561829192484 0.44700731924881704 0.0 0.552262887486217
0.4526363636363636 0.0 0.0 0.47204442377046746 0.4523677779768785 0.0 0.546634072099467
0.4516363636363636 0.0 0.0 0.4707613563538456 0.4499368894472461 0.0 0.5490313893002174
0.4516363636363636 0.0 0.0 0.47104755960503525 0.45018647642264575 0.0 0.5489368386218165
0.455 0.0 0.0 0.4725978630379753 0.4562843735908428 0.0 0.543221097611374
0.4511818181818182 0.0 0.0 0.4719380495738958 0.4512832807247966 0.0 0.5478296806779579
0.44581818181818184 0.0 0.0 0.4719280899026229 0.4461354878219278 0.0 0.5530040428040068
0.45181818181818184 0.0 0.0 0.47151251908078035 0.4512458672925868 0.0 0.5478022304810035
0.4530909090909091 0.0 0.0 0.4710574186254428 0.4521329594615616 0.0 0.5472135762574089
0.4481818181818182 0.0 0.0 0.47234345883653234 0.4493515661459636 0.0 0.5502391979662444
0.4480909090909091 0.0 0.0 0.4713564992615348 0.4474272357971719 0.0 0.5518953598492061
0.4501818181818182 0.0 0.0 0.4734613444123045 0.4516933516330963 0.0 0.5474179277236306
0.45227272727272727 0.0 0.0 0.47065267645675024 0.45053501208060037 0.0 0.5487324871555948
0.45645454545454545 0.0 0.0 0.4729740037021153 0.4577361132169841 0.0 0.5416076360347875
0.45327272727272727 0.0 0.0 0.47263613127302634 0.4542610945594962 0.0 0.5451105861684545
0.44972727272727275 0.0 0.0 0.47246743862862384 0.45063986814718837 0.0 0.5485906611379927
0.44745454545454544 0.0 0.0 0.47159459388445174 0.4474124673370891 0.0 0.5517977591489214
0.45036363636363635 0.0 0.0 0.4711367007687973 0.4490842570184645 0.0 0.5500973719486429
0.44736363636363635 0.0 0.0 0.47182045259204153 0.4475512908618676 0.0 0.551771833962908
0.44881818181818184 0.0 0.0 0.47365777813433135 0.45120156191233834 0.0 0.548522035645605
0.4516363636363636 0.0 0.0 0.47243162764944435 0.45250167868162944 0.0 0.5469024740252499
0.4520909090909091 0.0 0.0 0.47131418089568256 0.4515107150100721 0.0 0.5478891561046939
0.44836363636363635 0.0 0.0 0.47205525300133216 0.44889177475538505 0.0 0.5504420244215243
0.45227272727272727 0.0 0.0 0.4725940507214064 0.4533676027244855 0.0 0.5461597936965189
0.45036363636363635 0.0 0.0 0.47139075899182914 0.45021207508678934 0.0 0.548936838621817
0.4480909090909091 0.0 0.0 0.47121370270931207 0.4472972733484431 0.0 0.5520326108339819
0.4501818181818182 0.0 0.0 0.4706764441438504 0.4483502645523483 0.0 0.5506250257345588
0.44672727272727275 0.0 0.0 0.47209266648822396 0.4470304565029468 0.0 0.5522140871360741
0.44981818181818184 0.0 0.0 0.4722357214520881 0.45053255067058656 0.0 0.5487340121665367
0.4560909090909091 0.0 0.0 0.47302551219737354 0.45736148661288323 0.0 0.5420285390547666
0.4475454545454545 0.0 0.0 0.4736796868420954 0.45013429453035314 0.0 0.5495834432612046
0.4466363636363636 0.0 0.0 0.4721767182269724 0.4470659008071456 0.0 0.5521790118844093
0.45536363636363636 0.0 0.0 0.4732075161945474 0.4570321499530363 0.0 0.5424951924030037
0.4510909090909091 0.0 0.0 0.4708902804725479 0.44989996829703904 0.0 0.5493287664338984
0.4506363636363636 0.0 0.0 0.4708201836496978 0.44922997249128166 0.0 0.5500561966532105
0.44627272727272727 0.0 0.0 0.471439350761295 0.4461281035918864 0.0 0.553165693963854
0.4521818181818182 0.0 0.0 0.47245167119518583 0.4530697721128153 0.0 0.5463687201955661
0.45127272727272727 0.0 0.0 0.471193792953003 0.4500722669980053 0.0 0.5491915154491229
0.4506363636363636 0.0 0.0 0.4722464355763185 0.45061525404705033 0.0 0.5483115841356152
0.4471818181818182 0.0 0.0 0.47207089757198895 0.44754636804184006 0.0 0.55177335897385
0.4480909090909091 0.0 0.0 0.4724191659172969 0.4489242653675673 0.0 0.5503352736555877
0.452 0.0 0.0 0.4713668239070076 0.45121829950043224 0.0 0.5478235806341907
0.45254545454545453 0.0 0.0 0.47348837828423396 0.45478586717443914 0.0 0.5448498092973808
0.45 0.0 0.0 0.4716507198950742 0.45010869586620955 0.0 0.5491655902631091
0.44636363636363635 0.0 0.0 0.4723599113707784 0.4469452917164692 0.0 0.5523452380770828
0.4577272727272727 0.0 0.0 0.4727612779668099 0.4578714907677433 0.0 0.5411913080476343
0.44972727272727275 0.0 0.0 0.47239471985940157 0.4499816871094973 0.0 0.5490024140923202
0.44781818181818184 0.0 0.0 0.47211273220007727 0.44791951779993266 0.0 0.5513021305927863
0.4506363636363636 0.0 0.0 0.4712620612945503 0.4497316078520949 0.0 0.5494751674843258
0.45554545454545453 0.0 0.0 0.47210481251881453 0.4559663594170593 0.0 0.5434056239353504
0.45645454545454545 0.0 0.0 0.4734948235680562 0.4585907147737767 0.0 0.5410418569753224
0.4515454545454545 0.0 0.0 0.47186241128736506 0.45172682680928405 0.0 0.547669554529052
0.44745454545454544 0.0 0.0 0.4720427217168035 0.4479500392841038 0.0 0.5514439566103879
0.44527272727272726 0.0 0.0 0.47177963145108215 0.44557970144081094 0.0 0.5537878984281703
0.4511818181818182 0.0 0.0 0.4713033541337566 0.45052467415854236 0.0 0.5487965376151566
0.4596363636363636 0.0 0.0 0.4720822373748446 0.4600872520621693 0.0 0.5395244710880782
0.4496363636363636 0.0 0.0 0.4724407484664428 0.4499816871094973 0.0 0.5492418408102073
0.4511818181818182 0.0 0.0 0.470715433594842 0.44957013935518936 0.0 0.5496810439614899
0.44981818181818184 0.0 0.0 0.47359811932722123 0.45200201244882726 0.0 0.5475917789710133
0.44527272727272726 0.0 0.0 0.4718430771436928 0.4452661178050524 0.0 0.5540685004414903
0.4501818181818182 0.0 0.0 0.4707578916988923 0.4486569562400682 0.0 0.5505960505266619
0.45145454545454544 0.0 0.0 0.47232176704949963 0.45179082346964294 0.0 0.5474316528221084
0.4465454545454545 0.0 0.0 0.4730270836690784 0.44790474933984986 0.0 0.5514790318620528
0.45081818181818184 0.0 0.0 0.47065438858404507 0.44898087779788476 0.0 0.5501400722550177
0.4466363636363636 0.0 0.0 0.4718711498007989 0.4469068937202539 0.0 0.5523376130223727
0.45027272727272727 0.0 0.0 0.4716527348415353 0.4491620375749007 0.0 0.549642918687941
0.4578181818181818 0.0 0.0 0.4731057126384398 0.4596274606715908 0.0 0.5401421005195705
0.49718181818181817 0.0 0.0 0.47151073954027356 0.4967883522139891 0.0 0.5025109305159261
0.5151818181818182 0.0 0.0 0.4712716669362202 0.5147103708064957 0.0 0.48505718028526634
0.489 0.0 0.0 0.4713994639901793 0.4892067170894713 0.0 0.5109091657732628
0.5020909090909091 0.0 0.0 0.4689779532172122 0.49890270341584636 0.0 0.5009096690268726
0.49654545454545457 0.0 0.0 0.47187462034081734 0.49747508560784026 0.0 0.502430104936002
0.502 0.0 0.0 0.47276674145031894 0.5036748851506088 0.0 0.49605708420957895
0.501 0.0 0.0 0.4701742221036313 0.499471289129035 0.0 0.5002478142780669
0.4970909090909091 0.0 0.0 0.47209715074658903 0.4981839716918157 0.0 0.5016691244759672
0.496 0.0 0.0 0.4730412881344061 0.49690846902266267 0.0 0.5022684537761533
0.49118181818181816 0.0 0.0 0.4697658020806664 0.4892239469595679 0.0 0.5106773641100867
0.5006363636363637 0.0 0.0 0.472249921309861 0.5015999165089723 0.0 0.498053323532595
0.5007272727272727 0.0 0.0 0.4692314481535376 0.4977335336592897 0.0 0.5019329513689237
0.5061818181818182 0.0 0.0 0.471890315805987 0.5070317561274341 0.0 0.49268986004974447
0.5045454545454545 0.0 0.0 0.4721167009039165 0.5057429618442065 0.0 0.49405321983185146
0.49727272727272726 0.0 0.0 0.471082087711206 0.496693834069459 0.0 0.5028403328793878
0.5093636363636364 0.0 0.0 0.47056434303878064 0.5071016601718261 0.0 0.4922521819094028
0.4908181818181818 0.0 0.0 0.47178326680463245 0.4915283190144908 0.0 0.5084508481348342
0.49527272727272725 0.0 0.0 0.47117479096810133 0.4950761954083873 0.0 0.5045849453969818
0.5023636363636363 0.0 0.0 0.4693691085410009 0.5000541510203037 0.0 0.4998955367504745
0.5049090909090909 0.0 0.0 0.4721557866879853 0.5060530995059458 0.0 0.4936140166805686
0.49627272727272725 0.0 0.0 0.4711557101196066 0.49607602015599433 0.0 0.5036013133394215
0.5053636363636363 0.0 0.0 0.47167913584579546 0.5046791404362406 0.0 0.49462967396790825
0.504 0.0 0.0 0.47289988723654147 0.5061284186523681 0.0 0.49361554169151123
0.49727272727272726 0.0 0.0 0.4714490093250264 0.49744407184166634 0.0 0.5021495029226821
0.5026363636363637 0.0 0.0 0.47306547112708214 0.5039333332020581 0.0 0.495392179438887
0.5000909090909091 0.0 0.0 0.47038525926700875 0.498909595363885 0.0 0.5007617429655042
0.5069090909090909 0.0 0.0 0.47221115483347686 0.5067984144581255 0.0 0.49221863166868085
0.49318181818181817 0.0 0.0 0.47184158185737857 0.4937411266169002 0.0 0.50592543001496
0.5058181818181818 0.0 0.0 0.47258286259565374 0.5076825529350838 0.0 0.4920478304431827
0.4954545454545455 0.0 0.0 0.4708764139946149 0.49473504398047413 0.0 0.5050058484169613
0.49863636363636366 0.0 0.0 0.46990295585882713 0.49733527751905626 0.0 0.5024865303408537
0.5009090909090909 0.0 0.0 0.4716029173160146 0.5014418939860862 0.0 0.4981493992219377
0.5071818181818182 0.0 0.0 0.4704486313669137 0.5050006005840434 0.0 0.4942514712543038
0.4988181818181818 0.0 0.0 0.47133007713619546 0.49812292872347336 0.0 0.5011216455478054
0.4980909090909091 0.0 0.0 0.4717158380328458 0.49777537762952434 0.0 0.5014235977143124
0.49636363636363634 0.0 0.0 0.4707080488310704 0.49527753874751645 0.0 0.5043378936243857
0.5014545454545455 0.0 0.0 0.4731536611377697 0.5028119147997692 0.0 0.4964688371639062
0.5037272727272727 0.0 0.0 0.47346965706802085 0.5064198495980026 0.0 0.49327698926239727
0.5003636363636363 0.0 0.0 0.4711521000767011 0.499621435139877 0.0 0.4997430356562794
0.506090909090909 0.0 0.0 0.4723310559796484 0.506554734866759 0.0 0.4928682863299535
0.5036363636363637 0.0 0.0 0.4721388230947134 0.5032219857080689 0.0 0.49599303375001513
0.4958181818181818 0.0 0.0 0.4719812504141551 0.49609915741012406 0.0 0.5031133098379978
0.49536363636363634 0.0 0.0 0.4708375155754161 0.4940497874326312 0.0 0.5053398258132491
0.49254545454545456 0.0 0.0 0.4700321828384181 0.490939549739189 0.0 0.5087680504107603
0.5040909090909091 0.0 0.0 0.4699751230430414 0.501411372501915 0.0 0.49797859799643807
0.5022727272727273 0.0 0.0 0.4704026811521086 0.5011593241165014 0.0 0.4985184518698905
0.5069090909090909 0.0 0.0 0.4706316150643321 0.5060570377619679 0.0 0.4936856921948398
0.508090909090909 0.0 0.0 0.4700954159036492 0.5063967123438727 0.0 0.4933044394593512
0.49472727272727274 0.0 0.0 0.4696902949713397 0.49309574491128094 0.0 0.5068922869521564
0.505 0.0 0.0 0.4697924079786126 0.5023654150232653 0.0 0.49710476672669845
0.5113636363636364 0.0 0.0 0.47117546924058756 0.5101144260287217 0.0 0.4892509603756392
0.49981818181818183 0.0 0.0 0.4707916666599874 0.4985773050120215 0.0 0.5007205676700712
0.5013636363636363 0.0 0.0 0.47271230437925515 0.5021389653019953 0.0 0.49714441701119105
0.5014545454545455 0.0 0.0 0.469561267603711 0.4989854067923102 0.0 0.5006915924621747
0.5039090909090909 0.0 0.0 0.4697678319659442 0.5017805840039855 0.0 0.4979526728104253
0.5097272727272727 0.0 0.0 0.47125969353165664 0.5086794239906742 0.0 0.49078054635041746
0.5051818181818182 0.0 0.0 0.47218121009991176 0.5064858153863725 0.0 0.4932647891748615
0.5019090909090909 0.0 0.0 0.4731848181869284 0.5033224112366321 0.0 0.49589848307161555
0.4990909090909091 0.0 0.0 0.47279584275822023 0.5014428785500916 0.0 0.49875940359872006
0.5022727272727273 0.0 0.0 0.4717559148060323 0.5017441551357812 0.0 0.4975668450421106
0.5109090909090909 0.0 0.0 0.47104900204982225 0.5101114723367052 0.0 0.48966423834090855
0.502 0.0 0.0 0.46989276807298724 0.4991882269774476 0.0 0.5000831130963341
0.5043636363636363 0.0 0.0 0.47248182256132043 0.5059324904152694 0.0 0.49375431768722755
0.49236363636363634 0.0 0.0 0.47005620638051665 0.49037244087200865 0.0 0.5091066028398741
0.4970909090909091 0.0 0.0 0.471669944247523 0.49680705893009397 0.0 0.5023889296405688
0.49818181818181817 0.0 0.0 0.47090457245382883 0.49770055076510467 0.0 0.5020046268831964
0.5067272727272727 0.0 0.0 0.4712202620567574 0.5062204753868844 0.0 0.49335323980949397
0.5093636363636364 0.0 0.0 0.472236713324024 0.5104373630225327 0.0 0.4892402852990466
0.5053636363636363 0.0 0.0 0.46986896959911223 0.5032101709400026 0.0 0.49633616121195434
0.505 0.0 0.0 0.4703288330219549 0.503009812164879 0.0 0.4962675357195673
0.5032727272727273 0.0 0.0 0.4726519662852842 0.5048356861131186 0.0 0.4948721507076811
0.5046363636363637 0.0 0.0 0.4724629236454709 0.5048066414749557 0.0 0.4942407961777109
0.5045454545454545 0.0 0.0 0.47222200313133816 0.5058054816585571 0.0 0.49395714414250846
0.49627272727272725 0.0 0.0 0.471363116479145 0.4957274844980397 0.0 0.5035875882409453
0.5011818181818182 0.0 0.0 0.4729642262429139 0.502721827193264 0.0 0.4968317897680905
0.5039090909090909 0.0 0.0 0.4720868317607674 0.5052733248135728 0.0 0.4945030980597277
0.4969090909090909 0.0 0.0 0.4708927144426099 0.49613657084233387 0.0 0.5034396621795756
0.49763636363636365 0.0 0.0 0.4717607555092163 0.4975110221940418 0.0 0.5017484250449491
0.49372727272727274 0.0 0.0 0.4701278494623048 0.4921549940040052 0.0 0.5074824661866935
0.49963636363636366 0.0 0.0 0.4688761496395518 0.4964156947378992 0.0 0.5034320371248638
0.4989090909090909 0.0 0.0 0.47048535198392005 0.49732346275099 0.0 0.5020336020910932
0.503 0.0 0.0 0.47085692354875885 0.502092198511733 0.0 0.4973701186306
0.5116363636363637 0.0 0.0 0.47117222553816834 0.5116262240591999 0.0 0.48834662888706093
0.5063636363636363 0.0 0.0 0.4719841197799917 0.507326140765085 0.0 0.49240163298171524
0.49763636363636365 0.0 0.0 0.4716495978255554 0.49732001677697063 0.0 0.5019314263579832
0.49872727272727274 0.0 0.0 0.4713531595419775 0.4986014268301568 0.0 0.5008745937752096
0.5054545454545455 0.0 0.0 0.47224606998843516 0.5058611095248691 0.0 0.4935545412538327
0.5066363636363637 0.0 0.0 0.4700621940357518 0.5043394658543358 0.0 0.49496060134231323
0.5111818181818182 0.0 0.0 0.47089479837991155 0.5100312303702551 0.0 0.4895834127609844
0.5029090909090909 0.0 0.0 0.47197016434801725 0.5039087191019201 0.0 0.49578868228379447
0.49918181818181817 0.0 0.0 0.47101436494627297 0.498288335476401 0.0 0.5010682701648369
0.49427272727272725 0.0 0.0 0.4710281706581854 0.49330939530047907 0.0 0.5060062555948828
0.5019090909090909 0.0 0.0 0.47259611907509347 0.5037019606607606 0.0 0.49601743392508757
0.49627272727272725 0.0 0.0 0.47087155942106695 0.4956575804536477 0.0 0.5039947661624455
0.49927272727272726 0.0 0.0 0.47269897813198614 0.5010977888661564 0.0 0.49867857801879545
0.49981818181818183 0.0 0.0 0.47127546904037254 0.4992226867176408 0.0 0.5001578386324907
0.5085454545454545 0.0 0.0 0.47164126913068555 0.5087330827289751 0.0 0.4909848978166401
0.5098181818181818 0.0 0.0 0.47097062612207413 0.5092731160860037 0.0 0.4904252188009429
0.5033636363636363 0.0 0.0 0.4696292420502062 0.5007059323919588 0.0 0.49882802909110613
0.5068181818181818 0.0 0.0 0.4713694481571101 0.5072862659228614 0.0 0.4924107830473671
0.5034545454545455 0.0 0.0 0.4691001981111817 0.5003303212238525 0.0 0.49940753324904863
0.49363636363636365 0.0 0.0 0.47333289523872657 0.49602039228968237 0.0 0.5040359414578792
0.49618181818181817 0.0 0.0 0.47207355680371516 0.4974224114335449 0.0 0.502696981850844
0.49454545454545457 0.0 0.0 0.47173304258090265 0.4937849397151459 0.0 0.5052635752661514
0.5049090909090909 0.0 0.0 0.47063321862759006 0.5037221442228738 0.0 0.4957749571853164
0.5019090909090909 0.0 0.0 0.4694663173028174 0.4988465832675316 0.0 0.5006885424402896
0.5051818181818182 0.0 0.0 0.47234125522198633 0.505705056129994 0.0 0.4937558426981702
0.504 0.0 0.0 0.4709389491380216 0.5027592406254738 0.0 0.49676468928664397
0.5072727272727273 0.0 0.0 0.4715320287594077 0.5077160281112715 0.0 0.49176722842986287
0.5033636363636363 0.0 0.0 0.46991258319724527 0.5013060241533241 0.0 0.4984117011039537
0.5086363636363637 0.0 0.0 0.47291547016036617 0.509566516159649 0.0 0.4900393910326297
0.5048181818181818 0.0 0.0 0.46943601858921247 0.5029901208847686 0.0 0.4971505170549595
0.507090909090909 0.0 0.0 0.4724314645991299 0.5087916642873036 0.0 0.4911328238780116
0.49463636363636365 0.0 0.0 0.47108997644937994 0.49377115581906866 0.0 0.5055441772794705
0.4979090909090909 0.0 0.0 0.4710382770282703 0.497909770616278 0.0 0.5017453750230646
0.5162727272727273 0.0 0.0 0.4725927879313875 0.517672431617107 0.0 0.48243416146510754
0.49418181818181817 0.0 0.0 0.4712881373308643 0.4934231124431168 0.0 0.5057241285706191
0.49627272727272725 0.0 0.0 0.47281917638553955 0.497751255811389 0.0 0.5017606251324847
0.492 0.0 0.0 0.47152256219072525 0.4921604091060356 0.0 0.5071744139764196
0.49154545454545456 0.0 0.0 0.469626887721803 0.4897516732665274 0.0 0.5098828334093285
0.49927272727272726 0.0 0.0 0.4713902348474086 0.5000777805564361 0.0 0.49976743583135075
0.49427272727272725 0.0 0.0 0.47137137184894556 0.4942038716994953 0.0 0.5052742503427441
0.49763636363636365 0.0 0.0 0.4698179834936783 0.49576686705826056 0.0 0.5035616630549309
0.49936363636363634 0.0 0.0 0.47038141375225273 0.49794570720247955 0.0 0.5014830731410478
0.4958181818181818 0.0 0.0 0.47161059626626767 0.4959583647573345 0.0 0.5034686373874726
0.49927272727272726 0.0 0.0 0.4694185131098518 0.49692816030277315 0.0 0.5027625573213461
0.49018181818181816 0.0 0.0 0.46981843780744703 0.4886455156063241 0.0 0.5108512153574686
0.49436363636363634 0.0 0.0 0.4707969440583501 0.4938769964496622 0.0 0.5056387279578729
0.5118181818181818 0.0 0.0 0.47253194782515495 0.5125266078422492 0.0 0.4870778197833563
0.5053636363636363 0.0 0.0 0.47216009425575745 0.5058980306750761 0.0 0.4936079166368016
0.5097272727272727 0.0 0.0 0.4723450454012879 0.5111536333365496 0.0 0.4886806062833482
0.5083636363636364 0.0 0.0 0.472744197137218 0.5082639379803442 0.0 0.49117399917344295
0.5001818181818182 0.0 0.0 0.471131998046683 0.5003598581440181 0.0 0.4991010060497171
0.49527272727272725 0.0 0.0 0.471646287319217 0.4954153777082894 0.0 0.5039200406262909
0.49472727272727274 0.0 0.0 0.47132659563466367 0.49542276193833085 0.0 0.5044187192043085
0.5089090909090909 0.0 0.0 0.47122640517520886 0.5079606922666435 0.0 0.49134632540988465
0.5131818181818182 0.0 0.0 0.47196553445379835 0.5139827780064155 0.0 0.4860987627586224
0.4940909090909091 0.0 0.0 0.4708636071342636 0.4933522238347193 0.0 0.5060062555948831
0.49372727272727274 0.0 0.0 0.47011469675277207 0.4927403173052877 0.0 0.5070646131885996
0.5046363636363637 0.0 0.0 0.47213365261526463 0.5057267165381154 0.0 0.4937649927638217
0.5044545454545455 0.0 0.0 0.4702695668586428 0.5033037045205272 0.0 0.49633158617912954
0.5044545454545455 0.0 0.0 0.4705798188252013 0.5038619523116579 0.0 0.4956056809707603
0.49963636363636366 0.0 0.0 0.4714551672463076 0.500078272838439 0.0 0.49952038405875443
0.498 0.0 0.0 0.4711519715389149 0.4981667418217191 0.0 0.5014983232504683
0.505 0.0 0.0 0.4715660167073227 0.5053343677819151 0.0 0.49423317112300136
0.49754545454545457 0.0 0.0 0.47171445503229525 0.49843158953920436 0.0 0.5011933210620774
0.49327272727272725 0.0 0.0 0.47051729074636495 0.4925512810162276 0.0 0.5071240886153348
0.49354545454545456 0.0 0.0 0.47116569103387657 0.4927004424630641 0.0 0.5065857597528247
0.5066363636363637 0.0 0.0 0.47115166742031034 0.5069308383168681 0.0 0.49293233678951465
0.5119090909090909 0.0 0.0 0.4728780605111443 0.5136170124783642 0.0 0.48636868969534763
0.5043636363636363 0.0 0.0 0.4715067424749198 0.5037374049649593 0.0 0.4954775800516348
0.49763636363636365 0.0 0.0 0.47121225972999525 0.49777340850151325 0.0 0.5016203241258242
0.5005454545454545 0.0 0.0 0.47111408260429743 0.5006980558799147 0.0 0.49877160368625506
0.492 0.0 0.0 0.4695059166443603 0.4901115314105455 0.0 0.5095778312209376
0.5015454545454545 0.0 0.0 0.47177893723853925 0.5007945431524558 0.0 0.4982027746049057
0.5006363636363637 0.0 0.0 0.47178650052663745 0.49987151439727945 0.0 0.49911168112630977
0.5007272727272727 0.0 0.0 0.4694358788722204 0.4983784230829062 0.0 0.5012771966638835
0.5019090909090909 0.0 0.0 0.4707535851916583 0.5013335919454788 0.0 0.4980944988280286
0.49218181818181816 0.0 0.0 0.4705956161919243 0.4911221863622132 0.0 0.5081656710886889
0.5046363636363637 0.0 0.0 0.4700034726636355 0.502779424187587 0.0 0.49650696243745474
0.5099090909090909 0.0 0.0 0.47276436735956856 0.5110448390139395 0.0 0.48854183028763154
0.5061818181818182 0.0 0.0 0.4717396668595734 0.5068638879644927 0.0 0.49274323543271314
0.4970909090909091 0.0 0.0 0.4707444580987011 0.49581117243850903 0.0 0.5035159127266715
0.5025454545454545 0.0 0.0 0.4709491311059242 0.5018490112023692 0.0 0.49740061884943787
0.5029090909090909 0.0 0.0 0.4710274978856302 0.5017264329836818 0.0 0.4974509442105225
0.5089090909090909 0.0 0.0 0.4729054786428032 0.5111004668802515 0.0 0.48883005735565976
0.49845454545454543 0.0 0.0 0.470914805000164 0.49797229043062863 0.0 0.5014357978018489
0.5039090909090909 0.0 0.0 0.4710405920731155 0.5028015768777112 0.0 0.49646883716390444
0.5037272727272727 0.0 0.0 0.47128660672593164 0.5028271755418549 0.0 0.4963346362010125
0.5076363636363637 0.0 0.0 0.4688528920793946 0.5047249226624974 0.0 0.4952473033993997
0.5025454545454545 0.0 0.0 0.47062042964547907 0.5022802502367877 0.0 0.49731064320386364
0.4888181818181818 0.0 0.0 0.47041250625364167 0.4875871093003885 0.0 0.5118012971743051
0.5082727272727273 0.0 0.0 0.47109092273891257 0.5072404836966047 0.0 0.49203563035564746
0.49818181818181817 0.0 0.0 0.4691636801308586 0.49547395926661797 0.0 0.504189967563015
0.5031818181818182 0.0 0.0 0.4713361769734433 0.5022585898286662 0.0 0.49693854053402586
0.5006363636363637 0.0 0.0 0.47101220390111 0.5007221776980499 0.0 0.4987853287847325
0.5008181818181818 0.0 0.0 0.47071200819325576 0.5003761034501092 0.0 0.4991132061372525
0.48818181818181816 0.0 0.0 0.4705075369613326 0.4873070008408177 0.0 0.5121962750082707
0.4960909090909091 0.0 0.0 0.4712476437548003 0.496233058114875 0.0 0.5031377100130681
0.5005454545454545 0.0 0.0 0.47086578597942896 0.4997282603344761 0.0 0.49964848497787895
0.5088181818181818 0.0 0.0 0.47088094826548776 0.5080817936393227 0.0 0.4914820513837168
0.5050909090909091 0.0 0.0 0.46950105956912974 0.5033563786948225 0.0 0.49675248919910975
0.49454545454545457 0.0 0.0 0.4701375853735817 0.4930829455792092 0.0 0.5061755318094385
0.5030909090909091 0.0 0.0 0.4705015372831413 0.5026760449670072 0.0 0.49689431521671035
0.5007272727272727 0.0 0.0 0.47172331521622674 0.5012164288288218 0.0 0.4982363248456295
0.4920909090909091 0.0 0.0 0.47028230253283754 0.49100157727153687 0.0 0.508522523649107
0.508 0.0 0.0 0.47105998369162905 0.5069387148289123 0.0 0.49252668387895504
0.49854545454545457 0.0 0.0 0.4703742551197025 0.4975051148100087 0.0 0.5020839274521791
0.5017272727272727 0.0 0.0 0.47001637113985534 0.5002830621515875 0.0 0.4992031817828285
0.49354545454545456 0.0 0.0 0.47115768408179 0.4934605258753266 0.0 0.5060199806933587
0.499 0.0 0.0 0.47048105520519445 0.4978118064977286 0.0 0.501603549005462
0.5089090909090909 0.0 0.0 0.4712252755759805 0.5091072170510733 0.0 0.49042979383376994
0.5008181818181818 0.0 0.0 0.47103187446167916 0.5001599916508972 0.0 0.4991406563342079
0.5134545454545455 0.0 0.0 0.47209608152621557 0.5142904542581409 0.0 0.48567175969487497
0.5091818181818182 0.0 0.0 0.4706290325390636 0.5082846138244601 0.0 0.49136920057401245
0.5018181818181818 0.0 0.0 0.47095563481643904 0.5018071672321346 0.0 0.4976827458737001
0.5105454545454545 0.0 0.0 0.47077733067891947 0.5093430201303957 0.0 0.4899692405293006
0.4934545454545455 0.0 0.0 0.4705051827202164 0.49291261600625397 0.0 0.5066452351795625
0.5093636363636364 0.0 0.0 0.4701475126234482 0.5078454982779975 0.0 0.4921149309246283
0.5103636363636364 0.0 0.0 0.4711622670343001 0.5105358194230849 0.0 0.48925248538658106
0.5027272727272727 0.0 0.0 0.4707472063642819 0.5018381809983086 0.0 0.4974600942761751
0.49854545454545457 0.0 0.0 0.471225605011936 0.4982292616360697 0.0 0.5011307956134574
0.49418181818181817 0.0 0.0 0.4705887598225399 0.4934068671370257 0.0 0.5061419815687166
0.5131818181818182 0.0 0.0 0.4715236262429443 0.5132414013102577 0.0 0.4868826183827861
0.5079090909090909 0.0 0.0 0.47206151459129975 0.5084879262916003 0.0 0.4909925228713513
0.4950909090909091 0.0 0.0 0.47096788267857553 0.4950875178944508 0.0 0.5047008462285709
0.4959090909090909 0.0 0.0 0.4704623199855494 0.4944992409011517 0.0 0.5048335221805194
0.5065454545454545 0.0 0.0 0.4720924925275831 0.5069431453669372 0.0 0.4923604576862821
0.512 0.0 0.0 0.47070270465153 0.5114686938183164 0.0 0.48855250536422523
0.5121818181818182 0.0 0.0 0.4714663295165701 0.5117133579736886 0.0 0.4876268237224598
0.49454545454545457 0.0 0.0 0.4708136579275717 0.4937243890288064 0.0 0.50565245305635
0.5127272727272727 0.0 0.0 0.47066368837170297 0.5121101372679137 0.0 0.4878281251667973
0.4960909090909091 0.0 0.0 0.47081170145427564 0.4950259826441057 0.0 0.5042341928803313
0.5018181818181818 0.0 0.0 0.47084336149477085 0.501769261517922 0.0 0.4978413470116638
0.508090909090909 0.0 0.0 0.47178672865943666 0.509171705993435 0.0 0.49091169729142725
0.4989090909090909 0.0 0.0 0.47091524436124604 0.49858222783204914 0.0 0.500934069201945
0.49827272727272726 0.0 0.0 0.47042041603764945 0.4974219191515421 0.0 0.5020930775178309
0.49727272727272726 0.0 0.0 0.4701920430173376 0.49535925755997473 0.0 0.5040283164031685
0.4914545454545455 0.0 0.0 0.47098936662646973 0.4912816857311077 0.0 0.5081183957494891
0.49818181818181817 0.0 0.0 0.470002750693927 0.4964127410458827 0.0 0.5028830331857617
0.5077272727272727 0.0 0.0 0.4720229208367849 0.5082875675164766 0.0 0.4912792249284377
0.5148181818181818 0.0 0.0 0.46994382044497984 0.5135549849460164 0.0 0.486817042912281
0.4970909090909091 0.0 0.0 0.4718424297964811 0.4967189404515998 0.0 0.5025749809754863
0.5043636363636363 0.0 0.0 0.4710689469640399 0.502974860142683 0.0 0.4963727614745611
0.49618181818181817 0.0 0.0 0.4728940051263223 0.4978920484641786 0.0 0.5017728252200189
0.503 0.0 0.0 0.47182302351992794 0.5022344680105308 0.0 0.49689126519482596
0.487 0.0 0.0 0.4740293330961221 0.48906641671868445 0.0 0.5109686411999992
0.509090909090909 0.0 0.0 0.47213322979652433 0.5094734748611273 0.0 0.4899600904636474
0.49372727272727274 0.0 0.0 0.47202297833619183 0.49388487296170636 0.0 0.5055274021591086
0.5021818181818182 0.0 0.0 0.4716781294457185 0.5011996912407278 0.0 0.4979557228323094
0.4950909090909091 0.0 0.0 0.47103883302813426 0.49375737192299135 0.0 0.5054328514807074
0.5026363636363637 0.0 0.0 0.4715723115632961 0.50152459736255 0.0 0.4976339455235571
0.4970909090909091 0.0 0.0 0.47125941803070165 0.4960651899519336 0.0 0.5032139605601649
0.4880909090909091 0.0 0.0 0.47118341667249847 0.48801884061680967 0.0 0.5118653476338682
0.502 0.0 0.0 0.47004908002737106 0.5000206758441159 0.0 0.49944413351165695
0.5035454545454545 0.0 0.0 0.4728214013708895 0.5055229117889725 0.0 0.4943170467248079
0.4853636363636364 0.0 0.0 0.4713249461270211 0.48556530711505025 0.0 0.5145173416619262
0.5022727272727273 0.0 0.0 0.47304279760797235 0.5036000582861891 0.0 0.4957520820211858
0.488 0.0 0.0 0.4719856159231605 0.4893105885920538 0.0 0.5109411910030448
0.48918181818181816 0.0 0.0 0.47002629681573754 0.4873306303769502 0.0 0.5123960514416681
0.503 0.0 0.0 0.4702266655728386 0.5012666415931033 0.0 0.4982149746924426
0.5136363636363637 0.0 0.0 0.47073619618610424 0.5127053062092514 0.0 0.48715864536327924
0.49827272727272726 0.0 0.0 0.47095186409979406 0.49811603677543476 0.0 0.5014906981957581
0.49163636363636365 0.0 0.0 0.47182857249773824 0.49137275790161844 0.0 0.507935394436454
0.49972727272727274 0.0 0.0 0.4702334086386676 0.4979988736587777 0.0 0.5014952732285836
0.5051818181818182 0.0 0.0 0.4714593787041655 0.505204897615189 0.0 0.49417674571814874
0.49563636363636365 0.0 0.0 0.4710949597250293 0.4952160034971714 0.0 0.5043134934493143
0.5050909090909091 0.0 0.0 0.4722787634305489 0.5062096451828237 0.0 0.49347371567390685
0.4853636363636364 0.0 0.0 0.4713048450843988 0.4855357701948846 0.0 0.5145463168698232
0.49472727272727274 0.0 0.0 0.47249062261562946 0.4952046810111079 0.0 0.5040664416767169
0.4894545454545455 0.0 0.0 0.4711250470392577 0.48849290818546826 0.0 0.5109350909592769
0.48872727272727273 0.0 0.0 0.46996021491344486 0.4867285694875738 0.0 0.513018255905985
0.5086363636363637 0.0 0.0 0.47306938340833443 0.5105791402393278 0.0 0.4889337580997115
0.4859090909090909 0.0 0.0 0.47074368369006975 0.4854481439983932 0.0 0.5146012172637329
0.5012727272727273 0.0 0.0 0.47164672161312177 0.5018647642264576 0.0 0.4977818715849265
0.4924545454545455 0.0 0.0 0.4724970874077398 0.4933655154487938 0.0 0.5062914326410284
0.5124545454545455 0.0 0.0 0.47236120578107704 0.5128731743721927 0.0 0.48682466796698987
0.4869090909090909 0.0 0.0 0.4711300582584015 0.48660303757686985 0.0 0.5133934085977063
0.5010909090909091 0.0 0.0 0.4715416026343677 0.5007443303881742 0.0 0.4986984031610405
0.4869090909090909 0.0 0.0 0.47031564102868756 0.4854993413266803 0.0 0.5142474147251992
0.49572727272727274 0.0 0.0 0.4700578352847529 0.4942565458737907 0.0 0.5052162999269505
0.5084545454545455 0.0 0.0 0.4716380455512933 0.5084224527852331 0.0 0.4911175737685899
0.485 0.0 0.0 0.4717902274819368 0.4857548356861131 0.0 0.5143816156880922
0.4988181818181818 0.0 0.0 0.47178888905707117 0.49924877766378717 0.0 0.5003713401643642
0.5007272727272727 0.0 0.0 0.4726244994412888 0.5019804504971064 0.0 0.49745399423240677
0.49981818181818183 0.0 0.0 0.472663486243088 0.5009067834490852 0.0 0.4984010260273596
0.4969090909090909 0.0 0.0 0.4718214062682342 0.49721516071038263 0.0 0.5022013532947078
0.5082727272727273 0.0 0.0 0.4723025895546289 0.5094754439891382 0.0 0.49010496650313196
0.5099090909090909 0.0 0.0 0.4712819320704889 0.5101483934869122 0.0 0.4897160887129358
0.5019090909090909 0.0 0.0 0.47105692723860515 0.5002722319475267 0.0 0.49886920438653903
0.49981818181818183 0.0 0.0 0.4726026176903942 0.501032807641792 0.0 0.4984528763993864
0.5 0.0 0.0 0.47226689427876645 0.5003613349900263 0.0 0.49886462935371334
0.4889090909090909 0.0 0.0 0.47163871696580795 0.48962712591982893 0.0 0.5104608125563295
0.4940909090909091 0.0 0.0 0.4702354798189688 0.4924995914059377 0.0 0.5070707132323671
0.49727272727272726 0.0 0.0 0.4726287254341236 0.4991104464210114 0.0 0.5009264441472341
0.4979090909090909 0.0 0.0 0.4720208512844721 0.49882147688539086 0.0 0.5008700187423833
0.5029090909090909 0.0 0.0 0.4724984660515146 0.5043306047782861 0.0 0.49532660396838113
0.4970909090909091 0.0 0.0 0.4726263110607037 0.49852069258170406 0.0 0.5012024711277285
0.5048181818181818 0.0 0.0 0.4720066441041363 0.5054549768725916 0.0 0.4940882950835156
0.49572727272727274 0.0 0.0 0.47209954618285804 0.49588796843093974 0.0 0.503503712639136
0.5084545454545455 0.0 0.0 0.4705965563500932 0.5076722150130257 0.0 0.4920478304431819
0.49672727272727274 0.0 0.0 0.47088391356621123 0.4962798249051373 0.0 0.5034244120701552
0.4939090909090909 0.0 0.0 0.47144675270928704 0.4939533001600901 0.0 0.505628052881278
0.5044545454545455 0.0 0.0 0.47197750598657734 0.5040450812166848 0.0 0.49515580274288384
0.508090909090909 0.0 0.0 0.4701149719585362 0.50598073405154 0.0 0.4936124916696265
0.5015454545454545 0.0 0.0 0.4711564575159134 0.5000462745082596 0.0 0.49907660587464486
0.4980909090909091 0.0 0.0 0.470812877648559 0.4972939258308243 0.0 0.5022654037542702
0.502 0.0 0.0 0.4715355404070759 0.5008107884585469 0.0 0.4983263004912042
0.5008181818181818 0.0 0.0 0.47176380416387903 0.5015689027427984 0.0 0.49809144880614287
0.5056363636363637 0.0 0.0 0.47138267052406263 0.504491088711186 0.0 0.494557998453637
0.5074545454545455 0.0 0.0 0.4705675864403203 0.5066093781690654 0.0 0.4931549883870402
0.5054545454545455 0.0 0.0 0.4713900080139093 0.5042213181736731 0.0 0.4948569005982596
0.5068181818181818 0.0 0.0 0.47045073108773394 0.5048583310852455 0.0 0.4943139967029243
0.502 0.0 0.0 0.4713713164650669 0.5017682769539165 0.0 0.4977452713223204
0.4959090909090909 0.0 0.0 0.4718618014733793 0.49632363800338297 0.0 0.5031270349364738
0.4974545454545454 0.0 0.0 0.4708557160039137 0.49715214861402923 0.0 0.5025246556144028
0.5054545454545455 0.0 0.0 0.47218529351580313 0.5064853231043697 0.0 0.4932068387590651
0.5107272727272727 0.0 0.0 0.47071146694704835 0.5098638544893165 0.0 0.4900637912077008
0.5148181818181818 0.0 0.0 0.4706168639327279 0.5136283349644277 0.0 0.48616891326195133
0.48663636363636364 0.0 0.0 0.4710431549300117 0.4861594914923824 0.0 0.513799061508266
0.5129090909090909 0.0 0.0 0.4708792764971864 0.5123395406812001 0.0 0.48762072367869047
0.49218181818181816 0.0 0.0 0.4727863948594794 0.4931410348555349 0.0 0.506398183406964
0.49318181818181817 0.0 0.0 0.47345275260367564 0.4954842971886759 0.0 0.5047770967756677
0.49563636363636365 0.0 0.0 0.47058471597215124 0.49504075110418855 0.0 0.5049661981324711
0.5122727272727273 0.0 0.0 0.4712028505535562 0.5121027530378722 0.0 0.48763597378811063
0.5003636363636363 0.0 0.0 0.47183408007120325 0.500090579888508 0.0 0.498995780294722
0.5028181818181818 0.0 0.0 0.472027415748172 0.5023560616652127 0.0 0.49676926431946966
0.4980909090909091 0.0 0.0 0.4715801833934468 0.4977345182232952 0.0 0.5016096490492309
0.5123636363636364 0.0 0.0 0.47074806737694463 0.5114204501820458 0.0 0.48836492901836437
0.4980909090909091 0.0 0.0 0.4706925570802355 0.49663672935713876 0.0 0.5027290070806241
0.5099090909090909 0.0 0.0 0.4721440460101272 0.511220583688925 0.0 0.48854030527668935
0.4827272727272727 0.0 0.0 0.47097765563538835 0.4816969551373565 0.0 0.5178510155810351
0.49963636363636366 0.0 0.0 0.47160441101327605 0.5002072507231623 0.0 0.49936635795361606
0.5073636363636363 0.0 0.0 0.4707396014825276 0.5063922818058479 0.0 0.4932312389341381
0.4864545454545455 0.0 0.0 0.4714614005280442 0.48582867798652724 0.0 0.5136496104359543
0.49027272727272725 0.0 0.0 0.4700749825536548 0.48839494406691886 0.0 0.5112187429944799
0.5055454545454545 0.0 0.0 0.47224829524623374 0.5060846055541225 0.0 0.4932571641201501
0.4819090909090909 0.0 0.0 0.47196644315020714 0.48266576611878964 0.0 0.5173721621452632
0.5131818181818182 0.0 0.0 0.4708957037713941 0.5124847638720146 0.0 0.4875734483394901
0.4863636363636364 0.0 0.0 0.47142667890483975 0.4867374305636235 0.0 0.5132820827989435
0.4868181818181818 0.0 0.0 0.47127283084502836 0.48590891995297725 0.0 0.513430008860313
0.5007272727272727 0.0 0.0 0.4715594411161044 0.5006877179578567 0.0 0.4988722544084241
0.5073636363636363 0.0 0.0 0.4704920610308053 0.5056287524195661 0.0 0.49403034466772067
0.494 0.0 0.0 0.470426759107116 0.492295294374792 0.0 0.5070219128822229
0.5067272727272727 0.0 0.0 0.47234193481940395 0.5073059572029718 0.0 0.49196242983043237
0.5031818181818182 0.0 0.0 0.4718140441522911 0.5032682602163284 0.0 0.49598235867342166
0.5128181818181818 0.0 0.0 0.4722833516427206 0.5137051309568583 0.0 0.48596151177384395
0.49672727272727274 0.0 0.0 0.4702646964870421 0.49524701726334525 0.0 0.50407559174237
0.4864545454545455 0.0 0.0 0.4710922182005873 0.4866222365749775 0.0 0.51347423417763
0.4913636363636364 0.0 0.0 0.4712363927933392 0.4916341596450844 0.0 0.508418822905053
0.49236363636363634 0.0 0.0 0.4714259321599296 0.4922244057663945 0.0 0.5074046906286556
0.49927272727272726 0.0 0.0 0.470606439755137 0.4989612849741749 0.0 0.5010880953070822
0.48927272727272725 0.0 0.0 0.47178617357606467 0.4890875848448032 0.0 0.510506562884586
0.5032727272727273 0.0 0.0 0.4724109875621901 0.5051487774668744 0.0 0.49511157742556566
0.49618181818181817 0.0 0.0 0.4720747926365108 0.49595738019332897 0.0 0.5032215856148746
0.49854545454545457 0.0 0.0 0.4697378934556761 0.4971900543282418 0.0 0.5029608087438008
0.49263636363636365 0.0 0.0 0.4723143522520014 0.49336108491076897 0.0 0.5061053813061108
0.5003636363636363 0.0 0.0 0.4692253614754468 0.4972693117306863 0.0 0.5023386042794838
0.49927272727272726 0.0 0.0 0.4712362160120443 0.49772024204521514 0.0 0.5014479978893829
0.4974545454545454 0.0 0.0 0.47176660082587524 0.4991242303170887 0.0 0.5010682701648357
0.515090909090909 0.0 0.0 0.47141449222863735 0.515318831361908 0.0 0.4846439023199972
0.495 0.0 0.0 0.4712948582413593 0.49533513574183946 0.0 0.504389743996412
0.5008181818181818 0.0 0.0 0.4715769750150767 0.5015442886426603 0.0 0.4983812008851144
0.49872727272727274 0.0 0.0 0.472926509069848 0.5005804004812549 0.0 0.49900798038225813
0.4939090909090909 0.0 0.0 0.47085477853420066 0.49265318339079905 0.0 0.5067596110002072
0.5121818181818182 0.0 0.0 0.4713350440881544 0.5122706212008137 0.0 0.4875124479018108
0.5020909090909091 0.0 0.0 0.47056330287310083 0.5013946349138211 0.0 0.4983339255459135
0.49818181818181817 0.0 0.0 0.46917098926372575 0.4950658574863293 0.0 0.504423294237135
0.5035454545454545 0.0 0.0 0.47086717674168443 0.5029226782503904 0.0 0.4967280890240372
0.49336363636363634 0.0 0.0 0.47126858008944145 0.4923775054692531 0.0 0.5069471873460674
0.49827272727272726 0.0 0.0 0.4692072897229345 0.4953110139237042 0.0 0.5042357178912745
0.5061818181818182 0.0 0.0 0.47078068317257654 0.5059398746453109 0.0 0.49423774615582716
0.5057272727272727 0.0 0.0 0.47246860814699426 0.5065985479650047 0.0 0.49287743639560455
0.4918181818181818 0.0 0.0 0.473226317962863 0.49314546539355975 0.0 0.5062136570829888
0.49263636363636365 0.0 0.0 0.4719151998546957 0.49249516086791284 0.0 0.5068023113065819
0.5018181818181818 0.0 0.0 0.47214955727902425 0.5026873674530707 0.0 0.4966640385644754
0.5048181818181818 0.0 0.0 0.47080238986079426 0.5037881100112437 0.0 0.4956011059379337
0.5037272727272727 0.0 0.0 0.47094533506906316 0.5029177554303628 0.0 0.4964551120654275
0.5021818181818182 0.0 0.0 0.4693655427106864 0.499473258257046 0.0 0.500362190098713
0.5047272727272727 0.0 0.0 0.47111610889204175 0.5040312973206075 0.0 0.4952656035307038
0.4914545454545455 0.0 0.0 0.47216108846920174 0.49224015879048283 0.0 0.5073543652675682
0.5028181818181818 0.0 0.0 0.4732464217834031 0.5039988067084253 0.0 0.49507345215201626
0.4914545454545455 0.0 0.0 0.4712051868370977 0.4912811934491049 0.0 0.508708574984025
0.49563636363636365 0.0 0.0 0.47186189238788917 0.4967529079097903 0.0 0.5030736595535055
0.49763636363636365 0.0 0.0 0.4704219739730449 0.4962158282447784 0.0 0.5030797595972734
0.5005454545454545 0.0 0.0 0.4716898676837041 0.5008806925029389 0.0 0.49840255103830244
0.5035454545454545 0.0 0.0 0.4714576915339882 0.5032584145762732 0.0 0.49608300939559113
0.5014545454545455 0.0 0.0 0.4742270890601382 0.5036281183603465 0.0 0.4953128788699045
0.4914545454545455 0.0 0.0 0.47372900232101556 0.49352895307371036 0.0 0.5062106070611052
0.49963636363636366 0.0 0.0 0.4712860792957671 0.4991847810034283 0.0 0.500235614190531
0.5013636363636363 0.0 0.0 0.47126472844790673 0.5011435710924131 0.0 0.49825614998787493
0.4979090909090909 0.0 0.0 0.47091773287736166 0.4970059408592093 0.0 0.502277603841806
0.5035454545454545 0.0 0.0 0.4734417157175328 0.5056528742377013 0.0 0.493995269416057
0.5002727272727273 0.0 0.0 0.4718737894991156 0.5002136503891982 0.0 0.4989835802071866
0.5045454545454545 0.0 0.0 0.47100280189618904 0.5043296202142805 0.0 0.49532812897932443
0.48918181818181816 0.0 0.0 0.4714422895902368 0.48808529868718237 0.0 0.5110784419878198
0.505 0.0 0.0 0.4710975067198002 0.5042282101217118 0.0 0.4951131024365085
0.5009090909090909 0.0 0.0 0.471490072241818 0.5000457822262567 0.0 0.49900950539320044
0.5052727272727273 0.0 0.0 0.4702147420020584 0.5032845055224195 0.0 0.4960067588484931
0.5019090909090909 0.0 0.0 0.4699053642449895 0.49931375888815155 0.0 0.5000236376695983
0.49836363636363634 0.0 0.0 0.469959783909348 0.49666085117527403 0.0 0.502802207605838
0.5032727272727273 0.0 0.0 0.47126932394634635 0.5020739840776309 0.0 0.4970910416282228
0.49572727272727274 0.0 0.0 0.471436833856277 0.49469959967627536 0.0 0.5044614195106825
0.49272727272727274 0.0 0.0 0.4714155236416503 0.49166763482127207 0.0 0.5075419416134294
0.49763636363636365 0.0 0.0 0.47148250830122734 0.49725208186058967 0.0 0.5020839274521776
0.5078181818181818 0.0 0.0 0.471568474892114 0.5081561282217396 0.0 0.49132345024575363
0.5061818181818182 0.0 0.0 0.4708056209559736 0.5055194658149532 0.0 0.4941721706853235
0.5056363636363637 0.0 0.0 0.47029093319600984 0.5046505880800805 0.0 0.49525340344316715
0.493 0.0 0.0 0.4721868988789956 0.4934236047251196 0.0 0.5061755318094403
0.4969090909090909 0.0 0.0 0.47233893663549176 0.4979270004863746 0.0 0.5015333985021337
0.49827272727272726 0.0 0.0 0.47367384087530656 0.5009776720574828 0.0 0.49908118090747033
0.49436363636363634 0.0 0.0 0.47216550431366744 0.49532627466578977 0.0 0.5041960676067841
0.5017272727272727 0.0 0.0 0.4717597463676795 0.5011962452667086 0.0 0.4979557228323086
0.5035454545454545 0.0 0.0 0.470155297786969 0.5015856403308923 0.0 0.49799232309491626
0.4903636363636364 0.0 0.0 0.4709652545146715 0.48882667538334 0.0 0.5105263880268325
0.4970909090909091 0.0 0.0 0.4727838133437356 0.4985108469416488 0.0 0.5008517186110795
0.4948181818181818 0.0 0.0 0.4699393878060581 0.49408670858283826 0.0 0.5061663817437875
0.5021818181818182 0.0 0.0 0.47208224900192935 0.5022521901626302 0.0 0.49688974018388277
0.49563636363636365 0.0 0.0 0.4716159272889923 0.49636892794763693 0.0 0.5033207113261025
0.5024545454545455 0.0 0.0 0.4705463856076203 0.5017495702378116 0.0 0.49794962278854116
0.5018181818181818 0.0 0.0 0.4714086663205874 0.5007290696460887 0.0 0.498492526683877
0.5081818181818182 0.0 0.0 0.4717847657502211 0.5087911720053009 0.0 0.49071954591274003
0.5015454545454545 0.0 0.0 0.4713131606049598 0.5004686524666282 0.0 0.4986938281282153
0.5043636363636363 0.0 0.0 0.47089921024092746 0.5034528659673637 0.0 0.49592135823574324
0.49463636363636365 0.0 0.0 0.47044544956089596 0.4928318817578012 0.0 0.5063859833194287
0.498 0.0 0.0 0.47064704889897385 0.49635908230758174 0.0 0.5028723581091675
0.504 0.0 0.0 0.4708689954393142 0.5030866081573097 0.0 0.4962827858289869
0.49954545454545457 0.0 0.0 0.47060766597043274 0.49872892786887185 0.0 0.5008562936439049
0.4968181818181818 0.0 0.0 0.47192675478072504 0.49727620367872494 0.0 0.5021617030102166
0.5050909090909091 0.0 0.0 0.4698762470688122 0.5031338672295748 0.0 0.49647341219673047
0.49463636363636365 0.0 0.0 0.47067905222766576 0.49362544034625144 0.0 0.5055670524435997
0.5114545454545455 0.0 0.0 0.4712540965321277 0.5115469666567554 0.0 0.48832985376669824
0.506 0.0 0.0 0.47047364346956944 0.5051566539789185 0.0 0.4947303246900778
0.5009090909090909 0.0 0.0 0.4692238986289519 0.497831497777839 0.0 0.5017209748479925
0.4958181818181818 0.0 0.0 0.4703149438659243 0.49309574491128094 0.0 0.5061236814374126
0.5061818181818182 0.0 0.0 0.4706247380124568 0.5054530077445805 0.0 0.4944237974907454
0.5037272727272727 0.0 0.0 0.47169857365389917 0.5036015351321974 0.0 0.4956895565725671
0.5044545454545455 0.0 0.0 0.46986985484840404 0.5022689277507242 0.0 0.49737774368530885
0.5037272727272727 0.0 0.0 0.47078497150588133 0.5030506715711082 0.0 0.49653746265629306
0.49845454545454543 0.0 0.0 0.4723546598106909 0.4995397163274187 0.0 0.4999412870787341
0.5007272727272727 0.0 0.0 0.47122510982978766 0.49968100126221104 0.0 0.49967593517483255
0.49818181818181817 0.0 0.0 0.46931454193843924 0.4954035629402232 0.0 0.5041792924864223
0.5122727272727273 0.0 0.0 0.47126691985748764 0.5122174547445155 0.0 0.4873675718623266
0.5013636363636363 0.0 0.0 0.47116604993258243 0.5008782310929252 0.0 0.49847422655257356
0.4959090909090909 0.0 0.0 0.47096504756571234 0.4950018608259704 0.0 0.5044751446091609
0.5139090909090909 0.0 0.0 0.4713720887862886 0.5142023357796467 0.0 0.48570835995747996
0.499 0.0 0.0 0.4716103625150508 0.4989790071262743 0.0 0.5004780909303008
0.49836363636363634 0.0 0.0 0.47114065902689617 0.49799788909477216 0.0 0.5015242484364804
0.4910909090909091 0.0 0.0 0.47329200301611024 0.4925882021664346 0.0 0.50683128651448
0.4918181818181818 0.0 0.0 0.4720054863621951 0.49176264524780494 0.0 0.5075937919854557
0.5010909090909091 0.0 0.0 0.4729982305239257 0.5024279348376158 0.0 0.49672198898026987
0.4989090909090909 0.0 0.0 0.47195128004466935 0.49913604508515497 0.0 0.5003118647376272
0.4980909090909091 0.0 0.0 0.4693584706562822 0.4949900460579042 0.0 0.5045041198170583
0.5018181818181818 0.0 0.0 0.47079025403243796 0.5011091113522199 0.0 0.4981692243641834
0.5066363636363637 0.0 0.0 0.47041126195836025 0.5058035125305461 0.0 0.4941447204883671
0.5097272727272727 0.0 0.0 0.4710376903243841 0.5093287439523156 0.0 0.49015681687515966
0.49936363636363634 0.0 0.0 0.46953893123816515 0.4969271757387676 0.0 0.5026298813693968
0.49936363636363634 0.0 0.0 0.4710582385269538 0.4987077597427531 0.0 0.500752592899852
0.494 0.0 0.0 0.47084938553849653 0.49321389259194354 0.0 0.5063143078051566
0.4989090909090909 0.0 0.0 0.47128420269765586 0.4984571882033479 0.0 0.5008974689393377
0.49836363636363634 0.0 0.0 0.46907649937681806 0.495235202495279 0.0 0.5043744938869923
0.498 0.0 0.0 0.471518185716028 0.4984212516171464 0.0 0.5011551957885283
0.3521818181818182 0.0 0.0 0.4705092877860628 0.35081393906336455 0.0 0.6489531562388946
0.3521818181818182 0.0 0.0 0.4704512623251637 0.3507046524587517 0.0 0.6490736321033088
0.3509090909090909 0.0 0.0 0.47326497418507185 0.3522080816951829 0.0 0.6478048229996034