0.025793650793650792 0.0 0.0 0.48515261134039395 0.025415705071305996 0.0 0.9751697457760935
0.013888888888888888 0.1204481792717087 0.14358974358974363 0.46518051665110494 0.013403159950292917 0.0 0.986854571293226
0.015873015873015872 0.0672268907563025 0.09230769230769231 0.45873015873015877 0.015208000473400794 0.0 0.98531501657982
0.017857142857142856 0.04201680672268904 0.06153846153846154 0.4759803921568628 0.01787087993372389 0.0 0.9827096162955945
0.01984126984126984 0.02801120448179273 0.04102564102564099 0.47005540392795286 0.019143144564767147 0.0 0.9815648192010106
0.021825396825396824 0.014005602240896309 0.02051282051282055 0.4780251284663048 0.02121427303390733 0.0 0.9792357492499605
0.021825396825396824 0.014005602240896309 0.02051282051282055 0.47742352418823 0.02136221078170306 0.0 0.9792357492499605
0.023809523809523808 0.0056022408963585235 0.00512820512820511 0.4771196940314587 0.023226226403929226 0.0 0.9774593399652614
0.023809523809523808 0.0056022408963585235 0.00512820512820511 0.4828590405409291 0.023551689449079826 0.0 0.9768672035370283
0.023809523809523808 0.0056022408963585235 0.00512820512820511 0.47927323221440865 0.023285401503047518 0.0 0.9771830096320859
0.01984126984126984 0.02801120448179273 0.04102564102564099 0.4769719169719169 0.01952778270903604 0.0 0.9812490131059529
0.023809523809523808 0.0056022408963585235 0.00512820512820511 0.4791980758892523 0.02334457660216581 0.0 0.9771435338702037
0.01984126984126984 0.02801120448179273 0.04102564102564099 0.47522899758193865 0.01952778270903604 0.0 0.9811700615821886
0.023809523809523808 0.0056022408963585235 0.00512820512820511 0.48295147118676524 0.023255813953488372 0.0 0.9768672035370283
0.023809523809523808 0.0056022408963585235 0.01025641025641022 0.47526106790812656 0.022900763358778626 0.0 0.9775382914890257
0.023809523809523808 0.0056022408963585235 0.01025641025641022 0.47857383629442435 0.023167051304810934 0.0 0.9772224853939682
0.021825396825396824 0.014005602240896309 0.02051282051282055 0.47659613262554423 0.021303035682584768 0.0 0.979512079583136