0.02976190476190476 0.0 0.0 0.4869826905121024 0.028137759630747383 0.0 0.972169587873046
0.015873015873015872 0.10084033613445376 0.1333333333333333 0.4780020341469921 0.015681401266347123 0.0 0.9851571135322912
0.015873015873015872 0.10084033613445376 0.11794871794871797 0.47474336225718355 0.015592638617669685 0.0 0.9852360650560555
0.02976190476190476 0.0 0.0 0.48981055265111006 0.028315284928102254 0.0 0.9715774514448129
0.017857142857142856 0.06162464985994398 0.0871794871794872 0.47878637566137566 0.01754541688857329 0.0 0.9833412284857098
0.021825396825396824 0.019607843137254943 0.02564102564102566 0.4861730417844968 0.021865199124208534 0.0 0.9787620401073741
0.01984126984126984 0.03361344537815125 0.0461538461538461 0.47403175695229366 0.019350257411681164 0.0 0.9811305858203063
0.023809523809523808 0.008403361344537785 0.00512820512820511 0.49250426216370485 0.023640452097757263 0.0 0.9765908732038528
0.02976190476190476 0.0 0.0 0.49157344989277774 0.027989821882951654 0.0 0.9722485393968103
0.02976190476190476 0.0 0.0 0.4889850812119721 0.02775312148647849 0.0 0.9724064424443392
0.02976190476190476 0.0 0.0 0.49183867097732636 0.02796023433339251 0.0 0.9720511605873994
0.02976190476190476 0.0 0.0 0.4896224432193031 0.028315284928102254 0.0 0.9714984999210485
0.02976190476190476 0.0 0.0 0.5004503384799716 0.02840404757677969 0.0 0.9711826938259909
0.02976190476190476 0.0 0.0 0.4955774784047673 0.028551985324575417 0.0 0.9711037423022264
0.02976190476190476 0.0 0.0 0.48311168912009267 0.028226522279424817 0.0 0.9724459182062214
0.02976190476190476 0.0 0.0 0.4942970778054812 0.027901059234274217 0.0 0.9722090636349282
0.02976190476190476 0.0 0.0 0.4886201916664102 0.028463222675897983 0.0 0.9715774514448129
0.02976190476190476 0.0 0.0 0.4907366581360391 0.028315284928102254 0.0 0.9716564029685772
0.02976190476190476 0.0 0.0 0.48895591569961316 0.028048996982069946 0.0 0.9722090636349282
0.02976190476190476 0.0 0.0 0.49440131203178544 0.028167347180306525 0.0 0.9716564029685772
0.025793650793650792 0.0028011204481792618 0.0 0.48807423805191125 0.02517900467483283 0.0 0.9747749881572715
0.02976190476190476 0.0 0.0 0.4951352606228769 0.028256109828983963 0.0 0.9712616453497552