0.027777777777777776 0.0 0.0 0.4894755348417785 0.027841884135155925 0.0 0.9728406758250434
0.013888888888888888 0.10644257703081228 0.11282051282051286 0.45655527168132215 0.012900171607787444 0.0 0.9871309016264014
0.027777777777777776 0.0 0.0 0.49153947678936616 0.027930646783833363 0.0 0.9726827727775146
0.015873015873015872 0.06162464985994398 0.07692307692307687 0.4624756633422599 0.01535593822119652 0.0 0.9846439286278226
0.01984126984126984 0.025210084033613467 0.02564102564102566 0.4786947058025489 0.01991242085330493 0.0 0.9807753039633665
0.017857142857142856 0.04201680672268904 0.05128205128205132 0.47338793423352254 0.017959642582401326 0.0 0.9826306647718301
0.021825396825396824 0.014005602240896309 0.01025641025641022 0.47993180194418583 0.021717261376412805 0.0 0.9789199431549029
0.023809523809523808 0.008403361344537785 0.01025641025641022 0.4908980603446548 0.02420261553938103 0.0 0.9765119216800884
0.025793650793650792 0.0028011204481792618 0.00512820512820511 0.49147642741653214 0.026007456062488905 0.0 0.9747355123953892
0.025793650793650792 0.0028011204481792618 0.00512820512820511 0.4922102252091534 0.02597786851292976 0.0 0.9748144639191536
0.023809523809523808 0.008403361344537785 0.01025641025641022 0.48966390506638185 0.024025090242026155 0.0 0.9767882520132639
0.025793650793650792 0.0028011204481792618 0.00512820512820511 0.49503004972015446 0.02618498135984378 0.0 0.9745381335859782
0.027777777777777776 0.0 0.0 0.4890905637473698 0.027516421090005325 0.0 0.9733143849676299
0.023809523809523808 0.008403361344537785 0.00512820512820511 0.4816463507252981 0.023551689449079826 0.0 0.9772619611558503
0.025793650793650792 0.0028011204481792618 0.00512820512820511 0.49159089628100106 0.02618498135984378 0.0 0.9748539396810358
0.023809523809523808 0.008403361344537785 0.01025641025641022 0.488376521426057 0.023906740043789572 0.0 0.9765119216800884
0.025793650793650792 0.0028011204481792618 0.00512820512820511 0.49220573623407643 0.026007456062488905 0.0 0.9751302700142113
0.027777777777777776 0.0 0.0 0.49578867153629835 0.028226522279424817 0.0 0.972564345491868
0.025793650793650792 0.0028011204481792618 0.00512820512820511 0.492777631658913 0.026066631161607196 0.0 0.9748539396810358
0.027777777777777776 0.0 0.0 0.49049273659427434 0.027723533936919346 0.0 0.9728406758250434
0.025793650793650792 0.0028011204481792618 0.00512820512820511 0.4915424729011296 0.025948280963370613 0.0 0.9747749881572715
0.023809523809523808 0.008403361344537785 0.00512820512820511 0.48345952937671205 0.02367003964731641 0.0 0.9769461550607926
0.025793650793650792 0.0028011204481792618 0.00512820512820511 0.4909789568964372 0.025770755666015742 0.0 0.9750513184904469
0.027777777777777776 0.0 0.0 0.4945817785226827 0.02787147168471507 0.0 0.9727222485393968
0.027777777777777776 0.0 0.0 0.4880733619948739 0.02763477128824191 0.0 0.9733143849676299
0.025793650793650792 0.0028011204481792618 0.00512820512820511 0.4939208239785757 0.026066631161607196 0.0 0.9744591820622138
0.025793650793650792 0.0028011204481792618 0.00512820512820511 0.4937961801039319 0.02630333155808036 0.0 0.9745381335859782
0.027777777777777776 0.0 0.0 0.496403345413739 0.028315284928102254 0.0 0.9728406758250434
0.023809523809523808 0.008403361344537785 0.00512820512820511 0.4803598512770339 0.023314989052606663 0.0 0.9771830096320859
0.025793650793650792 0.0028011204481792618 0.00512820512820511 0.49220924684279044 0.026096218711166342 0.0 0.9745776093478604
0.027777777777777776 0.0 0.0 0.4921009351524271 0.028108172081188237 0.0 0.9728012000631613
0.023809523809523808 0.008403361344537785 0.01025641025641022 0.4878590922321573 0.023877152494230426 0.0 0.9767882520132639
0.027777777777777776 0.0 0.0 0.4970174963995771 0.028167347180306525 0.0 0.9725248697299858
0.025793650793650792 0.0028011204481792618 0.00512820512820511 0.49150013841309376 0.025918693413811467 0.0 0.9748539396810358
0.027777777777777776 0.0 0.0 0.49376440028933816 0.027989821882951654 0.0 0.9731170061582188
0.023809523809523808 0.008403361344537785 0.00512820512820511 0.48330002112896847 0.023581276998638972 0.0 0.9768672035370283
0.023809523809523808 0.008403361344537785 0.00512820512820511 0.4814362122798655 0.023462926800402392 0.0 0.9771830096320859
0.025793650793650792 0.0028011204481792618 0.00512820512820511 0.49343362055019585 0.026066631161607196 0.0 0.9748539396810358
0.027777777777777776 0.0 0.0 0.48792688238814863 0.027368483342209596 0.0 0.9729196273488079
0.025793650793650792 0.0028011204481792618 0.0 0.4893106005335107 0.02571158056689745 0.0 0.9748539396810358
0.027777777777777776 0.0 0.0 0.491254875769471 0.02775312148647849 0.0 0.97295910311069
0.023809523809523808 0.008403361344537785 0.01025641025641022 0.48629141827671246 0.023788389845552992 0.0 0.976827727775146