0.027777777777777776 0.0 0.0 0.48342694079604215 0.026421681756316942 0.0 0.9737091425864519
0.015873015873015872 0.08683473389355745 0.10256410256410253 0.46987535398774893 0.015858926563701994 0.0 0.9849992104847624
0.027777777777777776 0.0 0.0 0.48604637121120603 0.02662879460323096 0.0 0.9734328122532765
0.017857142857142856 0.06162464985994398 0.07179487179487176 0.47729209561317404 0.01754541688857329 0.0 0.983183325438181
0.01984126984126984 0.036414565826330514 0.04102564102564099 0.47667117559274436 0.0197644831055092 0.0 0.9808937312490131
0.021825396825396824 0.019607843137254943 0.02051282051282055 0.47901937931349703 0.021450973430380497 0.0 0.9789594189167851
0.025793650793650792 0.0028011204481792618 0.00512820512820511 0.4828494678607798 0.024942304278359667 0.0 0.9754460761092689
0.027777777777777776 0.0 0.0 0.4846179892075171 0.02656961950411267 0.0 0.9737091425864519
0.01984126984126984 0.036414565826330514 0.04102564102564099 0.4826479366675446 0.019734895555950056 0.0 0.9807753039633665
0.01984126984126984 0.036414565826330514 0.0461538461538461 0.47060322393655735 0.0187880939700574 0.0 0.9816832464866572
0.01984126984126984 0.036414565826330514 0.0461538461538461 0.4704997979507785 0.019172732114326293 0.0 0.9812884888678352
0.027777777777777776 0.0 0.0 0.4841060092676121 0.026658382152790105 0.0 0.9735512395389231
0.027777777777777776 0.0 0.0 0.48836492818393257 0.027043020297058996 0.0 0.9733933364913943
0.025793650793650792 0.0028011204481792618 0.00512820512820511 0.48785401899089653 0.025474880170424284 0.0 0.975090794252329
0.027777777777777776 0.0 0.0 0.4864336755152594 0.026954257648381563 0.0 0.9735512395389231
0.023809523809523808 0.008403361344537785 0.01025641025641022 0.48295329398270576 0.023374164151724955 0.0 0.9771830096320859
0.027777777777777776 0.0 0.0 0.48681442108661155 0.026776732351026688 0.0 0.9732354334438654
0.023809523809523808 0.008403361344537785 0.01538461538461533 0.47821179365297006 0.02301911355701521 0.0 0.9772224853939682
0.027777777777777776 0.0 0.0 0.48694870556963554 0.026806319900585834 0.0 0.9732354334438654
0.027777777777777776 0.0 0.0 0.4866227654769992 0.026865494999704125 0.0 0.9735117637770409