0.025793650793650792 0.0 0.0 0.4864444403382247 0.02544529262086514 0.0 0.974696036633507
0.025793650793650792 0.0 0.0 0.48389300928447154 0.02517900467483283 0.0 0.9750118427285647
0.017857142857142856 0.04761904761904767 0.05128205128205132 0.4759986210708606 0.017900467483283035 0.0 0.9825517132480657
0.01984126984126984 0.02801120448179273 0.05128205128205132 0.47322362822362823 0.018817681519616547 0.0 0.9809332070108954
0.021825396825396824 0.014005602240896309 0.02564102564102566 0.48524814038886666 0.02151014852949879 0.0 0.9783278067266699
0.025793650793650792 0.0 0.0 0.48801744505483496 0.025090242026155393 0.0 0.9744591820622138
0.023809523809523808 0.0056022408963585235 0.0 0.4888845237722945 0.023640452097757263 0.0 0.9765119216800884
0.023809523809523808 0.0056022408963585235 0.01025641025641022 0.48609649307651004 0.023433339250843246 0.0 0.9764724459182063
0.025793650793650792 0.0 0.0 0.48947370310045957 0.025356529972187705 0.0 0.9744197063003316
0.013888888888888888 0.10364145658263302 0.0871794871794872 0.4779078297985861 0.013728622995443517 0.0 0.9862624348649929
0.025793650793650792 0.0 0.0 0.4880476708203547 0.02523817977395112 0.0 0.9744591820622138
0.023809523809523808 0.0056022408963585235 0.01025641025641022 0.48579249424309956 0.02313746375525179 0.0 0.9766698247276172
0.025793650793650792 0.0 0.0 0.48960133962515484 0.02550446771998343 0.0 0.9744197063003316
0.025793650793650792 0.0 0.0 0.48406778004747764 0.02532694242262856 0.0 0.9750118427285647
0.025793650793650792 0.0 0.0 0.48974358676966445 0.025415705071305996 0.0 0.9743802305384494
0.025793650793650792 0.0 0.0 0.48835811117604405 0.025267767323510267 0.0 0.9747749881572715
0.015873015873015872 0.06442577030812324 0.07179487179487176 0.4642114538122942 0.015178412923841648 0.0 0.9847228801515869
0.025793650793650792 0.0 0.0 0.49296853255236217 0.025297354873069413 0.0 0.9741828517290384