0.02976190476190476 0.0 0.0 0.4800052337624209 0.027901059234274217 0.0 0.9725248697299858
0.02976190476190476 0.0 0.0 0.4877986525244377 0.028699923072371146 0.0 0.9714984999210485
0.021825396825396824 0.036414565826330514 0.03076923076923077 0.48742621929154445 0.021806024025090243 0.0 0.9788409916311385
0.023809523809523808 0.014005602240896309 0.01538461538461533 0.4796497362286836 0.0230782886561335 0.0 0.9773409126796148
0.025793650793650792 0.008403361344537785 0.01025641025641022 0.48683034972181194 0.025031066927037104 0.0 0.9753276488236223
0.027777777777777776 0.0028011204481792618 0.00512820512820511 0.4844361423589473 0.026125806260725488 0.0 0.9739459971577451
0.027777777777777776 0.0028011204481792618 0.00512820512820511 0.4833554976212242 0.026273744008521213 0.0 0.9739459971577451
0.02976190476190476 0.0 0.0 0.48787754508011055 0.027989821882951654 0.0 0.9716564029685772
0.027777777777777776 0.0028011204481792618 0.00512820512820511 0.48635895290328335 0.02618498135984378 0.0 0.9736696668245697
0.02976190476190476 0.0 0.0 0.4824927501364919 0.028256109828983963 0.0 0.9720511605873994
0.02976190476190476 0.0 0.0 0.48296970160083835 0.027782709036037634 0.0 0.9721301121111637
0.025793650793650792 0.008403361344537785 0.01025641025641022 0.4782197128306321 0.024173027989821884 0.0 0.9759592610137375
0.02976190476190476 0.0 0.0 0.4861962580803803 0.02807858453162909 0.0 0.9722090636349282
0.027777777777777776 0.0028011204481792618 0.00512820512820511 0.48351018025813053 0.02630333155808036 0.0 0.9740644244433918
0.02976190476190476 0.0 0.0 0.48627978631848606 0.02840404757677969 0.0 0.9719327333017527
0.02976190476190476 0.0 0.0 0.4899009437333189 0.0280194094325108 0.0 0.9718537817779883
0.02976190476190476 0.0 0.0 0.48463756532752555 0.02828569737854311 0.0 0.9719327333017527
0.02976190476190476 0.0 0.0 0.4886313594263618 0.02796023433339251 0.0 0.9721301121111637
0.02976190476190476 0.0 0.0 0.48338570560927935 0.02807858453162909 0.0 0.9719327333017527