0.027777777777777776 0.0 0.0 0.48686154416090105 0.02716137049529558 0.0 0.9732749092057477
0.013888888888888888 0.10084033613445376 0.0871794871794872 0.4801627961125971 0.013876560743239246 0.0 0.9860650560555819
0.015873015873015872 0.06442577030812324 0.06666666666666665 0.4727521491052561 0.015651813716787977 0.0 0.9842886467708827
0.017857142857142856 0.036414565826330514 0.0461538461538461 0.4692892532256567 0.017279128942540977 0.0 0.9825517132480657
0.01984126984126984 0.022408963585434205 0.02564102564102566 0.47903162044544906 0.019616545357713473 0.0 0.9805384493920732
0.021825396825396824 0.014005602240896309 0.02051282051282055 0.4764061772420905 0.02109592283567075 0.0 0.9789988946786673
0.025793650793650792 0.0056022408963585235 0.00512820512820511 0.48001526954253787 0.024942304278359667 0.0 0.9753671245855045
0.025793650793650792 0.0056022408963585235 0.00512820512820511 0.4807504830888375 0.02517900467483283 0.0 0.9753671245855045
0.021825396825396824 0.014005602240896309 0.01538461538461533 0.47661159274162357 0.021243860583466476 0.0 0.9789988946786673
0.025793650793650792 0.0056022408963585235 0.01025641025641022 0.4784393848546027 0.02491271672880052 0.0 0.9757618822043266
0.021825396825396824 0.014005602240896309 0.01538461538461533 0.47974075116489967 0.02136221078170306 0.0 0.9786830885836096
0.025793650793650792 0.0056022408963585235 0.00512820512820511 0.47954377631532896 0.02485354162968223 0.0 0.9754460761092689
0.01984126984126984 0.022408963585434205 0.02564102564102566 0.47740671122250067 0.0197644831055092 0.0 0.9805384493920732
0.025793650793650792 0.0056022408963585235 0.00512820512820511 0.4770829086678097 0.024409728386295047 0.0 0.97564345491868
0.025793650793650792 0.0056022408963585235 0.01025641025641022 0.48276503332915566 0.025267767323510267 0.0 0.9753671245855045
0.025793650793650792 0.0056022408963585235 0.01025641025641022 0.4849093379695903 0.02556364281910172 0.0 0.9751697457760935
0.025793650793650792 0.0056022408963585235 0.00512820512820511 0.47968011454555864 0.02517900467483283 0.0 0.9754460761092689
0.025793650793650792 0.0056022408963585235 0.01025641025641022 0.47650360381814294 0.024439315935854192 0.0 0.9759592610137375
0.025793650793650792 0.0056022408963585235 0.01025641025641022 0.4821086500623294 0.02511982957571454 0.0 0.9754066003473867
0.023809523809523808 0.008403361344537785 0.01025641025641022 0.48534117169953084 0.022989526007456063 0.0 0.9769066792989105
0.025793650793650792 0.0056022408963585235 0.01025641025641022 0.4862416657725062 0.025622817918220013 0.0 0.9748144639191536