0.031746031746031744 0.0 0.0 0.4809819390991993 0.029410024261790638 0.0 0.9707089846834044
0.017857142857142856 0.08123249299719892 0.09743589743589742 0.4711310521359541 0.016716965500917214 0.0 0.9834991315332386
0.031746031746031744 0.0 0.0 0.48544744063126416 0.029913012604296112 0.0 0.9702747513027001
0.01984126984126984 0.04761904761904767 0.06666666666666665 0.47139649022001967 0.019083969465648856 0.0 0.9813279646297174
0.021825396825396824 0.02801120448179273 0.03589743589743588 0.479072594072594 0.020356234096692113 0.0 0.9793936522974893
0.027777777777777776 0.0028011204481792618 0.00512820512820511 0.49051212304708025 0.02716137049529558 0.0 0.9728406758250434
0.023809523809523808 0.011204481792717047 0.01538461538461533 0.4817682589741413 0.02301911355701521 0.0 0.9771040581083215
0.025793650793650792 0.008403361344537785 0.01025641025641022 0.4792350832509202 0.02426179063849932 0.0 0.9758013579662087
0.023809523809523808 0.011204481792717047 0.01538461538461533 0.4768595783301664 0.022634475412746317 0.0 0.9773803884414969
0.031746031746031744 0.0 0.0 0.49830748825621113 0.03065270134327475 0.0 0.9692483814937628
0.025793650793650792 0.008403361344537785 0.01538461538461533 0.4824595170778784 0.024646428782768213 0.0 0.9754460761092689
0.031746031746031744 0.0 0.0 0.48794542982816974 0.030563938694597313 0.0 0.9694457603031739
0.025793650793650792 0.008403361344537785 0.01025641025641022 0.4860561729622815 0.02491271672880052 0.0 0.9749328912048003
0.031746031746031744 0.0 0.0 0.48485844346428725 0.030031362802532695 0.0 0.9700773724932892
0.025793650793650792 0.008403361344537785 0.01025641025641022 0.48215150553802616 0.024794366530563938 0.0 0.9755645033949155
0.021825396825396824 0.02801120448179273 0.03589743589743588 0.4764493023316552 0.020444996745369547 0.0 0.9794331280593715
0.025793650793650792 0.008403361344537785 0.01538461538461533 0.4812598872553622 0.024764778981004792 0.0 0.9756829306805621
0.031746031746031744 0.0 0.0 0.49295993029158663 0.030416000946801587 0.0 0.9691299542081162
0.025793650793650792 0.008403361344537785 0.01538461538461533 0.4830562254487592 0.024823954080123084 0.0 0.9754066003473867
0.031746031746031744 0.0 0.0 0.49138382042793805 0.02952837446002722 0.0 0.9701957997789358
0.025793650793650792 0.008403361344537785 0.01538461538461533 0.48376583002833284 0.024735191431445647 0.0 0.9752881730617401
0.021825396825396824 0.02801120448179273 0.0461538461538461 0.46740409916880504 0.020119533700218947 0.0 0.9799857887257224
0.031746031746031744 0.0 0.0 0.49127025275922326 0.030416000946801587 0.0 0.9696036633507027
0.031746031746031744 0.0 0.0 0.4990456616182234 0.03103733948754364 0.0 0.968695720827412
0.031746031746031744 0.0 0.0 0.49188450481407137 0.030771051541511333 0.0 0.9693668087794095
0.031746031746031744 0.0 0.0 0.4885822892063217 0.030830226640629625 0.0 0.9697220906363493
0.031746031746031744 0.0 0.0 0.486798702136357 0.030475176045919875 0.0 0.9699589452076425
0.031746031746031744 0.0 0.0 0.49528823991769044 0.030623113793715604 0.0 0.9694457603031739
0.031746031746031744 0.0 0.0 0.48964575672006017 0.03065270134327475 0.0 0.9694852360650561
0.031746031746031744 0.0 0.0 0.48633761187070007 0.029972187703414404 0.0 0.9701563240170535
0.031746031746031744 0.0 0.0 0.48398235847829524 0.029705899757382092 0.0 0.9707089846834044
0.031746031746031744 0.0 0.0 0.48712769937034656 0.029705899757382092 0.0 0.9703537028264646
0.031746031746031744 0.0 0.0 0.4947705799031263 0.030771051541511333 0.0 0.9693273330175273
0.031746031746031744 0.0 0.0 0.49125301241013314 0.03038641339724244 0.0 0.9695247118269382
0.031746031746031744 0.0 0.0 0.49051732445114793 0.030297650748565004 0.0 0.9695247118269382
0.031746031746031744 0.0 0.0 0.493160679476469 0.029735487306941238 0.0 0.9697220906363493
0.025793650793650792 0.008403361344537785 0.01025641025641022 0.4810733185450379 0.02432096573761761 0.0 0.9755250276330333
0.031746031746031744 0.0 0.0 0.4850819495333815 0.03006095035209184 0.0 0.9700773724932892
0.025793650793650792 0.008403361344537785 0.01538461538461533 0.4804478001623154 0.024823954080123084 0.0 0.9755645033949155
0.031746031746031744 0.0 0.0 0.4884182928426349 0.030238475649446712 0.0 0.9698799936838781
0.031746031746031744 0.0 0.0 0.4881942697538673 0.03038641339724244 0.0 0.9697220906363493
0.025793650793650792 0.008403361344537785 0.01538461538461533 0.4813641580892711 0.024646428782768213 0.0 0.97564345491868
0.031746031746031744 0.0 0.0 0.4951302035096541 0.03085981419018877 0.0 0.9690115269224696
0.031746031746031744 0.0 0.0 0.49063409504295735 0.03017930055032842 0.0 0.9695247118269382