0.02976190476190476 0.0 0.0 0.49303711093074215 0.029025386117521746 0.0 0.9710642665403443
0.013888888888888888 0.15406162464985995 0.15384615384615385 0.5028761504601841 0.014379549085744719 0.045454545454545414 0.9860650560555819
0.02976190476190476 0.0 0.0 0.49414760776105315 0.028907035919285166 0.0 0.9713800726354018
0.015873015873015872 0.09243697478991597 0.08205128205128209 0.49763447045484865 0.01636191490620747 0.0 0.9839333649139428
0.017857142857142856 0.05602240896358546 0.05641025641025643 0.48110410830999073 0.017575004438132435 0.0 0.9823148586767725
0.01984126984126984 0.036414565826330514 0.0461538461538461 0.4834622367465504 0.01985324575418664 0.0 0.9806963524396021
0.021825396825396824 0.02801120448179273 0.03076923076923077 0.4850688363923657 0.021569323628617076 0.0 0.9788015158692562
0.023809523809523808 0.014005602240896309 0.02564102564102566 0.4784390310125604 0.023048701106574355 0.0 0.9772619611558503
0.01984126984126984 0.036414565826330514 0.03589743589743588 0.49312584292976447 0.020119533700218947 0.0 0.980104216011369
0.025793650793650792 0.008403361344537785 0.01538461538461533 0.47588096711399874 0.02426179063849932 0.0 0.976038212537502
0.027777777777777776 0.0028011204481792618 0.00512820512820511 0.4862403681497515 0.026865494999704125 0.0 0.9731170061582188
0.023809523809523808 0.014005602240896309 0.01538461538461533 0.48801060051060047 0.023374164151724955 0.0 0.9769461550607926
0.02976190476190476 0.0 0.0 0.4902679740362182 0.028966211018403454 0.0 0.9711037423022264
0.025793650793650792 0.008403361344537785 0.00512820512820511 0.49277705493768836 0.025149417125273684 0.0 0.9752092215379757
0.025793650793650792 0.008403361344537785 0.01538461538461533 0.47941917726985606 0.024232203088940175 0.0 0.9758013579662087
0.02976190476190476 0.0 0.0 0.49214205700273816 0.029232498964435766 0.0 0.9707879362071689
0.025793650793650792 0.008403361344537785 0.00512820512820511 0.49196903942379056 0.025297354873069413 0.0 0.9752092215379757
0.027777777777777776 0.0028011204481792618 0.0 0.4886829781222154 0.026540031954553525 0.0 0.9737091425864519
0.02976190476190476 0.0 0.0 0.49317319460397735 0.029025386117521746 0.0 0.9710642665403443