0.027777777777777776 0.0 0.0 0.48821907961584077 0.027575596189123617 0.0 0.9729985788725722
0.011904761904761904 0.2184873949579832 0.2102564102564103 0.496129126864421 0.011894194922776496 0.045454545454545414 0.9881177956734565
0.027777777777777776 0.0 0.0 0.48238913960684454 0.02701343274749985 0.0 0.973511763777041
0.013888888888888888 0.11484593837535018 0.11282051282051286 0.4641760167854817 0.01310728445470146 0.0 0.9868940470551082
0.015873015873015872 0.07282913165266103 0.0871794871794872 0.4610041806871196 0.014941712527368483 0.0 0.9848807831991158
0.017857142857142856 0.053221288515406195 0.06666666666666665 0.47603246689288997 0.017515829339014143 0.0 0.9829464708668877
0.01984126984126984 0.03361344537815125 0.03589743589743588 0.4770600825425386 0.019409432510799456 0.0 0.981051634296542
0.017857142857142856 0.053221288515406195 0.06666666666666665 0.46542297380790676 0.016953665897390377 0.0 0.9831043739144165
0.021825396825396824 0.025210084033613467 0.03076923076923077 0.4789740178981665 0.021303035682584768 0.0 0.9791962734880784
0.023809523809523808 0.011204481792717047 0.02051282051282055 0.4763357027675913 0.02293035090833777 0.0 0.9774198642033791
0.021825396825396824 0.025210084033613467 0.03589743589743588 0.48406244254541464 0.02174684892597195 0.0 0.9787620401073741
0.025793650793650792 0.0056022408963585235 0.00512820512820511 0.4877428541574768 0.025622817918220013 0.0 0.9750118427285647
0.021825396825396824 0.025210084033613467 0.02564102564102566 0.4816201626031349 0.021391798331262205 0.0 0.9790383704405495
0.025793650793650792 0.0056022408963585235 0.00512820512820511 0.49130756077648197 0.02597786851292976 0.0 0.9745381335859782
0.021825396825396824 0.025210084033613467 0.03076923076923077 0.48096535988950845 0.021155097934789042 0.0 0.9791962734880784
0.025793650793650792 0.0056022408963585235 0.01025641025641022 0.4930770808271404 0.025948280963370613 0.0 0.9744591820622138
0.021825396825396824 0.025210084033613467 0.02564102564102566 0.4874739493392745 0.021450973430380497 0.0 0.9786830885836096
0.025793650793650792 0.0056022408963585235 0.01025641025641022 0.48693593271766655 0.025060654476596247 0.0 0.9748934154429181
0.025793650793650792 0.0056022408963585235 0.00512820512820511 0.4932798667929055 0.026125806260725488 0.0 0.9745381335859782
0.025793650793650792 0.0056022408963585235 0.00512820512820511 0.4898219977807378 0.025770755666015742 0.0 0.9750118427285647
0.021825396825396824 0.025210084033613467 0.04102564102564099 0.47629718492721596 0.021066335286111605 0.0 0.9790778462024318
0.027777777777777776 0.0 0.0 0.48580152033822976 0.027457245990887034 0.0 0.9733143849676299
0.017857142857142856 0.053221288515406195 0.06153846153846154 0.478441250919321 0.01745665423989585 0.0 0.9821964313911259
0.021825396825396824 0.025210084033613467 0.02564102564102566 0.4857476037893996 0.02151014852949879 0.0 0.9789988946786673
0.025793650793650792 0.0056022408963585235 0.00512820512820511 0.4810639153235606 0.02491271672880052 0.0 0.9755250276330333