0.025793650793650792 0.0 0.0 0.4850816522151958 0.024883129179241376 0.0 0.9749723669666824
0.015873015873015872 0.06442577030812324 0.06666666666666665 0.4744972989195679 0.015651813716787977 0.0 0.9842096952471183
0.017857142857142856 0.04761904761904767 0.06153846153846154 0.47805302676626205 0.017427066690336706 0.0 0.9823543344386547
0.023809523809523808 0.011204481792717047 0.01025641025641022 0.49446739620888236 0.023492514349961535 0.0 0.976235591346913
0.023809523809523808 0.011204481792717047 0.01025641025641022 0.4904267315645025 0.023433339250843246 0.0 0.9765119216800884
0.017857142857142856 0.04761904761904767 0.04102564102564099 0.49022648533097457 0.01819634297887449 0.0 0.9816832464866572
0.023809523809523808 0.011204481792717047 0.00512820512820511 0.4871750948569834 0.023640452097757263 0.0 0.9767882520132639
0.023809523809523808 0.011204481792717047 0.01538461538461533 0.47590784759902416 0.02254571276406888 0.0 0.9776172430127902
0.023809523809523808 0.011204481792717047 0.01025641025641022 0.49227643343355426 0.023581276998638972 0.0 0.9765119216800884
0.017857142857142856 0.04761904761904767 0.06666666666666665 0.47491278918975 0.017308716492100123 0.0 0.9826701405337123
0.023809523809523808 0.011204481792717047 0.00512820512820511 0.4898231570058196 0.023699627196875555 0.0 0.9765119216800884
0.021825396825396824 0.01680672268907568 0.02564102564102566 0.47890268228503535 0.021184685484348185 0.0 0.9788804673930207
0.025793650793650792 0.0 0.0 0.48816549933929065 0.024942304278359667 0.0 0.974696036633507
0.01984126984126984 0.02801120448179273 0.0461538461538461 0.4740346508973961 0.01937984496124031 0.0 0.9807358282014843