0.027777777777777776 0.0 0.0 0.48107520293585 0.026007456062488905 0.0 0.9738275698720985
0.011904761904761904 0.1568627450980392 0.09743589743589742 0.5060939332998156 0.012752233859991715 0.0 0.9875256592452234
0.027777777777777776 0.0 0.0 0.4822527366504672 0.02630333155808036 0.0 0.9737091425864519
0.013888888888888888 0.10364145658263302 0.07179487179487176 0.5071539299480475 0.014852949878691046 0.0 0.9851965892941734
0.015873015873015872 0.07563025210084029 0.0461538461538461 0.5171534960137901 0.01745665423989585 0.0 0.982788567819359
0.017857142857142856 0.0448179271708683 0.04102564102564099 0.4832068938686585 0.017900467483283035 0.0 0.982235907153008
0.01984126984126984 0.02801120448179273 0.03589743589743588 0.47798977710742424 0.019409432510799456 0.0 0.9808147797252487
0.021825396825396824 0.01680672268907568 0.01538461538461533 0.4786393542817692 0.020859222439197585 0.0 0.9792752250118427
0.023809523809523808 0.0056022408963585235 0.01025641025641022 0.4745067498304199 0.02227942481803657 0.0 0.9780120006316122
0.025793650793650792 0.0028011204481792618 0.00512820512820511 0.4802955543503886 0.024084265341144447 0.0 0.9756829306805621
0.025793650793650792 0.0028011204481792618 0.00512820512820511 0.48129350257982056 0.024646428782768213 0.0 0.9757224064424443
0.027777777777777776 0.0 0.0 0.4868342131733924 0.02621456890940292 0.0 0.9735907153008053
0.027777777777777776 0.0 0.0 0.47862411902276825 0.026096218711166342 0.0 0.9741039002052739
0.025793650793650792 0.0028011204481792618 0.00512820512820511 0.4762996413895435 0.024409728386295047 0.0 0.9758013579662087
0.021825396825396824 0.01680672268907568 0.03076923076923077 0.4742535405770701 0.020740872240961005 0.0 0.9792357492499605
0.027777777777777776 0.0 0.0 0.4815078867442524 0.026244156458962067 0.0 0.973906521395863
0.027777777777777776 0.0 0.0 0.48439762969540456 0.026421681756316942 0.0 0.9733143849676299
0.027777777777777776 0.0 0.0 0.48113114299068416 0.026007456062488905 0.0 0.973906521395863
0.027777777777777776 0.0 0.0 0.48040344560009085 0.025741168116456596 0.0 0.9738670456339807
0.027777777777777776 0.0 0.0 0.4785948918038189 0.026332919107639505 0.0 0.9740249486815096