0.027777777777777776 0.0 0.0 0.4780138781350806 0.026273744008521213 0.0 0.974301279014685
0.013888888888888888 0.13165266106442575 0.14358974358974363 0.47247360482654605 0.01325522220249719 0.0 0.9869729985788726
0.015873015873015872 0.08683473389355745 0.09743589743589742 0.4786986910148675 0.015533463518551394 0.0 0.9847623559134692
0.017857142857142856 0.05882352941176472 0.06153846153846154 0.47256722358309033 0.01692407834783123 0.0 0.9832622769619453
0.01984126984126984 0.02801120448179273 0.04102564102564099 0.4696481641089483 0.018876856618734835 0.0 0.9812884888678352
0.021825396825396824 0.01680672268907568 0.02564102564102566 0.47234073116426045 0.02071128469140186 0.0 0.9797489341544292
0.023809523809523808 0.011204481792717047 0.01025641025641022 0.48200281472340295 0.022752825610982897 0.0 0.9775382914890257
0.025793650793650792 0.0028011204481792618 0.00512820512820511 0.4796098666290975 0.024942304278359667 0.0 0.9758408337280909
0.023809523809523808 0.011204481792717047 0.01538461538461533 0.4825973454649924 0.0230782886561335 0.0 0.9770645823464393
0.027777777777777776 0.0 0.0 0.4789188555106461 0.026392094206757796 0.0 0.9739854729196273
0.025793650793650792 0.0028011204481792618 0.00512820512820511 0.47822464949161797 0.024291378188058464 0.0 0.9757224064424443
0.023809523809523808 0.011204481792717047 0.01538461538461533 0.48059576588988345 0.02269365051186461 0.0 0.9775382914890257
0.027777777777777776 0.0 0.0 0.4769848866568325 0.026332919107639505 0.0 0.9742618032528028
0.023809523809523808 0.011204481792717047 0.01025641025641022 0.4827220981632746 0.02301911355701521 0.0 0.9772224853939682
0.027777777777777776 0.0 0.0 0.48104997423032336 0.026865494999704125 0.0 0.973906521395863
0.027777777777777776 0.0 0.0 0.4788052301788568 0.026244156458962067 0.0 0.9741828517290384