0.027777777777777776 0.0 0.0 0.4875600660694049 0.026983845197940705 0.0 0.9736696668245697
0.015873015873015872 0.07002801120448177 0.07692307692307687 0.4679890950982283 0.01529676312207823 0.0 0.9846044528659403
0.027777777777777776 0.0 0.0 0.48665626273347484 0.027279720693532163 0.0 0.9734722880151587
0.017857142857142856 0.04201680672268904 0.0461538461538461 0.47866562879462776 0.017811704834605598 0.0 0.9823148586767725
0.01984126984126984 0.025210084033613467 0.03589743589743588 0.4693091420103805 0.019083969465648856 0.0 0.9812490131059529
0.021825396825396824 0.01680672268907568 0.02051282051282055 0.47192187327636254 0.02088880998875673 0.0 0.9794726038212538
0.023809523809523808 0.0056022408963585235 0.00512820512820511 0.4799722780372936 0.02319663885437008 0.0 0.9774198642033791
0.025793650793650792 0.0028011204481792618 0.00512820512820511 0.485113755959493 0.025297354873069413 0.0 0.975090794252329
0.025793650793650792 0.0028011204481792618 0.00512820512820511 0.48611374997419293 0.024942304278359667 0.0 0.9750118427285647
0.027777777777777776 0.0 0.0 0.48697501890821726 0.02730930824309131 0.0 0.9731959576819833
0.025793650793650792 0.0028011204481792618 0.0 0.4859901305066822 0.025149417125273684 0.0 0.9754855518711512
0.025793650793650792 0.0028011204481792618 0.0 0.4861666502131494 0.02491271672880052 0.0 0.9754066003473867
0.023809523809523808 0.0056022408963585235 0.00512820512820511 0.47994380705294026 0.023107876205692643 0.0 0.9771435338702037
0.025793650793650792 0.0028011204481792618 0.00512820512820511 0.4875313683035759 0.02538611752174685 0.0 0.9751302700142113
0.027777777777777776 0.0 0.0 0.4855414874347954 0.026806319900585834 0.0 0.9733538607295121
0.023809523809523808 0.0056022408963585235 0.00512820512820511 0.47842122832447914 0.023048701106574355 0.0 0.9774198642033791
0.025793650793650792 0.0028011204481792618 0.0 0.4852130774106246 0.02485354162968223 0.0 0.9756829306805621
0.027777777777777776 0.0 0.0 0.4884731630636266 0.027072607846618142 0.0 0.9731170061582188
0.027777777777777776 0.0 0.0 0.48408098212813633 0.026806319900585834 0.0 0.9738670456339807
0.025793650793650792 0.0028011204481792618 0.00512820512820511 0.4844354488049416 0.025031066927037104 0.0 0.9756039791567978
0.027777777777777776 0.0 0.0 0.4876793445500281 0.027250133143973017 0.0 0.9736696668245697
0.021825396825396824 0.01680672268907568 0.03076923076923077 0.4767201632217111 0.021125510385229897 0.0 0.9793936522974893
0.025793650793650792 0.0028011204481792618 0.0 0.48374780688426794 0.024735191431445647 0.0 0.9754066003473867
0.027777777777777776 0.0 0.0 0.4892508212669476 0.027457245990887034 0.0 0.9734328122532765
0.021825396825396824 0.01680672268907568 0.02051282051282055 0.47730118780428393 0.021155097934789042 0.0 0.9789594189167851
0.027777777777777776 0.0 0.0 0.4912382237229989 0.02754600863956447 0.0 0.9731564819201011
0.023809523809523808 0.0056022408963585235 0.00512820512820511 0.4815963620143187 0.023255813953488372 0.0 0.9771435338702037
0.025793650793650792 0.0028011204481792618 0.0 0.4823461525860908 0.024942304278359667 0.0 0.9755250276330333
0.025793650793650792 0.0028011204481792618 0.0 0.48321960415018284 0.024883129179241376 0.0 0.9754066003473867
0.021825396825396824 0.01680672268907568 0.02564102564102566 0.47727343348086393 0.021184685484348185 0.0 0.9792357492499605
0.025793650793650792 0.0028011204481792618 0.0 0.48570514965043426 0.025267767323510267 0.0 0.9754855518711512
0.025793650793650792 0.0028011204481792618 0.0 0.48603523895111184 0.02511982957571454 0.0 0.9754855518711512
0.01984126984126984 0.025210084033613467 0.02564102564102566 0.48762930768348733 0.020119533700218947 0.0 0.9802621190588978
0.025793650793650792 0.0028011204481792618 0.0 0.48230834220950924 0.024823954080123084 0.0 0.9756829306805621