0.027777777777777776 0.0 0.0 0.48610870227879366 0.027250133143973017 0.0 0.9736301910626876
0.011904761904761904 0.16806722689075626 0.16410256410256407 0.46623249299719893 0.011213681282916148 0.0 0.9883941260066319
0.027777777777777776 0.0 0.0 0.4874885457141435 0.02701343274749985 0.0 0.9733538607295121
0.013888888888888888 0.10924369747899154 0.10256410256410253 0.4854108309990663 0.013758210545002663 0.0 0.9861834833412285
0.015873015873015872 0.07282913165266103 0.07692307692307687 0.48292567026810734 0.015415113320314812 0.0 0.9841702194852361
0.017857142857142856 0.04201680672268904 0.06153846153846154 0.46092758684670465 0.016983253446949523 0.0 0.9834201800094742
0.01984126984126984 0.02801120448179273 0.04102564102564099 0.47450663171251406 0.019557370258595184 0.0 0.9811305858203063
0.021825396825396824 0.014005602240896309 0.02051282051282055 0.47495414716002937 0.021184685484348185 0.0 0.9793541765356072
0.01984126984126984 0.02801120448179273 0.0461538461538461 0.47154889591164095 0.019320669862122018 0.0 0.9814858676772462
0.021825396825396824 0.014005602240896309 0.02051282051282055 0.47461037328684386 0.021303035682584768 0.0 0.9792752250118427
0.023809523809523808 0.0056022408963585235 0.0 0.4895403207903208 0.023877152494230426 0.0 0.9766698247276172
0.025793650793650792 0.0028011204481792618 0.00512820512820511 0.4931046004858221 0.02565240546777916 0.0 0.9750513184904469
0.025793650793650792 0.0028011204481792618 0.0 0.48443458251150545 0.024883129179241376 0.0 0.9756039791567978
0.027777777777777776 0.0 0.0 0.4876421969182149 0.026983845197940705 0.0 0.9736301910626876
0.027777777777777776 0.0 0.0 0.4857305883009279 0.027043020297058996 0.0 0.9736696668245697
0.025793650793650792 0.0028011204481792618 0.0 0.4869564311589198 0.024942304278359667 0.0 0.9755645033949155
0.027777777777777776 0.0 0.0 0.4853215250597278 0.026983845197940705 0.0 0.9739459971577451
0.025793650793650792 0.0028011204481792618 0.0 0.49101321001773474 0.02597786851292976 0.0 0.9750118427285647
0.025793650793650792 0.0028011204481792618 0.00512820512820511 0.4792454999751378 0.024823954080123084 0.0 0.9756039791567978
0.027777777777777776 0.0 0.0 0.48592819770906376 0.027043020297058996 0.0 0.9736696668245697
0.027777777777777776 0.0 0.0 0.49730085328016777 0.02722054559441387 0.0 0.9731170061582188
0.027777777777777776 0.0 0.0 0.4879410344019262 0.02668796970234925 0.0 0.9739459971577451
0.025793650793650792 0.0028011204481792618 0.0 0.48449825507904803 0.025149417125273684 0.0 0.9752881730617401
0.027777777777777776 0.0 0.0 0.4874831096146543 0.027043020297058996 0.0 0.973906521395863
0.027777777777777776 0.0 0.0 0.4853246032140666 0.026747144801467542 0.0 0.9735512395389231
0.027777777777777776 0.0 0.0 0.4889300394714096 0.026599207053671813 0.0 0.9735512395389231
0.027777777777777776 0.0 0.0 0.4889908132878396 0.026747144801467542 0.0 0.9736696668245697
0.027777777777777776 0.0 0.0 0.4879781005104209 0.02656961950411267 0.0 0.9735512395389231
0.025793650793650792 0.0028011204481792618 0.0 0.4877947299893 0.02517900467483283 0.0 0.9754066003473867