0.027777777777777776 0.0 0.0 0.4862717572235993 0.02662879460323096 0.0 0.9730380546344545
0.01984126984126984 0.036414565826330514 0.04102564102564099 0.4770560702913645 0.01958695780815433 0.0 0.9810121585346597
0.027777777777777776 0.0 0.0 0.4836866206048492 0.02656961950411267 0.0 0.9733143849676299
0.021825396825396824 0.014005602240896309 0.01025641025641022 0.48831219434160616 0.021776436475531097 0.0 0.9782883309647876
0.023809523809523808 0.0056022408963585235 0.01025641025641022 0.4821257718316542 0.023167051304810934 0.0 0.9767882520132639
0.025793650793650792 0.0028011204481792618 0.00512820512820511 0.48029527557242474 0.024646428782768213 0.0 0.9752486972998579
0.025793650793650792 0.0028011204481792618 0.00512820512820511 0.48338392586130124 0.024794366530563938 0.0 0.9752486972998579
0.027777777777777776 0.0 0.0 0.4845148353028629 0.02651044440499438 0.0 0.9733538607295121
0.025793650793650792 0.0028011204481792618 0.00512820512820511 0.49016665837932794 0.025149417125273684 0.0 0.9745776093478604
0.027777777777777776 0.0 0.0 0.49633576414059843 0.027072607846618142 0.0 0.9724064424443392
0.025793650793650792 0.0028011204481792618 0.00512820512820511 0.48899039727659643 0.025090242026155393 0.0 0.974696036633507
0.027777777777777776 0.0 0.0 0.4826990482593005 0.026392094206757796 0.0 0.9736696668245697
0.025793650793650792 0.0028011204481792618 0.00512820512820511 0.488453618843295 0.02511982957571454 0.0 0.9748144639191536
0.025793650793650792 0.0028011204481792618 0.00512820512820511 0.48683015283694003 0.025090242026155393 0.0 0.9748539396810358
0.025793650793650792 0.0028011204481792618 0.00512820512820511 0.4893344254203984 0.02500147937747796 0.0 0.9748539396810358
0.027777777777777776 0.0 0.0 0.48153068740496 0.025741168116456596 0.0 0.9738670456339807
0.025793650793650792 0.0028011204481792618 0.00512820512820511 0.4859987946526407 0.024883129179241376 0.0 0.9748934154429181
0.025793650793650792 0.0028011204481792618 0.00512820512820511 0.4840751014110741 0.024646428782768213 0.0 0.9752486972998579
0.027777777777777776 0.0 0.0 0.49126886454779134 0.02701343274749985 0.0 0.972761724301279
0.027777777777777776 0.0 0.0 0.47970125202672054 0.02588910586425232 0.0 0.9738670456339807
0.027777777777777776 0.0 0.0 0.48693204106100013 0.026480856855435234 0.0 0.9733143849676299
0.027777777777777776 0.0 0.0 0.48306815374527057 0.026392094206757796 0.0 0.9737486183483341
0.025793650793650792 0.0028011204481792618 0.00512820512820511 0.48437876958804565 0.02511982957571454 0.0 0.9751697457760935
0.025793650793650792 0.0028011204481792618 0.00512820512820511 0.48598762976591015 0.024764778981004792 0.0 0.9749328912048003
0.025793650793650792 0.0028011204481792618 0.00512820512820511 0.48068136509878573 0.024498491034972484 0.0 0.9752486972998579
0.027777777777777776 0.0 0.0 0.483278429715081 0.026244156458962067 0.0 0.9733933364913943
0.027777777777777776 0.0 0.0 0.4858166442119252 0.026806319900585834 0.0 0.9731564819201011
0.025793650793650792 0.0028011204481792618 0.00512820512820511 0.4853856979705395 0.024468903485413338 0.0 0.9751302700142113
0.027777777777777776 0.0 0.0 0.4811151778265545 0.026332919107639505 0.0 0.9736696668245697
0.027777777777777776 0.0 0.0 0.48055113833232743 0.02582993076513403 0.0 0.973906521395863