0.027777777777777776 0.0 0.0 0.48693597858535087 0.02651044440499438 0.0 0.9733933364913943
0.015873015873015872 0.08403361344537819 0.09230769230769231 0.4633204243235757 0.014971300076927629 0.0 0.984920258960998
0.027777777777777776 0.0 0.0 0.48017853201697985 0.025859518314693176 0.0 0.9741039002052739
0.017857142857142856 0.04761904761904767 0.06666666666666665 0.47298260472280085 0.017160778744304397 0.0 0.9827096162955945
0.021825396825396824 0.014005602240896309 0.01538461538461533 0.4776605094252153 0.02136221078170306 0.0 0.9789594189167851
0.01984126984126984 0.02801120448179273 0.04102564102564099 0.4712973557994199 0.018936031717853127 0.0 0.9810121585346597
0.023809523809523808 0.008403361344537785 0.01025641025641022 0.48262774950081455 0.02313746375525179 0.0 0.9771830096320859
0.023809523809523808 0.008403361344537785 0.01025641025641022 0.48635034985654174 0.02319663885437008 0.0 0.9769066792989105
0.025793650793650792 0.0028011204481792618 0.0 0.48273899424470984 0.025090242026155393 0.0 0.9752486972998579
0.025793650793650792 0.0028011204481792618 0.0 0.48276808050117165 0.024646428782768213 0.0 0.9754460761092689
0.027777777777777776 0.0 0.0 0.4846427536030501 0.026540031954553525 0.0 0.973511763777041
0.023809523809523808 0.008403361344537785 0.01025641025641022 0.48051984923114954 0.02287117580921948 0.0 0.9773014369177325
0.027777777777777776 0.0 0.0 0.48480818622476474 0.026540031954553525 0.0 0.973511763777041
0.023809523809523808 0.008403361344537785 0.01025641025641022 0.48263502922945656 0.02293035090833777 0.0 0.9770251065845571
0.027777777777777776 0.0 0.0 0.48504069384423537 0.026244156458962067 0.0 0.9737091425864519
0.023809523809523808 0.008403361344537785 0.01538461538461533 0.48049740650359857 0.022900763358778626 0.0 0.9770645823464393
0.027777777777777776 0.0 0.0 0.48192698287661373 0.02662879460323096 0.0 0.9737880941102164
0.027777777777777776 0.0 0.0 0.48121663956769245 0.02636250665719865 0.0 0.9737486183483341
0.025793650793650792 0.0028011204481792618 0.0 0.4825389234727767 0.025090242026155393 0.0 0.9752486972998579
0.027777777777777776 0.0 0.0 0.48231302755806876 0.026125806260725488 0.0 0.973906521395863
0.025793650793650792 0.0028011204481792618 0.00512820512820511 0.48032802328170265 0.024409728386295047 0.0 0.9757618822043266
0.027777777777777776 0.0 0.0 0.47775179209024 0.026096218711166342 0.0 0.9741828517290384
0.023809523809523808 0.008403361344537785 0.01025641025641022 0.4901899571017218 0.023462926800402392 0.0 0.9765908732038528
0.027777777777777776 0.0 0.0 0.4838267269951682 0.026806319900585834 0.0 0.9734328122532765
0.027777777777777776 0.0 0.0 0.48645419272056545 0.02603704361204805 0.0 0.9736301910626876
0.025793650793650792 0.0028011204481792618 0.00512820512820511 0.4853159900418176 0.02452807858453163 0.0 0.9752486972998579
0.025793650793650792 0.0028011204481792618 0.0 0.48506577965973047 0.025149417125273684 0.0 0.9749723669666824
0.027777777777777776 0.0 0.0 0.48358307834331027 0.025770755666015742 0.0 0.9740644244433918