0.2777777777777778 0.0 0.0 0.538272451118197 0.2792768802887745 0.0 0.7119453655455552
0.25 0.0 0.0 0.536222368390089 0.2556956032901355 0.0 0.7407231959576821
0.25992063492063494 0.0 0.0 0.5266098889225427 0.2474406769631339 0.0 0.7424996052423812
0.23214285714285715 0.0 0.0 0.5302198295509767 0.23063494881353927 0.0 0.7632638559924206
0.24603174603174602 0.0 0.0 0.5310944212639146 0.24187821764601455 0.0 0.7508684667614085
0.2837301587301587 0.0 0.0 0.5266009525942451 0.27998698147819395 0.0 0.71364282330649
0.25793650793650796 0.0 0.0 0.5280206133421985 0.2553109651458666 0.0 0.739341544291805
0.26587301587301587 0.0 0.0 0.5271410053908576 0.26436475531096515 0.0 0.7305779251539557
0.25595238095238093 0.0 0.0 0.5301625861255271 0.2529143736315758 0.0 0.740525817148271
0.2222222222222222 0.0 0.0 0.527018655044135 0.21959879282797798 0.0 0.7760540028422549
0.29563492063492064 0.0 0.0 0.5246676407398363 0.283448724776614 0.0 0.7073661771672197
0.25793650793650796 0.0 0.0 0.5308035386148512 0.2568495177229422 0.0 0.7372493289120481
0.25992063492063494 0.0 0.0 0.5300230156571655 0.25995621042665246 0.0 0.7353939681035845
0.26785714285714285 0.0 0.0 0.5269024025385743 0.25483756435292026 0.0 0.7346834043897048
0.2400793650793651 0.0 0.0 0.5346940263613187 0.2382093615006805 0.0 0.7543818095689248
0.27380952380952384 0.0 0.0 0.5247378924047926 0.26436475531096515 0.0 0.7283278067266699
0.24206349206349206 0.0 0.0 0.5330899678086196 0.24513284809752056 0.0 0.7507500394757619
0.26587301587301587 0.0 0.0 0.5280939058318994 0.2570566305698562 0.0 0.7341702194852362
0.25595238095238093 0.0 0.0 0.5359421811964173 0.2610213622107817 0.0 0.7350386862466447
0.26587301587301587 0.0 0.0 0.532459021755723 0.2684478371501272 0.0 0.7272619611558505
0.25992063492063494 0.0 0.0 0.5287787785183339 0.256405704479555 0.0 0.7367361440075794
0.25396825396825395 0.0 0.0 0.5335976873662338 0.258033019705308 0.0 0.7387494078635718
0.25992063492063494 0.0 0.0 0.5321698547089735 0.25992662287709334 0.0 0.7344465498184116
0.2857142857142857 0.0 0.0 0.5265842362463107 0.2823539854429256 0.0 0.7115900836886154
0.24206349206349206 0.0 0.0 0.5264746954026513 0.23915616308657317 0.0 0.7556450339491552
0.24603174603174602 0.0 0.0 0.5313755974423834 0.2445115095567785 0.0 0.7492104847623559
0.25793650793650796 0.0 0.0 0.532077118347574 0.25930528433635125 0.0 0.735907153008053
0.2718253968253968 0.0 0.0 0.5296728031383754 0.27312266998047224 0.0 0.7236301910626877
0.2916666666666667 0.0 0.0 0.5289592147610758 0.2928575655364223 0.0 0.7039317858834678
0.25 0.0 0.0 0.5286009236055736 0.24702645126930586 0.0 0.7464077056687194
0.25396825396825395 0.0 0.0 0.5301586522510836 0.2491271672880052 0.0 0.7431706931943787
0.25 0.0 0.0 0.5326046282584179 0.2507840700633174 0.0 0.7444733933364913
0.2698412698412698 0.0 0.0 0.5383251200040055 0.2760222498372685 0.0 0.7192089057318808
0.23015873015873015 0.0 0.0 0.530556511277705 0.22986567252500148 0.0 0.7651586925627665
0.2638888888888889 0.0 0.0 0.5215200380816416 0.25110953310846795 0.0 0.7409205747670932
0.26785714285714285 0.0 0.0 0.532631322119971 0.2713770045564826 0.0 0.7252486972998581
0.24603174603174602 0.0 0.0 0.5331776393340467 0.24889046689153205 0.0 0.7467235117637772
0.25396825396825395 0.0 0.0 0.5268858082768648 0.2530623113793716 0.0 0.743604926575083
0.23412698412698413 0.0 0.0 0.5295018905293937 0.2323510266879697 0.0 0.7620006316121902
0.25992063492063494 0.0 0.0 0.5258981704524541 0.2581513699035446 0.0 0.737604610768988
0.24603174603174602 0.0 0.0 0.5230549606555072 0.2400142020237884 0.0 0.7547765671877468
0.27976190476190477 0.0 0.0 0.531223639884788 0.280194094325108 0.0 0.7143533870203698
0.251984126984127 0.0 0.0 0.5307811505542478 0.25184922184744657 0.0 0.743052265908732
0.28174603174603174 0.0 0.0 0.526856684014106 0.27859636664891413 0.0 0.7152613295436603
0.23412698412698413 0.0 0.0 0.5278297764664991 0.23167051304810934 0.0 0.7631059529448918
0.27380952380952384 0.0 0.0 0.5274478492627668 0.2623232143913841 0.0 0.7280909521553767
0.25793650793650796 0.0 0.0 0.534191977144781 0.262500739688739 0.0 0.7336570345807675
0.24801587301587302 0.0 0.0 0.5314708009019857 0.24844665364814486 0.0 0.7465656087162482
0.2619047619047619 0.0 0.0 0.5325432149267995 0.26522279424818035 0.0 0.7311305858203065
0.25793650793650796 0.0 0.0 0.5322603686702989 0.25492632700159773 0.0 0.7365782409600505
0.2718253968253968 0.0 0.0 0.5276478471307887 0.2729747322326765 0.0 0.7241828517290385
0.25396825396825395 0.0 0.0 0.5239601238238386 0.24708562636842415 0.0 0.7465656087162484
0.2619047619047619 0.0 0.0 0.5325134112026567 0.2603408485709214 0.0 0.731643770724775
0.23214285714285715 0.0 0.0 0.5293482455385656 0.23214391384105568 0.0 0.763895468182536
0.2757936507936508 0.0 0.0 0.538062443980874 0.2764364755310965 0.0 0.7144323385441341
0.25396825396825395 0.0 0.0 0.5295618917541461 0.24838747854902657 0.0 0.7435259750513186
0.26785714285714285 0.0 0.0 0.5314353734340759 0.2698976270785254 0.0 0.7260776882993843
0.2638888888888889 0.0 0.0 0.5232200868682463 0.25865435824605004 0.0 0.7365387651981685
0.25595238095238093 0.0 0.0 0.5319204641480192 0.2573229185158885 0.0 0.7382362229591031
0.23412698412698413 0.0 0.0 0.532448261237813 0.23516184389608852 0.0 0.7601847465656087
0.25396825396825395 0.0 0.0 0.5301216274782222 0.24693768862062843 0.0 0.7440786357176693
0.25595238095238093 0.0 0.0 0.5318935792554977 0.25761879401147997 0.0 0.7376440865308701
0.24801587301587302 0.0 0.0 0.529988455373195 0.24649387537724127 0.0 0.7485788725722407
0.26587301587301587 0.0 0.0 0.5322593471099046 0.2693354636369016 0.0 0.7273014369177326
0.25793650793650796 0.0 0.0 0.5272249614262123 0.2452807858453163 0.0 0.7442760145270804
0.24603174603174602 0.0 0.0 0.5297108752533515 0.24202615539381028 0.0 0.7503552818569398
0.25595238095238093 0.0 0.0 0.5305875819180319 0.25690869282206047 0.0 0.7386309805779252
0.25793650793650796 0.0 0.0 0.5314750099264001 0.251523758802296 0.0 0.7391046897205116
0.30158730158730157 0.0 0.0 0.5358313740390622 0.3030356825847683 0.0 0.6877072477498818
0.26785714285714285 0.0 0.0 0.5273671856507262 0.26581454523936326 0.0 0.7297884099163116
0.2361111111111111 0.0 0.0 0.5263932626058895 0.2331203029765075 0.0 0.7616058739933681
0.28174603174603174 0.0 0.0 0.5312159889844086 0.27756080241434405 0.0 0.7130506868782569
0.25396825396825395 0.0 0.0 0.528363214529926 0.2504881945677259 0.0 0.7432891204800254
0.25793650793650796 0.0 0.0 0.5327512104885834 0.26063672406651284 0.0 0.7348807831991158
0.24206349206349206 0.0 0.0 0.5310296462402984 0.24110894135747676 0.0 0.7540265277119849
0.2718253968253968 0.0 0.0 0.5244658575794107 0.26599207053671814 0.0 0.7276172430127903
0.25793650793650796 0.0 0.0 0.5318347596783328 0.26051837386827625 0.0 0.7352755408179379
0.2757936507936508 0.0 0.0 0.5299935213496196 0.27705781407183855 0.0 0.7187746723511765
0.25 0.0 0.0 0.525844405627948 0.24498491034972483 0.0 0.7486578240960051