0.2837301587301587 0.0 0.0 0.5247441412526045 0.2706669033670631 0.0 0.7194457603031739
0.3055555555555556 0.0 0.0 0.5274962080773564 0.29915971359252025 0.0 0.69161534817622
0.26587301587301587 0.0 0.0 0.5255777630872447 0.2595419847328244 0.0 0.7327096162955945
0.2757936507936508 0.0 0.0 0.5334918138997174 0.28309367418190423 0.0 0.7152613295436603
0.29365079365079366 0.0 0.0 0.5290259213057323 0.2904017989230132 0.0 0.7014842886467709
0.2857142857142857 0.0 0.0 0.5227156895484302 0.2743653470619563 0.0 0.7170772145902415
0.27976190476190477 0.0 0.0 0.5283549529282674 0.2787147168471507 0.0 0.7156955629243644
0.27380952380952384 0.0 0.0 0.5290721757794951 0.2677377359607077 0.0 0.7230380546344544
0.29563492063492064 0.0 0.0 0.5277662192391804 0.2871471684715072 0.0 0.7026290857413549
0.2857142857142857 0.0 0.0 0.5253872660138136 0.2763477128824191 0.0 0.714629717353545
0.2757936507936508 0.0 0.0 0.5275590342670338 0.27522338599917157 0.0 0.7205905573977577
0.3055555555555556 0.0 0.0 0.5245835098678014 0.29519498195159477 0.0 0.6954839728406759
0.2876984126984127 0.0 0.0 0.5212057755192997 0.2766731759275697 0.0 0.7156560871624822
0.2837301587301587 0.0 0.0 0.5279604027184981 0.2860820166873779 0.0 0.7117874624980262
0.26785714285714285 0.0 0.0 0.5299760969909151 0.2629741404816853 0.0 0.7278146218222012
0.29563492063492064 0.0 0.0 0.5236654809647903 0.28341913722705486 0.0 0.7067740407389863
0.26785714285714285 0.0 0.0 0.522451005145092 0.2604887863187171 0.0 0.7334596557713563
0.30158730158730157 0.0 0.0 0.5237769409577111 0.2935972542754009 0.0 0.6993525975051319
0.2876984126984127 0.0 0.0 0.5301321185069695 0.2862595419847328 0.0 0.7063003315963998
0.27380952380952384 0.0 0.0 0.5297448586215934 0.27395112136812827 0.0 0.7207089846834044
0.3115079365079365 0.0 0.0 0.5226800625216319 0.2994851766376709 0.0 0.6917337754618665
0.29365079365079366 0.0 0.0 0.5225268766440544 0.28288656133499024 0.0 0.7089452076425076
0.27976190476190477 0.0 0.0 0.5303386220536086 0.2762293626841825 0.0 0.7147876204010737
0.2976190476190476 0.0 0.0 0.5200640394068 0.28895200899461504 0.0 0.7061819043107533
0.2896825396825397 0.0 0.0 0.5285914668501936 0.28347831232617315 0.0 0.7068529922627507
0.2777777777777778 0.0 0.0 0.521192340010138 0.27099236641221375 0.0 0.7241828517290383
0.2757936507936508 0.0 0.0 0.5237710567311475 0.26566660749156756 0.0 0.7259987367756198
0.2876984126984127 0.0 0.0 0.5254746841727862 0.28294573643410853 0.0 0.7108005684509711
0.2857142857142857 0.0 0.0 0.5268636794191014 0.2756671992425587 0.0 0.7143928627822518
0.2876984126984127 0.0 0.0 0.5271032194587724 0.2823243978933665 0.0 0.7102084320227381
0.2757936507936508 0.0 0.0 0.5299190710512471 0.27619977513462335 0.0 0.7186957208274118
0.3115079365079365 0.0 0.0 0.5289543895153778 0.3106692703710279 0.0 0.6828912048002527
0.2976190476190476 0.0 0.0 0.5238456876523785 0.28841943310255047 0.0 0.7038528343597032
0.27976190476190477 0.0 0.0 0.5293097211968211 0.28202852239777504 0.0 0.7145507658297805
0.28174603174603174 0.0 0.0 0.5237845587356892 0.2721166932954613 0.0 0.7196431391125848
0.2718253968253968 0.0 0.0 0.5303845961276931 0.2678560861589443 0.0 0.7228801515869255
0.26785714285714285 0.0 0.0 0.526670212877308 0.2610509497603408 0.0 0.7312095373440707
0.2916666666666667 0.0 0.0 0.5237482129195257 0.281614296703947 0.0 0.7094978683088584
0.2996031746031746 0.0 0.0 0.5247361535490165 0.2905793242203681 0.0 0.7006158218853624
0.2857142857142857 0.0 0.0 0.5216448280590829 0.27546008639564473 0.0 0.7170772145902415
0.27976190476190477 0.0 0.0 0.5271040054518954 0.277146576720516 0.0 0.7166824569714194
0.2976190476190476 0.0 0.0 0.5371896377306877 0.30623113793715606 0.0 0.6902336965103426
0.27976190476190477 0.0 0.0 0.5304902063793359 0.2817030593526244 0.0 0.7139191536396652
0.2876984126984127 0.0 0.0 0.5216005260400689 0.2780342032072904 0.0 0.7151429022580136
0.2896825396825397 0.0 0.0 0.521453498264122 0.2796911059826025 0.0 0.71328754144955
0.2698412698412698 0.0 0.0 0.5294683837089971 0.26593289543759985 0.0 0.726038212537502
0.2757936507936508 0.0 0.0 0.5341271538921678 0.2816438842535061 0.0 0.7149060476867204
0.29563492063492064 0.0 0.0 0.5224775057300212 0.28451387656074323 0.0 0.7068924680246329
0.2757936507936508 0.0 0.0 0.523855945314408 0.266169595834073 0.0 0.7258013579662088
0.2837301587301587 0.0 0.0 0.522511668079155 0.27489792295402093 0.0 0.7183009632085899
0.2857142857142857 0.0 0.0 0.5252891835138352 0.2846322267589798 0.0 0.7118664140217906
0.30952380952380953 0.0 0.0 0.524256914940574 0.29667435942955206 0.0 0.6934312332228013
0.28174603174603174 0.0 0.0 0.5258222519780821 0.276732351026688 0.0 0.7169982630664772
0.2777777777777778 0.0 0.0 0.5212012762424049 0.272057518196343 0.0 0.7237486183483341
0.2896825396825397 0.0 0.0 0.5250570819979432 0.2804603822711403 0.0 0.7112348018316754
0.29563492063492064 0.0 0.0 0.5245185953030543 0.29010592342742175 0.0 0.7039712616453497
0.2876984126984127 0.0 0.0 0.5255279962777714 0.28516480265104444 0.0 0.7096557713563871
0.29365079365079366 0.0 0.0 0.5253896842918044 0.2823835729924848 0.0 0.7077214590241592
0.28174603174603174 0.0 0.0 0.5281332854937225 0.2772649269187526 0.0 0.7147481446391915
0.2996031746031746 0.0 0.0 0.5238647904734137 0.28563820344399077 0.0 0.7040896889309964
0.29563492063492064 0.0 0.0 0.522597715139847 0.28270903603763536 0.0 0.707681983262277
0.26587301587301587 0.0 0.0 0.52558821362207 0.2649269187525889 0.0 0.7315253434391283
0.2916666666666667 0.0 0.0 0.531877556235312 0.29531333214983135 0.0 0.7004184430759515
0.29563492063492064 0.0 0.0 0.5240441368727 0.28649624238120597 0.0 0.705155534501816
0.2896825396825397 0.0 0.0 0.5248075048103238 0.28048996982069946 0.0 0.7108795199747355
0.27380952380952384 0.0 0.0 0.5236970010259954 0.2632404284277176 0.0 0.7280120006316122
0.2698412698412698 0.0 0.0 0.5335579018521576 0.276732351026688 0.0 0.7215774514448129
0.2876984126984127 0.0 0.0 0.5212083293131744 0.27782709036037634 0.0 0.7153008053055424
0.30158730158730157 0.0 0.0 0.523705093238816 0.2951358068524765 0.0 0.69860255802937
0.2777777777777778 0.0 0.0 0.5238530488696649 0.2684478371501272 0.0 0.7235907153008053
0.2976190476190476 0.0 0.0 0.5242948569012968 0.2903426238238949 0.0 0.7023922311700617
0.2896825396825397 0.0 0.0 0.5259873298667134 0.2830049115332268 0.0 0.7091425864519185
0.2698412698412698 0.0 0.0 0.5286959157383466 0.27037102787147166 0.0 0.7257224064424442
0.2896825396825397 0.0 0.0 0.5205752353286996 0.2779158530090538 0.0 0.7143928627822516
0.2837301587301587 0.0 0.0 0.522867386639053 0.2800165690277531 0.0 0.7161297963050687
0.2757936507936508 0.0 0.0 0.5271795149177555 0.2715545298538375 0.0 0.7220116848255171
0.2777777777777778 0.0 0.0 0.5262488099413785 0.27223504349369787 0.0 0.7199589452076425
0.2876984126984127 0.0 0.0 0.5245215634986369 0.2766731759275697 0.0 0.7143533870203695
0.2718253968253968 0.0 0.0 0.5321497101487676 0.2766731759275697 0.0 0.7205116058739933
0.2777777777777778 0.0 0.0 0.5321811814257097 0.28081543286585003 0.0 0.7149849992104848
0.2976190476190476 0.0 0.0 0.5236240281187138 0.287709331913131 0.0 0.7039317858834677
0.3273809523809524 0.0 0.0 0.5246244041694151 0.31774069471566363 0.0 0.6742460129480501
0.27380952380952384 0.0 0.0 0.5215059555261903 0.2642168175631694 0.0 0.7283672824885519
0.2896825396825397 0.0 0.0 0.522440987050336 0.2812296585596781 0.0 0.7117479867361439
0.29365079365079366 0.0 0.0 0.5228887459466559 0.28066749511805433 0.0 0.7095768198326229
0.26587301587301587 0.0 0.0 0.5297011153859718 0.26087342446298595 0.0 0.7308542554871309
0.29563492063492064 0.0 0.0 0.5233080057738001 0.286289129534292 0.0 0.7055108163587558