0.03111111111111111 0.0 0.0 0.6156987003251421 0.028520657485561974 0.0 0.9721981721981723
0.03111111111111111 0.0 0.0 0.6126090164083905 0.028816822153117132 0.0 0.9721019721019721
0.015555555555555555 0.08370044052863435 0.03825136612021862 0.5895681326961734 0.014630534577224937 0.0 0.9859547859547859
0.028888888888888888 0.0 0.0 0.618114186052981 0.02739523174885236 0.0 0.9728715728715729
0.015555555555555555 0.11013215859030834 0.049180327868852514 0.5951412841339865 0.014363986376425292 0.0 0.986307519640853
0.017777777777777778 0.04405286343612336 0.021857923497267784 0.5992322114405816 0.017147934251443803 0.0 0.9833573833573833
0.013333333333333334 0.1541850220264317 0.05464480874316935 0.601928010070425 0.013001628905671553 0.0 0.9874939874939875
0.022222222222222223 0.022026431718061623 0.021857923497267784 0.6083014148829424 0.02034651266103954 0.0 0.9800545133878468
0.022222222222222223 0.013215859030836996 0.010928961748633892 0.6082045727272767 0.02070191026210573 0.0 0.9795414462081129
0.024444444444444446 0.008810572687224627 0.005464480874316946 0.6126728972781605 0.022982378202280468 0.0 0.9771685105018438
0.015555555555555555 0.10132158590308371 0.060109289617486295 0.5973156761580025 0.014482452243447358 0.0 0.9860830527497194
0.017777777777777778 0.05726872246696035 0.032786885245901676 0.5936261532278228 0.01634828964904487 0.0 0.9841911175244509
0.02666666666666667 0.008810572687224627 0.005464480874316946 0.6118480256075248 0.02484821560787798 0.0 0.9755010421677088
0.028888888888888888 0.004405286343612369 0.005464480874316946 0.6133675516817338 0.026447504812675847 0.0 0.9743466410133077
0.02 0.03083700440528636 0.005464480874316946 0.6043544213306856 0.019369169258107506 0.0 0.9811127144460478
0.02 0.03524229074889873 0.02732240437158473 0.60316581292136 0.01859914112246409 0.0 0.9818502485169152
0.02 0.03524229074889873 0.016393442622950838 0.6057792128322315 0.018510291722197543 0.0 0.9817540484207151
0.02666666666666667 0.004405286343612369 0.0 0.6147955000509182 0.025085147341922107 0.0 0.9751162417829085
0.017777777777777778 0.052863436123347984 0.032786885245901676 0.6015799926583317 0.01694061898415519 0.0 0.9836139169472503
0.028888888888888888 0.004405286343612369 0.005464480874316946 0.6113122147713718 0.026536354212942394 0.0 0.9740580407247075
0.017777777777777778 0.052863436123347984 0.02732240437158473 0.6056895312105948 0.016822153117133126 0.0 0.9835497835497836
0.02 0.026431718061673992 0.010928961748633892 0.6067642278458842 0.018954538723530284 0.0 0.9815295815295816
0.024444444444444446 0.013215859030836996 0.0 0.6059491589656241 0.02310084406930253 0.0 0.9773929773929774
0.017777777777777778 0.048458149779735726 0.010928961748633892 0.5977423948661784 0.017059084851177256 0.0 0.98332531665865
0.02 0.026431718061673992 0.016393442622950838 0.6061979712037763 0.0189841551902858 0.0 0.9813051146384479
0.015555555555555555 0.14977973568281944 0.09836065573770492 0.6072456506832887 0.013445875907004294 0.0 0.9866923200256533
0.024444444444444446 0.0 0.0 0.6048100323543611 0.023248926403080114 0.0 0.9770723104056438
0.015555555555555555 0.11013215859030834 0.08196721311475408 0.5934873544559525 0.01415667110913668 0.0 0.9859868526535194
0.024444444444444446 0.004405286343612369 0.005464480874316946 0.6061414486161179 0.02289352880201392 0.0 0.9774891774891775
0.017777777777777778 0.07488986784140972 0.05464480874316935 0.5918233200837688 0.016140974381756257 0.0 0.9840949174282507
0.02 0.052863436123347984 0.049180327868852514 0.6069877023179397 0.01800681178735377 0.0 0.9824915824915825
0.013333333333333334 0.2951541850220264 0.2404371584699454 0.6142249090778502 0.011076558566563009 0.04761904761904767 0.988936988936989
0.02 0.048458149779735726 0.04371584699453557 0.5993144206250502 0.01836220938841996 0.0 0.9819464486131153
0.024444444444444446 0.0 0.0 0.6049445375120862 0.023160077002813563 0.0 0.9772326438993106
0.022222222222222223 0.008810572687224627 0.010928961748633892 0.6013128836916247 0.020524211461572635 0.0 0.9798300464967132
0.011111111111111112 0.3744493392070485 0.2622950819672131 0.618658792188204 0.009062638827187917 0.04761904761904767 0.9910533910533911
0.013333333333333334 0.22466960352422904 0.1693989071038251 0.6036584602761074 0.011402339700873686 0.04761904761904767 0.9886483886483887
0.011111111111111112 0.3612334801762115 0.28415300546448086 0.6112148064353947 0.009388419961498593 0.04761904761904767 0.990700657367324
0.011111111111111112 0.3832599118942731 0.29508196721311475 0.61531612178671 0.0090330223604324 0.04761904761904767 0.9912457912457913
0.024444444444444446 0.004405286343612369 0.005464480874316946 0.6066195712846428 0.022626980601214274 0.0 0.9779060445727112
0.015555555555555555 0.10132158590308371 0.06557377049180324 0.585830762804447 0.014630534577224937 0.0 0.9856341189674523
0.013333333333333334 0.21585903083700442 0.14207650273224048 0.5968836392365804 0.011580038501406782 0.0 0.9887125220458554
0.015555555555555555 0.11013215859030834 0.060109289617486295 0.5964308006767095 0.014127054642381164 0.0 0.9860509860509861
0.013333333333333334 0.17621145374449343 0.11475409836065575 0.5921973580255314 0.011846586702206426 0.0 0.9880711880711881
0.017777777777777778 0.06167400881057272 0.03825136612021862 0.593618937116007 0.016999851917666224 0.0 0.98332531665865
0.015555555555555555 0.16299559471365643 0.1202185792349727 0.6012904345887539 0.013593958240781875 0.0 0.9865961199294533
0.02 0.017621145374449365 0.016393442622950838 0.5950726000197105 0.018510291722197543 0.0 0.9819464486131153
0.011111111111111112 0.30396475770925113 0.20765027322404372 0.6148413596207714 0.009506885828520658 0.0 0.9906365239698574
0.017777777777777778 0.07048458149779735 0.06557377049180324 0.5996402474620075 0.016318673182289353 0.0 0.9841269841269842
0.017777777777777778 0.09691629955947134 0.07650273224043713 0.5999459449771811 0.015755960313934548 0.0 0.9845117845117846
0.013333333333333334 0.2819383259911894 0.19672131147540983 0.6031635956635956 0.011402339700873686 0.0 0.9890011223344557
0.02 0.04405286343612336 0.03825136612021862 0.6044746113115567 0.01815489412113135 0.0 0.9824915824915825
0.017777777777777778 0.05726872246696035 0.032786885245901676 0.5943570895417423 0.016525988449577967 0.0 0.9838063171396505
0.013333333333333334 0.29074889867841414 0.21311475409836067 0.626954837101896 0.011135791500074042 0.0 0.9891935225268559
0.017777777777777778 0.07488986784140972 0.049180327868852514 0.5980381436097932 0.01605212498148971 0.0 0.984287317620651
0.02 0.052863436123347984 0.032786885245901676 0.6016792822617127 0.018273359988153413 0.0 0.9819785153118487
0.013333333333333334 0.1674008810572687 0.09836065573770492 0.5845516128178667 0.012290833703539167 0.0 0.9877825877825878
0.013333333333333334 0.2687224669603524 0.1912568306010929 0.6136716877893348 0.01122464090034059 0.0 0.9888087221420555
0.015555555555555555 0.1145374449339207 0.08743169398907102 0.5942893936701984 0.013801273508070488 0.0 0.9865640532307199
0.013333333333333334 0.20264317180616742 0.14754098360655743 0.5940895161483397 0.011728120835184363 0.0 0.9884239217572551
0.015555555555555555 0.1409691629955947 0.10382513661202186 0.6053153778994115 0.013682807641048423 0.0 0.9864678531345198