0.44881818181818184 0.0 0.0 0.4708281862984932 0.4467887460395913 0.0 0.55198381048384
0.45690909090909093 0.0 0.0 0.47139492847190234 0.4555257670245885 0.0 0.5430380962983401
0.4506363636363636 0.0 0.0 0.472399830489154 0.45175636372944966 0.0 0.5474835031941345
0.45254545454545453 0.0 0.0 0.4745333170554144 0.4555858254289253 0.0 0.5435291498216498
0.45345454545454544 0.0 0.0 0.47007712860280043 0.4503262845114298 0.0 0.5481819582055492
0.452 0.0 0.0 0.4717329122902622 0.4511301810219381 0.0 0.547668029518112
0.44872727272727275 0.0 0.0 0.4708391184318428 0.4466543530528376 0.0 0.5521561367202805
0.45245454545454544 0.0 0.0 0.4742021673826042 0.45508566691412045 0.0 0.5439759780276421
0.4556363636363636 0.0 0.0 0.47114805056705206 0.4540622126303809 0.0 0.5447445835423871
0.4547272727272727 0.0 0.0 0.4699681676709432 0.4516505230988561 0.0 0.5471556258416151
0.4530909090909091 0.0 0.0 0.4701965750628836 0.4502022294467341 0.0 0.548476285317347
0.4506363636363636 0.0 0.0 0.46965739406727575 0.4474941861495474 0.0 0.5515324072450221
0.4519090909090909 0.0 0.0 0.47138715255721286 0.4506886040654617 0.0 0.5480919825599744
0.4536363636363636 0.0 0.0 0.474228241823238 0.4564025212715053 0.0 0.5427544442631371
0.4527272727272727 0.0 0.0 0.47401188621080725 0.4552697803831529 0.0 0.5438417770647503
0.45290909090909093 0.0 0.0 0.4700521522074822 0.449725208186059 0.0 0.5488133127355179
0.4486363636363636 0.0 0.0 0.4708792459140794 0.44634766136511766 0.0 0.5524641889305552
0.4506363636363636 0.0 0.0 0.4736439610697631 0.45277587975716715 0.0 0.5462604444186885
0.45381818181818184 0.0 0.0 0.473561256522609 0.45605250876754244 0.0 0.5431951724253615
0.4547272727272727 0.0 0.0 0.47031873764085386 0.45218021853382667 0.0 0.5467530229529395
0.45145454545454544 0.0 0.0 0.47072525569015006 0.4493092298937262 0.0 0.5493516415980289
0.45127272727272727 0.0 0.0 0.47228774522739003 0.4512168226544239 0.0 0.5476329542664469
0.45390909090909093 0.0 0.0 0.47015592712343357 0.450829889000254 0.0 0.5476970047260079
0.45454545454545453 0.0 0.0 0.47102402481221184 0.4527414200169739 0.0 0.5460149176570346
0.4519090909090909 0.0 0.0 0.4717845582870453 0.45113165786794635 0.0 0.5476451543539824
0.4526363636363636 0.0 0.0 0.4743117468898581 0.4554553706981937 0.0 0.543684700937729
0.449 0.0 0.0 0.4715825619617172 0.44776051071304096 0.0 0.5511984298487338
0.4527272727272727 0.0 0.0 0.4703523066273966 0.45038240465974455 0.0 0.5486394614881356
0.45181818181818184 0.0 0.0 0.4742955382299915 0.4545997845773956 0.0 0.5445631072402941
0.4519090909090909 0.0 0.0 0.4743228519000052 0.4546810111078511 0.0 0.5444228062336343
0.4517272727272727 0.0 0.0 0.4702285515426556 0.4488888210633685 0.0 0.5497450944210527
0.45345454545454544 0.0 0.0 0.4698906915773238 0.4502248744188611 0.0 0.548554060875386
0.4531818181818182 0.0 0.0 0.4741263821451137 0.45573695600377284 0.0 0.5433720736946288
0.45072727272727275 0.0 0.0 0.47357993547855687 0.45279606331928035 0.0 0.5463565201080313
0.45181818181818184 0.0 0.0 0.4708159503839574 0.4498871689649672 0.0 0.5491457651208642
0.45690909090909093 0.0 0.0 0.4721195496198615 0.45667672234704304 0.0 0.5420605642845472
0.453 0.0 0.0 0.4700388421301476 0.4503203771273967 0.0 0.5484976354705345
0.4506363636363636 0.0 0.0 0.47074711489995064 0.44874950525658724 0.0 0.5503474737431244
0.4510909090909091 0.0 0.0 0.4726135736583613 0.4523992840250552 0.0 0.5468231734562689
0.4582727272727273 0.0 0.0 0.4715257180841012 0.4570208274669728 0.0 0.5415115603454446
0.45145454545454544 0.0 0.0 0.47103586847233647 0.4491822211370139 0.0 0.5495026176812812
0.4537272727272727 0.0 0.0 0.4739045933541039 0.4562843735908428 0.0 0.542966420784069
0.452 0.0 0.0 0.47138584143238726 0.45072060239564116 0.0 0.5480935075709163
0.45354545454545453 0.0 0.0 0.4696578567745747 0.4500570062559197 0.0 0.5487263871118273
0.45145454545454544 0.0 0.0 0.4706860361183505 0.44955980143313135 0.0 0.5493363914886085
0.45381818181818184 0.0 0.0 0.4697899837818076 0.4504537855501448 0.0 0.5482612587745316
0.45 0.0 0.0 0.4700024621371272 0.4474356045912189 0.0 0.5516696582297976
0.4562727272727273 0.0 0.0 0.46971709876520706 0.45318693522947234 0.0 0.5457831159938569
0.45181818181818184 0.0 0.0 0.4714560487371836 0.4505547033607108 0.0 0.5484320600000301
0.45081818181818184 0.0 0.0 0.4729024877965581 0.45143490358164695 0.0 0.5475719538287686
0.4501818181818182 0.0 0.0 0.4726360671429414 0.45152154521413285 0.0 0.5476619294743432
0.4527272727272727 0.0 0.0 0.4700763527668194 0.4495706316371921 0.0 0.548909388424861
0.45327272727272727 0.0 0.0 0.4742724614763876 0.4560618621255949 0.0 0.5430868966484832
0.45045454545454544 0.0 0.0 0.47135875154721524 0.44890358952345133 0.0 0.5499997712483585
0.4519090909090909 0.0 0.0 0.47415934983355545 0.4545092046888876 0.0 0.5445768323387717
0.45345454545454544 0.0 0.0 0.47406971015961097 0.455960944315029 0.0 0.543132646976742
0.4506363636363636 0.0 0.0 0.47134004443305977 0.44924966377139214 0.0 0.5496352936332313
0.4530909090909091 0.0 0.0 0.47419255114307135 0.4557851996400434 0.0 0.5433857987931061
0.45127272727272727 0.0 0.0 0.4737360609776756 0.4536890628722883 0.0 0.5455238641337248
0.45327272727272727 0.0 0.0 0.4726151813679619 0.45390615923550576 0.0 0.5454125383349622
0.4531818181818182 0.0 0.0 0.4741912130180858 0.4556650828313698 0.0 0.5433598736070928
0.4511818181818182 0.0 0.0 0.4697893145123163 0.44802142017450414 0.0 0.5507943019491162
0.4520909090909091 0.0 0.0 0.474153874006291 0.4546662426477683 0.0 0.5444151811789248
0.45327272727272727 0.0 0.0 0.4701210252533728 0.4503351455874795 0.0 0.5484732352954631
0.4556363636363636 0.0 0.0 0.47259797556127336 0.4560259255393934 0.0 0.5428337448321177
0.45381818181818184 0.0 0.0 0.47002043543031047 0.45074767790579295 0.0 0.5481346828663494
0.4475454545454545 0.0 0.0 0.47125174025737 0.44654358960221646 0.0 0.5525129892806984
0.4527272727272727 0.0 0.0 0.4742119118686187 0.4554401099561081 0.0 0.5436725008501933
0.4541818181818182 0.0 0.0 0.4722896674327236 0.45467805741583456 0.0 0.5443831559491431