0.3668181818181818 0.0 0.0 0.4523335402102194 0.3500966841853422 0.0 0.6502524655614395
0.3820909090909091 0.0 0.0 0.45024355900268537 0.36291619981923406 0.0 0.637334097872151
0.37072727272727274 0.0 0.0 0.45087778885184926 0.35260535327141085 0.0 0.6475165959315744
0.3698181818181818 0.0 0.0 0.45129978696948536 0.35215146926486546 0.0 0.6480640748597362
0.37063636363636365 0.0 0.0 0.45083852257831325 0.3526742727517973 0.0 0.6475867464349044
0.37572727272727274 0.0 0.0 0.450555558313609 0.35699650873603644 0.0 0.643237415228453
0.3670909090909091 0.0 0.0 0.4521469961370278 0.35041469835912564 0.0 0.6499352632855133
0.37036363636363634 0.0 0.0 0.4509926680613996 0.35241976295637 0.0 0.6477819478354745
0.36872727272727274 0.0 0.0 0.4514010320973658 0.35086316726364064 0.0 0.6493435590400349
0.3663636363636364 0.0 0.0 0.45254396844843464 0.3496265548727057 0.0 0.6506032180780886
0.3710909090909091 0.0 0.0 0.45062244128619666 0.35292189059918594 0.0 0.6473595198045534
0.3760909090909091 0.0 0.0 0.4503354260387767 0.35708118124051125 0.0 0.6431169393640386