0.30753968253968256 0.0 0.0 0.5333285819250602 0.30797680336114563 0.0 0.6835622927522502
0.25992063492063494 0.0 0.0 0.5353344863941571 0.2603112610213622 0.0 0.7316042949628928
0.2837301587301587 0.0 0.0 0.5314439202795734 0.27605183738682765 0.0 0.7120637928312017
0.27380952380952384 0.0 0.0 0.5394164291768764 0.2816438842535061 0.0 0.7130112111163747
0.2777777777777778 0.0 0.0 0.5296555182017411 0.27013432747499855 0.0 0.7190904784462341
0.27976190476190477 0.0 0.0 0.5341205264855546 0.2843659388129475 0.0 0.710761092689089
0.26587301587301587 0.0 0.0 0.5354046047954861 0.2676785608615894 0.0 0.7253671245855046
0.3055555555555556 0.0 0.0 0.5335926067996614 0.30569856204509144 0.0 0.6853387020369495
0.25992063492063494 0.0 0.0 0.5327203557547957 0.2620569264453518 0.0 0.7333412284857099
0.3055555555555556 0.0 0.0 0.5306570645437498 0.30859814190188767 0.0 0.6871545870835307
0.2857142857142857 0.0 0.0 0.5368838848750677 0.29016509852654004 0.0 0.7034580767408812
0.2896825396825397 0.0 0.0 0.529364473882197 0.2912302503106693 0.0 0.7040502131691142
0.27976190476190477 0.0 0.0 0.5305117898762867 0.2796023433339251 0.0 0.7141560082109586
0.2777777777777778 0.0 0.0 0.5393384522682834 0.2861116042369371 0.0 0.7102084320227381
0.3055555555555556 0.0 0.0 0.5310039777184868 0.30433753476537073 0.0 0.6883783357018791
0.25396825396825395 0.0 0.0 0.5375964531704148 0.2568495177229422 0.0 0.736459813674404
0.2996031746031746 0.0 0.0 0.5315640588931814 0.30401207172022016 0.0 0.6923259118900996
0.2857142857142857 0.0 0.0 0.5292389321878769 0.280194094325108 0.0 0.7099321016895626
0.27976190476190477 0.0 0.0 0.5359781383864236 0.2861116042369371 0.0 0.7093794410232118
0.30357142857142855 0.0 0.0 0.5282871760316797 0.3044558849636073 0.0 0.6911811147955157
0.26587301587301587 0.0 0.0 0.5308127207515411 0.2624711521391798 0.0 0.7299857887257224
0.2777777777777778 0.0 0.0 0.535795411068693 0.2832416119297 0.0 0.7116690352123798
0.2857142857142857 0.0 0.0 0.529757612178561 0.2845730516598615 0.0 0.7090636349281542
0.2619047619047619 0.0 0.0 0.5296995379463543 0.2600449730753299 0.0 0.7332622769619455
0.27976190476190477 0.0 0.0 0.5315343428527521 0.28048996982069946 0.0 0.7134059687351967
0.28174603174603174 0.0 0.0 0.5398927148460732 0.2896325226344754 0.0 0.705550292120638
0.30357142857142855 0.0 0.0 0.5310342533853416 0.30253269424226287 0.0 0.6903126480341071
0.2757936507936508 0.0 0.0 0.5337371039080381 0.27909935499141963 0.0 0.715379756829307
0.2638888888888889 0.0 0.0 0.5328361775761816 0.2624711521391798 0.0 0.7296699826306648
0.26785714285714285 0.0 0.0 0.5325845680337329 0.26898041304219183 0.0 0.7245776093478604
0.29365079365079366 0.0 0.0 0.5278816563437159 0.2853127403988402 0.0 0.7045239223117007
0.2976190476190476 0.0 0.0 0.5321415784439913 0.2956979702941002 0.0 0.6953260697931472
0.2837301587301587 0.0 0.0 0.5354101722096697 0.28954375998579795 0.0 0.7061029527869889
0.31547619047619047 0.0 0.0 0.5332077611858559 0.3201964613290727 0.0 0.6752329069951051
0.25396825396825395 0.0 0.0 0.530134902441758 0.2539203503165868 0.0 0.7414732354334438
0.28174603174603174 0.0 0.0 0.5361807291503826 0.2876205692644535 0.0 0.7073661771672195
0.2857142857142857 0.0 0.0 0.5299754382176523 0.2817918220013019 0.0 0.709221537975683
0.26785714285714285 0.0 0.0 0.5311478988085657 0.26794484880762176 0.0 0.7254855518711512
0.3055555555555556 0.0 0.0 0.5291077222481594 0.3008757914669507 0.0 0.6899178904152852
0.27976190476190477 0.0 0.0 0.5343899593970007 0.28584531629090476 0.0 0.7107216169272068
0.27380952380952384 0.0 0.0 0.5289444383769965 0.2716137049529558 0.0 0.7219327333017528
0.28174603174603174 0.0 0.0 0.5307429083224958 0.27815255340552697 0.0 0.7131691141639034
0.2916666666666667 0.0 0.0 0.53344203161656 0.28673294277767913 0.0 0.7015632401705354
0.28174603174603174 0.0 0.0 0.5367489493169983 0.2875613941653352 0.0 0.7070108953102796
0.2619047619047619 0.0 0.0 0.5368396833976395 0.26519320669862123 0.0 0.7280120006316122
0.3055555555555556 0.0 0.0 0.5271679930787425 0.30433753476537073 0.0 0.6902336965103428
0.29365079365079366 0.0 0.0 0.5271450488954721 0.2893070595893248 0.0 0.7031422706458236
0.27380952380952384 0.0 0.0 0.5344842740472742 0.2779750281081721 0.0 0.7169587873045951
0.2718253968253968 0.0 0.0 0.5363528649998844 0.2755784365938813 0.0 0.7176693510184746
0.30158730158730157 0.0 0.0 0.5329871000921739 0.3055506242972957 0.0 0.6892073267014054
0.27380952380952384 0.0 0.0 0.5366333977179759 0.2795431682348068 0.0 0.7150244749723671
0.30357142857142855 0.0 0.0 0.5281255166640483 0.2965264216817563 0.0 0.6937075635559766
0.2896825396825397 0.0 0.0 0.527404750518995 0.28569737854310906 0.0 0.7065371861676932
0.28174603174603174 0.0 0.0 0.5370738888813732 0.2883010829043139 0.0 0.7068924680246329
0.29563492063492064 0.0 0.0 0.5379631689360548 0.3032132078821232 0.0 0.69161534817622
0.2638888888888889 0.0 0.0 0.5363850501426842 0.26587372033848156 0.0 0.7271435338702037
0.2876984126984127 0.0 0.0 0.5270571590375632 0.2819397597490976 0.0 0.7096557713563872
0.3055555555555556 0.0 0.0 0.5307329391280026 0.3055506242972957 0.0 0.6878256750355283
0.2619047619047619 0.0 0.0 0.5320924815041024 0.2656961950411267 0.0 0.7305384493920734
0.2837301587301587 0.0 0.0 0.5348891403350354 0.28862654594946446 0.0 0.7062213800726355
0.32936507936507936 0.0 0.0 0.5301760541655399 0.3279188117640097 0.0 0.6648902573819675
0.29365079365079366 0.0 0.0 0.5320868089961424 0.28717675602106635 0.0 0.7009711037423023
0.2757936507936508 0.0 0.0 0.5366390780231836 0.2816734718030653 0.0 0.7129322595926103
0.29365079365079366 0.0 0.0 0.5294537669012633 0.2875318066157761 0.0 0.7025106584557084
0.2837301587301587 0.0 0.0 0.536023497695961 0.28803479495828155 0.0 0.705550292120638
0.2638888888888889 0.0 0.0 0.5348577882531366 0.2638617669684597 0.0 0.7284857097741987
0.2777777777777778 0.0 0.0 0.5299837674668479 0.2809633706136458 0.0 0.7160113690194221
0.2857142857142857 0.0 0.0 0.535557261897881 0.2912598378602284 0.0 0.7036554555502923
0.27976190476190477 0.0 0.0 0.5362895070134823 0.2846026392094207 0.0 0.7097347228801516
0.2996031746031746 0.0 0.0 0.5311672986027821 0.30126042961121957 0.0 0.6926417179851572
0.2698412698412698 0.0 0.0 0.5293317271758887 0.2675306231137937 0.0 0.7258013579662088
0.2876984126984127 0.0 0.0 0.5319064014731077 0.2876501568140127 0.0 0.7051160587399337
0.251984126984127 0.0 0.0 0.5380437859620911 0.2537132374696728 0.0 0.7385520290541607
0.2976190476190476 0.0 0.0 0.5281132491304378 0.296467246582638 0.0 0.6977735670298437
0.2916666666666667 0.0 0.0 0.5284495797854656 0.28347831232617315 0.0 0.7061819043107533
0.27380952380952384 0.0 0.0 0.5389794158161089 0.27892182969406476 0.0 0.7147086688773094
0.2837301587301587 0.0 0.0 0.5335894680626158 0.28841943310255047 0.0 0.7071687983578083
0.2718253968253968 0.0 0.0 0.5349786199501836 0.27640688798153734 0.0 0.7182614874467077
0.2996031746031746 0.0 0.0 0.5313854442839379 0.2974140481685307 0.0 0.6937075635559768
0.2777777777777778 0.0 0.0 0.5326361882917121 0.27827090360376355 0.0 0.714432338544134
0.25793650793650796 0.0 0.0 0.5382154876806409 0.2626190898869756 0.0 0.7307753039633664
0.27380952380952384 0.0 0.0 0.5376167738767443 0.2801645067755488 0.0 0.7145507658297807
0.28174603174603174 0.0 0.0 0.5308793726164581 0.2823539854429256 0.0 0.711747986736144
0.30952380952380953 0.0 0.0 0.5338843397414087 0.3141310136694479 0.0 0.680641086372967
0.29563492063492064 0.0 0.0 0.5276842065383449 0.28859695839990535 0.0 0.7020369493131218