0.26785714285714285 0.0 0.0 0.5268246615149889 0.26217527664358836 0.0 0.7312884888678353
0.29365079365079366 0.0 0.0 0.5253508616219597 0.2772057518196343 0.0 0.7105637138796779
0.28174603174603174 0.0 0.0 0.5307647173906673 0.28427717616427006 0.0 0.7115506079267331
0.30952380952380953 0.0 0.0 0.5290299018074947 0.30563938694597315 0.0 0.6866019264171801
0.2837301587301587 0.0 0.0 0.5288829394206456 0.2826794484880762 0.0 0.7120243170693195
0.2996031746031746 0.0 0.0 0.5208512007250196 0.28602284158825964 0.0 0.7058266224538134
0.26785714285714285 0.0 0.0 0.526628301024084 0.2632404284277176 0.0 0.7304594978683089
0.29365079365079366 0.0 0.0 0.5309754624284437 0.2935972542754009 0.0 0.7006158218853626
0.30952380952380953 0.0 0.0 0.5233184890461441 0.3017338304041659 0.0 0.6915758724143377
0.2718253968253968 0.0 0.0 0.5237428168274979 0.26439434286052427 0.0 0.7293541765356072
0.2976190476190476 0.0 0.0 0.5239853641832058 0.28433635126338835 0.0 0.7056292436444025
0.2857142857142857 0.0 0.0 0.5263530308425631 0.2811113083614415 0.0 0.7125375019737883
0.2916666666666667 0.0 0.0 0.5270511092436623 0.2859340789395822 0.0 0.7066161376914575
0.2976190476190476 0.0 0.0 0.5231647073602985 0.2877980945618084 0.0 0.7050371072161694
0.30357142857142855 0.0 0.0 0.5239311968807956 0.29013551097698087 0.0 0.6998657824096006
0.28174603174603174 0.0 0.0 0.5218808339742901 0.267589798212912 0.0 0.7231959576819833
0.2896825396825397 0.0 0.0 0.5261365998856369 0.2811113083614415 0.0 0.7106031896415602
0.28174603174603174 0.0 0.0 0.5291061425782447 0.2797502810817208 0.0 0.7141165324490764
0.27976190476190477 0.0 0.0 0.5244716095477567 0.2722054559441387 0.0 0.7205510816358757
0.31547619047619047 0.0 0.0 0.5243051803215691 0.3080359784602639 0.0 0.6852597505131852
0.2976190476190476 0.0 0.0 0.5222624402426378 0.2838925380200012 0.0 0.7072082741196908
0.30158730158730157 0.0 0.0 0.5225121796127509 0.29407065506834723 0.0 0.7004973945997159
0.29563492063492064 0.0 0.0 0.5259756528380495 0.29090478726551866 0.0 0.7033396494552346
0.2757936507936508 0.0 0.0 0.5294298423365489 0.2751937984496124 0.0 0.7192878572556451
0.30357142857142855 0.0 0.0 0.5269160791175472 0.2989230131960471 0.0 0.6946549818411498
0.2777777777777778 0.0 0.0 0.5225315554977286 0.26874371264571867 0.0 0.7249723669666825
0.29365079365079366 0.0 0.0 0.5203006352173989 0.2832416119297 0.0 0.7106821411653247
0.28174603174603174 0.0 0.0 0.5300929758718235 0.2777975028108172 0.0 0.714590241591663
0.2916666666666667 0.0 0.0 0.5222104973390683 0.2796615184330434 0.0 0.7115111321648508
0.2777777777777778 0.0 0.0 0.5261838359341885 0.2716728800520741 0.0 0.7220906363492817
0.32936507936507936 0.0 0.0 0.5261988609106703 0.3252855198532458 0.0 0.669429969998421
0.2916666666666667 0.0 0.0 0.5265427268175096 0.28560861589443165 0.0 0.7072477498815728
0.2857142857142857 0.0 0.0 0.5235060258255314 0.2744836972601929 0.0 0.7169587873045951
0.26785714285714285 0.0 0.0 0.5271892283963356 0.26513403159950294 0.0 0.7293936522974893
0.2976190476190476 0.0 0.0 0.5286355759035374 0.29803538670927276 0.0 0.6977340912679615
0.2837301587301587 0.0 0.0 0.5307495131221568 0.2846914018580981 0.0 0.7098531501657983
0.27976190476190477 0.0 0.0 0.5273582183804358 0.2758743120894728 0.0 0.7184588662561189
0.2857142857142857 0.0 0.0 0.5265996257062094 0.2781821409550861 0.0 0.7129717353544924
0.30158730158730157 0.0 0.0 0.5229722728528476 0.293419728978046 0.0 0.7001815885046583
0.2896825396825397 0.0 0.0 0.5264453022476508 0.28602284158825964 0.0 0.7080372651192168
0.2896825396825397 0.0 0.0 0.522391656265954 0.2736256583229777 0.0 0.7159324174956576
0.2837301587301587 0.0 0.0 0.5284933214882095 0.2792768802887745 0.0 0.713484920258961
0.2698412698412698 0.0 0.0 0.5259352431581981 0.262707852535653 0.0 0.7302621190588979
0.2996031746031746 0.0 0.0 0.5322010746581312 0.3008462039173916 0.0 0.6934707089846837
0.2916666666666667 0.0 0.0 0.5236647335529497 0.2817326469021836 0.0 0.7103663350702669
0.2837301587301587 0.0 0.0 0.5256501909480594 0.2736256583229777 0.0 0.718103584399179
0.2876984126984127 0.0 0.0 0.5301846854498289 0.28874489614770105 0.0 0.7064582346439288
0.30753968253968256 0.0 0.0 0.5233970929435431 0.29661518433043377 0.0 0.695681351650087
0.2876984126984127 0.0 0.0 0.522522944430947 0.27294514468311737 0.0 0.7175114479709459
0.2718253968253968 0.0 0.0 0.5267494476081669 0.26747144801467543 0.0 0.7257618822043265
0.2896825396825397 0.0 0.0 0.527813869016065 0.2854015030475176 0.0 0.7074846044528661
0.28174603174603174 0.0 0.0 0.529250900281973 0.2780046156577312 0.0 0.7143139112584873
0.30952380952380953 0.0 0.0 0.5250961581411288 0.30134919225989704 0.0 0.6915363966524557
0.30357142857142855 0.0 0.0 0.5282857381655148 0.29699982247470263 0.0 0.6949707879362074
0.29365079365079366 0.0 0.0 0.5274811789450644 0.28954375998579795 0.0 0.7037344070740568
0.2976190476190476 0.0 0.0 0.5213609633037467 0.2839221255695603 0.0 0.7070503710721617
0.2777777777777778 0.0 0.0 0.5233893295342995 0.26761938576247113 0.0 0.7253276488236224
0.30357142857142855 0.0 0.0 0.5296614010265567 0.2999585774306172 0.0 0.6927996210326861
0.2896825396825397 0.0 0.0 0.5258380834230618 0.2831528492810225 0.0 0.7097347228801516
0.26785714285714285 0.0 0.0 0.5275233448165733 0.2638025918693414 0.0 0.729709458392547
0.32341269841269843 0.0 0.0 0.5237956959081325 0.31386472572341556 0.0 0.6776409284699196
0.2896825396825397 0.0 0.0 0.5240385372948508 0.27330019527782706 0.0 0.7151823780198958
0.2896825396825397 0.0 0.0 0.5291471527335728 0.28776850701224926 0.0 0.7063003315964
0.2837301587301587 0.0 0.0 0.5273919890511339 0.2746020474584295 0.0 0.7167219327333019
0.2857142857142857 0.0 0.0 0.5267780891774523 0.2822060476951299 0.0 0.7121822201168484
0.2916666666666667 0.0 0.0 0.5198773807578645 0.2809929581632049 0.0 0.7129717353544924
0.32142857142857145 0.0 0.0 0.5281758896304299 0.31655719273329785 0.0 0.6749171009000474
0.27976190476190477 0.0 0.0 0.5262750520650129 0.27546008639564473 0.0 0.7190115269224697
0.2896825396825397 0.0 0.0 0.5250469430363657 0.2824723356411622 0.0 0.7104847623559136
0.2976190476190476 0.0 0.0 0.523997314420204 0.2910527250133144 0.0 0.7029054160745305
0.2916666666666667 0.0 0.0 0.5268139018785574 0.28584531629090476 0.0 0.7069319437865151
0.30158730158730157 0.0 0.0 0.5226508631761078 0.2936564293745192 0.0 0.7002605400284228
0.2996031746031746 0.0 0.0 0.5237403126659598 0.28587490384046393 0.0 0.7040502131691143
0.28174603174603174 0.0 0.0 0.5218611142721631 0.27190958044854724 0.0 0.721577451444813
0.30158730158730157 0.0 0.0 0.5273697386405392 0.2957571453932185 0.0 0.6963129638402024
0.30753968253968256 0.0 0.0 0.5283245595874964 0.3016450677554885 0.0 0.6899968419390496
0.29365079365079366 0.0 0.0 0.5269793471110941 0.2889224214450559 0.0 0.7040896889309964
0.2896825396825397 0.0 0.0 0.5207042436611576 0.27847801645067755 0.0 0.7145902415916628
0.2638888888888889 0.0 0.0 0.524422614185856 0.25747085626368427 0.0 0.736657192483815
0.2976190476190476 0.0 0.0 0.5208385200632162 0.2845434641103024 0.0 0.7078004105479238
0.2996031746031746 0.0 0.0 0.5269107897712642 0.29401147996922894 0.0 0.6990367914100745
0.28174603174603174 0.0 0.0 0.5239554633421304 0.26806319900585834 0.0 0.7221695878730459
0.2876984126984127 0.0 0.0 0.524053849698786 0.27152494230427837 0.0 0.7170377388283594
0.2638888888888889 0.0 0.0 0.5270891374225201 0.26131723770637316 0.0 0.7331438496762988
0.2857142857142857 0.0 0.0 0.5222731234897912 0.2708148411148589 0.0 0.7196431391125849
0.2876984126984127 0.0 0.0 0.5254379739083543 0.27901059234274217 0.0 0.7128533080688458
0.26587301587301587 0.0 0.0 0.5286512880367481 0.2624415645896207 0.0 0.7309332070108954