0.24206349206349206 0.0 0.0 0.5357890154627991 0.250103556423457 0.0 0.748460445286594
0.23015873015873015 0.0 0.0 0.5296551644761319 0.22806083200189362 0.0 0.7660271593241749
0.26587301587301587 0.0 0.0 0.5356856133935254 0.2706077282679448 0.0 0.7246565608716249
0.25 0.0 0.0 0.5274141081261012 0.24170069234865968 0.0 0.7498815727143534
0.22817460317460317 0.0 0.0 0.5308046575713368 0.22965855967808746 0.0 0.7667771987999368
0.2698412698412698 0.0 0.0 0.5272866226339481 0.26936505118646076 0.0 0.7270645823464393
0.24801587301587302 0.0 0.0 0.5339836971399826 0.25318066157760816 0.0 0.7440391599557872
0.251984126984127 0.0 0.0 0.5261791235246117 0.24865376649505888 0.0 0.7462498026211906
0.2361111111111111 0.0 0.0 0.5267488560953433 0.23220308894017397 0.0 0.7617637770408969
0.25396825396825395 0.0 0.0 0.5295971516588432 0.24835789099946742 0.0 0.7436049265750829
0.2718253968253968 0.0 0.0 0.5361395937336514 0.2768802887744837 0.0 0.718103584399179
0.24404761904761904 0.0 0.0 0.5341023592606426 0.2506953074146399 0.0 0.7476709300489499
0.24206349206349206 0.0 0.0 0.5279916227102731 0.23752884786082018 0.0 0.7555266066635086
0.251984126984127 0.0 0.0 0.5287989005883555 0.25102077045979054 0.0 0.7443154902889626
0.24206349206349206 0.0 0.0 0.5353748907362038 0.24897922954020948 0.0 0.7491315332385915
0.2222222222222222 0.0 0.0 0.5296393419416863 0.2241552754600864 0.0 0.7732906995105004
0.2698412698412698 0.0 0.0 0.5299390473757947 0.26942422628557905 0.0 0.7249723669666825
0.24801587301587302 0.0 0.0 0.5274875501009436 0.23971832652819694 0.0 0.7518948365703457
0.25992063492063494 0.0 0.0 0.5234255129510323 0.2571749807680928 0.0 0.7395389231012159
0.24206349206349206 0.0 0.0 0.5310251240702407 0.2456062488904669 0.0 0.7521316911416389
0.23809523809523808 0.0 0.0 0.5323795308276458 0.24318006982661697 0.0 0.7551318490446866
0.25 0.0 0.0 0.5260520764234671 0.2444523344576602 0.0 0.7491710090004737
0.251984126984127 0.0 0.0 0.5297707564491013 0.2482099532516717 0.0 0.7452629085741356
0.2638888888888889 0.0 0.0 0.5324896016802743 0.2689508254926327 0.0 0.7283278067266699
0.251984126984127 0.0 0.0 0.5320796867797116 0.2580626072548671 0.0 0.7406837201957996
0.22023809523809523 0.0 0.0 0.5266928735300426 0.22030889401739748 0.0 0.7769224696036634
0.2777777777777778 0.0 0.0 0.5228649640310707 0.2709627788626546 0.0 0.7230380546344545
0.24801587301587302 0.0 0.0 0.5273463051490632 0.24134564175394993 0.0 0.7506316121901152
0.24206349206349206 0.0 0.0 0.5300800561698306 0.24099059115924018 0.0 0.7539081004263383
0.24801587301587302 0.0 0.0 0.5312135755895965 0.2485945913959406 0.0 0.746131375335544
0.24801587301587302 0.0 0.0 0.5289743467048081 0.24403810876383217 0.0 0.7489341544291805
0.25595238095238093 0.0 0.0 0.5249508597176503 0.2542754009112965 0.0 0.7424996052423812
0.24603174603174602 0.0 0.0 0.5320009395519334 0.2485945913959406 0.0 0.747513027001421
0.23412698412698413 0.0 0.0 0.5294820401042283 0.23199597609325995 0.0 0.7623953892310121
0.26587301587301587 0.0 0.0 0.5307833599169868 0.2670868098704065 0.0 0.7276567187746724
0.25595238095238093 0.0 0.0 0.5281054296208453 0.253565299721877 0.0 0.7407626717195643
0.24206349206349206 0.0 0.0 0.5293949515532822 0.24566542398958519 0.0 0.7529606821411653
0.24404761904761904 0.0 0.0 0.5289208300458804 0.24584294928694006 0.0 0.7516185062371703
0.2619047619047619 0.0 0.0 0.5296698660539678 0.2590094088407598 0.0 0.7342886467708828
0.25595238095238093 0.0 0.0 0.5285119453773169 0.24945263033315582 0.0 0.7422627506710879
0.22817460317460317 0.0 0.0 0.5266066896259457 0.22770578140718387 0.0 0.7691457445128691
0.22420634920634921 0.0 0.0 0.5308015858155525 0.2231197112255163 0.0 0.7716327175114479
0.24206349206349206 0.0 0.0 0.5330123864382994 0.24933428013491923 0.0 0.7506710879519974
0.24603174603174602 0.0 0.0 0.5264908647729781 0.2412568791052725 0.0 0.7527633033317542
0.25396825396825395 0.0 0.0 0.5250656585564804 0.25208592224391974 0.0 0.7442365387651981
0.2400793650793651 0.0 0.0 0.532629032619186 0.24519202319663885 0.0 0.7530001579030474
0.2400793650793651 0.0 0.0 0.5321188254801215 0.24063554056453046 0.0 0.7539870519501026
0.26587301587301587 0.0 0.0 0.5344756065967234 0.26954257648381563 0.0 0.725840833728091
0.22023809523809523 0.0 0.0 0.5282109890757412 0.22072311971122552 0.0 0.7767645665561345
0.23809523809523808 0.0 0.0 0.5284710955443948 0.2382685365997988 0.0 0.7576188220432654
0.251984126984127 0.0 0.0 0.5346763132965013 0.25998579797621163 0.0 0.7392625927680404
0.251984126984127 0.0 0.0 0.5278557217379583 0.24758861471092963 0.0 0.7464866571924837
0.25396825396825395 0.0 0.0 0.5314728639756233 0.2589502337416415 0.0 0.739381020053687
0.23214285714285715 0.0 0.0 0.5263466723931333 0.23208473874193739 0.0 0.7658297805147639
0.25 0.0 0.0 0.5301650683577911 0.24637552517900468 0.0 0.7461708510974261
0.28174603174603174 0.0 0.0 0.5350434048402852 0.2867921178767974 0.0 0.7085109742618032
0.24404761904761904 0.0 0.0 0.5314345336983053 0.2488017042428546 0.0 0.7496052423811779
0.2400793650793651 0.0 0.0 0.529948463014186 0.23850523699627196 0.0 0.7558029369966841
0.25992063492063494 0.0 0.0 0.5273056375760165 0.24927510503580094 0.0 0.7406047686720354
0.25 0.0 0.0 0.5272058377483319 0.246641813125037 0.0 0.7477104058108321
0.23015873015873015 0.0 0.0 0.5297471711015629 0.22856382034439907 0.0 0.7659482078004105
0.2698412698412698 0.0 0.0 0.5282534541282606 0.26750103556423455 0.0 0.7264329701563241
0.24603174603174602 0.0 0.0 0.5334042241861027 0.24883129179241376 0.0 0.7474340754776567
0.2718253968253968 0.0 0.0 0.5334075371322723 0.27528256109828986 0.0 0.719840517921996
0.251984126984127 0.0 0.0 0.5339128027458305 0.25773714420971655 0.0 0.7396573503868624
0.2222222222222222 0.0 0.0 0.5287314446038356 0.22288301082904313 0.0 0.7743960208432021
0.24404761904761904 0.0 0.0 0.5254383626637575 0.24084265341144445 0.0 0.7544607610926891
0.24603174603174602 0.0 0.0 0.5339749869493549 0.24794366530563938 0.0 0.7464866571924837
0.23809523809523808 0.0 0.0 0.5256176135456067 0.2356056571394757 0.0 0.7602636980893731
0.25793650793650796 0.0 0.0 0.5256665932163956 0.24673057577371443 0.0 0.7440786357176693
0.24206349206349206 0.0 0.0 0.5349366759531655 0.2480916030534351 0.0 0.7494078635717669
0.2619047619047619 0.0 0.0 0.5259392756398854 0.25560684064145806 0.0 0.7369335228169904
0.25 0.0 0.0 0.5287612601943043 0.24767737735960707 0.0 0.7475525027633033
0.2400793650793651 0.0 0.0 0.5279020805537342 0.23797266110420734 0.0 0.7572240644244435
0.2400793650793651 0.0 0.0 0.5338316348480333 0.24610923723297237 0.0 0.7521316911416389