0.2400793650793651 0.0 0.0 0.5298871665378942 0.23125628735428133 0.0 0.7579346281383231
0.23015873015873015 0.0 0.0 0.5378733969804627 0.23744008521214274 0.0 0.7591583767566714
0.2123015873015873 0.0 0.0 0.5318440954110495 0.20974613882478252 0.0 0.7830017369335228
0.25992063492063494 0.0 0.0 0.5348623994531451 0.26300372803124444 0.0 0.7311305858203063
0.23015873015873015 0.0 0.0 0.5284989260347215 0.2283271199479259 0.0 0.7664613927048792
0.25992063492063494 0.0 0.0 0.5319146409542931 0.25747085626368427 0.0 0.7352755408179379
0.22817460317460317 0.0 0.0 0.5308958606539653 0.22729155571335583 0.0 0.7665798199905258
0.24206349206349206 0.0 0.0 0.531469124536941 0.24244038108763832 0.0 0.7516579819990525
0.25396825396825395 0.0 0.0 0.528870547670892 0.2512870584058228 0.0 0.7420258960997947
0.22023809523809523 0.0 0.0 0.5259170323538377 0.21521983549322446 0.0 0.7789357334596558
0.23809523809523808 0.0 0.0 0.5273038902108294 0.232617314634002 0.0 0.7599478919943156
0.2361111111111111 0.0 0.0 0.5373345165477723 0.2429433694301438 0.0 0.7531975367124586
0.24404761904761904 0.0 0.0 0.5319003328168008 0.24016213977158413 0.0 0.7514211274277593
0.2837301587301587 0.0 0.0 0.528986363428298 0.2831232617314634 0.0 0.7113137533554399
0.24404761904761904 0.0 0.0 0.5297107783499206 0.24303213207882124 0.0 0.7508289909995264
0.21428571428571427 0.0 0.0 0.5336107868833334 0.2146576720516007 0.0 0.7788173061740092
0.2361111111111111 0.0 0.0 0.529973129871915 0.23193680099414166 0.0 0.7599084162324333
0.2361111111111111 0.0 0.0 0.5303598135615811 0.23516184389608852 0.0 0.7587636191378493
0.2400793650793651 0.0 0.0 0.5292304581337279 0.2357240073377123 0.0 0.7566319279962104
0.25 0.0 0.0 0.5341866944141217 0.2536540623705545 0.0 0.7409995262908573
0.21428571428571427 0.0 0.0 0.5263859775866858 0.20800047340079295 0.0 0.7854492341702195
0.23015873015873015 0.0 0.0 0.5339940287355432 0.23270607728267945 0.0 0.7620795831359545
0.22023809523809523 0.0 0.0 0.5364554244929908 0.22412568791052725 0.0 0.7709616295594506
0.23809523809523808 0.0 0.0 0.534224490354707 0.23640452097757264 0.0 0.755605558187273
0.24801587301587302 0.0 0.0 0.5276345019473307 0.23874193739274513 0.0 0.7512237486183484
0.25595238095238093 0.0 0.0 0.5321249753844725 0.25643529202911414 0.0 0.7375651350071056
0.22023809523809523 0.0 0.0 0.5349731389774927 0.21811941535002072 0.0 0.773369651034265
0.22817460317460317 0.0 0.0 0.5309245793346398 0.22835670749748505 0.0 0.7661850623717038
0.24206349206349206 0.0 0.0 0.5240437793974104 0.23661163382448666 0.0 0.7581320069477342
0.24801587301587302 0.0 0.0 0.5304629799891407 0.24439315935854192 0.0 0.7475919785251857
0.2400793650793651 0.0 0.0 0.5282046028955752 0.23087164921001244 0.0 0.7588425706616139
0.251984126984127 0.0 0.0 0.5285649663724997 0.24844665364814486 0.0 0.744591820622138
0.23412698412698413 0.0 0.0 0.5343892757191891 0.23613823303154033 0.0 0.7580925311858518
0.23015873015873015 0.0 0.0 0.5295646823079653 0.2209006450085804 0.0 0.7693825990841625
0.24206349206349206 0.0 0.0 0.5279665411874905 0.2322918515888514 0.0 0.7572635401863257
0.25992063492063494 0.0 0.0 0.5298875431614892 0.25468962660512456 0.0 0.7363413863887573
0.2400793650793651 0.0 0.0 0.5348420923685633 0.24362388307000415 0.0 0.7510658455708196
0.24603174603174602 0.0 0.0 0.5322150709988784 0.24735191431445647 0.0 0.7475525027633034
0.2261904761904762 0.0 0.0 0.5293720807108271 0.2201313687200426 0.0 0.7716721932733303
0.23809523809523808 0.0 0.0 0.5273935940159309 0.2326764897331203 0.0 0.7597899889467867
0.2361111111111111 0.0 0.0 0.5342105530632246 0.23323865317474407 0.0 0.7579346281383231
0.24404761904761904 0.0 0.0 0.5294328302773155 0.24276584413278893 0.0 0.7512237486183484
0.24206349206349206 0.0 0.0 0.5281729145019932 0.23285401503047518 0.0 0.7567898310437393
0.21031746031746032 0.0 0.0 0.526613717857005 0.20554470678738387 0.0 0.7886862466445603
0.24801587301587302 0.0 0.0 0.5361520057680046 0.2527664358837801 0.0 0.7418679930522659
0.24801587301587302 0.0 0.0 0.5286185321153667 0.24442274690810106 0.0 0.748065687667772
0.23015873015873015 0.0 0.0 0.5354739509566776 0.23388957926504528 0.0 0.7608558345176062
0.2777777777777778 0.0 0.0 0.5290080713200117 0.26948340138469734 0.0 0.7207089846834045
0.2400793650793651 0.0 0.0 0.5302007416686338 0.23519143144564766 0.0 0.7568293068056214
0.23809523809523808 0.0 0.0 0.5377771717543993 0.24533996094443458 0.0 0.7509079425232907
0.2777777777777778 0.0 0.0 0.5314611694302073 0.27548967394520385 0.0 0.7160508447813043
0.22420634920634921 0.0 0.0 0.5276550743794693 0.21779395230487011 0.0 0.774514448128849
0.23015873015873015 0.0 0.0 0.5310998590442355 0.2257825906858394 0.0 0.7663429654192326
0.251984126984127 0.0 0.0 0.5351594350465331 0.2566719924255873 0.0 0.7383151744828675
0.22420634920634921 0.0 0.0 0.5291388644656608 0.22270548553168826 0.0 0.7712774356545081
0.24206349206349206 0.0 0.0 0.5267653204411031 0.23536895674300254 0.0 0.7566714037580926
0.26587301587301587 0.0 0.0 0.5327467482710277 0.26649505887922365 0.0 0.7264724459182061
0.23412698412698413 0.0 0.0 0.5366895558370282 0.2403988401680573 0.0 0.7557239854729196
0.2400793650793651 0.0 0.0 0.5343033917035287 0.2448961477010474 0.0 0.7509474182851729
0.24801587301587302 0.0 0.0 0.5349280267814015 0.25255932303686607 0.0 0.7425390810042634
0.24404761904761904 0.0 0.0 0.5358483402901738 0.24933428013491923 0.0 0.7461313753355439
0.2361111111111111 0.0 0.0 0.5261135515267722 0.22776495650630216 0.0 0.7636191378493606
0.251984126984127 0.0 0.0 0.532930661818035 0.25605065388484527 0.0 0.7397757776725091
0.24206349206349206 0.0 0.0 0.5332575891816366 0.2408722409610036 0.0 0.7515395547134059
0.2123015873015873 0.0 0.0 0.5333533749317457 0.21300076927628853 0.0 0.7809884730775304
0.24603174603174602 0.0 0.0 0.5371040699906654 0.2534765370731996 0.0 0.7433680720037897
0.21626984126984128 0.0 0.0 0.5285980121021929 0.21202438014083674 0.0 0.7804358124111795
0.23214285714285715 0.0 0.0 0.5380429069344191 0.2393041008343689 0.0 0.7568687825675036
0.2777777777777778 0.0 0.0 0.5294994285811588 0.2775903899639032 0.0 0.7167614084951841
0.23214285714285715 0.0 0.0 0.5328128290911316 0.229362684182496 0.0 0.7624348649928945
0.23412698412698413 0.0 0.0 0.5386601689354091 0.24167110479910053 0.0 0.7544607610926891
0.24603174603174602 0.0 0.0 0.5281491543478165 0.24309130717793953 0.0 0.7506710879519976
0.23412698412698413 0.0 0.0 0.5307111901955305 0.2337120539676904 0.0 0.7605400284225485
0.25 0.0 0.0 0.5333269604312443 0.250103556423457 0.0 0.7431312174324964
0.2222222222222222 0.0 0.0 0.5270980312734442 0.21510148529498788 0.0 0.7769619453655456
0.24603174603174602 0.0 0.0 0.5275704864962825 0.24193739274513285 0.0 0.7512632243802305
0.2400793650793651 0.0 0.0 0.5346508799028643 0.24545831114267117 0.0 0.7507500394757618
0.2400793650793651 0.0 0.0 0.5345329815382387 0.2386531747440677 0.0 0.7532370124743407
0.24603174603174602 0.0 0.0 0.5289729760000336 0.24377182081779988 0.0 0.7498420969524713
0.28174603174603174 0.0 0.0 0.5298522837464884 0.28054914491981775 0.0 0.7126164534975525
0.24801587301587302 0.0 0.0 0.5278143449130465 0.2367003964731641 0.0 0.7521316911416391
0.22817460317460317 0.0 0.0 0.5284126583079737 0.22664062962305462 0.0 0.7678430443707565