0.2757936507936508 0.0 0.0 0.5249332132820401 0.26637670868098706 0.0 0.7244986578240962
0.2638888888888889 0.0 0.0 0.5345340384583885 0.27031185277235337 0.0 0.7272224853939682
0.251984126984127 0.0 0.0 0.5282389844023104 0.24747026451269305 0.0 0.7460524238117796
0.2976190476190476 0.0 0.0 0.5290766143291648 0.29679270962778864 0.0 0.696470866887731
0.27380952380952384 0.0 0.0 0.532467305480481 0.27782709036037634 0.0 0.7179851571135323
0.25793650793650796 0.0 0.0 0.5297278131014362 0.2574412687141251 0.0 0.7372888046739303
0.27380952380952384 0.0 0.0 0.5227220554027945 0.265962482987159 0.0 0.7274593399652614
0.28174603174603174 0.0 0.0 0.5292193149092491 0.28288656133499024 0.0 0.7126559292594348
0.3055555555555556 0.0 0.0 0.5284579657679299 0.30572814959465056 0.0 0.6888520448444655
0.2619047619047619 0.0 0.0 0.5234856643511099 0.2552517900467483 0.0 0.7381572714353387
0.28174603174603174 0.0 0.0 0.5259744488213967 0.27534173619740815 0.0 0.7168008842570663
0.26785714285714285 0.0 0.0 0.5218570817067464 0.26143558790460975 0.0 0.7331043739144165
0.29365079365079366 0.0 0.0 0.5257415193821373 0.28862654594946446 0.0 0.7041291646928786
0.2698412698412698 0.0 0.0 0.5256228344816627 0.2653707319959761 0.0 0.7280514763934944
0.26587301587301587 0.0 0.0 0.5279880332105958 0.26581454523936326 0.0 0.7294331280593715
0.2698412698412698 0.0 0.0 0.5262700427320821 0.2654594946446535 0.0 0.7275382914890258
0.2638888888888889 0.0 0.0 0.5251064944430976 0.25676075507426477 0.0 0.735709774198642
0.2718253968253968 0.0 0.0 0.5286741473943954 0.26871412509615955 0.0 0.725248697299858
0.2857142857142857 0.0 0.0 0.5275690306466834 0.2861411917864962 0.0 0.7098926259276805
0.26587301587301587 0.0 0.0 0.5208464832548949 0.25915734658855555 0.0 0.7359071530080531
0.2718253968253968 0.0 0.0 0.524266570134858 0.26936505118646076 0.0 0.7261961155850307
0.2698412698412698 0.0 0.0 0.526103918160615 0.26584413278892244 0.0 0.727577767250908
0.30952380952380953 0.0 0.0 0.5260476513831901 0.3059648499911237 0.0 0.6872730143691773
0.28174603174603174 0.0 0.0 0.522731058193822 0.2721758683945796 0.0 0.7200773724932892
0.2718253968253968 0.0 0.0 0.5267135667007702 0.2698384519794071 0.0 0.7254066003473869
0.25992063492063494 0.0 0.0 0.5275673448394023 0.25838807030001776 0.0 0.7370914258645191
0.2698412698412698 0.0 0.0 0.5268281350683728 0.26898041304219183 0.0 0.726235591346913
0.2718253968253968 0.0 0.0 0.5248034563168635 0.2638025918693414 0.0 0.7282488552029055
0.29563492063492064 0.0 0.0 0.5264803100493085 0.29226581454523937 0.0 0.7012079583135955
0.2619047619047619 0.0 0.0 0.5238401362568766 0.25468962660512456 0.0 0.7389862624348651
0.27976190476190477 0.0 0.0 0.523241795618011 0.2683590745014498 0.0 0.7224459182062215
0.2896825396825397 0.0 0.0 0.528037654513206 0.29081602461684125 0.0 0.7053923890731093
0.2876984126984127 0.0 0.0 0.5243630654393983 0.27972069353216167 0.0 0.7125769777356703
0.2757936507936508 0.0 0.0 0.5215448633180733 0.265548257293331 0.0 0.7276172430127903
0.2638888888888889 0.0 0.0 0.5272170799728353 0.2600449730753299 0.0 0.7344465498184116
0.2777777777777778 0.0 0.0 0.5238882256710082 0.27560802414344043 0.0 0.7204721301121111
0.26785714285714285 0.0 0.0 0.5230850436004326 0.2608142493638677 0.0 0.7331438496762988
0.27380952380952384 0.0 0.0 0.5222551185393407 0.27048937806970824 0.0 0.7268277277751461
0.2876984126984127 0.0 0.0 0.527567380574192 0.28803479495828155 0.0 0.7079977893573347
0.2757936507936508 0.0 0.0 0.5234875777759812 0.2697201017811705 0.0 0.7240249486815096
0.2777777777777778 0.0 0.0 0.5277958215596352 0.2779158530090538 0.0 0.7176693510184746
0.2896825396825397 0.0 0.0 0.5282402573225154 0.2893070595893248 0.0 0.7054713405968736
0.2698412698412698 0.0 0.0 0.524438132293924 0.26605124563583643 0.0 0.7291962734880784
0.25595238095238093 0.0 0.0 0.5281739868078749 0.25495591455115685 0.0 0.7408021474814463
0.27976190476190477 0.0 0.0 0.5234306810706378 0.27395112136812827 0.0 0.7199984209695247
0.2638888888888889 0.0 0.0 0.5243148169793013 0.2560210663352861 0.0 0.736657192483815
0.2777777777777778 0.0 0.0 0.5206853625108225 0.270844428664418 0.0 0.7243802305384495
0.25793650793650796 0.0 0.0 0.5209962306899503 0.25273684833422094 0.0 0.7437233538607295
0.2718253968253968 0.0 0.0 0.5239772398415097 0.26306290313036274 0.0 0.7287620401073742
0.2698412698412698 0.0 0.0 0.5301154687471535 0.2690395881413101 0.0 0.7253671245855047
0.26587301587301587 0.0 0.0 0.527355845880804 0.2649860938517072 0.0 0.7304989736301911
0.2757936507936508 0.0 0.0 0.5254451404631177 0.2735960707734185 0.0 0.7213800726354018
0.2698412698412698 0.0 0.0 0.5230207666570947 0.2618794011479969 0.0 0.7316042949628929
0.25992063492063494 0.0 0.0 0.5260633895850964 0.2567903426238239 0.0 0.7386704563398074
0.2876984126984127 0.0 0.0 0.5303421988958411 0.2893070595893248 0.0 0.7061819043107533
0.2777777777777778 0.0 0.0 0.5228194057605907 0.272264631043257 0.0 0.7224853939681037
0.2757936507936508 0.0 0.0 0.5273874581186486 0.2729747322326765 0.0 0.720235275540818
0.2619047619047619 0.0 0.0 0.5264467390141812 0.25788508195751225 0.0 0.7364992894362861
0.27976190476190477 0.0 0.0 0.5232658988034705 0.27528256109828986 0.0 0.7202352755408181
0.2976190476190476 0.0 0.0 0.5242917055428719 0.2889224214450559 0.0 0.7025501342175906
0.27380952380952384 0.0 0.0 0.5231935909006482 0.26424640511272857 0.0 0.7280514763934945
0.25595238095238093 0.0 0.0 0.5199257938924271 0.24773655245872536 0.0 0.7469603663350703
0.2619047619047619 0.0 0.0 0.5355006920607001 0.2685365997988047 0.0 0.7284462340123165
0.25992063492063494 0.0 0.0 0.5259570065570012 0.25267767323510265 0.0 0.7396968261487447
0.2777777777777778 0.0 0.0 0.5271244625160231 0.27699863897272026 0.0 0.7182220116848255
0.2718253968253968 0.0 0.0 0.5215344301487848 0.26584413278892244 0.0 0.7293936522974893
0.25595238095238093 0.0 0.0 0.5286852584320941 0.25332859932540386 0.0 0.7406047686720354
0.2896825396825397 0.0 0.0 0.527884932821847 0.2891295342919699 0.0 0.7055108163587558
0.2619047619047619 0.0 0.0 0.5325515818653496 0.26664299662701935 0.0 0.7305384493920732
0.2757936507936508 0.0 0.0 0.5328635834147752 0.27986863127995737 0.0 0.7156166114006
0.2896825396825397 0.0 0.0 0.5280902532943452 0.28809397005739984 0.0 0.7055502921206379
0.25793650793650796 0.0 0.0 0.5252968370376802 0.2521746848925972 0.0 0.741315332385915
0.2996031746031746 0.0 0.0 0.5276771063401801 0.3007870288182733 0.0 0.6959182062213802
0.27380952380952384 0.0 0.0 0.5215058579400017 0.2675306231137937 0.0 0.7274593399652614
0.26785714285714285 0.0 0.0 0.5237919649031992 0.25918693413811467 0.0 0.7328675193431233
0.2638888888888889 0.0 0.0 0.5300437418592866 0.2629741404816853 0.0 0.7319201010579506
0.2777777777777778 0.0 0.0 0.5268796133704811 0.2794839931356885 0.0 0.7180641086372969
0.26587301587301587 0.0 0.0 0.5208321783047664 0.25924610923723296 0.0 0.735907153008053