0.2757936507936508 0.0028011204481792618 0.00512820512820511 0.5324074935958164 0.272264631043257 0.0 0.719643139112585
0.251984126984127 0.0 0.0 0.5334918870070793 0.25560684064145806 0.0 0.740920574767093
0.24206349206349206 0.0028011204481792618 0.00512820512820511 0.5283319841413298 0.23510266879697023 0.0 0.7563950734249172
0.2619047619047619 0.0028011204481792618 0.00512820512820511 0.5310219599483271 0.2525001479377478 0.0 0.7371703773882836
0.2718253968253968 0.0 0.0 0.5317679059917501 0.26886206284395525 0.0 0.7230775303963368
0.251984126984127 0.0 0.0 0.5366319029217106 0.2554293153441032 0.0 0.7398942049581557
0.26587301587301587 0.0 0.0 0.5265310976151076 0.2560802414344044 0.0 0.735867677246171
0.251984126984127 0.0028011204481792618 0.00512820512820511 0.530701954305077 0.24471862240369252 0.0 0.7453418600978999
0.2777777777777778 0.0 0.0 0.5270732563464027 0.2713178294573643 0.0 0.7211432180641089
0.2400793650793651 0.0 0.0 0.532475828804322 0.23720338481566958 0.0 0.7557634612348019
0.24603174603174602 0.0028011204481792618 0.00512820512820511 0.5296170735176637 0.24211491804248772 0.0 0.7516974577609348
0.26587301587301587 0.0 0.0 0.5335072203133152 0.2648085685543523 0.0 0.7271040581083217
0.25595238095238093 0.0028011204481792618 0.00512820512820511 0.5277655451266158 0.24812119060299426 0.0 0.7447497236696669
0.25793650793650796 0.0 0.0 0.5339205785136997 0.2593348718859104 0.0 0.734722880151587
0.24801587301587302 0.0 0.0 0.52722964428848 0.24454109710633765 0.0 0.7497236696668246
0.25992063492063494 0.0 0.0 0.5257194695758983 0.24977809337830642 0.0 0.7411179535765041
0.25396825396825395 0.0 0.0 0.5306487689394288 0.2532102491271673 0.0 0.7412363808621506
0.26785714285714285 0.0 0.0 0.5282403822496351 0.2623823894905024 0.0 0.7313279646297175
0.24603174603174602 0.0028011204481792618 0.00512820512820511 0.5298510187494836 0.23939286348304634 0.0 0.7515790304752882
0.26785714285714285 0.0028011204481792618 0.00512820512820511 0.530897595898679 0.2589798212912007 0.0 0.7308937312490132
0.2896825396825397 0.0 0.0 0.5220954291974021 0.28146635895615124 0.0 0.7130506868782569
0.2619047619047619 0.0028011204481792618 0.00512820512820511 0.5288947917497907 0.25483756435292026 0.0 0.7366177167219328
0.24404761904761904 0.0 0.0 0.5269208571369217 0.23557606958991656 0.0 0.7556450339491552
0.2718253968253968 0.0 0.0 0.5273901913299519 0.2647789810047932 0.0 0.7271040581083217
0.25992063492063494 0.0 0.0 0.5309681445147841 0.2602520859222439 0.0 0.7345255013421761
0.25992063492063494 0.0 0.0 0.52363058004676 0.2528847860820167 0.0 0.7408810990052109
0.251984126984127 0.0 0.0 0.5320862779373221 0.2551038522989526 0.0 0.7417890415285016
0.24404761904761904 0.0 0.0 0.5309976646280433 0.2428841943310255 0.0 0.751736933522817
0.27976190476190477 0.0 0.0 0.5270710692905619 0.2734481330256228 0.0 0.719051002684352
0.25793650793650796 0.0028011204481792618 0.00512820512820511 0.5306621030327917 0.25406828806438253 0.0 0.7388678351492185
0.2777777777777778 0.0 0.0 0.5298194721811954 0.2726492691875259 0.0 0.7194852360650561
0.2638888888888889 0.0 0.0 0.530926166188158 0.25986744777797505 0.0 0.7317227222485395
0.251984126984127 0.0 0.0 0.5309549310421195 0.2541866382626191 0.0 0.7423417021948524
0.27380952380952384 0.0 0.0 0.52573560061709 0.26510444404994377 0.0 0.726788252013264
0.2619047619047619 0.0 0.0 0.53023221107623 0.25992662287709334 0.0 0.7331438496762989
0.26587301587301587 0.0 0.0 0.5338706956458487 0.27037102787147166 0.0 0.7267882520132639
0.26785714285714285 0.0 0.0 0.527388818141559 0.25986744777797505 0.0 0.7327490920574768
0.24603174603174602 0.0 0.0 0.5293723643430399 0.2425587312858749 0.0 0.7505921364282331
0.25992063492063494 0.0 0.0 0.5310868429672511 0.2590094088407598 0.0 0.7346439286278227
0.2619047619047619 0.0 0.0 0.5296343077677056 0.2583584827504586 0.0 0.7344070740565293
0.25 0.0 0.0 0.5303356194403167 0.25019231907213446 0.0 0.7460918995736618
0.2638888888888889 0.0 0.0 0.5322361391407562 0.25986744777797505 0.0 0.7307753039633664
0.25595238095238093 0.0 0.0 0.5295074184299107 0.250103556423457 0.0 0.7417495657666193
0.2718253968253968 0.0 0.0 0.5281802068640445 0.26886206284395525 0.0 0.7248144639191538
0.23809523809523808 0.0 0.0 0.5281977163370987 0.2331203029765075 0.0 0.7596320858992578
0.25595238095238093 0.0 0.0 0.529401336744952 0.25779631930883484 0.0 0.7391046897205118
0.24801587301587302 0.0 0.0 0.5270826628873352 0.2409314160601219 0.0 0.7507105637138797
0.2638888888888889 0.0028011204481792618 0.00512820512820511 0.5272625464263538 0.25548849044322147 0.0 0.7369729985788727
0.2777777777777778 0.0 0.0 0.5292248498082107 0.27827090360376355 0.0 0.7172351176377706
0.25992063492063494 0.0 0.0 0.5323224751926108 0.2629741404816853 0.0 0.7333412284857099
0.28174603174603174 0.0 0.0 0.5274752957891448 0.2757855494407953 0.0 0.7167219327333019
0.24404761904761904 0.0 0.0 0.5320200166551939 0.2467009882241553 0.0 0.7498420969524712
0.24404761904761904 0.0 0.0 0.5322807897228012 0.24569501153914433 0.0 0.7496447181430601
0.2718253968253968 0.0 0.0 0.529545726509874 0.2712290668086869 0.0 0.7233933364913945
0.25992063492063494 0.0028011204481792618 0.00512820512820511 0.5267278752442454 0.25252973548730695 0.0 0.7398152534343914
0.2619047619047619 0.0 0.0 0.529091279819148 0.2590685839398781 0.0 0.734130743723354
0.23809523809523808 0.0 0.0 0.5288160964889347 0.2363157583288952 0.0 0.7587636191378493
0.25793650793650796 0.0 0.0 0.5306680017565745 0.258033019705308 0.0 0.7366966682456972
0.26587301587301587 0.0 0.0 0.5273525388744248 0.2624711521391798 0.0 0.7318016737723039
0.251984126984127 0.0028011204481792618 0.00512820512820511 0.5325785942018783 0.24927510503580094 0.0 0.7429733143849677
0.25396825396825395 0.0 0.0 0.5281912335948984 0.24883129179241376 0.0 0.7435259750513186
0.25396825396825395 0.0 0.0 0.5293784577211839 0.2527072607846618 0.0 0.741670614242855
0.24404761904761904 0.0028011204481792618 0.00512820512820511 0.5299699243605509 0.23726255991478787 0.0 0.7535922943312806
0.26587301587301587 0.0 0.0 0.534538260388367 0.2642759926622877 0.0 0.7269066792989106
0.2619047619047619 0.0 0.0 0.5299562153255706 0.2589502337416415 0.0 0.7340912679614717
0.23809523809523808 0.0028011204481792618 0.00512820512820511 0.5352331533766649 0.2340966921119593 0.0 0.7568687825675036
0.2757936507936508 0.0 0.0 0.5318931053134248 0.2758151369903545 0.0 0.7179456813516503
0.251984126984127 0.0028011204481792618 0.00512820512820511 0.5338483900272771 0.24699686371974672 0.0 0.7438812569082583
0.27380952380952384 0.0 0.0 0.5263352583600276 0.2683590745014498 0.0 0.7253276488236223
0.25992063492063494 0.0 0.0 0.5286209284588799 0.2588910586425232 0.0 0.7358282014842887
0.26587301587301587 0.0 0.0 0.528398137620839 0.26057754896739455 0.0 0.7332622769619455
0.27380952380952384 0.0028011204481792618 0.00512820512820511 0.5285234766128409 0.2677673235102669 0.0 0.7253276488236224
0.251984126984127 0.0 0.0 0.5359951689110425 0.2551334398485117 0.0 0.7399336807200381
0.26587301587301587 0.0 0.0 0.5250116442841944 0.25921652168767384 0.0 0.7351571135322913
0.24603174603174602 0.0 0.0 0.5350411461039348 0.24871294159417717 0.0 0.7467629875256593
0.2619047619047619 0.0028011204481792618 0.00512820512820511 0.5273605533449546 0.2553701402449849 0.0 0.7370519501026371
0.251984126984127 0.0 0.0 0.5299136512988896 0.24362388307000415 0.0 0.7470787936207168
0.2876984126984127 0.0 0.0 0.5287973243188371 0.2846914018580981 0.0 0.7087873045949789
0.2638888888888889 0.0 0.0 0.5282927834381888 0.25676075507426477 0.0 0.7353544923417024
0.26785714285714285 0.0028011204481792618 0.00512820512820511 0.5312856320171585 0.26566660749156756 0.0 0.7272619611558505
0.251984126984127 0.0028011204481792618 0.00512820512820511 0.5281854377781561 0.24241079353807918 0.0 0.749052581714827