0.3055555555555556 0.0 0.0 0.5345169731549245 0.302355168944908 0.0 0.6866019264171799
0.2837301587301587 0.0 0.0 0.5353796286933399 0.28584531629090476 0.0 0.7064977104058109
0.30158730158730157 0.0 0.0 0.5400810631746232 0.311911947452512 0.0 0.6836412442760147
0.3392857142857143 0.0 0.0 0.5391302268415078 0.34188413515592636 0.0 0.6477972524869731
0.3253968253968254 0.0 0.0 0.5356771546225145 0.32913190129593467 0.0 0.663982314858677
0.3055555555555556 0.0 0.0 0.539742259859842 0.3147819397597491 0.0 0.680206852992263
0.2896825396825397 0.0 0.0 0.5393570604539936 0.2980649742588319 0.0 0.6968656245065532
0.30753968253968256 0.0 0.0 0.5353769465200118 0.31099473341617845 0.0 0.6817858834675512
0.3392857142857143 0.0 0.0 0.5327667495648285 0.33821527901059234 0.0 0.6532843833885996
0.3134920634920635 0.0 0.0 0.534344514436896 0.31143854665956566 0.0 0.6787462498026213
0.2876984126984127 0.0 0.0 0.5352402358798772 0.29297591573465886 0.0 0.7015237644086532
0.30158730158730157 0.0 0.0 0.5381211205176215 0.3067933013787798 0.0 0.6860887415127115
0.30753968253968256 0.0 0.0 0.5364175713458961 0.3067341262796615 0.0 0.6835622927522502
0.32341269841269843 0.0 0.0 0.53922395674709 0.3274454109710634 0.0 0.6631138480972685
0.3392857142857143 0.0 0.0 0.5387042541742608 0.3420912480028404 0.0 0.647955155534502
0.27976190476190477 0.0 0.0 0.5370639041940792 0.2821468725960116 0.0 0.7095768198326229
0.31547619047619047 0.0 0.0 0.5285852808802673 0.3095153559382212 0.0 0.6817858834675512
0.30357142857142855 0.0 0.0 0.5335399325819346 0.3075034025681993 0.0 0.6871151113216487
0.3194444444444444 0.0 0.0 0.5352373758858339 0.3217941890052666 0.0 0.6704563398073585
0.29563492063492064 0.0 0.0 0.5389130108053668 0.3010533167643056 0.0 0.6914969208905734
0.34523809523809523 0.0 0.0 0.5331780388992192 0.346677318184508 0.0 0.6453102794883944
0.2916666666666667 0.0 0.0 0.5367276004775555 0.2970589975738209 0.0 0.696826148744671
0.31746031746031744 0.0 0.0 0.5332671711380322 0.3125924610923723 0.0 0.6761803252802779
0.3115079365079365 0.0 0.0 0.5356033654488898 0.3164092549855021 0.0 0.6774435496605087
0.3353174603174603 0.0 0.0 0.5314960143035738 0.33306704538730103 0.0 0.658574135480815
0.29365079365079366 0.0 0.0 0.5381346415208775 0.29824249955618676 0.0 0.6939838938891522
0.30952380952380953 0.0 0.0 0.5336983358619414 0.310698857920587 0.0 0.6812332228012002
0.32341269841269843 0.0 0.0 0.5324153135633788 0.3242203680691165 0.0 0.6678509395231329
0.30158730158730157 0.0 0.0 0.5367490096163655 0.3076217527664359 0.0 0.6865624506552979
0.29563492063492064 0.0 0.0 0.5363767832743299 0.3006686786200367 0.0 0.6926811937470396
0.2777777777777778 0.0 0.0 0.5376595099111297 0.280194094325108 0.0 0.7113927048792041
0.3055555555555556 0.0 0.0 0.5399461907723492 0.3126812237410498 0.0 0.6801279014684984
0.3253968253968254 0.0 0.0 0.5384158052563598 0.32774128646665485 0.0 0.6624822359071532
0.2976190476190476 0.0 0.0 0.538410295819731 0.30330197053080066 0.0 0.6896020843202275
0.35714285714285715 0.0 0.0 0.5292109405519799 0.35635244689034856 0.0 0.6366650876361916
0.30357142857142855 0.0 0.0 0.5362748969406663 0.3045446476122847 0.0 0.6863255960840047
0.3353174603174603 0.0 0.0 0.5366344021424577 0.33892538020001184 0.0 0.6532843833885996
0.2976190476190476 0.0 0.0 0.5392400932966186 0.3036570211255104 0.0 0.688891520606348
0.3194444444444444 0.0 0.0 0.5253571599911436 0.3140126634712113 0.0 0.6789436286120323
0.30357142857142855 0.0 0.0 0.5349824205922661 0.30433753476537073 0.0 0.6869572082741199
0.32341269841269843 0.0 0.0 0.5343012545890853 0.32167583880703 0.0 0.6681272698563084
0.2896825396825397 0.0 0.0 0.5383978814994419 0.2947511687082076 0.0 0.6981683246486659
0.3134920634920635 0.0 0.0 0.536263725287513 0.3173264690218356 0.0 0.6755092373282807
0.32936507936507936 0.0 0.0 0.5339727268682389 0.32865850050298834 0.0 0.6624032843833887
0.30357142857142855 0.0 0.0 0.5378610303868784 0.31072844547014616 0.0 0.683483341228486
0.29365079365079366 0.0 0.0 0.5388296356479815 0.30134919225989704 0.0 0.6929575240802149
0.3392857142857143 0.0 0.0 0.5386629117028973 0.3421208355523995 0.0 0.6477972524869731
0.30753968253968256 0.0 0.0 0.5293840381151877 0.303982484170661 0.0 0.6880625296068217
0.32142857142857145 0.0 0.0 0.5345604696472174 0.3231256287354281 0.0 0.6689562608558348
0.2996031746031746 0.0 0.0 0.5385884396170576 0.3062015503875969 0.0 0.6875888204642351
0.2976190476190476 0.0 0.0 0.5362931032266394 0.30347949582815553 0.0 0.6909837359861049
0.34325396825396826 0.0 0.0 0.5323285747568252 0.3409077460204746 0.0 0.6500473709142589
0.2876984126984127 0.0 0.0 0.5367814669774696 0.29140777560802417 0.0 0.7013263855992422
0.32142857142857145 0.0 0.0 0.5390076145351612 0.3274158234215042 0.0 0.6648507816200855
0.3055555555555556 0.0 0.0 0.5366592381468476 0.30806556600982304 0.0 0.6840360018948367
0.3194444444444444 0.0 0.0 0.5370846161204563 0.3213503757618794 0.0 0.6694299699984212
0.30357142857142855 0.0 0.0 0.5360547233695467 0.30871649210012425 0.0 0.6851413232275383
0.3115079365079365 0.0 0.0 0.5255577492067339 0.3075921652168767 0.0 0.6860887415127113
0.32936507936507936 0.0 0.0 0.534449080515267 0.3315580803597846 0.0 0.6611400600031584
0.30357142857142855 0.0 0.0 0.5295975867658202 0.296260133735724 0.0 0.6931549028896259
0.28174603174603174 0.0 0.0 0.5340617096506596 0.28217646014557074 0.0 0.7108005684509713
0.3253968253968254 0.0 0.0 0.538699026555983 0.33238653174744065 0.0 0.6608637296699829
0.30158730158730157 0.0 0.0 0.5406625843195011 0.30987040653293096 0.0 0.6836017685141325
0.3373015873015873 0.0 0.0 0.5318170962032812 0.33496064855908636 0.0 0.6564029685772939
0.30952380952380953 0.0 0.0 0.5361101534464103 0.313953488372093 0.0 0.679062055897679
0.3134920634920635 0.0 0.0 0.5275270012480564 0.30661577608142493 0.0 0.6846676140849521
0.2916666666666667 0.0 0.0 0.5386871059438068 0.2982720871057459 0.0 0.6956024001263226
0.2996031746031746 0.0 0.0 0.5358192530073093 0.3051068110539085 0.0 0.6892073267014056
0.3492063492063492 0.0 0.0 0.5352645178014949 0.3496360731404225 0.0 0.6409284699194695
0.29563492063492064 0.0 0.0 0.5336757536072744 0.3001065151784129 0.0 0.6946155060792676
0.2976190476190476 0.0 0.0 0.5405760796226313 0.3051068110539085 0.0 0.6882204326543504
0.2857142857142857 0.0 0.0 0.533370606695691 0.28738386886798034 0.0 0.7054318648349913
0.32341269841269843 0.0 0.0 0.5359095176443407 0.326557784484289 0.0 0.6659166271909048
0.30952380952380953 0.0 0.0 0.5374107080250347 0.31590626664299665 0.0 0.6781935891362706
0.3531746031746032 0.0 0.0 0.5359602390575979 0.35667790993549914 0.0 0.6357966208747831
0.3055555555555556 0.0 0.0 0.5303170909222348 0.3043079472158116 0.0 0.6885757145112903
0.27380952380952384 0.0 0.0 0.5370663698530677 0.27702822652227943 0.0 0.7156955629243646