0.19246031746031747 0.0028011204481792618 0.00512820512820511 0.5537911415078764 0.20376945381383513 0.0 0.7929891046897205
0.23015873015873015 0.0028011204481792618 0.00512820512820511 0.5584436192038642 0.24504408544884312 0.0 0.7496052423811781
0.21626984126984128 0.0 0.0 0.5455483132608313 0.21877034144032192 0.0 0.7730538449392074
0.20833333333333334 0.0028011204481792618 0.00512820512820511 0.5538154928254132 0.22098940765725783 0.0 0.7752250118427286
0.21428571428571427 0.0028011204481792618 0.00512820512820511 0.5794077792668805 0.23421504231019588 0.0 0.7601057950418443
0.19444444444444445 0.0028011204481792618 0.00512820512820511 0.5786821355546943 0.21140304160009468 0.0 0.7831991157429339
0.20634920634920634 0.0 0.0 0.5492014524995261 0.21542694834013848 0.0 0.7795278698878889
0.22420634920634921 0.0 0.0 0.5424987005541367 0.22661104207349547 0.0 0.7664219169429971
0.21031746031746032 0.0028011204481792618 0.00512820512820511 0.5850341164830659 0.2310491745073673 0.0 0.7631454287067742
0.1984126984126984 0.0 0.0 0.5708920018949286 0.21246819338422393 0.0 0.7809489973156483
0.20833333333333334 0.0 0.0 0.5500189006424283 0.2161074619799988 0.0 0.7780277909363652
0.21031746031746032 0.0 0.0 0.5446212878955891 0.21595952423220308 0.0 0.7780672666982473
0.21428571428571427 0.0028011204481792618 0.00512820512820511 0.5554746432609252 0.22593052843363512 0.0 0.7689088899415759
0.2123015873015873 0.0028011204481792618 0.00512820512820511 0.580218389404413 0.23270607728267945 0.0 0.7623164377072478
0.1984126984126984 0.0028011204481792618 0.00512820512820511 0.5691896246845541 0.21501272264631044 0.0 0.7813832306963525
0.20238095238095238 0.0 0.0 0.5545234606136652 0.21152139179833127 0.0 0.7823306489815254
0.23412698412698413 0.0 0.0 0.5523504066947355 0.2430025445292621 0.0 0.7496447181430603
0.20833333333333334 0.0 0.0 0.5521161014682804 0.21598911178176222 0.0 0.7775146060318966
0.23015873015873015 0.0 0.0 0.56598380842007 0.24462985975501508 0.0 0.7478288330964789
0.1884920634920635 0.0 0.0 0.5602844049372324 0.20116574945263033 0.0 0.7953181746407706
0.19642857142857142 0.0028011204481792618 0.00512820512820511 0.5699063499137075 0.21273448133025621 0.0 0.783396494552345
0.21626984126984128 0.0028011204481792618 0.00512820512820511 0.5768131186499627 0.23513225634652937 0.0 0.7586846676140849
0.1984126984126984 0.0 0.0 0.5723886063492221 0.21551571098881592 0.0 0.7798831517448288
0.21428571428571427 0.0028011204481792618 0.00512820512820511 0.5769423709044903 0.2327356648322386 0.0 0.7608953102794884
0.20833333333333334 0.0 0.0 0.5510115994239487 0.2142138588082135 0.0 0.7798831517448288
0.20634920634920634 0.0 0.0 0.5684790161551293 0.22359311201846263 0.0 0.772974893415443
0.21428571428571427 0.0028011204481792618 0.00512820512820511 0.5727829818885135 0.23155216284987276 0.0 0.7626322438023054
0.21428571428571427 0.0 0.0 0.5660276692650751 0.23131546245339962 0.0 0.7645270803726512
0.23015873015873015 0.0 0.0 0.5680134173713527 0.2467009882241553 0.0 0.7473551239538925
0.20436507936507936 0.0028011204481792618 0.00512820512820511 0.5718876508344184 0.22125569560329014 0.0 0.7738038844149693
0.22023809523809523 0.0 0.0 0.5471508596227078 0.22610805373099 0.0 0.767171956418759
0.19047619047619047 0.0 0.0 0.5583396471617472 0.19998224747026452 0.0 0.7942918048318333
0.2003968253968254 0.0028011204481792618 0.00512820512820511 0.5746150494238301 0.2172022013136872 0.0 0.777593557555661
0.2003968253968254 0.0 0.0 0.5567636681556725 0.2126457186815788 0.0 0.7838702036949313
0.20833333333333334 0.0 0.0 0.5592778876931069 0.21729096396236464 0.0 0.7749486815095532
0.2261904761904762 0.0 0.0 0.5690396553377401 0.24291378188058466 0.0 0.7506316121901153
0.1984126984126984 0.0 0.0 0.5727268013074336 0.21474643470027813 0.0 0.7807121427443551
0.20634920634920634 0.0028011204481792618 0.00512820512820511 0.5587400761688263 0.22075270726078466 0.0 0.7759750513184904
0.19047619047619047 0.0 0.0 0.5580578367371548 0.20048523581276997 0.0 0.7941339017843045
0.22420634920634921 0.0 0.0 0.560193297647899 0.2383277116989171 0.0 0.7560397915679774
0.20436507936507936 0.0028011204481792618 0.00512820512820511 0.5611250020352341 0.2185040534942896 0.0 0.7773961787462499
0.2123015873015873 0.0 0.0 0.5768449917462499 0.23258772708444286 0.0 0.7624348649928945
0.21825396825396826 0.0 0.0 0.545026499813674 0.22294218592816142 0.0 0.7701721143218065
0.20436507936507936 0.0 0.0 0.5536485974383862 0.21196520504171845 0.0 0.7813042791725882
0.21428571428571427 0.0028011204481792618 0.00512820512820511 0.5681097536587675 0.229362684182496 0.0 0.7646849834201801
0.19642857142857142 0.0028011204481792618 0.00512820512820511 0.5757253719507253 0.21252736848334222 0.0 0.781856939838939
0.2222222222222222 0.0 0.0 0.5473118451412003 0.22959938457896917 0.0 0.7637770408968895
0.20833333333333334 0.0028011204481792618 0.00512820512820511 0.5592128740473111 0.22211373454050534 0.0 0.7738433601768515
0.21626984126984128 0.0028011204481792618 0.00512820512820511 0.5776077741100236 0.23690750932007812 0.0 0.7584083372809096
0.19642857142857142 0.0 0.0 0.5744751121700191 0.21288241907805194 0.0 0.7823306489815254
0.20436507936507936 0.0 0.0 0.5528351767254568 0.21300076927628853 0.0 0.7806331912205906
0.20436507936507936 0.0 0.0 0.5666700349805317 0.2211077578554944 0.0 0.7757381967471972
0.2261904761904762 0.0028011204481792618 0.00512820512820511 0.5618153227755273 0.24214450559204687 0.0 0.752881730617401
0.2222222222222222 0.0028011204481792618 0.00512820512820511 0.5669910605067824 0.2396295638795195 0.0 0.7561187430917418
0.21626984126984128 0.0 0.0 0.5755872384849995 0.23628617077933606 0.0 0.7591583767566714
0.19642857142857142 0.0 0.0 0.5570083404023161 0.20853304929285757 0.0 0.788054634454445
0.20634920634920634 0.0028011204481792618 0.00512820512820511 0.5546412405869762 0.2185632285934079 0.0 0.7777909363650719
0.21031746031746032 0.0 0.0 0.5486486496861722 0.2168175631694183 0.0 0.7768829938417813
0.2123015873015873 0.0028011204481792618 0.00512820512820511 0.5789021517592651 0.23101958695780817 0.0 0.7626322438023054
0.1984126984126984 0.0028011204481792618 0.00512820512820511 0.560391209090426 0.21181726729392272 0.0 0.7843044370756356
0.20436507936507936 0.0028011204481792618 0.00512820512820511 0.5678201963267019 0.2201905438191609 0.0 0.7754618664140218
0.2261904761904762 0.0 0.0 0.5743372240389205 0.2471743890171016 0.0 0.7484209695247118
0.2123015873015873 0.0 0.0 0.5765072146972177 0.23214391384105568 0.0 0.7631059529448919
0.20238095238095238 0.0028011204481792618 0.00512820512820511 0.5517000518673102 0.21288241907805194 0.0 0.7833175430285805
0.20238095238095238 0.0 0.0 0.5673868214049123 0.2167583880703 0.0 0.7776725090794253
0.2123015873015873 0.0 0.0 0.5529619011994457 0.21847446594473047 0.0 0.7738038844149693
0.2222222222222222 0.0 0.0 0.5506612990144818 0.2300727853719155 0.0 0.7628296226117166
0.22817460317460317 0.0 0.0 0.56147408244068 0.2445706846558968 0.0 0.7510263698089374
0.21428571428571427 0.0 0.0 0.5491370856348062 0.22575300313628024 0.0 0.7706458234643929
0.20436507936507936 0.0 0.0 0.552179832849498 0.2142138588082135 0.0 0.7810674246012947
0.21626984126984128 0.0 0.0 0.5797850805806273 0.23717379726611043 0.0 0.7580135796620875
0.20238095238095238 0.0028011204481792618 0.00512820512820511 0.5716061007422081 0.21924374223326823 0.0 0.7759355755566083