0.25595238095238093 0.0 0.0 0.5339094413878454 0.2595419847328244 0.0 0.7359466287699352
0.2896825396825397 0.0 0.0 0.5378006124942539 0.29617137108704655 0.0 0.6980498973630191
0.2757936507936508 0.0 0.0 0.5301485433279635 0.27111071661045033 0.0 0.7199194694457604
0.26785714285714285 0.0 0.0 0.5390398917049453 0.2758743120894728 0.0 0.719840517921996
0.2698412698412698 0.0 0.0 0.533262163588747 0.27318184507959054 0.0 0.7219327333017528
0.2996031746031746 0.0 0.0 0.5376290545242168 0.30779927806379076 0.0 0.6877072477498818
0.2638888888888889 0.0 0.0 0.5355283636764663 0.2672643351677614 0.0 0.7265513974419706
0.2718253968253968 0.0 0.0 0.5387949859901033 0.27977986863127996 0.0 0.7160113690194222
0.26785714285714285 0.0 0.0 0.5381913560959382 0.27534173619740815 0.0 0.7202747513027001
0.26587301587301587 0.0 0.0 0.5312394484166588 0.2662583584827505 0.0 0.7283672824885521
0.27976190476190477 0.0 0.0 0.5397580146141038 0.28966211018403454 0.0 0.7069319437865151
0.26785714285714285 0.0 0.0 0.53345372034844 0.2704597905201491 0.0 0.7240249486815096
0.2857142857142857 0.0 0.0 0.5354610789910327 0.29037221137345404 0.0 0.7040502131691142
0.25793650793650796 0.0 0.0 0.535017071969777 0.26285579028344874 0.0 0.7330254223906523
0.2718253968253968 0.0 0.0 0.5306543005855026 0.2713178294573643 0.0 0.7227222485393969
0.2718253968253968 0.0 0.0 0.5364957337666407 0.2777975028108172 0.0 0.7176693510184746
0.2718253968253968 0.0 0.0 0.5344000690995023 0.2751346233504941 0.0 0.7195247118269383
0.25595238095238093 0.0 0.0 0.5335759333046808 0.26001538552577075 0.0 0.7359071530080532
0.27976190476190477 0.0 0.0 0.5388091055784054 0.2870288182732706 0.0 0.7075240802147482
0.28174603174603174 0.0 0.0 0.5320389757288764 0.28335996212793657 0.0 0.7111953260697933
0.2718253968253968 0.0 0.0 0.5308667911759781 0.27309308243091307 0.0 0.7215379756829308
0.26587301587301587 0.0 0.0 0.535691167700046 0.26948340138469734 0.0 0.7254855518711512
0.2718253968253968 0.0 0.0 0.5380691738311295 0.2796615184330434 0.0 0.7162876993525975
0.27380952380952384 0.0 0.0 0.5393625342613986 0.2818805846499793 0.0 0.7136033475446076
0.25396825396825395 0.0 0.0 0.5333652403064498 0.25776673175927567 0.0 0.7383546502447498
0.2757936507936508 0.0 0.0 0.5327404703198676 0.2798094561808391 0.0 0.7164061266382442
0.30357142857142855 0.0 0.0 0.534671046970236 0.3075034025681993 0.0 0.6862071687983579
0.30158730158730157 0.0 0.0 0.5297598892718344 0.2980057991597136 0.0 0.6945365545555031
0.2698412698412698 0.0 0.0 0.5396716121758132 0.27735368956743 0.0 0.7175903994947104
0.26785714285714285 0.0 0.0 0.5326980440857617 0.2684182496005681 0.0 0.7251697457760935
0.26587301587301587 0.0 0.0 0.5336741887555564 0.2679152612580626 0.0 0.7259592610137375
0.2757936507936508 0.0 0.0 0.5355603523660175 0.2787147168471507 0.0 0.7146691931154271
0.2619047619047619 0.0 0.0 0.534954876987989 0.26732351026687967 0.0 0.7288409916311385
0.26587301587301587 0.0 0.0 0.5389613416372859 0.2729155571335582 0.0 0.7222090636349281
0.2857142857142857 0.0 0.0 0.5290708528632654 0.2832120243801408 0.0 0.7108400442128534
0.2718253968253968 0.0 0.0 0.5366988309876403 0.2782413160542044 0.0 0.7175509237328281
0.26785714285714285 0.0 0.0 0.5330610202290119 0.2729747322326765 0.0 0.7240249486815096
0.25793650793650796 0.0 0.0 0.5348158511189294 0.259660334931061 0.0 0.7336965103426496
0.2718253968253968 0.0 0.0 0.5344609375144919 0.2764364755310965 0.0 0.718853623874941
0.27380952380952384 0.0 0.0 0.5371257278391431 0.2808746079649683 0.0 0.7151429022580137
0.2876984126984127 0.0 0.0 0.5292568374621892 0.2881827327060773 0.0 0.7069319437865151
0.25793650793650796 0.0 0.0 0.534138566315632 0.2609621871116634 0.0 0.734130743723354
0.2996031746031746 0.0 0.0 0.5294710243237479 0.2978578614119179 0.0 0.6965498184114954
0.27380952380952384 0.0 0.0 0.5331586295651464 0.27463163500798865 0.0 0.7186562450655298
0.2718253968253968 0.0 0.0 0.5382635123286932 0.2793064678383336 0.0 0.716366650876362
0.25793650793650796 0.0 0.0 0.5353615549246136 0.26125806260725487 0.0 0.7330648981525344
0.27976190476190477 0.0 0.0 0.538094331726299 0.2876501568140127 0.0 0.7080767408810991
0.25396825396825395 0.0 0.0 0.5330907480591349 0.25702704302029705 0.0 0.7386704563398073
0.2698412698412698 0.0 0.0 0.5345517878378695 0.27223504349369787 0.0 0.7216958787304595
0.25793650793650796 0.0 0.0 0.5328021108247414 0.26125806260725487 0.0 0.7344860255802936
0.2777777777777778 0.0 0.0 0.540086098077101 0.28670335522812 0.0 0.7086688773093321
0.27380952380952384 0.0 0.0 0.5376931045023179 0.2811704834605598 0.0 0.7146691931154272
0.25793650793650796 0.0 0.0 0.5345720077088814 0.263920942067578 0.0 0.7332228012000632
0.27380952380952384 0.0 0.0 0.5357311077172384 0.27767915261258064 0.0 0.7169193115427128
0.27976190476190477 0.0 0.0 0.530305966259384 0.2805195573702586 0.0 0.7142744354966051
0.27380952380952384 0.0 0.0 0.5380861756376755 0.28120007101011896 0.0 0.714432338544134
0.2996031746031746 0.0 0.0 0.5316975448479199 0.2965264216817563 0.0 0.6941023211747989
0.2698412698412698 0.0 0.0 0.5329806298966437 0.27099236641221375 0.0 0.7228406758250434
0.2718253968253968 0.0 0.0 0.5384673085357907 0.2792768802887745 0.0 0.7162876993525975
0.2619047619047619 0.0 0.0 0.5333620378777201 0.2646606308065566 0.0 0.7301042160113691
0.27380952380952384 0.0 0.0 0.5359378656531153 0.2801645067755488 0.0 0.7158139902100111
0.27380952380952384 0.0 0.0 0.5306073342544249 0.27315225753003136 0.0 0.7206695089215223
0.30158730158730157 0.0 0.0 0.5346684610394002 0.3054026865495 0.0 0.6880625296068215
0.25793650793650796 0.0 0.0 0.5338650965789055 0.26241197704006153 0.0 0.7338149376282963
0.2718253968253968 0.0 0.0 0.5382667586631997 0.2793360553878928 0.0 0.7160903205431866
0.2757936507936508 0.0 0.0 0.5296390669970067 0.2714657672051601 0.0 0.7208274119690512
0.2718253968253968 0.0 0.0 0.5323602555343848 0.2726492691875259 0.0 0.7211432180641086
0.2876984126984127 0.0 0.0 0.5350456538924449 0.29386354222143324 0.0 0.702076425075004
0.25396825396825395 0.0 0.0 0.5337240329764074 0.25758920646192085 0.0 0.7380783199115744
0.2757936507936508 0.0 0.0 0.5341642007578375 0.2810521332623232 0.0 0.7151429022580138
0.28174603174603174 0.0 0.0 0.5327024191088976 0.2846026392094207 0.0 0.7100900047370915
0.25992063492063494 0.0 0.0 0.5304065283904807 0.26013373572400733 0.0 0.7344465498184114
0.2757936507936508 0.0 0.0 0.5346142994429901 0.2797502810817208 0.0 0.7152613295436603
0.2916666666666667 0.0 0.0 0.5305233723460057 0.28853778330078705 0.0 0.7029843675982947
0.2619047619047619 0.0 0.0 0.5297264567177583 0.26164270075152374 0.0 0.7334201800094742
0.26785714285714285 0.0 0.0 0.5357676513774882 0.27412864666548314 0.0 0.7220116848255171
0.27976190476190477 0.0 0.0 0.5344200339549351 0.2833007870288183 0.0 0.7111953260697934
0.26785714285714285 0.0 0.0 0.5332668006614981 0.2696609266820522 0.0 0.7243407547765672
0.2896825396825397 0.0 0.0 0.535422543361272 0.29623054618616484 0.0 0.6997078793620717
0.2638888888888889 0.0 0.0 0.5344234757158853 0.2686253624474821 0.0 0.7276961945365545
0.2698412698412698 0.0 0.0 0.536623186222254 0.2750458607018167 0.0 0.719840517921996
0.2837301587301587 0.0 0.0 0.5374559271749771 0.2914373631575833 0.0 0.7043265435022896
0.2718253968253968 0.0 0.0 0.5307137287480305 0.2713770045564826 0.0 0.7222090636349282
0.27380952380952384 0.0 0.0 0.5387790321677124 0.28120007101011896 0.0 0.7141560082109586
0.28174603174603174 0.0 0.0 0.5294048339232994 0.27998698147819395 0.0 0.7141560082109586
0.27976190476190477 0.0 0.0 0.5300396077436744 0.2757559618912362 0.0 0.7165640296857732
0.28174603174603174 0.0 0.0 0.5362042895607458 0.28655541748032426 0.0 0.7080767408810991