0.26785714285714285 0.0 0.0 0.5361605301283978 0.26661340907746023 0.0 0.7249328912048003
0.2400793650793651 0.0 0.0 0.5360879642942532 0.24699686371974672 0.0 0.7505131849044687
0.22817460317460317 0.0 0.0 0.5307061594922562 0.22525001479377477 0.0 0.7685930838465183
0.24603174603174602 0.0 0.0 0.5295852209234682 0.2386531747440677 0.0 0.7522106426654035
0.23809523809523808 0.0 0.0 0.5372510807903019 0.24471862240369252 0.0 0.7522106426654035
0.23214285714285715 0.0 0.0 0.5317629591891408 0.23016154802059294 0.0 0.7640138954681825
0.2638888888888889 0.0 0.0 0.5278283503279462 0.2573820936150068 0.0 0.7346044528659404
0.24404761904761904 0.0 0.0 0.530565929185634 0.24173027989821882 0.0 0.7517369335228171
0.24206349206349206 0.0 0.0 0.5306954022203516 0.23744008521214274 0.0 0.7550528975209221
0.2400793650793651 0.0 0.0 0.5340931233105315 0.24193739274513285 0.0 0.7529606821411653
0.2361111111111111 0.0 0.0 0.5336321710103734 0.23661163382448666 0.0 0.7575398705195011
0.27380952380952384 0.0 0.0 0.5278135207294407 0.26516361914906206 0.0 0.7250118427285647
0.24404761904761904 0.0 0.0 0.5263535263752278 0.23628617077933606 0.0 0.7552108005684511
0.25396825396825395 0.0 0.0 0.5296864268530679 0.2489200544410912 0.0 0.7427364598136743
0.23412698412698413 0.0 0.0 0.530363283428621 0.23075329901177585 0.0 0.7619611558503079
0.24206349206349206 0.0 0.0 0.540247351484212 0.24835789099946742 0.0 0.747276172430128
0.25992063492063494 0.0 0.0 0.5298059615911033 0.2580921948044263 0.0 0.7357887257224065
0.24603174603174602 0.0 0.0 0.5362660711050989 0.2447777975028108 0.0 0.7475525027633033
0.23809523809523808 0.0 0.0 0.5324506094977463 0.2343629800579916 0.0 0.757934628138323
0.24206349206349206 0.0 0.0 0.5327177258725728 0.24471862240369252 0.0 0.7516579819990526
0.2777777777777778 0.0 0.0 0.5349565913397146 0.2772353393691934 0.0 0.7149060476867204
0.23809523809523808 0.0 0.0 0.5307937946979799 0.2334457660216581 0.0 0.7590399494710248
0.24603174603174602 0.0 0.0 0.5372729957202046 0.2500443813243387 0.0 0.7449471024790778
0.24801587301587302 0.0 0.0 0.5294140816145264 0.24258831883543405 0.0 0.7497631454287068
0.24206349206349206 0.0 0.0 0.5328243578215226 0.23850523699627196 0.0 0.7543028580451603
0.26785714285714285 0.0 0.0 0.5291020929243295 0.26267826498609387 0.0 0.7302226432970157
0.22420634920634921 0.0 0.0 0.5314332697233286 0.222853423279484 0.0 0.7711590083688615
0.24404761904761904 0.0 0.0 0.5327147680528208 0.24400852121427302 0.0 0.750394757618822
0.23015873015873015 0.0 0.0 0.5320868864319837 0.22664062962305462 0.0 0.7659087320385283
0.24603174603174602 0.0 0.0 0.5309185288685911 0.2415231670513048 0.0 0.7509079425232906
0.25595238095238093 0.0 0.0 0.5360299702871215 0.2580921948044263 0.0 0.736657192483815
0.24603174603174602 0.0 0.0 0.5325062398620776 0.2480916030534351 0.0 0.7477498815727144
0.2361111111111111 0.0 0.0 0.5304587019372968 0.23356411621989467 0.0 0.7591189009947893
0.25396825396825395 0.0 0.0 0.5319259324995708 0.2536540623705545 0.0 0.7398547291962735
0.23214285714285715 0.0 0.0 0.5318375138641335 0.23394875436416357 0.0 0.7614479709458393
0.24801587301587302 0.0 0.0 0.5317109102594324 0.24531037339487544 0.0 0.7475130270014212
0.24603174603174602 0.0 0.0 0.5311712073451734 0.24681933842239187 0.0 0.7488552029054161
0.26587301587301587 0.0 0.0 0.5294092980556572 0.26362506657198653 0.0 0.7298278856781937
0.25793650793650796 0.0 0.0 0.5294938094364429 0.2500443813243387 0.0 0.7402889625769777
0.23214285714285715 0.0 0.0 0.5327826532714788 0.23098999940824902 0.0 0.762750671087952
0.23412698412698413 0.0 0.0 0.5388620081235107 0.23906740043789573 0.0 0.7565924522343281
0.25992063492063494 0.0 0.0 0.5276704524623184 0.25468962660512456 0.0 0.7381572714353387
0.24206349206349206 0.0 0.0 0.5353061393013765 0.24454109710633765 0.0 0.7501579030475287
0.2638888888888889 0.0 0.0 0.5284710630505223 0.2594828096337061 0.0 0.7336175588188852
0.22023809523809523 0.0 0.0 0.5325795946890732 0.21924374223326823 0.0 0.7744749723669667
0.2400793650793651 0.0 0.0 0.5336616713130372 0.24208533049292857 0.0 0.7532764882362231
0.23809523809523808 0.0 0.0 0.5317886521238517 0.23690750932007812 0.0 0.7572635401863256
0.25 0.0 0.0 0.5297478060022562 0.24439315935854192 0.0 0.7477498815727144
0.25793650793650796 0.0 0.0 0.527556522179546 0.24927510503580094 0.0 0.7417495657666193
0.23809523809523808 0.0 0.0 0.5396294885812356 0.2436534706195633 0.0 0.7518553608084637
0.2361111111111111 0.0 0.0 0.5350047608739051 0.23596070773418545 0.0 0.7572635401863256
0.24206349206349206 0.0 0.0 0.5359353583002913 0.2448961477010474 0.0 0.7497631454287068
0.2698412698412698 0.0 0.0 0.5315473484129298 0.26735309781643884 0.0 0.7247749881572715
0.2777777777777778 0.0 0.0 0.5323537969525124 0.27261968163796674 0.0 0.7175903994947104
0.23214285714285715 0.0 0.0 0.5319812755342432 0.23167051304810934 0.0 0.7629480498973631
0.25793650793650796 0.0 0.0 0.5391058975034909 0.2641872300136103 0.0 0.7312884888678353
0.25 0.0 0.0 0.5322246513971051 0.24628676253032725 0.0 0.7454208116216643
0.24206349206349206 0.0 0.0 0.5349400118071291 0.2441860465116279 0.0 0.7506710879519976
0.23809523809523808 0.0 0.0 0.539488332741582 0.24590212438605835 0.0 0.7510658455708197
0.25 0.0 0.0 0.5303844663900453 0.24770696490916622 0.0 0.7451444812884889
0.23809523809523808 0.0 0.0 0.5285082616565696 0.23607905793242204 0.0 0.7586057160903206
0.25793650793650796 0.0 0.0 0.5275177437454435 0.2516125214509734 0.0 0.7404468656245066
0.251984126984127 0.0 0.0 0.5309892196550481 0.24936386768447838 0.0 0.7433285962419075
0.25396825396825395 0.0 0.0 0.5286434713347999 0.24655305047635956 0.0 0.7443549660508448
0.23412698412698413 0.0 0.0 0.5341766970855646 0.2350139061482928 0.0 0.7602636980893731
0.23214285714285715 0.0 0.0 0.5331243381355638 0.23128587490384048 0.0 0.7620006316121901
0.24603174603174602 0.0 0.0 0.5290956542175745 0.24460027220545594 0.0 0.7498420969524713
0.24603174603174602 0.0 0.0 0.5319881057378157 0.24569501153914433 0.0 0.7490920574767093
0.22817460317460317 0.0 0.0 0.533802961078317 0.2274690810107107 0.0 0.7655139744197063
0.25595238095238093 0.0 0.0 0.5268422866915237 0.24812119060299426 0.0 0.7434075477656719
0.2619047619047619 0.0 0.0 0.5284656943312125 0.2575004438132434 0.0 0.735709774198642
0.2400793650793651 0.0 0.0 0.5371090005256287 0.24362388307000415 0.0 0.751342175903995
0.2400793650793651 0.0 0.0 0.5319278161889623 0.23986626427599267 0.0 0.75501342175904
0.251984126984127 0.0 0.0 0.5262314787663803 0.2463163500798864 0.0 0.7468024632875415
0.22420634920634921 0.0 0.0 0.5315126202065125 0.22264631043256997 0.0 0.7709616295594506
0.24801587301587302 0.0 0.0 0.5336339923816553 0.24900881708976863 0.0 0.7459734722880151
0.25396825396825395 0.0 0.0 0.5283104770077016 0.24992603112610215 0.0 0.743644402336965
0.25595238095238093 0.0 0.0 0.5284431444136122 0.2459317119356175 0.0 0.7436838780988473
0.2361111111111111 0.0 0.0 0.5344867728437936 0.2355464820403574 0.0 0.7582109584714984
0.2400793650793651 0.0 0.0 0.5342068591124173 0.24220368069116516 0.0 0.7529212063792832
0.22420634920634921 0.0 0.0 0.5320392821862524 0.2242144505592047 0.0 0.7705273961787463