0.27380952380952384 0.0 0.0 0.5320111273643545 0.27474998520622523 0.0 0.7197615663982315
0.25 0.0 0.0 0.5344964513495167 0.2550446771998343 0.0 0.7418679930522659
0.25396825396825395 0.0 0.0 0.5289445162071976 0.25122788330670454 0.0 0.7422627506710879
0.2361111111111111 0.0 0.0 0.5304712839184239 0.2363157583288952 0.0 0.7590399494710248
0.251984126984127 0.0 0.0 0.5309565302334311 0.25383158766790936 0.0 0.7421048476235592
0.2638888888888889 0.0 0.0 0.5319955207942866 0.2653707319959761 0.0 0.7292357492499606
0.23809523809523808 0.0 0.0 0.5327149940902213 0.24063554056453046 0.0 0.755605558187273
0.2638888888888889 0.0 0.0 0.5269081923010012 0.25856559559737263 0.0 0.7342886467708826
0.26785714285714285 0.0 0.0 0.5292376557994672 0.2647198059056749 0.0 0.7284857097741986
0.23809523809523808 0.0 0.0 0.5305176456715884 0.23672998402272324 0.0 0.7577767250907942
0.25595238095238093 0.0 0.0 0.5297461096839845 0.25344694952364044 0.0 0.7399336807200378
0.25 0.0 0.0 0.5311396467233326 0.24927510503580094 0.0 0.7452629085741356
0.24404761904761904 0.0 0.0 0.5330750769855366 0.2441268714125096 0.0 0.7494868150955313
0.2619047619047619 0.0 0.0 0.5306949253797176 0.26291496538256703 0.0 0.7325517132480657
0.25793650793650796 0.0 0.0 0.5298017539156854 0.2551630273980709 0.0 0.7380388441496921
0.2400793650793651 0.0 0.0 0.5337073173330675 0.24063554056453046 0.0 0.7535922943312805
0.25595238095238093 0.0 0.0 0.531298727678978 0.2535948872714362 0.0 0.7397757776725091
0.2777777777777778 0.0 0.0 0.5360343830883388 0.2876501568140127 0.0 0.7121822201168484
0.25 0.0 0.0 0.531724661851809 0.25403870051482336 0.0 0.7434864992894363
0.25595238095238093 0.0 0.0 0.5293521964464712 0.2530623113793716 0.0 0.7401310595294489
0.27976190476190477 0.0 0.0 0.5301865686346302 0.2788034794958282 0.0 0.7153008053055423
0.2400793650793651 0.0 0.0 0.5321600268698808 0.24246996863719747 0.0 0.7539870519501027
0.2619047619047619 0.0 0.0 0.5299594440407169 0.25992662287709334 0.0 0.7336175588188854
0.25793650793650796 0.0 0.0 0.5282822841303075 0.25415705071305994 0.0 0.7394204958155692
0.29365079365079366 0.0 0.0 0.5318511299003621 0.2988638380969288 0.0 0.6990762671719566
0.2619047619047619 0.0 0.0 0.5364178199592669 0.27182081779986983 0.0 0.7280909521553767
0.251984126984127 0.0 0.0 0.5327846177852947 0.253565299721877 0.0 0.7410784778146218
0.24603174603174602 0.0 0.0 0.5305864737964642 0.2444523344576602 0.0 0.7491710090004737
0.25396825396825395 0.0 0.0 0.5290050553842448 0.25107994555890883 0.0 0.7431706931943787
0.2638888888888889 0.0 0.0 0.5338051606632213 0.26454228060832 0.0 0.729512079583136
0.2619047619047619 0.0 0.0 0.5289625435443213 0.2619089886975561 0.0 0.7336175588188854
0.2619047619047619 0.0 0.0 0.5296609502494235 0.2625599147878573 0.0 0.7334991315332386
0.23809523809523808 0.0 0.0 0.5308143551796869 0.23915616308657317 0.0 0.7565529764724459
0.2718253968253968 0.0 0.0 0.5308667968558832 0.2715545298538375 0.0 0.7229196273488079
0.26785714285714285 0.0 0.0 0.5313088136832822 0.26463104325699743 0.0 0.7272224853939682
0.25595238095238093 0.0 0.0 0.5305234411859444 0.25548849044322147 0.0 0.7389467866729829
0.24206349206349206 0.0 0.0 0.530367919179232 0.24019172732114327 0.0 0.7538291489025738
0.25 0.0 0.0 0.5293981175883349 0.25019231907213446 0.0 0.7460129480498974
0.2837301587301587 0.0 0.0 0.531292369099428 0.28297532398366765 0.0 0.7108400442128533
0.24404761904761904 0.0 0.0 0.5308124733260924 0.24468903485413337 0.0 0.7513816516658772
0.24603174603174602 0.0 0.0 0.5336418695061192 0.25019231907213446 0.0 0.7464471814306017
0.2718253968253968 0.0 0.0 0.5308173056739515 0.2719983430972247 0.0 0.7228012000631612
0.25793650793650796 0.0 0.0 0.5267894641601659 0.25486715190247944 0.0 0.740131059529449
0.26587301587301587 0.0 0.0 0.5280685787977165 0.2630333155808036 0.0 0.7312884888678353
0.24801587301587302 0.0 0.0 0.5310309785224502 0.24708562636842415 0.0 0.7469998420969526
0.25992063492063494 0.0 0.0 0.5290147145559695 0.25853600804781346 0.0 0.7359466287699352
0.251984126984127 0.0 0.0 0.5322394686413873 0.2513758210545003 0.0 0.7423417021948524
0.25992063492063494 0.0 0.0 0.5285733849219211 0.2566719924255873 0.0 0.7366177167219328
0.24603174603174602 0.0 0.0 0.5330326215289698 0.24501449789928398 0.0 0.7479472603821254
0.26587301587301587 0.0 0.0 0.5305150797958106 0.2639505296171371 0.0 0.7294331280593715
0.251984126984127 0.0 0.0 0.5341018427359305 0.25649446712823243 0.0 0.7402494868150955
0.2400793650793651 0.0 0.0 0.5311107192690842 0.24084265341144445 0.0 0.7542239065213958
0.25992063492063494 0.0 0.0 0.5313581949767325 0.259660334931061 0.0 0.7346834043897047
0.24801587301587302 0.0 0.0 0.5322320757102689 0.2519971595952423 0.0 0.7451839570503711
0.25793650793650796 0.0 0.0 0.5281022873408189 0.2542754009112965 0.0 0.7391046897205116
0.2619047619047619 0.0 0.0 0.5344695218741942 0.2636842416711048 0.0 0.7304989736301911
0.25396825396825395 0.0 0.0 0.5314232038178583 0.2528551985324575 0.0 0.7411574293383862
0.2400793650793651 0.0 0.0 0.5327201239769102 0.24279543168234807 0.0 0.7535922943312806
0.2698412698412698 0.0 0.0 0.5288146314939673 0.26267826498609387 0.0 0.7288409916311385
0.25992063492063494 0.0 0.0 0.5278358685828365 0.2551630273980709 0.0 0.7375256592452233
0.2400793650793651 0.0 0.0 0.5329338114030686 0.23880111249186342 0.0 0.7550923732828043
0.25 0.0 0.0 0.5302075762269542 0.2504290194686076 0.0 0.7456181904310754
0.26587301587301587 0.0 0.0 0.5314379464499936 0.26750103556423455 0.0 0.7276961945365545
0.25793650793650796 0.0 0.0 0.528173779763065 0.2586839457956092 0.0 0.738394126006632
0.2698412698412698 0.0 0.0 0.5293503316002306 0.27241256879105274 0.0 0.7248539396810358
0.25 0.0 0.0 0.5329994888223606 0.2514645837031777 0.0 0.7429338386230855
0.2400793650793651 0.0 0.0 0.531671521065973 0.23939286348304634 0.0 0.7544212853308069
0.25793650793650796 0.0 0.0 0.5297878207727134 0.25468962660512456 0.0 0.738394126006632
0.24603174603174602 0.0 0.0 0.5332647880785493 0.2482099532516717 0.0 0.7473551239538923
0.25595238095238093 0.0 0.0 0.5272209319578148 0.25332859932540386 0.0 0.7417890415285016
0.26587301587301587 0.0 0.0 0.5297458709938382 0.264335167761406 0.0 0.7303410705826623
0.24801587301587302 0.0 0.0 0.5312432269379489 0.24699686371974672 0.0 0.7466445602400127
0.24801587301587302 0.0 0.0 0.5331634542554898 0.2521746848925972 0.0 0.7446312963840203
0.25396825396825395 0.0 0.0 0.5323489750533327 0.25394993786614595 0.0 0.7396968261487447
0.23809523809523808 0.0 0.0 0.530012149847553 0.23806142375288478 0.0 0.757145112900679
0.25793650793650796 0.0 0.0 0.5316529092501447 0.2608142493638677 0.0 0.7363413863887573
0.24206349206349206 0.0 0.0 0.5337143019225398 0.24258831883543405 0.0 0.7515790304752881
0.25 0.0 0.0 0.5323823300952957 0.24954139298183325 0.0 0.7437628296226118
0.2619047619047619 0.0 0.0 0.5297999371831287 0.2588910586425232 0.0 0.7343281225327649
0.28174603174603174 0.0 0.0 0.5251022778113544 0.27901059234274217 0.0 0.7169193115427128
0.25595238095238093 0.0 0.0 0.531087788221182 0.25770755666015743 0.0 0.738196747197221