0.25992063492063494 0.0 0.0 0.531644120423056 0.25110953310846795 0.0 0.7371309016264016
0.2757936507936508 0.0 0.0 0.5293334921834753 0.2648085685543523 0.0 0.7232749092057478
0.26785714285714285 0.0 0.0 0.5357732524490384 0.2757855494407953 0.0 0.7217748302542238
0.2896825396825397 0.0 0.0 0.5349565509008712 0.28744304396709863 0.0 0.7023132796462974
0.26587301587301587 0.0 0.0 0.5334201596324266 0.2633291910763951 0.0 0.7273014369177326
0.27380952380952384 0.0 0.0 0.5317294950572757 0.26359547902242736 0.0 0.7238670456339809
0.2777777777777778 0.0 0.0 0.5305421428038986 0.27750162731522576 0.0 0.7167219327333016
0.30357142857142855 0.0 0.0 0.5307148737897461 0.2998994023314989 0.0 0.6907074056529292
0.27976190476190477 0.0 0.0 0.5324219036957161 0.26951298893425646 0.0 0.7183799147323544
0.2619047619047619 0.0 0.0 0.5319959341552069 0.25936445943546954 0.0 0.7318411495341861
0.2757936507936508 0.0 0.0 0.5399202157455804 0.27918811764009704 0.0 0.7120637928312018
0.2896825396825397 0.0 0.0 0.5347464873975967 0.2903426238238949 0.0 0.7009711037423022
0.2777777777777778 0.0 0.0 0.5273810825768406 0.26578495768980415 0.0 0.7222880151586927
0.26587301587301587 0.0 0.0 0.5329261627388772 0.26661340907746023 0.0 0.7267487762513818
0.2638888888888889 0.0 0.0 0.5290500486527913 0.25785549440795313 0.0 0.733025422390652
0.2896825396825397 0.0 0.0 0.5280084021385133 0.27847801645067755 0.0 0.7111558503079112
0.30158730158730157 0.0 0.0 0.5344501312547447 0.2982720871057459 0.0 0.6911811147955158
0.2757936507936508 0.0 0.0 0.5328993472967302 0.2685070122492455 0.0 0.7198010421601138
0.2777777777777778 0.0 0.0 0.5296071715342099 0.2668205219243742 0.0 0.7208274119690512
0.2619047619047619 0.0 0.0 0.5332210090579799 0.2619385762471152 0.0 0.730262119058898
0.29365079365079366 0.0 0.0 0.5297114050447079 0.28859695839990535 0.0 0.702865940312648
0.2638888888888889 0.0 0.0 0.5341830089819084 0.26655423397834194 0.0 0.7270251065845571
0.26587301587301587 0.0 0.0 0.534271944937225 0.2625895023374164 0.0 0.726985630822675
0.2996031746031746 0.0 0.0 0.5252188834071801 0.2911414876619918 0.0 0.7003000157903048
0.26785714285714285 0.0 0.0 0.5315501571241352 0.267589798212912 0.0 0.7259592610137378
0.2757936507936508 0.0 0.0 0.5311854272538008 0.2662583584827505 0.0 0.7227222485393969
0.2638888888888889 0.0 0.0 0.5336137608515082 0.26365465412154565 0.0 0.7284067582504343
0.2976190476190476 0.0 0.0 0.5321169117754565 0.295047044203799 0.0 0.6965892941733774
0.27380952380952384 0.0 0.0 0.5352010046992961 0.2716137049529558 0.0 0.7180641086372969
0.2777777777777778 0.0 0.0 0.5283960846315515 0.27040061542103083 0.0 0.7207879362071689
0.27380952380952384 0.0 0.0 0.5280259342281072 0.26273744008521216 0.0 0.7266303489657351
0.2896825396825397 0.0 0.0 0.5343494957333853 0.291378188058465 0.0 0.7012079583135954
0.2757936507936508 0.0 0.0 0.5294423418908897 0.26892123794307354 0.0 0.7214195483972841
0.28174603174603174 0.0 0.0 0.5340665275909895 0.2796023433339251 0.0 0.7108005684509712
0.2837301587301587 0.0 0.0 0.5312948934179413 0.2721166932954613 0.0 0.7147481446391918
0.2698412698412698 0.0 0.0 0.5262244400821312 0.25903899639031897 0.0 0.7311305858203065
0.2916666666666667 0.0 0.0 0.5351216839790938 0.29803538670927276 0.0 0.6978525185536081
0.2638888888888889 0.0 0.0 0.5305964619494186 0.2598378602284159 0.0 0.731643770724775
0.26587301587301587 0.0 0.0 0.5320716161975952 0.26578495768980415 0.0 0.7270645823464394
0.30357142857142855 0.0 0.0 0.5341932869489796 0.304396709864489 0.0 0.6870361597978841
0.26587301587301587 0.0 0.0 0.5314049475050273 0.2646014557074383 0.0 0.7276567187746723
0.2718253968253968 0.0 0.0 0.5299671226388608 0.26572578259068586 0.0 0.7249328912048005
0.28174603174603174 0.0 0.0 0.5284896739507257 0.2723238061423753 0.0 0.7184983420180011
0.28174603174603174 0.0 0.0 0.5303184784512289 0.27099236641221375 0.0 0.7164456024001264
0.2718253968253968 0.0 0.0 0.5305932322909142 0.26599207053671814 0.0 0.724301279014685
0.2896825396825397 0.0 0.0 0.529227649685246 0.2889224214450559 0.0 0.7045633980735829
0.2876984126984127 0.0 0.0 0.5344931396761433 0.28412923841647436 0.0 0.7052344860255804
0.2757936507936508 0.0 0.0 0.530332710118514 0.26643588378010535 0.0 0.7219722090636351
0.2698412698412698 0.0 0.0 0.5298689879659539 0.26069589916563113 0.0 0.7279725248697301
0.2718253968253968 0.0 0.0 0.5325917093293264 0.2669388721226108 0.0 0.7227222485393969
0.2857142857142857 0.0 0.0 0.5268385085381146 0.2789514172436239 0.0 0.7126164534975525
0.2698412698412698 0.0 0.0 0.5332026596254099 0.26803361145629917 0.0 0.7232749092057478
0.26785714285714285 0.0 0.0 0.537760641866959 0.27341854547606365 0.0 0.7205510816358757
0.2976190476190476 0.0 0.0 0.5286257998594185 0.2891591218415291 0.0 0.7001026369808938
0.2619047619047619 0.0 0.0 0.536896827412882 0.2660216580862773 0.0 0.7276567187746723
0.27380952380952384 0.0 0.0 0.5382865726943034 0.28421800106515177 0.0 0.7141560082109584
0.2876984126984127 0.0 0.0 0.5269080739267692 0.2794544055861294 0.0 0.7116690352123797
0.2757936507936508 0.0 0.0 0.5324451550893935 0.2662583584827505 0.0 0.7216169272066952
0.26785714285714285 0.0 0.0 0.5328837572688656 0.26676134682525593 0.0 0.7247355123953895
0.2619047619047619 0.0 0.0 0.5330094890767038 0.2641576424640511 0.0 0.7298673614400758
0.2777777777777778 0.0 0.0 0.536488505174814 0.2840404757677969 0.0 0.7111953260697932
0.2698412698412698 0.0 0.0 0.5287012347543129 0.26152435055328715 0.0 0.7284462340123165
0.27976190476190477 0.0 0.0 0.5298784756652349 0.2698976270785254 0.0 0.718853623874941
0.30357142857142855 0.0 0.0 0.5333951234000184 0.30126042961121957 0.0 0.6892468024632877
0.2896825396825397 0.0 0.0 0.5332533838432 0.28972128528315283 0.0 0.7024317069319439
0.2718253968253968 0.0 0.0 0.5289121141576539 0.265548257293331 0.0 0.7262750671087953
0.27976190476190477 0.0 0.0 0.5314142405166045 0.2749275105035801 0.0 0.7148270961629561
0.2638888888888889 0.0 0.0 0.5293813520689343 0.2590685839398781 0.0 0.7319595768198326
0.28174603174603174 0.0 0.0 0.5282017415797989 0.27261968163796674 0.0 0.7186167693036477
0.29365079365079366 0.0 0.0 0.5339844065885936 0.29463281850997103 0.0 0.6980498973630191
0.28174603174603174 0.0 0.0 0.5323408087559715 0.2775312148647849 0.0 0.7132480656876679
0.26785714285714285 0.0 0.0 0.5365832236895565 0.27250133143973015 0.0 0.7216958787304595
0.29365079365079366 0.0 0.0 0.527374660416706 0.2910527250133144 0.0 0.7037344070740565
0.27380952380952384 0.0 0.0 0.5301976417661273 0.2634771288241908 0.0 0.7243012790146851
0.26785714285714285 0.0 0.0 0.5323901316933052 0.2601929108231256 0.0 0.7293936522974894
0.27976190476190477 0.0 0.0 0.5269026143418183 0.2713770045564826 0.0 0.7194062845412917
0.2777777777777778 0.0 0.0 0.5311958936739487 0.27173205515119236 0.0 0.7181825359229435
0.2698412698412698 0.0 0.0 0.5303113001896785 0.263920942067578 0.0 0.7266303489657351
0.2837301587301587 0.0 0.0 0.5256838388324623 0.27380318362033257 0.0 0.7174324964471814
0.2996031746031746 0.0 0.0 0.5296088268172291 0.2914373631575833 0.0 0.6984841307437235
0.2896825396825397 0.0 0.0 0.5355068491574614 0.2867921178767974 0.0 0.7027080372651193