0.2400793650793651 0.0 0.0 0.5297085095178019 0.23601988283330375 0.0 0.7557634612348019
0.21825396825396826 0.0 0.0 0.5357506361088877 0.22249837268477424 0.0 0.7736065056055582
0.2638888888888889 0.0 0.0 0.5349025386765177 0.2662287709331913 0.0 0.7266698247276173
0.23412698412698413 0.0 0.0 0.5392731617395261 0.24279543168234807 0.0 0.7547370914258645
0.23412698412698413 0.0 0.0 0.5396225430662347 0.24258831883543405 0.0 0.7547370914258644
0.2400793650793651 0.0 0.0 0.5372293835205366 0.24134564175394993 0.0 0.7509474182851729
0.25 0.0 0.0 0.5367936396985424 0.25483756435292026 0.0 0.7398942049581557
0.23412698412698413 0.0 0.0 0.5324197236842646 0.23530978164388425 0.0 0.758882046423496
0.2400793650793651 0.0 0.0 0.5255796295696706 0.23551689449079827 0.0 0.7584478130427917
0.24603174603174602 0.0 0.0 0.5370394939304033 0.2507248949641991 0.0 0.7435654508132007
0.23809523809523808 0.0 0.0 0.5396379826434269 0.24187821764601455 0.0 0.7505526606663508
0.23809523809523808 0.0 0.0 0.5392893759737145 0.24306171962838038 0.0 0.7505526606663508
0.23015873015873015 0.0 0.0 0.5407494727072161 0.23539854429256168 0.0 0.7581714827096163
0.24603174603174602 0.0 0.0 0.5340148745800725 0.24501449789928398 0.0 0.7462103268593083
0.23809523809523808 0.0 0.0 0.5355671269749072 0.24205574294336943 0.0 0.7524869729985788
0.23015873015873015 0.0 0.0 0.5394111606045874 0.2363157583288952 0.0 0.7587636191378494
0.24801587301587302 0.0 0.0 0.532147324141279 0.24909757973844607 0.0 0.7450260540028423
0.24801587301587302 0.0 0.0 0.5369154149056675 0.25261849813598436 0.0 0.7421837991473236
0.21428571428571427 0.0 0.0 0.5350917599363728 0.21664003787206343 0.0 0.7776330333175431
0.23809523809523808 0.0 0.0 0.5374143038515821 0.2448369726019291 0.0 0.7515790304752883
0.24603174603174602 0.0 0.0 0.5280687962130973 0.2445115095567785 0.0 0.7498815727143534
0.22023809523809523 0.0 0.0 0.5408285892130456 0.22658145452393633 0.0 0.768711511132165
0.25 0.0 0.0 0.5348559335264981 0.2514941712527369 0.0 0.7415521869572083
0.24404761904761904 0.0 0.0 0.5339729631627339 0.24610923723297237 0.0 0.7481051634296543
0.23015873015873015 0.0 0.0 0.5323551867324436 0.2310491745073673 0.0 0.763145428706774
0.25595238095238093 0.0 0.0 0.5384629813529251 0.26170187585064203 0.0 0.7327885678193591
0.23809523809523808 0.0 0.0 0.5407327186818202 0.245221610746198 0.0 0.7501184272856466
0.2361111111111111 0.0 0.0 0.5326734572929118 0.23773596070773417 0.0 0.7567503552818569
0.2261904761904762 0.0 0.0 0.5333202703477905 0.22581217823539854 0.0 0.7670930048949944
0.24206349206349206 0.0 0.0 0.533104872481947 0.24439315935854192 0.0 0.7502763303331754
0.26587301587301587 0.0 0.0 0.5302200690068113 0.26655423397834194 0.0 0.7280909521553769
0.23015873015873015 0.0 0.0 0.5414235601934068 0.23596070773418545 0.0 0.7578556766145588
0.24801587301587302 0.0 0.0 0.5372329442503889 0.253565299721877 0.0 0.7413942839096795
0.23809523809523808 0.0 0.0 0.5314361795082261 0.23705544706787385 0.0 0.7557634612348019
0.24404761904761904 0.0 0.0 0.5358915457661941 0.24649387537724127 0.0 0.7471972209063635
0.23412698412698413 0.0 0.0 0.5360397248131724 0.23915616308657317 0.0 0.7563161219011527
0.23015873015873015 0.0 0.0 0.531609744132584 0.23060536126398012 0.0 0.7635007105637139
0.251984126984127 0.0 0.0 0.5334879011579845 0.25489673945203856 0.0 0.7403679141007421
0.22817460317460317 0.0 0.0 0.5334691556817244 0.23048701106574354 0.0 0.7646455076582979
0.25595238095238093 0.0 0.0 0.5367584719854399 0.26235280194094324 0.0 0.7332622769619453
0.25 0.0 0.0 0.5274931305762882 0.24797325285519853 0.0 0.7462498026211906
0.23412698412698413 0.0 0.0 0.5386022879854058 0.23951121368128292 0.0 0.7549739459971577
0.24801587301587302 0.0 0.0 0.5291446658537966 0.24557666134090775 0.0 0.747473551239539
0.23214285714285715 0.0 0.0 0.5367546212654474 0.23581276998638973 0.0 0.7585267645665561
0.24404761904761904 0.0 0.0 0.5348634863412445 0.248476241197704 0.0 0.7472761724301279
0.25396825396825395 0.0 0.0 0.5337718367652773 0.2566719924255873 0.0 0.7378809411021633
0.24206349206349206 0.0 0.0 0.5282140637578673 0.24042842771761644 0.0 0.7539475761882204
0.251984126984127 0.0 0.0 0.5345315294418397 0.25578436593881293 0.0 0.7389467866729829
0.24404761904761904 0.0 0.0 0.5308280108346513 0.24155275460086395 0.0 0.7509079425232907
0.24801587301587302 0.0 0.0 0.533284973504354 0.25013314397301617 0.0 0.7442760145270804
0.24404761904761904 0.0 0.0 0.532223501327755 0.2425587312858749 0.0 0.7494868150955314
0.25992063492063494 0.0 0.0 0.5349522985155752 0.25998579797621163 0.0 0.7315253434391285
0.23015873015873015 0.0 0.0 0.5374633768357883 0.22971773477720575 0.0 0.7609347860413705
0.24404761904761904 0.0 0.0 0.5325775574998086 0.24341677022309013 0.0 0.7490920574767093
0.25396825396825395 0.0 0.0 0.534394122766613 0.25699745547073793 0.0 0.7374861834833413
0.2261904761904762 0.0 0.0 0.5320968414397 0.22430321320788213 0.0 0.7680404231801674
0.24404761904761904 0.0 0.0 0.5360382158847821 0.24539913604355287 0.0 0.7472366966682457
0.26785714285714285 0.0 0.0 0.5347836440912017 0.2727676193857625 0.0 0.7224064424443393
0.23809523809523808 0.0 0.0 0.5388308515971387 0.2448961477010474 0.0 0.7510263698089373
0.26785714285714285 0.0 0.0 0.5341295892520467 0.2698384519794071 0.0 0.7232749092057478
0.2619047619047619 0.0 0.0 0.5367946042200487 0.26859577489792297 0.0 0.7271830096320859
0.2361111111111111 0.0 0.0 0.5375502125244895 0.24137522930350908 0.0 0.753671245855045
0.23412698412698413 0.0 0.0 0.5368118665813713 0.23812059885200307 0.0 0.7562371703773882
0.251984126984127 0.0 0.0 0.5298075113515848 0.2516125214509734 0.0 0.7429338386230855
0.2361111111111111 0.0 0.0 0.5330078413119177 0.2388602875909817 0.0 0.7564740249486815
0.23214285714285715 0.0 0.0 0.5376902294294624 0.23714420971655129 0.0 0.7582504342333807
0.251984126984127 0.0 0.0 0.5364799627756919 0.2565240546777916 0.0 0.7379204168640454
0.21626984126984128 0.0 0.0 0.5364606385853287 0.2201905438191609 0.0 0.775303963366493
0.23015873015873015 0.0 0.0 0.5330302842961505 0.22998402272323806 0.0 0.7630270014211273
0.23809523809523808 0.0 0.0 0.5297667224507815 0.23800224865376648 0.0 0.7567898310437391
0.24801587301587302 0.0 0.0 0.5399094129657116 0.2572045683176519 0.0 0.7396968261487447
0.24801587301587302 0.0 0.0 0.5339123602015698 0.25107994555890883 0.0 0.7436838780988473
0.25396825396825395 0.0 0.0 0.5335763695709469 0.25687910527250135 0.0 0.7378019895783989
0.22023809523809523 0.0 0.0 0.5300464681199196 0.21992425587312858 0.0 0.7744749723669667
0.23412698412698413 0.0 0.0 0.5358794038163408 0.23619740813065862 0.0 0.7570661613769145
0.25 0.0 0.0 0.5304301844147138 0.25102077045979054 0.0 0.743644402336965