0.21031746031746032 0.0056022408963585235 0.0 0.5741697034328136 0.22658145452393633 0.0 0.7652771198484132
0.20833333333333334 0.0028011204481792618 0.00512820512820511 0.5412443322506038 0.20882892478844903 0.0 0.7829227854097585
0.20436507936507936 0.0028011204481792618 0.00512820512820511 0.5496210493608634 0.2119947925912776 0.0 0.7816200852676456
0.19047619047619047 0.0028011204481792618 0.00512820512820511 0.5468993699563092 0.19601751582933902 0.0 0.7978051476393495
0.19047619047619047 0.0056022408963585235 0.00512820512820511 0.5726956372707748 0.20267471448014676 0.0 0.7886862466445603
0.23214285714285715 0.0028011204481792618 0.00512820512820511 0.5440103135932878 0.2367003964731641 0.0 0.7551713248065688
0.21031746031746032 0.0 0.0 0.5436092124157319 0.21217231788863247 0.0 0.778777830412127
0.19246031746031747 0.0028011204481792618 0.0 0.5622177970572118 0.20113616190307118 0.0 0.7898705195010265
0.19642857142857142 0.0 0.0 0.5458403658028189 0.202319663885437 0.0 0.7916469287857257
0.21825396825396826 0.0 0.0 0.5603189051192781 0.22906680868690454 0.0 0.7623953892310122
0.21031746031746032 0.0028011204481792618 0.0 0.5697181928228373 0.22560506538848452 0.0 0.7669351018474658
0.20238095238095238 0.0028011204481792618 0.00512820512820511 0.5612472664892533 0.21249778093378308 0.0 0.7794883941260067
0.21428571428571427 0.0 0.0 0.5665618341042777 0.2274690810107107 0.0 0.7644481288488869
0.21031746031746032 0.0 0.0 0.548782840786809 0.217971477602225 0.0 0.7754223906521396
0.2123015873015873 0.0028011204481792618 0.0 0.5675893102071308 0.22510207704597907 0.0 0.7664613927048793
0.1865079365079365 0.0 0.0 0.5526527124365842 0.19202319663885437 0.0 0.8003710721616928
0.21825396825396826 0.0028011204481792618 0.00512820512820511 0.5410186454408074 0.21788271495354755 0.0 0.7729354176535608
0.20238095238095238 0.0 0.0 0.5449702902567648 0.20779336055387893 0.0 0.786120322122217
0.2123015873015873 0.0 0.0 0.568636688044801 0.22652227942481803 0.0 0.7650007895152378
0.19444444444444445 0.0028011204481792618 0.00512820512820511 0.5706553416975533 0.207201609562696 0.0 0.7847781462182222
0.20436507936507936 0.0 0.0 0.5630157058541989 0.21409550860997692 0.0 0.7760145270803727
0.21428571428571427 0.0 0.0 0.551508392561761 0.21885910408899936 0.0 0.7708432022738039
0.2003968253968254 0.0 0.0 0.5647068051598073 0.21021953961772885 0.0 0.7810279488394126
0.21626984126984128 0.0 0.0 0.5585450410360233 0.22800165690277532 0.0 0.7646455076582979
0.20833333333333334 0.0028011204481792618 0.00512820512820511 0.5400240666969086 0.21021953961772885 0.0 0.782646455076583
0.19642857142857142 0.0028011204481792618 0.00512820512820511 0.5447735141358472 0.2010769868039529 0.0 0.7926338228327807
0.21031746031746032 0.0 0.0 0.5526584687388367 0.21592993668264393 0.0 0.7744749723669668
0.21031746031746032 0.0028011204481792618 0.0 0.5668852397916083 0.2226758979821291 0.0 0.7680798989420496
0.1984126984126984 0.0 0.0 0.5466762322835538 0.2049825433457601 0.0 0.7890415285015002
0.20634920634920634 0.0 0.0 0.5554912523506149 0.21699508846677318 0.0 0.7769224696036634
0.2003968253968254 0.0028011204481792618 0.0 0.5669417832709605 0.21125510385229895 0.0 0.779172588030949
0.21626984126984128 0.0 0.0 0.5467217543248536 0.22223208473874193 0.0 0.7699747355123954
0.20833333333333334 0.0028011204481792618 0.00512820512820511 0.5652133431229752 0.21811941535002072 0.0 0.7721853781777989
0.20833333333333334 0.0028011204481792618 0.00512820512820511 0.5696578255959003 0.22107817030593527 0.0 0.7699352597505132
0.1984126984126984 0.0 0.0 0.5650221105073735 0.20879933723888988 0.0 0.7826859308384653
0.19246031746031747 0.0 0.0 0.5489725686151496 0.20110657435351204 0.0 0.7942523290699511
0.21825396825396826 0.0028011204481792618 0.0 0.5719526458105514 0.23270607728267945 0.0 0.7585267645665562
0.1984126984126984 0.0 0.0 0.5449854952495843 0.20175750044381324 0.0 0.790738986262435
0.23412698412698413 0.0 0.0 0.5502545535772485 0.24042842771761644 0.0 0.7501579030475287
0.21031746031746032 0.0028011204481792618 0.0 0.5603891530902562 0.22134445825196758 0.0 0.7705273961787463
0.21626984126984128 0.0 0.0 0.5591373238373375 0.22726196816379668 0.0 0.7648823622295912
0.2003968253968254 0.0 0.0 0.5408449461887236 0.1997751346233505 0.0 0.7910942681193748
0.2003968253968254 0.0028011204481792618 0.0 0.5627331509602754 0.20995325167169654 0.0 0.7813042791725882
0.21031746031746032 0.0 0.0 0.5448877223027215 0.21326705722232084 0.0 0.7779093636507184
0.1984126984126984 0.0028011204481792618 0.0 0.5451407156125403 0.20430202970589975 0.0 0.7899099952629087
0.20833333333333334 0.0 0.0 0.5409496948621002 0.20788212320255636 0.0 0.7835543975998738
0.22023809523809523 0.0 0.0 0.5678174675718901 0.23530978164388425 0.0 0.7564740249486817
0.21031746031746032 0.0 0.0 0.548762434446483 0.21560447363749335 0.0 0.7756592452234328
0.2123015873015873 0.0056022408963585235 0.0 0.567900708170528 0.22687733001952778 0.0 0.7655534501815886
0.20833333333333334 0.0 0.0 0.5671805017986201 0.22087105745902125 0.0 0.7700142112742776
0.2003968253968254 0.0028011204481792618 0.0 0.5652368929838508 0.2108408781584709 0.0 0.7798042002210643
0.22023809523809523 0.0 0.0 0.5489213566894315 0.22403692526184982 0.0 0.7661061108479394
0.2003968253968254 0.0 0.0 0.5522607210845191 0.20666903367063139 0.0 0.7848965735038687
0.23412698412698413 0.0 0.0 0.5588265938311666 0.24519202319663885 0.0 0.7454208116216643
0.20634920634920634 0.0028011204481792618 0.0 0.5602089230384996 0.21554529853837506 0.0 0.7757381967471974
0.19444444444444445 0.0028011204481792618 0.0 0.5608632585397484 0.2034144032191254 0.0 0.7880941102163272
0.22023809523809523 0.0 0.0 0.5573183078593893 0.23063494881353927 0.0 0.7610532133270173
0.20436507936507936 0.0 0.0 0.5627924599059102 0.21448014675424582 0.0 0.7768829938417812
0.1984126984126984 0.0028011204481792618 0.0 0.5609031696847556 0.20909521273448134 0.0 0.7839096794568136
0.2003968253968254 0.0 0.0 0.5656436630368977 0.21078170305935262 0.0 0.7798436759829466
0.21825396825396826 0.0028011204481792618 0.0 0.5652980294273963 0.23131546245339962 0.0 0.7605005526606664
0.20833333333333334 0.0028011204481792618 0.0 0.5640856852454985 0.21794189005266584 0.0 0.7722248539396812
0.21031746031746032 0.0 0.0 0.5688223549370014 0.22329723652287117 0.0 0.7681983262276962
0.21825396825396826 0.0 0.0 0.5522893250749425 0.2241552754600864 0.0 0.7659087320385284
0.21626984126984128 0.0 0.0 0.5620517049749373 0.2274690810107107 0.0 0.763895468182536
0.2003968253968254 0.0028011204481792618 0.0 0.5642519455641949 0.20936150068051365 0.0 0.7804358124111797
0.19047619047619047 0.0 0.0 0.5475236547489323 0.19341381146813422 0.0 0.7985551871151113
0.20238095238095238 0.0 0.0 0.5478433189469732 0.210249127167288 0.0 0.7845018158850467
0.21428571428571427 0.0 0.0 0.5689308942538638 0.22764660630806557 0.0 0.7640138954681825
0.20436507936507936 0.0 0.0 0.5543886637223092 0.21033788981596543 0.0 0.7800805305542398
0.2123015873015873 0.0 0.0 0.5448285735748193 0.2161074619799988 0.0 0.7755408179377862
0.22023809523809523 0.0 0.0 0.563705336597248 0.23439256760755076 0.0 0.7581714827096164