0.30357142857142855 0.0 0.0 0.5335354270429586 0.3028285697378543 0.0 0.68893099636823
0.27380952380952384 0.0 0.0 0.5281850953313714 0.2630924906799219 0.0 0.7261566398231487
0.26785714285714285 0.0 0.0 0.5345560049093228 0.27093319131309546 0.0 0.7235907153008053
0.24206349206349206 0.0 0.0 0.5341388185434057 0.24090182851056274 0.0 0.750750039475762
0.28174603174603174 0.0 0.0 0.5286294046247371 0.28114089591100067 0.0 0.7138402021159009
0.26785714285714285 0.0 0.0 0.5292064540396982 0.26099177466122253 0.0 0.7296305068687827
0.25595238095238093 0.0 0.0 0.532351638974513 0.25196757204568315 0.0 0.7388283593873364
0.2698412698412698 0.0 0.0 0.5341793445559488 0.27294514468311737 0.0 0.7220511605873994
0.30952380952380953 0.0 0.0 0.5287287244173459 0.3080951535593822 0.0 0.686049265750829
0.26587301587301587 0.0 0.0 0.5272976900017003 0.26196816379667437 0.0 0.731446391915364
0.25 0.0 0.0 0.5298983111149471 0.24584294928694006 0.0 0.7459339965261329
0.2876984126984127 0.0 0.0 0.5269805586151487 0.2794544055861294 0.0 0.7114321806410865
0.27380952380952384 0.0 0.0 0.5327363474852812 0.2762885377833008 0.0 0.7188141481130585
0.27976190476190477 0.0 0.0 0.5289609013786134 0.270844428664418 0.0 0.7183799147323544
0.25396825396825395 0.0 0.0 0.5358316577640395 0.2525001479377478 0.0 0.738552029054161
0.2757936507936508 0.0 0.0 0.5289218487901441 0.2671163974199657 0.0 0.7222880151586928
0.26587301587301587 0.0 0.0 0.5241406145641833 0.26007456062488904 0.0 0.7347623559134693
0.2837301587301587 0.0 0.0 0.5247028854435545 0.277146576720516 0.0 0.7169982630664773
0.2876984126984127 0.0 0.0 0.5271607314011649 0.27892182969406476 0.0 0.7116690352123797
0.24404761904761904 0.0 0.0 0.5314480914463595 0.23939286348304634 0.0 0.7512237486183484
0.2837301587301587 0.0 0.0 0.5256998087446748 0.27605183738682765 0.0 0.7160903205431866
0.30753968253968256 0.0 0.0 0.5283439759270457 0.3038937215219836 0.0 0.6884178114637614
0.27380952380952384 0.0 0.0 0.5282317718272658 0.2713770045564826 0.0 0.7224853939681036
0.2916666666666667 0.0 0.0 0.5273739106723051 0.2874726315166578 0.0 0.7060240012632245
0.2718253968253968 0.0 0.0 0.5331410221360643 0.272057518196343 0.0 0.7214195483972841
0.25396825396825395 0.0 0.0 0.5260426871366676 0.24747026451269305 0.0 0.7449471024790779
0.24801587301587302 0.0 0.0 0.5305698924077047 0.24397893366471388 0.0 0.747473551239539
0.2996031746031746 0.0 0.0 0.5270158942556468 0.2962009586366057 0.0 0.6980893731249014
0.2777777777777778 0.0 0.0 0.5287407692216424 0.2693354636369016 0.0 0.7202352755408181
0.2857142857142857 0.0 0.0 0.5293043865117715 0.28575655364222735 0.0 0.7094978683088582
0.2619047619047619 0.0 0.0 0.5337539346381951 0.259453222084147 0.0 0.7310911100584243
0.27976190476190477 0.0 0.0 0.5276488632451503 0.27013432747499855 0.0 0.7191694299699986
0.23809523809523808 0.0 0.0 0.5277910062481971 0.2341558672110776 0.0 0.7588820464234961
0.2400793650793651 0.0 0.0 0.5275718101521113 0.23622699568021777 0.0 0.7572635401863257
0.26785714285714285 0.0 0.0 0.5344750773003228 0.2707556660157406 0.0 0.7238670456339807
0.28174603174603174 0.0 0.0 0.5331384021400296 0.2830049115332268 0.0 0.710405810832149
0.2638888888888889 0.0 0.0 0.5358609369695665 0.26581454523936326 0.0 0.7272619611558504
0.29365079365079366 0.0 0.0 0.5280556904976523 0.2891887093910882 0.0 0.7040107374072321
0.2718253968253968 0.0 0.0 0.5255522155932492 0.2638617669684597 0.0 0.7284857097741988
0.25595238095238093 0.0 0.0 0.536991059668525 0.2542458133617374 0.0 0.7354334438654668
0.29365079365079366 0.0 0.0 0.527252753397562 0.28498727735368956 0.0 0.7054318648349913
0.25992063492063494 0.0 0.0 0.5281727305702452 0.2514941712527369 0.0 0.7388678351492185
0.30158730158730157 0.0 0.0 0.525766632418893 0.29803538670927276 0.0 0.6971419548397285
0.2757936507936508 0.0 0.0 0.5273226635820042 0.273684833422096 0.0 0.7209458392546977
0.27380952380952384 0.0 0.0 0.5296564587553649 0.26566660749156756 0.0 0.7236301910626877
0.2777777777777778 0.0 0.0 0.5280785594622783 0.26744186046511625 0.0 0.7220116848255171
0.24404761904761904 0.0 0.0 0.5309316681932404 0.24069471566364872 0.0 0.751539554713406
0.2996031746031746 0.0 0.0 0.528426404691528 0.2941890052665838 0.0 0.6975761882204328
0.32142857142857145 0.0 0.0 0.5288357892204207 0.3197230605361264 0.0 0.6740881099005211
0.2777777777777778 0.0 0.0 0.5261525158921557 0.2652523817977395 0.0 0.7244197063003317
0.2777777777777778 0.0 0.0 0.5286844027515892 0.26892123794307354 0.0 0.7205510816358758
0.27380952380952384 0.0 0.0 0.5325282891397343 0.2742174093141606 0.0 0.720037896731407
0.26785714285714285 0.0 0.0 0.533909023546341 0.2652523817977395 0.0 0.7250513184904469
0.30357142857142855 0.0 0.0 0.5272901877457637 0.29596425824013256 0.0 0.6948128848886785
0.27976190476190477 0.0 0.0 0.5326057421583521 0.283448724776614 0.0 0.7121427443549659
0.29563492063492064 0.0 0.0 0.5307686927523598 0.29312385348245457 0.0 0.6995105005526607
0.31746031746031744 0.0 0.0 0.5288706080559541 0.3120598852003077 0.0 0.6785093952313281
0.26785714285714285 0.0 0.0 0.5310060162074596 0.2679744363571809 0.0 0.7265908732038528
0.26785714285714285 0.0 0.0 0.52937418846828 0.26282620273388957 0.0 0.7291962734880784
0.28174603174603174 0.0 0.0 0.5313049431925513 0.2825315107402805 0.0 0.7118664140217907
0.28174603174603174 0.0 0.0 0.5253660921934464 0.27267885673708503 0.0 0.7187746723511765
0.25595238095238093 0.0 0.0 0.5300567296593788 0.2528847860820167 0.0 0.7399731564819203
0.29563492063492064 0.0 0.0 0.5291468390378687 0.29081602461684125 0.0 0.7012079583135956
0.30158730158730157 0.0 0.0 0.5287945914725082 0.29753239836676726 0.0 0.6950102636980895
0.26587301587301587 0.0 0.0 0.5269718422720002 0.2580921948044263 0.0 0.7334991315332386
0.28174603174603174 0.0 0.0 0.5289509198021297 0.2759630747381502 0.0 0.715182378019896
0.23214285714285715 0.0 0.0 0.5321121911401594 0.2298064974258832 0.0 0.7627901468498344
0.27380952380952384 0.0 0.0 0.5290042277595792 0.2654299070950944 0.0 0.724103900205274