0,0.0
21,0.25925925925925924
26,0.32098765432098764
0,0.0
7,0.08641975308641975
26,0.32098765432098764
81,1.0
11,0.13580246913580246
20,0.24691358024691357
81,1.0
5,0.06172839506172839
74,0.9135802469135802
8,0.09876543209876543
0,0.0
0,0.0
18,0.2222222222222222
0,0.0
1,0.012345679012345678
1,0.012345679012345678
34,0.41975308641975306
81,1.0
0,0.0
16,0.19753086419753085
17,0.20987654320987653
0,0.0
1,0.012345679012345678
1,0.012345679012345678
0,0.0
7,0.08641975308641975
15,0.18518518518518517
71,0.8765432098765432
4,0.04938271604938271
15,0.18518518518518517
0,0.0
2,0.024691358024691357
1,0.012345679012345678
11,0.13580246913580246
0,0.0
9,0.1111111111111111
0,0.0
38,0.4691358024691358
34,0.41975308641975306
0,0.0
31,0.38271604938271603
29,0.35802469135802467
2,0.024691358024691357
8,0.09876543209876543
71,0.8765432098765432
0,0.0
4,0.04938271604938271
0,0.0
43,0.5308641975308642
10,0.12345679012345678
5,0.06172839506172839
9,0.1111111111111111
2,0.024691358024691357
6,0.07407407407407407
0,0.0
1,0.012345679012345678
0,0.0
4,0.04938271604938271
32,0.3950617283950617
49,0.6049382716049383
7,0.08641975308641975
37,0.4567901234567901
9,0.1111111111111111
46,0.5679012345679012
38,0.4691358024691358
44,0.5432098765432098
21,0.25925925925925924
46,0.5679012345679012
59,0.7283950617283951
29,0.35802469135802467
15,0.18518518518518517
52,0.6419753086419753
0,0.0
0,0.0
1,0.012345679012345678
65,0.8024691358024691
39,0.48148148148148145
11,0.13580246913580246
32,0.3950617283950617
26,0.32098765432098764
29,0.35802469135802467
2,0.024691358024691357
20,0.24691358024691357
31,0.38271604938271603
81,1.0
75,0.9259259259259259
1,0.012345679012345678
9,0.1111111111111111
1,0.012345679012345678
78,0.9629629629629629
2,0.024691358024691357
17,0.20987654320987653
11,0.13580246913580246
59,0.7283950617283951
34,0.41975308641975306
76,0.9382716049382716
64,0.7901234567901234
12,0.14814814814814814
71,0.8765432098765432
0,0.0
71,0.8765432098765432
11,0.13580246913580246
13,0.16049382716049382
0,0.0
1,0.012345679012345678
0,0.0
62,0.7654320987654321
28,0.345679012345679
0,0.0
3,0.037037037037037035
1,0.012345679012345678
81,1.0
1,0.012345679012345678
2,0.024691358024691357
81,1.0
1,0.012345679012345678
11,0.13580246913580246
0,0.0
2,0.024691358024691357
1,0.012345679012345678
1,0.012345679012345678
0,0.0
0,0.0
0,0.0
3,0.037037037037037035
81,1.0
1,0.012345679012345678
9,0.1111111111111111
74,0.9135802469135802
0,0.0
6,0.07407407407407407
61,0.7530864197530864
5,0.06172839506172839
0,0.0
1,0.012345679012345678
5,0.06172839506172839
62,0.7654320987654321
5,0.06172839506172839
1,0.012345679012345678
61,0.7530864197530864
79,0.9753086419753086
3,0.037037037037037035
5,0.06172839506172839
9,0.1111111111111111
22,0.2716049382716049
1,0.012345679012345678
1,0.012345679012345678
19,0.2345679012345679
23,0.2839506172839506
1,0.012345679012345678
0,0.0
8,0.09876543209876543
38,0.4691358024691358
62,0.7654320987654321
18,0.2222222222222222
2,0.024691358024691357
0,0.0
2,0.024691358024691357
23,0.2839506172839506
72,0.8888888888888888
64,0.7901234567901234
3,0.037037037037037035
69,0.8518518518518519
45,0.5555555555555556
69,0.8518518518518519
80,0.9876543209876543
81,1.0
0,0.0
76,0.9382716049382716
48,0.5925925925925926
1,0.012345679012345678
0,0.0
70,0.8641975308641975
71,0.8765432098765432
4,0.04938271604938271
1,0.012345679012345678
71,0.8765432098765432
2,0.024691358024691357
0,0.0
0,0.0
8,0.09876543209876543
2,0.024691358024691357
3,0.037037037037037035
4,0.04938271604938271
77,0.9506172839506173
79,0.9753086419753086
5,0.06172839506172839
0,0.0
14,0.1728395061728395
0,0.0
19,0.2345679012345679
54,0.6666666666666666
1,0.012345679012345678
3,0.037037037037037035
81,1.0
80,0.9876543209876543
6,0.07407407407407407
12,0.14814814814814814
9,0.1111111111111111
80,0.9876543209876543
81,1.0
79,0.9753086419753086
52,0.6419753086419753
1,0.012345679012345678
2,0.024691358024691357
53,0.654320987654321
32,0.3950617283950617
53,0.654320987654321
9,0.1111111111111111
5,0.06172839506172839
6,0.07407407407407407
27,0.3333333333333333
34,0.41975308641975306
4,0.04938271604938271
1,0.012345679012345678
0,0.0
0,0.0
0,0.0
1,0.012345679012345678
7,0.08641975308641975
10,0.12345679012345678
77,0.9506172839506173
81,1.0
52,0.6419753086419753
11,0.13580246913580246
29,0.35802469135802467
29,0.35802469135802467
12,0.14814814814814814
62,0.7654320987654321
23,0.2839506172839506
21,0.25925925925925924
74,0.9135802469135802
18,0.2222222222222222
0,0.0
0,0.0
0,0.0
29,0.35802469135802467
52,0.6419753086419753
19,0.2345679012345679
0,0.0
64,0.7901234567901234
81,1.0
2,0.024691358024691357
1,0.012345679012345678
25,0.30864197530864196
13,0.16049382716049382
0,0.0
38,0.4691358024691358
81,1.0
81,1.0
22,0.2716049382716049
65,0.8024691358024691
24,0.2962962962962963
68,0.8395061728395061
72,0.8888888888888888
3,0.037037037037037035
22,0.2716049382716049
2,0.024691358024691357
33,0.4074074074074074
0,0.0
9,0.1111111111111111
41,0.5061728395061729
4,0.04938271604938271
41,0.5061728395061729
1,0.012345679012345678
79,0.9753086419753086
34,0.41975308641975306
1,0.012345679012345678
7,0.08641975308641975
0,0.0
1,0.012345679012345678
13,0.16049382716049382
16,0.19753086419753085
53,0.654320987654321
4,0.04938271604938271
1,0.012345679012345678
1,0.012345679012345678
0,0.0
16,0.19753086419753085
69,0.8518518518518519
41,0.5061728395061729
37,0.4567901234567901
1,0.012345679012345678
43,0.5308641975308642
3,0.037037037037037035
18,0.2222222222222222
46,0.5679012345679012
0,0.0
1,0.012345679012345678
1,0.012345679012345678
42,0.5185185185185185
48,0.5925925925925926
33,0.4074074074074074
6,0.07407407407407407
34,0.41975308641975306
26,0.32098765432098764
81,1.0
46,0.5679012345679012
5,0.06172839506172839
37,0.4567901234567901
8,0.09876543209876543
0,0.0
26,0.32098765432098764
81,1.0
7,0.08641975308641975
0,0.0
2,0.024691358024691357
45,0.5555555555555556
12,0.14814814814814814
36,0.4444444444444444
0,0.0
80,0.9876543209876543
5,0.06172839506172839
27,0.3333333333333333
69,0.8518518518518519
1,0.012345679012345678
31,0.38271604938271603
5,0.06172839506172839
38,0.4691358024691358
12,0.14814814814814814
0,0.0
44,0.5432098765432098
3,0.037037037037037035
1,0.012345679012345678
6,0.07407407407407407
18,0.2222222222222222
11,0.13580246913580246
2,0.024691358024691357
15,0.18518518518518517
1,0.012345679012345678
20,0.24691358024691357
80,0.9876543209876543
13,0.16049382716049382
6,0.07407407407407407
79,0.9753086419753086
76,0.9382716049382716
6,0.07407407407407407
1,0.012345679012345678
18,0.2222222222222222
80,0.9876543209876543
5,0.06172839506172839
0,0.0
4,0.04938271604938271
1,0.012345679012345678
1,0.012345679012345678
1,0.012345679012345678
1,0.012345679012345678
0,0.0
1,0.012345679012345678
72,0.8888888888888888
0,0.0
0,0.0
74,0.9135802469135802
7,0.08641975308641975
80,0.9876543209876543
0,0.0
0,0.0
78,0.9629629629629629
10,0.12345679012345678
0,0.0
8,0.09876543209876543
38,0.4691358024691358
14,0.1728395061728395
78,0.9629629629629629
9,0.1111111111111111
0,0.0
0,0.0
81,1.0
11,0.13580246913580246
5,0.06172839506172839
67,0.8271604938271605
3,0.037037037037037035
4,0.04938271604938271
75,0.9259259259259259
0,0.0
6,0.07407407407407407
5,0.06172839506172839
20,0.24691358024691357
7,0.08641975308641975
2,0.024691358024691357
8,0.09876543209876543
10,0.12345679012345678
0,0.0
1,0.012345679012345678
23,0.2839506172839506
20,0.24691358024691357
7,0.08641975308641975
26,0.32098765432098764
81,1.0
4,0.04938271604938271
3,0.037037037037037035
1,0.012345679012345678
6,0.07407407407407407
7,0.08641975308641975
8,0.09876543209876543
52,0.6419753086419753
61,0.7530864197530864
1,0.012345679012345678
15,0.18518518518518517
71,0.8765432098765432
0,0.0
74,0.9135802469135802
18,0.2222222222222222
1,0.012345679012345678
2,0.024691358024691357
71,0.8765432098765432
8,0.09876543209876543
9,0.1111111111111111
81,1.0
1,0.012345679012345678
39,0.48148148148148145
4,0.04938271604938271
4,0.04938271604938271
0,0.0
60,0.7407407407407407
15,0.18518518518518517
60,0.7407407407407407
16,0.19753086419753085
0,0.0
7,0.08641975308641975
40,0.49382716049382713
79,0.9753086419753086
3,0.037037037037037035
4,0.04938271604938271
73,0.9012345679012346
74,0.9135802469135802
0,0.0
10,0.12345679012345678
0,0.0
16,0.19753086419753085
7,0.08641975308641975
1,0.012345679012345678
80,0.9876543209876543
57,0.7037037037037037
0,0.0
2,0.024691358024691357
5,0.06172839506172839
1,0.012345679012345678
0,0.0
17,0.20987654320987653
40,0.49382716049382713
62,0.7654320987654321
11,0.13580246913580246
74,0.9135802469135802
16,0.19753086419753085
0,0.0
0,0.0
9,0.1111111111111111
0,0.0
24,0.2962962962962963
0,0.0
18,0.2222222222222222
19,0.2345679012345679
0,0.0
6,0.07407407407407407
63,0.7777777777777778
0,0.0
0,0.0
30,0.37037037037037035
12,0.14814814814814814
2,0.024691358024691357
56,0.691358024691358
51,0.6296296296296297
11,0.13580246913580246
7,0.08641975308641975
0,0.0
4,0.04938271604938271
25,0.30864197530864196
11,0.13580246913580246
3,0.037037037037037035
13,0.16049382716049382
1,0.012345679012345678
1,0.012345679012345678
24,0.2962962962962963
1,0.012345679012345678
72,0.8888888888888888
24,0.2962962962962963
0,0.0
2,0.024691358024691357
3,0.037037037037037035
52,0.6419753086419753
4,0.04938271604938271
0,0.0
42,0.5185185185185185
2,0.024691358024691357
8,0.09876543209876543
1,0.012345679012345678
0,0.0
0,0.0
5,0.06172839506172839
2,0.024691358024691357
12,0.14814814814814814
0,0.0
2,0.024691358024691357
3,0.037037037037037035
14,0.1728395061728395
9,0.1111111111111111
0,0.0
0,0.0
25,0.30864197530864196
0,0.0
