0.3920909090909091 0.0 0.0 0.4806405545755921 0.3788966100653466 0.0 0.6216217449154168
0.3875454545454545 0.0 0.0 0.4815997266191553 0.3752556061885634 0.0 0.6252286637521394
0.3942727272727273 0.0 0.0 0.48054228308116465 0.3809314568159507 0.0 0.6195962744725352
0.3900909090909091 0.0 0.0 0.48068388504263493 0.3767417302199035 0.0 0.623653297852121
0.38827272727272727 0.0 0.0 0.4812834734497895 0.37535491928488857 0.0 0.6248667553697029
0.3926363636363636 0.0 0.0 0.480592749006666 0.37924670659196036 0.0 0.62123550655769
0.3870909090909091 0.0 0.0 0.4816908734016603 0.374849065528067 0.0 0.625678768295002
0.3886363636363636 0.0 0.0 0.48086475808331236 0.37553282547902495 0.0 0.6248424253944131
0.3946363636363636 0.0 0.0 0.48050071361901314 0.3811972443830942 0.0 0.619258696065388
0.39545454545454545 0.0 0.0 0.48047415794241327 0.38226682499603465 0.0 0.6184086675536984
0.39590909090909093 0.0 0.0 0.48029444933759413 0.38250188980676103 0.0 0.6180832541341965