0.4970909090909091 0.0 0.0 0.4718424297964811 0.4967189404515998 0.0 0.5025749809754863
0.5043636363636363 0.0 0.0 0.4710689469640399 0.502974860142683 0.0 0.4963727614745611
0.49618181818181817 0.0 0.0 0.4728940051263223 0.4978920484641786 0.0 0.5017728252200189
0.503 0.0 0.0 0.47182302351992794 0.5022344680105308 0.0 0.49689126519482596
0.487 0.0 0.0 0.4740293330961221 0.48906641671868445 0.0 0.5109686411999992
0.509090909090909 0.0 0.0 0.47213322979652433 0.5094734748611273 0.0 0.4899600904636474
0.49372727272727274 0.0 0.0 0.47202297833619183 0.49388487296170636 0.0 0.5055274021591086
0.5021818181818182 0.0 0.0 0.4716781294457185 0.5011996912407278 0.0 0.4979557228323094
0.4950909090909091 0.0 0.0 0.47103883302813426 0.49375737192299135 0.0 0.5054328514807074
0.5026363636363637 0.0 0.0 0.4715723115632961 0.50152459736255 0.0 0.4976339455235571
0.4970909090909091 0.0 0.0 0.47125941803070165 0.4960651899519336 0.0 0.5032139605601649
0.4880909090909091 0.0 0.0 0.47118341667249847 0.48801884061680967 0.0 0.5118653476338682
0.502 0.0 0.0 0.47004908002737106 0.5000206758441159 0.0 0.49944413351165695
0.5035454545454545 0.0 0.0 0.4728214013708895 0.5055229117889725 0.0 0.4943170467248079
0.4853636363636364 0.0 0.0 0.4713249461270211 0.48556530711505025 0.0 0.5145173416619262
0.5022727272727273 0.0 0.0 0.47304279760797235 0.5036000582861891 0.0 0.4957520820211858
0.49718181818181817 0.0 0.0 0.47315755353731603 0.49865114731243565 0.0 0.5009081440159306
0.488 0.0 0.0 0.4719856159231605 0.4893105885920538 0.0 0.5109411910030448
0.48918181818181816 0.0 0.0 0.47002629681573754 0.4873306303769502 0.0 0.5123960514416681
0.503 0.0 0.0 0.4702266655728386 0.5012666415931033 0.0 0.4982149746924426
0.5136363636363637 0.0 0.0 0.47073619618610424 0.5127053062092514 0.0 0.48715864536327924
0.49827272727272726 0.0 0.0 0.47095186409979406 0.49811603677543476 0.0 0.5014906981957581
0.49163636363636365 0.0 0.0 0.47182857249773824 0.49137275790161844 0.0 0.507935394436454
0.49972727272727274 0.0 0.0 0.4702334086386676 0.4979988736587777 0.0 0.5014952732285836
0.5051818181818182 0.0 0.0 0.4714593787041655 0.505204897615189 0.0 0.49417674571814874
0.49563636363636365 0.0 0.0 0.4710949597250293 0.4952160034971714 0.0 0.5043134934493143
0.5050909090909091 0.0 0.0 0.4722787634305489 0.5062096451828237 0.0 0.49347371567390685
0.4853636363636364 0.0 0.0 0.4713048450843988 0.4855357701948846 0.0 0.5145463168698232
0.49472727272727274 0.0 0.0 0.47249062261562946 0.4952046810111079 0.0 0.5040664416767169
0.4894545454545455 0.0 0.0 0.4711250470392577 0.48849290818546826 0.0 0.5109350909592769
0.48872727272727273 0.0 0.0 0.46996021491344486 0.4867285694875738 0.0 0.513018255905985
0.5086363636363637 0.0 0.0 0.47306938340833443 0.5105791402393278 0.0 0.4889337580997115
0.4859090909090909 0.0 0.0 0.47074368369006975 0.4854481439983932 0.0 0.5146012172637329
0.5012727272727273 0.0 0.0 0.47164672161312177 0.5018647642264576 0.0 0.4977818715849265
0.4924545454545455 0.0 0.0 0.4724970874077398 0.4933655154487938 0.0 0.5062914326410284
0.5124545454545455 0.0 0.0 0.47236120578107704 0.5128731743721927 0.0 0.48682466796698987
0.4869090909090909 0.0 0.0 0.4711300582584015 0.48660303757686985 0.0 0.5133934085977063
0.5010909090909091 0.0 0.0 0.4715416026343677 0.5007443303881742 0.0 0.4986984031610405
0.4869090909090909 0.0 0.0 0.47031564102868756 0.4854993413266803 0.0 0.5142474147251992
0.49572727272727274 0.0 0.0 0.4700578352847529 0.4942565458737907 0.0 0.5052162999269505
0.5084545454545455 0.0 0.0 0.4716380455512933 0.5084224527852331 0.0 0.4911175737685899
0.485 0.0 0.0 0.4717902274819368 0.4857548356861131 0.0 0.5143816156880922
0.4988181818181818 0.0 0.0 0.47178888905707117 0.49924877766378717 0.0 0.5003713401643642
0.5007272727272727 0.0 0.0 0.4726244994412888 0.5019804504971064 0.0 0.49745399423240677
0.49981818181818183 0.0 0.0 0.472663486243088 0.5009067834490852 0.0 0.4984010260273596
0.4969090909090909 0.0 0.0 0.4718214062682342 0.49721516071038263 0.0 0.5022013532947078
0.5082727272727273 0.0 0.0 0.4723025895546289 0.5094754439891382 0.0 0.49010496650313196
0.5099090909090909 0.0 0.0 0.4712819320704889 0.5101483934869122 0.0 0.4897160887129358
0.5019090909090909 0.0 0.0 0.47105692723860515 0.5002722319475267 0.0 0.49886920438653903
0.49981818181818183 0.0 0.0 0.4726026176903942 0.501032807641792 0.0 0.4984528763993864
0.5 0.0 0.0 0.47226689427876645 0.5003613349900263 0.0 0.49886462935371334
0.5046363636363637 0.0 0.0 0.4710312276575609 0.5038934583598346 0.0 0.4956727814522047
0.4889090909090909 0.0 0.0 0.47163871696580795 0.48962712591982893 0.0 0.5104608125563295
0.4940909090909091 0.0 0.0 0.4702354798189688 0.4924995914059377 0.0 0.5070707132323671
0.49727272727272726 0.0 0.0 0.4726287254341236 0.4991104464210114 0.0 0.5009264441472341
0.4979090909090909 0.0 0.0 0.4720208512844721 0.49882147688539086 0.0 0.5008700187423833
0.5029090909090909 0.0 0.0 0.4724984660515146 0.5043306047782861 0.0 0.49532660396838113
0.4970909090909091 0.0 0.0 0.4726263110607037 0.49852069258170406 0.0 0.5012024711277285
0.5048181818181818 0.0 0.0 0.4720066441041363 0.5054549768725916 0.0 0.4940882950835156
0.49572727272727274 0.0 0.0 0.47209954618285804 0.49588796843093974 0.0 0.503503712639136
0.5084545454545455 0.0 0.0 0.4705965563500932 0.5076722150130257 0.0 0.4920478304431819
0.49672727272727274 0.0 0.0 0.47088391356621123 0.4962798249051373 0.0 0.5034244120701552
0.4939090909090909 0.0 0.0 0.47144675270928704 0.4939533001600901 0.0 0.505628052881278
0.5044545454545455 0.0 0.0 0.47197750598657734 0.5040450812166848 0.0 0.49515580274288384
0.508090909090909 0.0 0.0 0.4701149719585362 0.50598073405154 0.0 0.4936124916696265
0.5015454545454545 0.0 0.0 0.4711564575159134 0.5000462745082596 0.0 0.49907660587464486
0.4980909090909091 0.0 0.0 0.470812877648559 0.4972939258308243 0.0 0.5022654037542702
0.502 0.0 0.0 0.4715355404070759 0.5008107884585469 0.0 0.4983263004912042
0.5008181818181818 0.0 0.0 0.47176380416387903 0.5015689027427984 0.0 0.49809144880614287
0.5056363636363637 0.0 0.0 0.47138267052406263 0.504491088711186 0.0 0.494557998453637
0.5074545454545455 0.0 0.0 0.4705675864403203 0.5066093781690654 0.0 0.4931549883870402
0.5054545454545455 0.0 0.0 0.4713900080139093 0.5042213181736731 0.0 0.4948569005982596
0.5068181818181818 0.0 0.0 0.47045073108773394 0.5048583310852455 0.0 0.4943139967029243
0.502 0.0 0.0 0.4713713164650669 0.5017682769539165 0.0 0.4977452713223204
0.4959090909090909 0.0 0.0 0.4718618014733793 0.49632363800338297 0.0 0.5031270349364738
0.4974545454545454 0.0 0.0 0.4708557160039137 0.49715214861402923 0.0 0.5025246556144028
0.5054545454545455 0.0 0.0 0.47218529351580313 0.5064853231043697 0.0 0.4932068387590651
0.5107272727272727 0.0 0.0 0.47071146694704835 0.5098638544893165 0.0 0.4900637912077008
0.5021818181818182 0.0 0.0 0.4712718445875525 0.5017731997739441 0.0 0.4978947223946316
0.5148181818181818 0.0 0.0 0.4706168639327279 0.5136283349644277 0.0 0.48616891326195133
0.48663636363636364 0.0 0.0 0.4710431549300117 0.4861594914923824 0.0 0.513799061508266
0.5129090909090909 0.0 0.0 0.4708792764971864 0.5123395406812001 0.0 0.48762072367869047
0.49218181818181816 0.0 0.0 0.4727863948594794 0.4931410348555349 0.0 0.506398183406964
0.49318181818181817 0.0 0.0 0.47345275260367564 0.4954842971886759 0.0 0.5047770967756677
0.49563636363636365 0.0 0.0 0.47058471597215124 0.49504075110418855 0.0 0.5049661981324711
0.5122727272727273 0.0 0.0 0.4712028505535562 0.5121027530378722 0.0 0.48763597378811063
0.5003636363636363 0.0 0.0 0.47183408007120325 0.500090579888508 0.0 0.498995780294722
0.5028181818181818 0.0 0.0 0.472027415748172 0.5023560616652127 0.0 0.49676926431946966
0.4980909090909091 0.0 0.0 0.4715801833934468 0.4977345182232952 0.0 0.5016096490492309
0.5123636363636364 0.0 0.0 0.47074806737694463 0.5114204501820458 0.0 0.48836492901836437
0.4980909090909091 0.0 0.0 0.4706925570802355 0.49663672935713876 0.0 0.5027290070806241
0.5099090909090909 0.0 0.0 0.4721440460101272 0.511220583688925 0.0 0.48854030527668935
0.4827272727272727 0.0 0.0 0.47097765563538835 0.4816969551373565 0.0 0.5178510155810351
0.49963636363636366 0.0 0.0 0.47160441101327605 0.5002072507231623 0.0 0.49936635795361606
0.5073636363636363 0.0 0.0 0.4707396014825276 0.5063922818058479 0.0 0.4932312389341381
0.4864545454545455 0.0 0.0 0.4714614005280442 0.48582867798652724 0.0 0.5136496104359543
0.49027272727272725 0.0 0.0 0.4700749825536548 0.48839494406691886 0.0 0.5112187429944799
0.5055454545454545 0.0 0.0 0.47224829524623374 0.5060846055541225 0.0 0.4932571641201501
0.4819090909090909 0.0 0.0 0.47196644315020714 0.48266576611878964 0.0 0.5173721621452632
0.5131818181818182 0.0 0.0 0.4708957037713941 0.5124847638720146 0.0 0.4875734483394901
0.4863636363636364 0.0 0.0 0.47142667890483975 0.4867374305636235 0.0 0.5132820827989435
0.4868181818181818 0.0 0.0 0.47127283084502836 0.48590891995297725 0.0 0.513430008860313
0.5007272727272727 0.0 0.0 0.4715594411161044 0.5006877179578567 0.0 0.4988722544084241
0.5073636363636363 0.0 0.0 0.4704920610308053 0.5056287524195661 0.0 0.49403034466772067
0.494 0.0 0.0 0.470426759107116 0.492295294374792 0.0 0.5070219128822229
0.5067272727272727 0.0 0.0 0.47234193481940395 0.5073059572029718 0.0 0.49196242983043237
0.5031818181818182 0.0 0.0 0.4718140441522911 0.5032682602163284 0.0 0.49598235867342166
0.5128181818181818 0.0 0.0 0.4722833516427206 0.5137051309568583 0.0 0.48596151177384395
0.49672727272727274 0.0 0.0 0.4702646964870421 0.49524701726334525 0.0 0.50407559174237
0.4864545454545455 0.0 0.0 0.4710922182005873 0.4866222365749775 0.0 0.51347423417763
0.49854545454545457 0.0 0.0 0.47210558886327436 0.49823467673810007 0.0 0.5012009461167859
0.4913636363636364 0.0 0.0 0.4712363927933392 0.4916341596450844 0.0 0.508418822905053