nsga-ii 0.1 metric-min-ed-value 1.7597010105709305 0 
nsga-ii 0.1 metric-min-ed-solution 1.622212031212281;0.67110092010117;1.67110092010117;0.6719247130543957;0.6242772861606991;1.67110092010117;1.7190727014062845 0 
r-nsga-ii 0.1 metric-min-ed-value 1.7636950579987891 0 
r-nsga-ii 0.1 metric-min-ed-solution 1.6239549686565633;0.6728438575454521;1.672843857545452;0.6762884682826911;0.6259609906714702;1.672843857545452;1.7169035016050962 0 
nsga-iii 0.1 metric-min-ed-value 1.7780355532118821 0 
nsga-iii 0.1 metric-min-ed-solution 1.6511335869082393;0.6733558091304617;1.6733558091304617;0.6871222113862211;0.6559413266782181;1.6733558091304617;1.6890684915098106 0 
nautilus-1 0.1 metric-min-ed-value 1.540602753209569 0 
nautilus-1 0.1 metric-min-ed-solution 1.5917903549183956;0.5543258419472747;1.5622457283245887;0.5977423948661784;0.5919966829701256;1.5895681326961735;1.5869386634000375 0 
nautilus-2 0.1 metric-min-ed-value 1.2961843459813074 0 
nautilus-2 0.1 metric-min-ed-solution 1.4925352597179222;0.4528876826254113;1.5034642214665561;0.5010893246187363;0.4926241091181888;1.4925352597179222;1.4925031930191888 0 
nautilus-3 0.1 metric-min-ed-value 1.2354609646380907 0 
nautilus-3 0.1 metric-min-ed-solution 1.4669603524229076;0.46696035242290745;1.4669603524229076;0.46696035242290745;0.46696035242290745;1.4669603524229076;1.4669603524229076 0 
nsga-ii 0.2 metric-min-ed-value 1.7540801636712982 0 
nsga-ii 0.2 metric-min-ed-solution 1.5955453645456144;0.67110092010117;1.67110092010117;0.6766516497148793;0.6004360304225087;1.67110092010117;1.7433792590461756 0 
r-nsga-ii 0.2 metric-min-ed-value 1.7527303637129845 0 
r-nsga-ii 0.2 metric-min-ed-solution 1.5839549686565633;0.6728438575454521;1.672843857545452;0.6746312427362696;0.5849125677483249;1.672843857545452;1.7587184767534048 0 
nsga-iii 0.2 metric-min-ed-value 1.7780355532118821 0 
nsga-iii 0.2 metric-min-ed-solution 1.6511335869082393;0.6733558091304617;1.6733558091304617;0.6871222113862211;0.6559413266782181;1.6733558091304617;1.6890684915098106 0 
nautilus-1 0.2 metric-min-ed-value 1.5023643386793515 0 
nautilus-1 0.2 metric-min-ed-solution 1.588996057262311;0.49204059960200774;1.5408357658233314;0.5918233200837688;0.5884017534960838;1.5845516128178667;1.5808639424635298 0 
nautilus-2 0.2 metric-min-ed-value 1.2547828247545652 0 
nautilus-2 0.2 metric-min-ed-solution 1.4925352597179222;0.40442953284567557;1.3941746039802174;0.5341130604288499;0.4933645207870767;1.4925352597179222;1.4916053254546546 0 
nautilus-3 0.2 metric-min-ed-value 1.2113190260460147 0 
nautilus-3 0.2 metric-min-ed-solution 1.4691825746451297;0.37885462555066074;1.4614958715485906;0.5276815999862603;0.46879657336174946;1.41934130480386;1.4653890841849726 0 
nsga-ii 0.3 metric-min-ed-value 1.7540801636712982 0 
nsga-ii 0.3 metric-min-ed-solution 1.5955453645456144;0.67110092010117;1.67110092010117;0.6766516497148793;0.6004360304225087;1.67110092010117;1.7433792590461756 0 
r-nsga-ii 0.3 metric-min-ed-value 1.7516853193215802 0 
r-nsga-ii 0.3 metric-min-ed-solution 1.5706216353232298;0.6728438575454521;1.672843857545452;0.681966843610618;0.5752279831192711;1.672843857545452;1.76724821861648 0 
nsga-iii 0.3 metric-min-ed-value 1.7780355532118821 0 
nsga-iii 0.3 metric-min-ed-solution 1.6511335869082393;0.6733558091304617;1.6733558091304617;0.6871222113862211;0.6559413266782181;1.6733558091304617;1.6890684915098106 0 
nautilus-1 0.3 metric-min-ed-value 1.47339429986977 0 
nautilus-1 0.3 metric-min-ed-solution 1.5912182794845333;0.4347718771350474;1.5025843997031127;0.5950726000197105;0.5907710708365251;1.5845516128178667;1.5787154736483942 0 
nautilus-2 0.3 metric-min-ed-value 1.244397426824226 0 
nautilus-2 0.3 metric-min-ed-solution 1.4956142927068035;0.36563876651982374;1.4168893382441443;0.5567448969953028;0.49528752435693446;1.4457730228655337;1.4913398017656458 0 
nautilus-3 0.3 metric-min-ed-value 1.1644120942392557 0 
nautilus-3 0.3 metric-min-ed-solution 1.4691825746451297;0.33920704845814975;1.341277292313618;0.5404897641876134;0.46912235449606016;1.41934130480386;1.464908083703972 0 
nsga-ii 0.4 metric-min-ed-value 1.7540801636712982 0 
nsga-ii 0.4 metric-min-ed-solution 1.5955453645456144;0.67110092010117;1.67110092010117;0.6766516497148793;0.6004360304225087;1.67110092010117;1.7433792590461756 0 
r-nsga-ii 0.4 metric-min-ed-value 1.7516853193215802 0 
r-nsga-ii 0.4 metric-min-ed-solution 1.5706216353232298;0.6728438575454521;1.672843857545452;0.681966843610618;0.5752279831192711;1.672843857545452;1.76724821861648 0 
nsga-iii 0.4 metric-min-ed-value 1.7780355532118821 0 
nsga-iii 0.4 metric-min-ed-solution 1.6511335869082393;0.6733558091304617;1.6733558091304617;0.6871222113862211;0.6559413266782181;1.6733558091304617;1.6890684915098106 0 
nautilus-1 0.4 metric-min-ed-value 1.468547551611428 0 
nautilus-1 0.4 metric-min-ed-solution 1.5956627239289778;0.417150731760598;1.486190957080162;0.6048100323543611;0.5955097055174077;1.5845516128178667;1.5738413354409229 0 
nautilus-2 0.4 metric-min-ed-value 1.177678898635835 0 
nautilus-2 0.4 metric-min-ed-solution 1.4956142927068035;0.2951541850220264;1.3021352398834884;0.5635675090810728;0.4957021548915117;1.398153975246486;1.4909550013808457 0 
nautilus-3 0.4 metric-min-ed-value 1.1644120942392557 0 
nautilus-3 0.4 metric-min-ed-solution 1.4691825746451297;0.33920704845814975;1.341277292313618;0.5404897641876134;0.46912235449606016;1.41934130480386;1.464908083703972 0 
nsga-ii 0.5 metric-min-ed-value 1.7540801636712982 0 
nsga-ii 0.5 metric-min-ed-solution 1.5955453645456144;0.67110092010117;1.67110092010117;0.6766516497148793;0.6004360304225087;1.67110092010117;1.7433792590461756 0 
r-nsga-ii 0.5 metric-min-ed-value 1.7516853193215802 0 
r-nsga-ii 0.5 metric-min-ed-solution 1.5706216353232298;0.6728438575454521;1.672843857545452;0.681966843610618;0.5752279831192711;1.672843857545452;1.76724821861648 0 
nsga-iii 0.5 metric-min-ed-value 1.7780355532118821 0 
nsga-iii 0.5 metric-min-ed-solution 1.6511335869082393;0.6733558091304617;1.6733558091304617;0.6871222113862211;0.6559413266782181;1.6733558091304617;1.6890684915098106 0 
nautilus-1 0.5 metric-min-ed-value 1.468547551611428 0 
nautilus-1 0.5 metric-min-ed-solution 1.5956627239289778;0.417150731760598;1.486190957080162;0.6048100323543611;0.5955097055174077;1.5845516128178667;1.5738413354409229 0 
nautilus-2 0.5 metric-min-ed-value 1.177678898635835 0 
nautilus-2 0.5 metric-min-ed-solution 1.4956142927068035;0.2951541850220264;1.3021352398834884;0.5635675090810728;0.4957021548915117;1.398153975246486;1.4909550013808457 0 
nautilus-3 0.5 metric-min-ed-value 1.138210347524804 0 
nautilus-3 0.5 metric-min-ed-solution 1.471404796867352;0.22466960352422904;1.313954887942033;0.5588506173007883;0.47098819190165764;1.41934130480386;1.4628878816837703 0 
nsga-ii 0.6 metric-min-ed-value 1.7540801636712982 0 
nsga-ii 0.6 metric-min-ed-solution 1.5955453645456144;0.67110092010117;1.67110092010117;0.6766516497148793;0.6004360304225087;1.67110092010117;1.7433792590461756 0 
r-nsga-ii 0.6 metric-min-ed-value 1.7516853193215802 0 
r-nsga-ii 0.6 metric-min-ed-solution 1.5706216353232298;0.6728438575454521;1.672843857545452;0.681966843610618;0.5752279831192711;1.672843857545452;1.76724821861648 0 
nsga-iii 0.6 metric-min-ed-value 1.7780355532118821 0 
nsga-iii 0.6 metric-min-ed-solution 1.6511335869082393;0.6733558091304617;1.6733558091304617;0.6871222113862211;0.6559413266782181;1.6733558091304617;1.6890684915098106 0 
nautilus-1 0.6 metric-min-ed-value 1.468547551611428 0 
nautilus-1 0.6 metric-min-ed-solution 1.5956627239289778;0.417150731760598;1.486190957080162;0.6048100323543611;0.5955097055174077;1.5845516128178667;1.5738413354409229 0 
nautilus-2 0.6 metric-min-ed-value 1.1620498121122191 0 
nautilus-2 0.6 metric-min-ed-solution 1.500058737151248;0.19383259911894268;1.2802773163862207;0.5817549459991596;0.4994042132359512;1.398153975246486;1.487652131411309 0 
nautilus-3 0.6 metric-min-ed-value 1.1373749390374037 0 
nautilus-3 0.6 metric-min-ed-solution 1.471404796867352;0.1806167400881057;1.313954887942033;0.5728333887719499;0.47131397303596834;1.41934130480386;1.46269548149137 0 
nsga-ii 0.7 metric-min-ed-value 1.7540801636712982 0 
nsga-ii 0.7 metric-min-ed-solution 1.5955453645456144;0.67110092010117;1.67110092010117;0.6766516497148793;0.6004360304225087;1.67110092010117;1.7433792590461756 0 
r-nsga-ii 0.7 metric-min-ed-value 1.7516853193215802 0 
r-nsga-ii 0.7 metric-min-ed-solution 1.5706216353232298;0.6728438575454521;1.672843857545452;0.681966843610618;0.5752279831192711;1.672843857545452;1.76724821861648 0 
nsga-iii 0.7 metric-min-ed-value 1.7780355532118821 0 
nsga-iii 0.7 metric-min-ed-solution 1.6511335869082393;0.6733558091304617;1.6733558091304617;0.6871222113862211;0.6559413266782181;1.6733558091304617;1.6890684915098106 0 
nautilus-1 0.7 metric-min-ed-value 1.468547551611428 0 
nautilus-1 0.7 metric-min-ed-solution 1.5956627239289778;0.417150731760598;1.486190957080162;0.6048100323543611;0.5955097055174077;1.5845516128178667;1.5738413354409229 0 
nautilus-2 0.7 metric-min-ed-value 1.1528954631035546 0 
nautilus-2 0.7 metric-min-ed-solution 1.500058737151248;0.1541850220264317;1.26388387376327;0.5832773795339772;0.4993449803024402;1.398153975246486;1.4874597312189088 0 
nautilus-3 0.7 metric-min-ed-value 1.1255066882065468 0 
nautilus-3 0.7 metric-min-ed-solution 1.4736270190895742;0.1277533039647577;1.2702390409474977;0.5839641363926358;0.47332789277534343;1.41934130480386;1.4606432127724345 0 
nsga-ii 0.8 metric-min-ed-value 1.7540801636712982 0 
nsga-ii 0.8 metric-min-ed-solution 1.5955453645456144;0.67110092010117;1.67110092010117;0.6766516497148793;0.6004360304225087;1.67110092010117;1.7433792590461756 0 
r-nsga-ii 0.8 metric-min-ed-value 1.7516853193215802 0 
r-nsga-ii 0.8 metric-min-ed-solution 1.5706216353232298;0.6728438575454521;1.672843857545452;0.681966843610618;0.5752279831192711;1.672843857545452;1.76724821861648 0 
nsga-iii 0.8 metric-min-ed-value 1.7780355532118821 0 
nsga-iii 0.8 metric-min-ed-solution 1.6511335869082393;0.6733558091304617;1.6733558091304617;0.6871222113862211;0.6559413266782181;1.6733558091304617;1.6890684915098106 0 
nautilus-1 0.8 metric-min-ed-value 1.468547551611428 0 
nautilus-1 0.8 metric-min-ed-solution 1.5956627239289778;0.417150731760598;1.486190957080162;0.6048100323543611;0.5955097055174077;1.5845516128178667;1.5738413354409229 0 
nautilus-2 0.8 metric-min-ed-value 1.1475544064592176 0 
nautilus-2 0.8 metric-min-ed-solution 1.5022809593734703;0.1145374449339207;1.2310969885173684;0.5937124908050018;0.5012404341747932;1.398153975246486;1.4855998626923737 0 
nautilus-3 0.8 metric-min-ed-value 1.1255066882065468 0 
nautilus-3 0.8 metric-min-ed-solution 1.4736270190895742;0.1277533039647577;1.2702390409474977;0.5839641363926358;0.47332789277534343;1.41934130480386;1.4606432127724345 0 
nsga-ii 0.9 metric-min-ed-value 1.7540801636712982 0 
nsga-ii 0.9 metric-min-ed-solution 1.5955453645456144;0.67110092010117;1.67110092010117;0.6766516497148793;0.6004360304225087;1.67110092010117;1.7433792590461756 0 
r-nsga-ii 0.9 metric-min-ed-value 1.7516853193215802 0 
r-nsga-ii 0.9 metric-min-ed-solution 1.5706216353232298;0.6728438575454521;1.672843857545452;0.681966843610618;0.5752279831192711;1.672843857545452;1.76724821861648 0 
nsga-iii 0.9 metric-min-ed-value 1.7780355532118821 0 
nsga-iii 0.9 metric-min-ed-solution 1.6511335869082393;0.6733558091304617;1.6733558091304617;0.6871222113862211;0.6559413266782181;1.6733558091304617;1.6890684915098106 0 
nautilus-1 0.9 metric-min-ed-value 1.468547551611428 0 
nautilus-1 0.9 metric-min-ed-solution 1.5956627239289778;0.417150731760598;1.486190957080162;0.6048100323543611;0.5955097055174077;1.5845516128178667;1.5738413354409229 0 
nautilus-2 0.9 metric-min-ed-value 1.1452149103821294 0 
nautilus-2 0.9 metric-min-ed-solution 1.5022809593734703;0.08810572687224671;1.2201680267687345;0.5977680808977437;0.5019216129101701;1.398153975246486;1.4849905954164395 0 
nautilus-3 0.9 metric-min-ed-value 1.1255066882065468 0 
nautilus-3 0.9 metric-min-ed-solution 1.4736270190895742;0.1277533039647577;1.2702390409474977;0.5839641363926358;0.47332789277534343;1.41934130480386;1.4606432127724345 0 
nsga-ii 1.0 metric-min-ed-value 1.7540801636712982 0 
nsga-ii 1.0 metric-min-ed-solution 1.5955453645456144;0.67110092010117;1.67110092010117;0.6766516497148793;0.6004360304225087;1.67110092010117;1.7433792590461756 0 
r-nsga-ii 1.0 metric-min-ed-value 1.7516853193215802 0 
r-nsga-ii 1.0 metric-min-ed-solution 1.5706216353232298;0.6728438575454521;1.672843857545452;0.681966843610618;0.5752279831192711;1.672843857545452;1.76724821861648 0 
nsga-iii 1.0 metric-min-ed-value 1.7780355532118821 0 
nsga-iii 1.0 metric-min-ed-solution 1.6511335869082393;0.6733558091304617;1.6733558091304617;0.6871222113862211;0.6559413266782181;1.6733558091304617;1.6890684915098106 0 
nautilus-1 1.0 metric-min-ed-value 1.468547551611428 0 
nautilus-1 1.0 metric-min-ed-solution 1.5956627239289778;0.417150731760598;1.486190957080162;0.6048100323543611;0.5955097055174077;1.5845516128178667;1.5738413354409229 0 
nautilus-2 1.0 metric-min-ed-value 1.1452149103821294 0 
nautilus-2 1.0 metric-min-ed-solution 1.5022809593734703;0.08810572687224671;1.2201680267687345;0.5977680808977437;0.5019216129101701;1.398153975246486;1.4849905954164395 0 
nautilus-3 1.0 metric-min-ed-value 1.1255066882065468 0 
nautilus-3 1.0 metric-min-ed-solution 1.4736270190895742;0.1277533039647577;1.2702390409474977;0.5839641363926358;0.47332789277534343;1.41934130480386;1.4606432127724345 0 
