0.4989090909090909 0.0 0.0 0.4962208725896798 0.5016204467803266 0.0 0.49811214597985165
0.5065454545454545 0.0 0.0 0.4947083290865553 0.5070876684571604 0.0 0.49188215168218996
0.49463636363636365 0.0 0.0 0.4957884573251913 0.49692915332370213 0.0 0.5024291959703477
0.5106363636363637 0.0 0.0 0.4963148298547706 0.5128206777011376 0.0 0.4868793005132097
0.5028181818181818 0.0 0.0 0.49401762342388356 0.5036345735324168 0.0 0.49589355635810706
0.5019090909090909 0.0 0.0 0.4944712423745299 0.5036810149083961 0.0 0.49639688272191695
0.4974545454545454 0.0 0.0 0.49520823353396465 0.49869606905904057 0.0 0.5002440600646266
0.49563636363636365 0.0 0.0 0.49238093396658805 0.49352321425764534 0.0 0.5055297471963508
0.49418181818181817 0.0 0.0 0.49581909516071393 0.49644973542705345 0.0 0.5028823417601215
0.49227272727272725 0.0 0.0 0.4930650886583143 0.49142692199420696 0.0 0.5080326934042961
0.48754545454545456 0.0 0.0 0.49390464932383765 0.48801312361836907 0.0 0.5119771906481656
0.5009090909090909 0.0 0.0 0.4936536153200764 0.49920049385044735 0.0 0.4993286447443439
0.5052727272727273 0.0 0.0 0.49409269215374896 0.5050006644689179 0.0 0.49408857631628966
0.49272727272727274 0.0 0.0 0.49342726051804986 0.4916234047387351 0.0 0.5074776658429961
0.49918181818181817 0.0 0.0 0.49428801567514963 0.5000850234421776 0.0 0.4995536970157768
0.48918181818181816 0.0 0.0 0.49414126095098293 0.4894720973068289 0.0 0.5099304314769043
0.49163636363636365 0.0 0.0 0.4932083289689455 0.49065813860107144 0.0 0.5086333396692648
0.4964545454545455 0.0 0.0 0.49252885031253063 0.4945084859111155 0.0 0.5045474244440228
0.5075454545454545 0.0 0.0 0.49525757003022214 0.5073263056814236 0.0 0.4912343660900954
0.4964545454545455 0.0 0.0 0.4945619302728843 0.49637614370819383 0.0 0.5021326743965022
0.4999090909090909 0.0 0.0 0.4942742312956102 0.5008709544202902 0.0 0.4987188747386433
0.5011818181818182 0.0 0.0 0.4938712747311875 0.5014725488598999 0.0 0.4980026610910485
0.5043636363636363 0.0 0.0 0.4946581079531787 0.5045948382911288 0.0 0.49410530317430157
0.5099090909090909 0.0 0.0 0.4952745515971653 0.5102585427124907 0.0 0.4885823987835016
0.49918181818181817 0.0 0.0 0.4933104405031322 0.49769936568225237 0.0 0.5010651967306601
0.4890909090909091 0.0 0.0 0.4940360952308706 0.48955283385276227 0.0 0.5099638851929296
0.4970909090909091 0.0 0.0 0.49381194081496604 0.49527584033883626 0.0 0.503302033833871
0.49536363636363634 0.0 0.0 0.493283499013484 0.4947271176195723 0.0 0.5045869606538682
0.5106363636363637 0.0 0.0 0.4950479923657896 0.5114317233180006 0.0 0.48747994677817896
0.5030909090909091 0.0 0.0 0.4946519299957995 0.5035959914662186 0.0 0.4952898688462274
0.49636363636363634 0.0 0.0 0.49413790625387927 0.49656262369481874 0.0 0.5026588101121463
0.49663636363636365 0.0 0.0 0.493816483194735 0.4948021383038466 0.0 0.5038357726667926
0.49463636363636365 0.0 0.0 0.49553169125478724 0.49660692162267595 0.0 0.5027758981182282
0.4898181818181818 0.0 0.0 0.4950188226622242 0.4904109275843197 0.0 0.5084052461509203
0.49945454545454543 0.0 0.0 0.49425525724439984 0.5003536689401507 0.0 0.4992389279604642
0.496 0.0 0.0 0.49447578705896755 0.4956480858293787 0.0 0.5028291199391747
0.5052727272727273 0.0 0.0 0.4943583169718126 0.50420258728478 0.0 0.4942908192358849
0.499 0.0 0.0 0.4953178673836009 0.5005201434109691 0.0 0.49841779129443065
0.5155454545454545 0.0 0.0 0.4943032523739867 0.5152399161483094 0.0 0.4836859912564143
0.49918181818181817 0.0 0.0 0.49281853579921275 0.4975679008640954 0.0 0.5014499144649307
0.49663636363636365 0.0 0.0 0.4929058182614829 0.4955151920458069 0.0 0.5036958753088769
0.5059090909090909 0.0 0.0 0.4943194411288763 0.504837047928929 0.0 0.49357764683520045
0.49263636363636365 0.0 0.0 0.49482664890415634 0.49321598669347405 0.0 0.5056620414369888
0.5001818181818182 0.0 0.0 0.49323193645202357 0.4995705958928676 0.0 0.49977114616993024
0.5042727272727273 0.0 0.0 0.493724620432926 0.5037153100783501 0.0 0.4951834252043341
0.4959090909090909 0.0 0.0 0.49264090529682314 0.49421554800109174 0.0 0.5048606728758795
0.4958181818181818 0.0 0.0 0.4929769161371948 0.4950264858739624 0.0 0.5044181714502944
0.49027272727272725 0.0 0.0 0.49394564707237876 0.49121114821657974 0.0 0.5085573084964837
0.503 0.0 0.0 0.49503376682521844 0.5044155031315777 0.0 0.49485192929100963
0.496 0.0 0.0 0.4940637190749828 0.4960674871786078 0.0 0.5031682189697781
0.49627272727272725 0.0 0.0 0.49447117578447175 0.49738856570454426 0.0 0.5021053031743027
0.49654545454545457 0.0 0.0 0.4938705458316062 0.4971127753794975 0.0 0.5026268770195789
0.5049090909090909 0.0 0.0 0.49286950513892697 0.5030965680537633 0.0 0.4960517011974921
0.5057272727272727 0.0 0.0 0.49560106138978427 0.5064510643648892 0.0 0.49226078692263875
0.4974545454545454 0.0 0.0 0.4944874225536105 0.49706419055539597 0.0 0.5013951720205282
0.4940909090909091 0.0 0.0 0.4939746585568057 0.49490788174453815 0.0 0.5048150541722104
0.5031818181818182 0.0 0.0 0.4945972815240067 0.5042404548682708 0.0 0.4950237597414945
0.5033636363636363 0.0 0.0 0.49436316447445855 0.5034352328570592 0.0 0.49536285877209574
0.5057272727272727 0.0 0.0 0.49435075716599 0.5045048134699995 0.0 0.49382854970537704
0.49627272727272725 0.0 0.0 0.49359025190138434 0.4961167864854167 0.0 0.5032153582969017
0.5056363636363637 0.0 0.0 0.49520135704976925 0.5066897015891524 0.0 0.49203269340429634
0.49927272727272726 0.0 0.0 0.49365222353813065 0.49910904006390333 0.0 0.5002957612621179
0.5062727272727273 0.0 0.0 0.49374570080261154 0.5052421596240106 0.0 0.4937966166128118
0.5164545454545455 0.0 0.0 0.4956232046197353 0.518201446970379 0.0 0.4813837673446105
0.5019090909090909 0.0 0.0 0.49335201187207145 0.5015332798900268 0.0 0.498011784831782
0.5017272727272727 0.0 0.0 0.4946482737172498 0.5031587280493051 0.0 0.49637255274662717
0.5133636363636364 0.0 0.0 0.49436341045705506 0.5140695934736291 0.0 0.48587112716213465
0.5016363636363637 0.0 0.0 0.4937875575805234 0.49954344554998736 0.0 0.49878426154723243
0.4894545454545455 0.0 0.0 0.49380824861695555 0.489725738667947 0.0 0.5096704048659952
0.5018181818181818 0.0 0.0 0.49266923864627393 0.4997735089817621 0.0 0.49947006272571837
0.5038181818181818 0.0 0.0 0.4936992605806673 0.5034009376871051 0.0 0.49583273141988327
0.499 0.0 0.0 0.4928276105785964 0.49758647741448714 0.0 0.5014544763352979
0.5030909090909091 0.0 0.0 0.49453257657859084 0.5023792274155588 0.0 0.4960623455616784
0.5051818181818182 0.0 0.0 0.49557122072389276 0.5059044850937473 0.0 0.49284318570614016
0.5 0.0 0.0 0.4939323001548765 0.5005915916817065 0.0 0.49899258696065496
0.4970909090909091 0.0 0.0 0.49454040730030135 0.4969548747011676 0.0 0.501506177532788
0.49727272727272726 0.0 0.0 0.4953479753357141 0.49868535181842993 0.0 0.5002455806880822
0.5043636363636363 0.0 0.0 0.4948009506417806 0.5048098975860488 0.0 0.493912183995438
0.5029090909090909 0.0 0.0 0.4945767079573806 0.5032508963185564 0.0 0.49564265348793046
0.5013636363636363 0.0 0.0 0.4935192883079727 0.5011981875002679 0.0 0.4982201102452005
0.49427272727272725 0.0 0.0 0.4944149644767318 0.49460065418036686 0.0 0.504392320851549
0.5017272727272727 0.0 0.0 0.49423154295322885 0.5031051418462519 0.0 0.49695799277703967
0.5010909090909091 0.0 0.0 0.49542858847948545 0.502524267405156 0.0 0.49632085154913497
0.5044545454545455 0.0 0.0 0.49390102229499483 0.5038003335205278 0.0 0.49498118228473675
0.5001818181818182 0.0 0.0 0.49476789770430524 0.49950915038003335 0.0 0.49899410758410756
0.5105454545454545 0.0 0.0 0.49539168325922867 0.5125663218573121 0.0 0.4872366470252796
0.5038181818181818 0.0 0.0 0.4937128560606867 0.504250457626174 0.0 0.4954023949819438
0.5023636363636363 0.0 0.0 0.494922590967421 0.503238750112531 0.0 0.4957931952100364
0.5095454545454545 0.0 0.0 0.4941899973335606 0.5089417510827985 0.0 0.48971070138756834
0.4928181818181818 0.0 0.0 0.4931202040217167 0.49206852746542973 0.0 0.5073134385097899
0.5099090909090909 0.0 0.0 0.49527263350702094 0.5104221592524796 0.0 0.48848203763543074
0.5101818181818182 0.0 0.0 0.49525612750314907 0.5109508764559372 0.0 0.48796806690743166
0.5057272727272727 0.0 0.0 0.49521426238816835 0.5072227056888542 0.0 0.49191104352784676
0.49672727272727274 0.0 0.0 0.4958439257835801 0.4988868359419097 0.0 0.5003140087435847
0.5004545454545455 0.0 0.0 0.49359766815121914 0.49910618213307384 0.0 0.49948983083064047
0.499 0.0 0.0 0.4942917842955769 0.5000335806872467 0.0 0.49961452195400147
0.5000909090909091 0.0 0.0 0.4937884188182818 0.4999021158690896 0.0 0.49930279414559986
0.5051818181818182 0.0 0.0 0.4946070926965553 0.5061045402518123 0.0 0.493352594563771
0.5118181818181818 0.0 0.0 0.49592860259319804 0.5142896541475007 0.0 0.4854453525945629
0.493 0.0 0.0 0.49481349819217557 0.49327171634464934 0.0 0.5056559589431653
0.49654545454545457 0.0 0.0 0.4958164803595994 0.4986910676800889 0.0 0.5004812773237028
0.504 0.0 0.0 0.4943204326930273 0.5039796686800789 0.0 0.49471355255654714
0.4938181818181818 0.0 0.0 0.4958976177943473 0.4962232444088156 0.0 0.5031256415130203
0.49727272727272726 0.0 0.0 0.49410263103372304 0.4982287973684173 0.0 0.501516821896979
0.495 0.0 0.0 0.49360408801143607 0.4941312390416215 0.0 0.5048545903820567
0.4950909090909091 0.0 0.0 0.4943201109633678 0.49602604718158005 0.0 0.5033689412659188
0.4949090909090909 0.0 0.0 0.49515659901389963 0.49637828715631593 0.0 0.5030191978711276
0.5027272727272727 0.0 0.0 0.4930843735402226 0.5011660357784361 0.0 0.49760273712221936
0.507 0.0 0.0 0.49390881578028356 0.5062295747256029 0.0 0.4928264588481286
0.49872727272727274 0.0 0.0 0.49355377374859083 0.4987103587131881 0.0 0.5008964075270868
0.5026363636363637 0.0 0.0 0.49466870743698116 0.5038867859281202 0.0 0.49544497243870034
0.5032727272727273 0.0 0.0 0.49325806977197756 0.5027664770429562 0.0 0.4967724767154542