0.5149090909090909 0.0 0.0 0.49486568220028354 0.5163202140018606 0.0 0.4840174871697389
0.4913636363636364 0.0 0.0 0.49542070063324534 0.4934038956455137 0.0 0.5062064246340989
0.4980909090909091 0.0 0.0 0.49275562933344075 0.4959338789123287 0.0 0.5038524995248045
0.5048181818181818 0.0 0.0 0.4942653743260925 0.5036324300842947 0.0 0.4952168789203565
0.49936363636363634 0.0 0.0 0.49474395038441515 0.49854817113861394 0.0 0.4998973579167454
0.4908181818181818 0.0 0.0 0.49405206880961283 0.4910275261607843 0.0 0.5081573845276561
0.49872727272727274 0.0 0.0 0.4940315719263442 0.4990497379991912 0.0 0.5001893176202242
0.49127272727272725 0.0 0.0 0.4937243798511066 0.49039163655122053 0.0 0.5088158144839396
0.4914545454545455 0.0 0.0 0.4931366895655921 0.48968501315362667 0.0 0.5093875689032503
0.498 0.0 0.0 0.4938284573055157 0.4982630925383713 0.0 0.5012203003231317
0.5028181818181818 0.0 0.0 0.4942975728947951 0.5024706812021029 0.0 0.4963512640182475
0.4908181818181818 0.0 0.0 0.4927206884205077 0.4893563511082341 0.0 0.5103987835012345
0.5012727272727273 0.0 0.0 0.4940056015666917 0.4999835668977304 0.0 0.4986534879300515
0.4989090909090909 0.0 0.0 0.4947419111516727 0.4982145077142698 0.0 0.5002699106633715
0.4964545454545455 0.0 0.0 0.4936667468654255 0.49596317270333107 0.0 0.503118038395743
0.49518181818181817 0.0 0.0 0.4928498466392778 0.4928380253412727 0.0 0.5059387949059111
0.49236363636363634 0.0 0.0 0.4940784985849075 0.4917448667989889 0.0 0.5071187987074703
0.48763636363636365 0.0 0.0 0.49338579096607565 0.48775019398205505 0.0 0.5119574225432431
0.49772727272727274 0.0 0.0 0.4937245350433205 0.49797515600729914 0.0 0.5015289868846226
0.5017272727272727 0.0 0.0 0.4932160853736364 0.500752350290866 0.0 0.4985090287017674
0.488 0.0 0.0 0.4935458527856029 0.48825033187721756 0.0 0.5114784261547238
0.49863636363636366 0.0 0.0 0.4935079010520605 0.4973056857104888 0.0 0.5015244250142556
0.4980909090909091 0.0 0.0 0.49291866021732106 0.49705990365915176 0.0 0.50287930051321
0.5056363636363637 0.0 0.0 0.49341997310850255 0.5039946728169338 0.0 0.4948306405626297
0.49927272727272726 0.0 0.0 0.49342027152943807 0.4986181904439367 0.0 0.5006485459038208
0.49718181818181817 0.0 0.0 0.49432913715410787 0.49760505396487886 0.0 0.5014605588291199
0.4908181818181818 0.0 0.0 0.4953750178846488 0.4927251370735074 0.0 0.5067356015966537
0.501 0.0 0.0 0.49577498625759375 0.5022506205282313 0.0 0.49659304314769037
0.5065454545454545 0.0 0.0 0.4953415803751258 0.5077028380682103 0.0 0.49138642843565805
0.49836363636363634 0.0 0.0 0.4937901064499189 0.4987103587131881 0.0 0.5007641132864473
0.49 0.0 0.0 0.4940697554312178 0.49051952895584067 0.0 0.5088416650826839
0.4950909090909091 0.0 0.0 0.4940690324029858 0.49394547353770396 0.0 0.5046280174871696
0.49972727272727274 0.0 0.0 0.49403678807266643 0.4977129408536925 0.0 0.5007078502185899
0.4948181818181818 0.0 0.0 0.49365682538040323 0.4939368997452155 0.0 0.5049640752708605
0.5033636363636363 0.0 0.0 0.4938931249999326 0.5037860438663803 0.0 0.4959376544383196
0.49327272727272725 0.0 0.0 0.49295535581991057 0.49073816066429743 0.0 0.5082531838053601
0.4999090909090909 0.0 0.0 0.49472749856980863 0.5000935972346662 0.0 0.49844060064626505
0.5041818181818182 0.0 0.0 0.4938324167706737 0.5032894783847547 0.0 0.49579775708040275
0.4914545454545455 0.0 0.0 0.49285484676988206 0.48992007796435305 0.0 0.5097373122980409
0.49945454545454543 0.0 0.0 0.4944723001428154 0.5010188523407167 0.0 0.49851815244250197
0.5051818181818182 0.0 0.0 0.4937782900038691 0.504688435525795 0.0 0.49457061395171964
0.49854545454545457 0.0 0.0 0.4933171325774317 0.4967869712649345 0.0 0.5019197871127156
0.4988181818181818 0.0 0.0 0.4950253352280216 0.5001100303369358 0.0 0.4990990306025469
0.49527272727272725 0.0 0.0 0.4938843700197529 0.49531728033586403 0.0 0.5039513400494204
0.5068181818181818 0.0 0.0 0.4941576878413863 0.506681127796664 0.0 0.49226839003991585
0.4918181818181818 0.0 0.0 0.4930192872701678 0.49039449448205 0.0 0.5091898878540191
0.5046363636363637 0.0 0.0 0.4937571583394956 0.5044519417496538 0.0 0.49476069188367267
0.4918181818181818 0.0 0.0 0.49416273812275613 0.49161697439436874 0.0 0.5073666603307347
0.49218181818181816 0.0 0.0 0.4934211131275865 0.49190348196002615 0.0 0.5074791864664517
0.49763636363636365 0.0 0.0 0.49422742498888006 0.49800873669454576 0.0 0.5010697586010264
0.5017272727272727 0.0 0.0 0.493395302753431 0.5010067061346914 0.0 0.49844060064626505
0.48954545454545456 0.0 0.0 0.4936642914401825 0.489382786968407 0.0 0.5100672875879099
0.5079090909090909 0.0 0.0 0.49467731595290704 0.508555930420816 0.0 0.4906382816954946
0.5043636363636363 0.0 0.0 0.49427670669829027 0.5046262755302533 0.0 0.49448850028511626
0.5085454545454545 0.0 0.0 0.4935198423288646 0.5076020960064703 0.0 0.4913727428245571
0.49172727272727274 0.0 0.0 0.4942853291668441 0.492398618476237 0.0 0.5069530507508071
0.48954545454545456 0.0 0.0 0.4938146338339839 0.4891877331892936 0.0 0.5100520813533539
0.5006363636363637 0.0 0.0 0.4946345664760853 0.5019269598617905 0.0 0.49780498004181717
0.495 0.0 0.0 0.49347990630380245 0.4943827369546175 0.0 0.5048713172400695
0.5081818181818182 0.0 0.0 0.49541659606579025 0.5089867634933631 0.0 0.48956928340619565
0.49636363636363634 0.0 0.0 0.49383316051190523 0.4964147257743921 0.0 0.502681619463981
0.5010909090909091 0.0 0.0 0.49394257015485016 0.5014025295545772 0.0 0.49794335677627843
0.49436363636363634 0.0 0.0 0.4951775857720656 0.49619895199676484 0.0 0.503197110815435
0.4958181818181818 0.0 0.0 0.4940273864242623 0.4954530320502653 0.0 0.5033993537350308
0.4980909090909091 0.0 0.0 0.49449415585329975 0.4980030208328868 0.0 0.5008021288728366
0.4903636363636364 0.0 0.0 0.4929274293294708 0.4892027373261485 0.0 0.5104520053221813
0.5109090909090909 0.0 0.0 0.49487326632609485 0.5114395826277817 0.0 0.48806234556168004
0.5006363636363637 0.0 0.0 0.4940156175793795 0.49937268418292474 0.0 0.4992054742444404
0.49436363636363634 0.0 0.0 0.49290970995036715 0.492009939883425 0.0 0.5067979471583346
0.5018181818181818 0.0 0.0 0.4943358939949751 0.5014861240313401 0.0 0.4972423493632381
0.511 0.0 0.0 0.4949607105998606 0.5118925646642575 0.0 0.48762288538300724
0.5008181818181818 0.0 0.0 0.4931773279486233 0.49991569104052974 0.0 0.49956738262687694
0.4930909090909091 0.0 0.0 0.49330688860009736 0.4921492640113631 0.0 0.5070762212507116
0.49872727272727274 0.0 0.0 0.49448305116345403 0.4988925518035687 0.0 0.4997924348983084
0.49436363636363634 0.0 0.0 0.4944130126817615 0.4944934817742606 0.0 0.5039376544383198
0.4974545454545454 0.0 0.0 0.49373535115483436 0.49753146224601924 0.0 0.5016992967116526
0.498 0.0 0.0 0.4942364368728791 0.49744643880384165 0.0 0.5012628777798891
0.49454545454545457 0.0 0.0 0.4949962687502777 0.49613822096663796 0.0 0.5031013115377311
0.49845454545454543 0.0 0.0 0.4928334388107487 0.4957052444459687 0.0 0.5035179623645692
0.4990909090909091 0.0 0.0 0.4939278220566362 0.4979830153170803 0.0 0.500770195780269
0.49063636363636365 0.0 0.0 0.4926620026224474 0.4889733883770811 0.0 0.510570613951719
0.508 0.0 0.0 0.49500928895087887 0.50887601867372 0.0 0.49010302223911695
0.5097272727272727 0.0 0.0 0.49443992229846057 0.5088838779835012 0.0 0.48981714502946183
0.4964545454545455 0.0 0.0 0.4957344473734034 0.4985195918303189 0.0 0.5007990876259274
0.5054545454545455 0.0 0.0 0.49455270319253236 0.506252438172239 0.0 0.4927549895457136
0.5019090909090909 0.0 0.0 0.4951075253581664 0.5028707915182329 0.0 0.4959635050370643
0.49454545454545457 0.0 0.0 0.4938182130605696 0.49467781831276336 0.0 0.5047375023759746
0.5053636363636363 0.0 0.0 0.4952637230260012 0.5075399360109287 0.0 0.4920478996388523
0.49536363636363634 0.0 0.0 0.4949738947472897 0.4966326430001415 0.0 0.5022619273902301
0.4904545454545455 0.0 0.0 0.4948539368617846 0.49146193164686836 0.0 0.5077346512069938
0.49727272727272726 0.0 0.0 0.494478200657363 0.4979251422177829 0.0 0.5012628777798902
0.498 0.0 0.0 0.4940851776233337 0.4978401187756053 0.0 0.5010727998479376
0.4894545454545455 0.0 0.0 0.4939084188377404 0.4899708062365767 0.0 0.5096399923968827
0.4940909090909091 0.0 0.0 0.4930309943582289 0.4928794653383004 0.0 0.5067644934423104
0.4924545454545455 0.0 0.0 0.49378637980866047 0.49243791502514267 0.0 0.5069424063866186
0.49118181818181816 0.0 0.0 0.4951177794800196 0.49274085569306963 0.0 0.5066291579547617
0.4948181818181818 0.0 0.0 0.4947873038698764 0.4961453657937117 0.0 0.5031332446302986
0.4929090909090909 0.0 0.0 0.4948209206572189 0.4927244225908 0.0 0.5058369131343847
0.5078181818181818 0.0 0.0 0.49396855555917063 0.5078171553013903 0.0 0.4913073560159664
0.49727272727272726 0.0 0.0 0.4945182203415137 0.4979015642884395 0.0 0.5012339859342336
0.49736363636363634 0.0 0.0 0.4933464548024027 0.49644473404810185 0.0 0.5027029081923589
0.49127272727272725 0.0 0.0 0.4945417268903479 0.49230930813781515 0.0 0.5068678958372936
0.49418181818181817 0.0 0.0 0.49392260830367385 0.49351678391327897 0.0 0.505357916745865
0.4959090909090909 0.0 0.0 0.49323182469705457 0.4951643810364858 0.0 0.5042813153392891
0.5034545454545455 0.0 0.0 0.49544823696098617 0.5043762065826721 0.0 0.4944444022049025
0.4940909090909091 0.0 0.0 0.49470720733512846 0.49544874515402104 0.0 0.5039330925679528
0.49736363636363634 0.0 0.0 0.4934139630499628 0.4966905160994389 0.0 0.502521954001141
0.49863636363636366 0.0 0.0 0.494968753751152 0.4996992027801951 0.0 0.4993757840714693
0.49754545454545457 0.0 0.0 0.49328489889388516 0.4966655092046807 0.0 0.502415510359247
0.499 0.0 0.0 0.4927553192528691 0.49691414918684723 0.0 0.5029416460748906
0.5067272727272727 0.0 0.0 0.49474254026026926 0.507875742883395 0.0 0.4918106823797759
0.4948181818181818 0.0 0.0 0.4944179938875292 0.49478713416699177 0.0 0.5039072419692068