0.49163636363636365 0.0 0.0 0.4961487742036585 0.49277229293219416 0.0 0.5063341570043699
0.511090909090909 0.0 0.0 0.4954255829748373 0.5120361756884398 0.0 0.4870526515871506
0.5043636363636363 0.0 0.0 0.49573159214280715 0.5061145430097156 0.0 0.49315035164417365
0.5051818181818182 0.0 0.0 0.4936556429954558 0.5047470231077997 0.0 0.49468770195780365
0.494 0.0 0.0 0.4954663845402069 0.494734262446646 0.0 0.5041870366850398
0.5040909090909091 0.0 0.0 0.49513685042643607 0.505311464446626 0.0 0.4939821326743954
0.5025454545454545 0.0 0.0 0.49319564535183263 0.5018176440075621 0.0 0.49781410378255175
0.5135454545454545 0.0 0.0 0.4951412683065852 0.5143425258678465 0.0 0.4847838813913703
0.5016363636363637 0.0 0.0 0.494478385970686 0.5014246785185058 0.0 0.49753278844326143
0.5064545454545455 0.0 0.0 0.495504572876739 0.5074806339462166 0.0 0.4913833871887471
0.4888181818181818 0.0 0.0 0.49590254465409295 0.48932348490369487 0.0 0.5096932142178278
0.5014545454545455 0.0 0.0 0.4932549299925649 0.5005365765132387 0.0 0.4988587720965604
0.5044545454545455 0.0 0.0 0.49318067961027184 0.5030994259845929 0.0 0.4961459798517399
0.5040909090909091 0.0 0.0 0.4936834491446291 0.5034380907878887 0.0 0.4955803079262503
0.4968181818181818 0.0 0.0 0.4958686578042516 0.49804731876074404 0.0 0.5011944497243861
0.5034545454545455 0.0 0.0 0.4943755030973903 0.5026978867030482 0.0 0.49606386618513576
0.5085454545454545 0.0 0.0 0.4946805094897253 0.5089010255684782 0.0 0.49029157954761404
0.48954545454545456 0.0 0.0 0.4960118349213713 0.4906252723965322 0.0 0.508583159095227
0.4949090909090909 0.0 0.0 0.49429575279229476 0.4949393189836626 0.0 0.5041049230184362
0.49627272727272725 0.0 0.0 0.49470531072806934 0.4965540499023302 0.0 0.5022543242729498
0.494 0.0 0.0 0.49452188617060094 0.4938840280248697 0.0 0.5048986884622688
0.49854545454545457 0.0 0.0 0.4932827116356541 0.4966747974798766 0.0 0.5019045808781606
0.4938181818181818 0.0 0.0 0.49456826814912214 0.4937654238954455 0.0 0.5050477095609182
0.4910909090909091 0.0 0.0 0.49428585586547086 0.49098965857729343 0.0 0.507968827219158
0.492 0.0 0.0 0.4949130214628263 0.4921442626324115 0.0 0.506554647405435
0.5097272727272727 0.0 0.0 0.4947392713820656 0.5100013289378357 0.0 0.48921801938794907
0.5075454545454545 0.0 0.0 0.49351124006282776 0.5060938230112016 0.0 0.49293746436038766
0.4968181818181818 0.0 0.0 0.495015419612966 0.49690486091165137 0.0 0.5016810492301833
0.5012727272727273 0.0 0.0 0.49325774793771954 0.49934053246109283 0.0 0.4996723056453136
0.5082727272727273 0.0 0.0 0.492928042815927 0.5061731305917203 0.0 0.4931746816194651
0.5108181818181818 0.0 0.0 0.49425817617245715 0.5092468351988477 0.0 0.4898156244060057
0.5020909090909091 0.0 0.0 0.4932582219909868 0.5001743337805995 0.0 0.4988374833681799
0.4899090909090909 0.0 0.0 0.4944329370997114 0.4899007869312539 0.0 0.5090363048850013
0.5031818181818182 0.0 0.0 0.49572047402727787 0.5043190479660821 0.0 0.49460710891465454
0.5091818181818182 0.0 0.0 0.4954192683053311 0.5107308157820656 0.0 0.4885915225242342
0.5008181818181818 0.0 0.0 0.49326343080307766 0.4989375642141333 0.0 0.5001117658239866
0.48972727272727273 0.0 0.0 0.4944546489591896 0.4896450021220136 0.0 0.5091868466071072
0.5018181818181818 0.0 0.0 0.49318001748128626 0.5012174785333671 0.0 0.49833871887474
0.4883636363636364 0.0 0.0 0.49461858349783805 0.48842466565781706 0.0 0.5105964645504635
0.5067272727272727 0.0 0.0 0.49333214842375583 0.5063603250610526 0.0 0.4932476715453348
0.49727272727272726 0.0 0.0 0.49449526093396157 0.4979794429035434 0.0 0.5011549135145397
0.4903636363636364 0.0 0.0 0.4935349130022506 0.4898614903823483 0.0 0.509697776088196
0.5021818181818182 0.0 0.0 0.49438579430272916 0.5026292963631401 0.0 0.49688956472153545
0.5046363636363637 0.0 0.0 0.49393311537072226 0.5035102535413335 0.0 0.49546930241399156
0.4968181818181818 0.0 0.0 0.49399640322781857 0.49692558091016525 0.0 0.5023045048469869
0.506 0.0 0.0 0.4929706293763312 0.5042454562472225 0.0 0.4953643793955532
0.5002727272727273 0.0 0.0 0.49478712875191005 0.5011431723318001 0.0 0.49828701767724726
0.5043636363636363 0.0 0.0 0.49471976628982867 0.5044912382985595 0.0 0.49448241779129465
0.4924545454545455 0.0 0.0 0.4936327433383527 0.4919334902337359 0.0 0.5074791864664507
0.496 0.0 0.0 0.4944220717502942 0.49645044990976084 0.0 0.5028990686181318
0.5044545454545455 0.0 0.0 0.4931337625018203 0.5035259721608958 0.0 0.49606234556168105
0.5065454545454545 0.0 0.0 0.49438324511678416 0.5058473264771572 0.0 0.4929161756320096
0.503 0.0 0.0 0.49491565297693374 0.5033159142449275 0.0 0.4956198441360954
0.4884545454545455 0.0 0.0 0.49594190607301386 0.48898124768686224 0.0 0.5100338338718859
0.49572727272727274 0.0 0.0 0.49470694183537567 0.4954323120517514 0.0 0.5031241208895636
0.5051818181818182 0.0 0.0 0.49377844383756797 0.5042197348697569 0.0 0.49474092377874945
0.48627272727272725 0.0 0.0 0.4941760989393134 0.4850830300354241 0.0 0.5134962934803267
0.5028181818181818 0.0 0.0 0.49330815269009 0.5021806012229086 0.0 0.4971967306595717
0.48827272727272725 0.0 0.0 0.4936954316884766 0.48792166983182506 0.0 0.5115863904200709
0.4890909090909091 0.0 0.0 0.49372744643135746 0.48879405321753 0.0 0.5107105113096359
0.4974545454545454 0.0 0.0 0.4936515114974445 0.49643187335936906 0.0 0.5021889374643602
0.49227272727272725 0.0 0.0 0.4944212764361679 0.4930480832572409 0.0 0.5062125071279207
0.503 0.0 0.0 0.4953678908677815 0.503625285257221 0.0 0.4953324463029838
0.49163636363636365 0.0 0.0 0.4947195220061031 0.4914140613054742 0.0 0.5070655768865223
0.49918181818181817 0.0 0.0 0.4940327713218976 0.4981544911668503 0.0 0.5005481847557496
0.506 0.0 0.0 0.49472428896920945 0.5052400161758885 0.0 0.49341189887853953
0.49981818181818183 0.0 0.0 0.49402407386728364 0.49883467870427134 0.0 0.49982436799087604
0.5014545454545455 0.0 0.0 0.49420217504580544 0.4996391862327756 0.0 0.4988511689792817
0.5087272727272727 0.0 0.0 0.49311791937157234 0.5076613980711825 0.0 0.4919049610340238
0.5012727272727273 0.0 0.0 0.49346659616879757 0.5007709268412577 0.0 0.49868998289298616
0.5089090909090909 0.0 0.0 0.49553423158659654 0.5105386199337817 0.0 0.48874358486979586
0.49654545454545457 0.0 0.0 0.49417920751545225 0.4966290705866046 0.0 0.5026694544763333
0.4939090909090909 0.0 0.0 0.4933269900526969 0.4928916115443258 0.0 0.5066398023189514
0.5032727272727273 0.0 0.0 0.4943356351748763 0.5015790067832988 0.0 0.4969199771906475
0.4949090909090909 0.0 0.0 0.49357001708958653 0.49365682252392445 0.0 0.5049488690363053
0.49627272727272725 0.0 0.0 0.49418873634839106 0.49559735755715506 0.0 0.5031332446302976
0.48718181818181816 0.0 0.0 0.49365818387987176 0.4868692368038616 0.0 0.5126751568142925
0.5055454545454545 0.0 0.0 0.49360642947199046 0.5042868962442502 0.0 0.49454324272951933
0.5086363636363637 0.0 0.0 0.49457602836338765 0.5085337814568874 0.0 0.4904223531647971
0.4948181818181818 0.0 0.0 0.49414816217399965 0.49504792035518363 0.0 0.5041459798517376
0.4900909090909091 0.0 0.0 0.49593477731231705 0.4910682516751047 0.0 0.5080190077931934
0.5006363636363637 0.0 0.0 0.49400785667595726 0.49963847175006826 0.0 0.4990306025470441
0.48672727272727273 0.0 0.0 0.4959491038858002 0.4876766022631954 0.0 0.5113157194449706
0.5008181818181818 0.0 0.0 0.493552547997059 0.5006051668531466 0.0 0.4988907051891289
0.49072727272727273 0.0 0.0 0.4935524735374135 0.4903008972473839 0.0 0.5092476715453333
0.5045454545454545 0.0 0.0 0.49376445804903885 0.5042133045253906 0.0 0.49519863143889087
0.5014545454545455 0.0 0.0 0.4932717589245422 0.49971777933058686 0.0 0.4994578977380716
0.5001818181818182 0.0 0.0 0.4932260239289151 0.4997092055380984 0.0 0.4996358106823813
0.49518181818181817 0.0 0.0 0.4947168164357435 0.49623896302837783 0.0 0.5029735791674584
0.5047272727272727 0.0 0.0 0.49366290459107487 0.5036724411159077 0.0 0.49558486979661676
0.5022727272727273 0.0 0.0 0.4932932547885641 0.5002550703265329 0.0 0.4987477665842984
0.48818181818181816 0.0 0.0 0.4936921764418997 0.48782735811445155 0.0 0.5116244060064614
0.49072727272727273 0.0 0.0 0.4946743095348567 0.4901472834652983 0.0 0.5084721535829675
0.5089090909090909 0.0 0.0 0.4946395054875266 0.5101120737574788 0.0 0.4897563200912376
0.49218181818181816 0.0 0.0 0.49487265824413856 0.4923078791724004 0.0 0.5064010644364179
0.49336363636363634 0.0 0.0 0.49389338308698816 0.492472924677804 0.0 0.5062368371032138
0.49154545454545456 0.0 0.0 0.4943891406589536 0.4914333523385733 0.0 0.5072176392320835
0.4954545454545455 0.0 0.0 0.49413957454167834 0.4951086513853105 0.0 0.5038357726667928
0.5046363636363637 0.0 0.0 0.494289679863997 0.5028200632460093 0.0 0.49566394221630794
0.49063636363636365 0.0 0.0 0.4939497036260772 0.48994222692828165 0.0 0.5088827219159847
0.5035454545454545 0.0 0.0 0.4931969951936595 0.5020577101972401 0.0 0.4973335867705765
0.49236363636363634 0.0 0.0 0.4941019150506721 0.4917462957644036 0.0 0.5068618133434698
0.5052727272727273 0.0 0.0 0.4930813842645925 0.5037331721460345 0.0 0.49591028321611963
0.48754545454545456 0.0 0.0 0.49298880276828105 0.48627978857027726 0.0 0.513730469492492
0.49772727272727274 0.0 0.0 0.4932126164244672 0.49650760852635084 0.0 0.5025173921307745
0.5033636363636363 0.0 0.0 0.4940731310935805 0.5030015418536825 0.0 0.4959817525185326
0.5093636363636364 0.0 0.0 0.49398414356839204 0.5091325179656677 0.0 0.490204904010645
0.4954545454545455 0.0 0.0 0.4949393626487197 0.4954530320502653 0.0 0.5030967496673624
0.49827272727272726 0.0 0.0 0.49529010940239887 0.49875894353728956 0.0 0.5000311727808393
0.49518181818181817 0.0 0.0 0.49408755305892377 0.49431057420117264 0.0 0.504398403345371
0.5076363636363637 0.0 0.0 0.49465504089103945 0.5085187773200325 0.0 0.4910564531457893
0.5010909090909091 0.0 0.0 0.49371047855930095 0.49880824284409847 0.0 0.5000448583919408