0.5069090909090909 0.0 0.0 0.4933595077470111 0.5065532353920438 0.0 0.49317772286637496
0.5082727272727273 0.0 0.0 0.4946636114165905 0.5081279552790984 0.0 0.49058962174491494
0.5023636363636363 0.0 0.0 0.4934754810643156 0.5006273158170753 0.0 0.49795400114046684
0.49472727272727274 0.0 0.0 0.4937698931101326 0.49411552042205925 0.0 0.5052225812583142
0.4960909090909091 0.0 0.0 0.49404475227453526 0.49580027064604953 0.0 0.5033582969017281
0.5003636363636363 0.0 0.0 0.4938833641694201 0.49963775726736087 0.0 0.4992815054172196
0.5046363636363637 0.0 0.0 0.4941250682737396 0.5052493044510844 0.0 0.4942664892605967
0.48472727272727273 0.0 0.0 0.4952888492223811 0.48585610032480386 0.0 0.5146793385287951
0.5014545454545455 0.0 0.0 0.4932177971782118 0.5001879089520397 0.0 0.4991324843185698
0.511 0.0 0.0 0.49427990675542044 0.5109401592153265 0.0 0.48836038775898094
0.4914545454545455 0.0 0.0 0.49322783279360644 0.4896292835024514 0.0 0.5096430336437934
0.5039090909090909 0.0 0.0 0.4947902188850131 0.5037467473174747 0.0 0.4948215168218961
0.5028181818181818 0.0 0.0 0.49345151400603465 0.5010274261332053 0.0 0.49761642273331996
0.49054545454545456 0.0 0.0 0.49317413232699964 0.4883960863495221 0.0 0.5107698156244056
0.49327272727272725 0.0 0.0 0.49439227879230463 0.4934953494320577 0.0 0.5056787682949999
0.5078181818181818 0.0 0.0 0.49457091258839153 0.5076521097959866 0.0 0.49110055122600227
0.49954545454545457 0.0 0.0 0.4936073065360731 0.4983452580497194 0.0 0.50058924158905
0.5079090909090909 0.0 0.0 0.49284749709046444 0.5066096795259264 0.0 0.4930956091997717
0.5013636363636363 0.0 0.0 0.4942741207544285 0.5018412219369055 0.0 0.49735183425204277
0.5009090909090909 0.0 0.0 0.4941417461490304 0.5010788688881364 0.0 0.49820034214027664
0.4950909090909091 0.0 0.0 0.4950370958971334 0.4965283285248647 0.0 0.5027333206614704
0.509090909090909 0.0 0.0 0.49301327610507445 0.5081479607949049 0.0 0.4914137996578597
0.5003636363636363 0.0 0.0 0.4933552001605647 0.4989811476592832 0.0 0.5000707089906846
0.4950909090909091 0.0 0.0 0.4943397920076129 0.49556520583532315 0.0 0.503758220870555
0.5105454545454545 0.0 0.0 0.49312341844915797 0.5099977565242988 0.0 0.48991598555407656
0.4938181818181818 0.0 0.0 0.49445408280063086 0.4937897163074962 0.0 0.5052088956472138
0.5077272727272727 0.0 0.0 0.4948609974640738 0.5081372435542942 0.0 0.4909043908002275
0.5010909090909091 0.0 0.0 0.49386735474986077 0.5003272330799777 0.0 0.4986017867325603
0.511 0.0 0.0 0.4937738741325623 0.5109365868017897 0.0 0.488745105493252
0.509090909090909 0.0 0.0 0.4943506610580028 0.5098077041241371 0.0 0.4896909332826448
0.506 0.0 0.0 0.49394748464937654 0.5055336685686196 0.0 0.4935289868846229
0.5038181818181818 0.0 0.0 0.4934865556053943 0.5034666700961836 0.0 0.49596806690743245
0.4900909090909091 0.0 0.0 0.4933465207821692 0.48832749600961406 0.0 0.5110921877969964
0.49818181818181817 0.0 0.0 0.4948027859087166 0.49870464285152905 0.0 0.5001163276943532
0.4930909090909091 0.0 0.0 0.49317260778922395 0.4909339289261182 0.0 0.5081467401634666
0.49372727272727274 0.0 0.0 0.4935799171178659 0.49418125283113773 0.0 0.5059798517392122
0.5087272727272727 0.0 0.0 0.4928028941166093 0.5073748905055251 0.0 0.49233529747196325
0.4974545454545454 0.0 0.0 0.4956790130868002 0.4988782621494212 0.0 0.5002881581448371
0.4949090909090909 0.0 0.0 0.49357203069323696 0.49391403629857944 0.0 0.5052773237027166
0.5047272727272727 0.0 0.0 0.4936196070999816 0.504370490721013 0.0 0.4949568523094473
0.49518181818181817 0.0 0.0 0.49382549230782014 0.4938268694082797 0.0 0.5049032503326348
0.4950909090909091 0.0 0.0 0.4945052797669965 0.4951872444831218 0.0 0.5038312107964256
0.5071818181818182 0.0 0.0 0.49355485895746887 0.5060659581856141 0.0 0.4931412279034397
0.49972727272727274 0.0 0.0 0.49355728950172845 0.4981137656525299 0.0 0.5005968447063291
0.5016363636363637 0.0 0.0 0.49366470869221557 0.5011781819844614 0.0 0.49793119178863354
0.49627272727272725 0.0 0.0 0.49436891413907563 0.49619895199676484 0.0 0.5025751758220867
0.5024545454545455 0.0 0.0 0.49388836746177234 0.5015204192012941 0.0 0.49738528796806614
0.49972727272727274 0.0 0.0 0.49360166460449795 0.4982280828857099 0.0 0.5004995248051697
0.501 0.0 0.0 0.4934429814148126 0.4992469352264267 0.0 0.499532408287397
0.4999090909090909 0.0 0.0 0.4946937326854769 0.4994598510732245 0.0 0.49900627257175334
0.5027272727272727 0.0 0.0 0.4951242528353174 0.5025628494713542 0.0 0.49580079832731416
0.5067272727272727 0.0 0.0 0.4948884030290738 0.5071448270737503 0.0 0.4918563010834436
0.49945454545454543 0.0 0.0 0.4940103559541784 0.4987653738816559 0.0 0.5000281315339274
0.5029090909090909 0.0 0.0 0.4945997894566992 0.5038210535190417 0.0 0.49549515301273517
0.49972727272727274 0.0 0.0 0.49359840194871496 0.49912618764888034 0.0 0.5000828739783301
0.49736363636363634 0.0 0.0 0.49398643048499263 0.4980308856584744 0.0 0.5019897357916738
0.5001818181818182 0.0 0.0 0.49346368447662015 0.49877966353580344 0.0 0.500227333206613
0.49636363636363634 0.0 0.0 0.49453705100848167 0.49541016308782276 0.0 0.5028838623835745
0.5054545454545455 0.0 0.0 0.49384287309826175 0.5052321568661073 0.0 0.4938528796806694
0.5074545454545455 0.0 0.0 0.4934625439824525 0.5068476022674823 0.0 0.49243565862003413
0.506 0.0 0.0 0.4929879307071043 0.5051364161833192 0.0 0.49456757270480867
0.5077272727272727 0.0 0.0 0.4935962762992031 0.5071426836256282 0.0 0.4920539821326748
0.49 0.0 0.0 0.4948239936562054 0.4903959234474648 0.0 0.5084250142558452
0.4899090909090909 0.0 0.0 0.4946717726113642 0.4903730600008288 0.0 0.5085299372742815
0.5045454545454545 0.0 0.0 0.49322552745938597 0.5033001956253653 0.0 0.4959300513210413
0.49936363636363634 0.0 0.0 0.49400234968147116 0.4986524856138907 0.0 0.5001938794905898
0.4914545454545455 0.0 0.0 0.4930379116758641 0.4889876780312286 0.0 0.5100034214027744
0.49554545454545457 0.0 0.0 0.493359389703685 0.49477570244367375 0.0 0.5048317810302215
0.5079090909090909 0.0 0.0 0.49287220895423967 0.5063560381648083 0.0 0.4931032123170501
0.5048181818181818 0.0 0.0 0.49436490512616765 0.5044905238158521 0.0 0.4942482417791286
0.5004545454545455 0.0 0.0 0.4937863744309824 0.4993505352189961 0.0 0.4994852689602718
0.4900909090909091 0.0 0.0 0.4941941609676429 0.49017371932547116 0.0 0.5089982892986116
0.49463636363636365 0.0 0.0 0.49497625459971967 0.49598746511538183 0.0 0.5032807451054929
0.5020909090909091 0.0 0.0 0.4935487397287604 0.5004929930680888 0.0 0.49827941455996894
0.484 0.0 0.0 0.49531202448848366 0.48513090037681816 0.0 0.5153727428245563
0.5019090909090909 0.0 0.0 0.49427802740611293 0.5022241846680585 0.0 0.4971830450484689
0.49636363636363634 0.0 0.0 0.4940161751751199 0.4960360499394833 0.0 0.503133244630297
0.49463636363636365 0.0 0.0 0.4928872396050219 0.49205995367294125 0.0 0.5069363238927955
0.5009090909090909 0.0 0.0 0.493071648055667 0.49948700141610475 0.0 0.49974681619463923
0.4960909090909091 0.0 0.0 0.49452679478924305 0.4967548195431026 0.0 0.5023744535259447
0.5131818181818182 0.0 0.0 0.4946040615374899 0.5134151273136737 0.0 0.4857221060634861
0.49818181818181817 0.0 0.0 0.4931202305743861 0.4972213767510185 0.0 0.5022360767914833
0.5046363636363637 0.0 0.0 0.4936815031637327 0.5038231969671638 0.0 0.49514845086485393
0.5039090909090909 0.0 0.0 0.4929459225067215 0.5027271804940505 0.0 0.49679376544383147
0.4948181818181818 0.0 0.0 0.4936597149930711 0.49430628730492837 0.0 0.5051800038015575
0.4939090909090909 0.0 0.0 0.4934690635971549 0.49440131350500927 0.0 0.5059083824367978
0.5004545454545455 0.0 0.0 0.4936857750765692 0.49887183180505484 0.0 0.4998243679908757
0.49845454545454543 0.0 0.0 0.49324061503243927 0.4975128856956275 0.0 0.5018635240448572
0.5096363636363637 0.0 0.0 0.4945412541818327 0.5096833841330538 0.0 0.4889914464930618
0.501 0.0 0.0 0.4935037206752406 0.49922121384896123 0.0 0.49950199581828414
0.5004545454545455 0.0 0.0 0.49446878669200883 0.499845671735207 0.0 0.49889526705949294
0.49427272727272725 0.0 0.0 0.49423721173245677 0.4931309632512964 0.0 0.5052742824558056
0.5010909090909091 0.0 0.0 0.4932959216941817 0.4998028027727645 0.0 0.499424444022049
0.5072727272727273 0.0 0.0 0.4937584785772129 0.5071226781098217 0.0 0.4922075651016916
0.49836363636363634 0.0 0.0 0.4938306027710085 0.49808518634423493 0.0 0.5012142178293089
0.5082727272727273 0.0 0.0 0.49429468780493074 0.5086573869652633 0.0 0.4906139517202053
0.5061818181818182 0.0 0.0 0.4942150701370109 0.505414349956488 0.0 0.4932035734651208
0.5042727272727273 0.0 0.0 0.4937692785897529 0.5033723583788101 0.0 0.49570195780269766
0.49518181818181817 0.0 0.0 0.49479244198721306 0.4947092555518879 0.0 0.5037901539631235
0.49363636363636365 0.0 0.0 0.4945086401407303 0.4934317604711013 0.0 0.5053244630298412
0.509 0.0 0.0 0.4951765812344301 0.5096840986157612 0.0 0.48934118988785347
0.48918181818181816 0.0 0.0 0.4943349741395551 0.4894378021368749 0.0 0.5098878540201479
0.4948181818181818 0.0 0.0 0.4951918133039151 0.49600532718306617 0.0 0.5030146360007592
0.5040909090909091 0.0 0.0 0.4927989996784114 0.5028164908324724 0.0 0.49685763162896734
0.5 0.0 0.0 0.49322427398197854 0.49860818768603343 0.0 0.5006150921877965
0.4924545454545455 0.0 0.0 0.49419491054986364 0.4931624004904209 0.0 0.506496863714123
0.5003636363636363 0.0 0.0 0.4948389329453649 0.500663039952444 0.0 0.49825812583159046
0.5019090909090909 0.0 0.0 0.4929807616524828 0.499399834525805 0.0 0.4992358867135521
0.5075454545454545 0.0 0.0 0.49368683641841016 0.5077885759930952 0.0 0.49188063105873336
0.49672727272727274 0.0 0.0 0.49344671394472606 0.4946056555593185 0.0 0.5043831971108147
0.49427272727272725 0.0 0.0 0.49486976292554685 0.4938954597481877 0.0 0.504681239308115
0.508090909090909 0.0 0.0 0.4944304601991938 0.5087174035126828 0.0 0.4906778179053404