0.5024545454545455 0.0 0.0 0.49406440300378374 0.5035231142300662 0.0 0.4965550275612993
0.5017272727272727 0.0 0.0 0.4946525048907892 0.502690027393267 0.0 0.4968256985363999
0.5086363636363637 0.0 0.0 0.4931728235493474 0.5067039912432999 0.0 0.4926302984223522
0.4970909090909091 0.0 0.0 0.49350959890821555 0.4975700443122175 0.0 0.5024003041246905
0.5154545454545455 0.0 0.0 0.49472994767979117 0.5150984485722492 0.0 0.4837011974909694
0.5119090909090909 0.0 0.0 0.4946312640669996 0.511832548116838 0.0 0.4869325223341555
0.49854545454545457 0.0 0.0 0.49325777790518 0.49780010774399225 0.0 0.5014514350883854
0.5056363636363637 0.0 0.0 0.49370508487618614 0.5052893154826974 0.0 0.49396844706329546
0.49363636363636365 0.0 0.0 0.49426521904860765 0.4935375039117928 0.0 0.5053989735791653
0.4970909090909091 0.0 0.0 0.4949238021678946 0.4972328084743365 0.0 0.5014301463600068
0.4958181818181818 0.0 0.0 0.49612339129326183 0.4987260773327503 0.0 0.5009192168789196
0.5044545454545455 0.0 0.0 0.4944531352920398 0.504882774822201 0.0 0.49433035544573256
0.496 0.0 0.0 0.4939733141297832 0.4953580058501844 0.0 0.5034039156053974
0.5055454545454545 0.0 0.0 0.49363846267440387 0.5042340245239044 0.0 0.49467857821706807
0.4990909090909091 0.0 0.0 0.49392203995586054 0.49841884976857903 0.0 0.5005299372742807
0.49972727272727274 0.0 0.0 0.49563137098485693 0.5016390233307183 0.0 0.49738528796806636
0.49763636363636365 0.0 0.0 0.49242490516110693 0.49544874515402104 0.0 0.5041551035924723
0.5112727272727273 0.0 0.0 0.49513891922031344 0.511415290215731 0.0 0.4868869036304869
0.49454545454545457 0.0 0.0 0.49482313490858043 0.49592744856796234 0.0 0.5034176012164979
0.5045454545454545 0.0 0.0 0.4950427374695943 0.5054793678828591 0.0 0.4934848888044088
0.4968181818181818 0.0 0.0 0.4928646907456862 0.49581670374831915 0.0 0.5036958753088772
0.5036363636363637 0.0 0.0 0.49431033703721794 0.503364499069029 0.0 0.4954875498954565
0.4924545454545455 0.0 0.0 0.4939356303650992 0.49149979923035925 0.0 0.5073788253183787
0.48827272727272725 0.0 0.0 0.49334827302997475 0.4879573939671938 0.0 0.5126493062155479
0.5091818181818182 0.0 0.0 0.4942685550866929 0.5086795359291919 0.0 0.48975479946778044
0.5026363636363637 0.0 0.0 0.49549164966938763 0.5041532879779711 0.0 0.4949264398403338
0.49736363636363634 0.0 0.0 0.4947873526905294 0.49744143742489 0.0 0.501422543242729
0.4988181818181818 0.0 0.0 0.4943192799594575 0.4995134372762776 0.0 0.49965101691693525
0.49418181818181817 0.0 0.0 0.4947076316127418 0.4941541024882575 0.0 0.50449268199962
0.5058181818181818 0.0 0.0 0.4937484376095685 0.5046805762160138 0.0 0.4941661281125258
0.5018181818181818 0.0 0.0 0.4942131686327642 0.5011717516400951 0.0 0.4973472723816753
0.4969090909090909 0.0 0.0 0.49489745201449675 0.49772080016347364 0.0 0.5013936513970725
0.49627272727272725 0.0 0.0 0.49380836811080947 0.49558806928195914 0.0 0.5031895076981554
0.504 0.0 0.0 0.4945070420741537 0.503539547332336 0.0 0.4949735791674572
0.5022727272727273 0.0 0.0 0.4954121367359289 0.5037724686949402 0.0 0.4953126781980609
0.49763636363636365 0.0 0.0 0.49438380075390254 0.4983681214963554 0.0 0.5008082113666593
0.5068181818181818 0.0 0.0 0.4935661984484908 0.5057480133808322 0.0 0.4932689602737116
0.49318181818181817 0.0 0.0 0.4942463127150325 0.4947606983068189 0.0 0.5054202623075452
0.5102727272727273 0.0 0.0 0.49517867729933324 0.5112488157449125 0.0 0.487682189697775
0.5031818181818182 0.0 0.0 0.49437825821885945 0.5031730177034526 0.0 0.49579775708040164
0.4913636363636364 0.0 0.0 0.49415361594536333 0.4922257136610523 0.0 0.5070093138186662
0.502 0.0 0.0 0.4929568457888788 0.5009459751045645 0.0 0.4983052651587142
0.49981818181818183 0.0 0.0 0.4948601420438509 0.5010259971677905 0.0 0.49819273902299843
0.4969090909090909 0.0 0.0 0.49385357936251206 0.497264245713461 0.0 0.5022801748716963
0.5030909090909091 0.0 0.0 0.4948378700213181 0.5036867307700552 0.0 0.49521992016726724
0.4960909090909091 0.0 0.0 0.492342656587886 0.49377971354959294 0.0 0.5057335107394024
0.506 0.0 0.0 0.4936465353201131 0.5055708216694031 0.0 0.4937449154153196
0.5038181818181818 0.0 0.0 0.4932992769486349 0.5020348467506041 0.0 0.49654590382056596
0.49736363636363634 0.0 0.0 0.49339928487622786 0.4966369298963857 0.0 0.5026147120319324
0.4950909090909091 0.0 0.0 0.49492497093712506 0.49573382375426367 0.0 0.503274662611671
0.5032727272727273 0.0 0.0 0.4937554845040424 0.5017269047037255 0.0 0.49681961604257574
0.49163636363636365 0.0 0.0 0.4941628127049583 0.4913783371701055 0.0 0.50754913514541
0.5024545454545455 0.0 0.0 0.4930338178164555 0.5015261350629531 0.0 0.4977745675727041
0.5039090909090909 0.0 0.0 0.4956374608224316 0.5056587030424102 0.0 0.49338148640942747
0.49627272727272725 0.0 0.0 0.4939697042632944 0.49472140175791324 0.0 0.5035696635620583
0.4974545454545454 0.0 0.0 0.4934302788620734 0.4954587479119243 0.0 0.5030344041056813
0.49518181818181817 0.0 0.0 0.49421134016356955 0.49521439482600205 0.0 0.50395134004942
0.5001818181818182 0.0 0.0 0.49588509251827306 0.5032937652809989 0.0 0.4962873978331106
0.5021818181818182 0.0 0.0 0.4946057378067865 0.5013389405936208 0.0 0.4969245390610132
0.49863636363636366 0.0 0.0 0.4952151699378437 0.5001414675760603 0.0 0.4989834632199197
0.507 0.0 0.0 0.4938300618773436 0.506635400903392 0.0 0.4924827979471583
0.49981818181818183 0.0 0.0 0.49414186379892805 0.49876180146811905 0.0 0.4996510169169337
0.507090909090909 0.0 0.0 0.4956437420147227 0.508144388381368 0.0 0.49050598745485585
0.5049090909090909 0.0 0.0 0.4951111453754297 0.5065939609063642 0.0 0.4929754799467777
0.49663636363636365 0.0 0.0 0.4936620874581836 0.494499912118627 0.0 0.5038509789013474
0.5018181818181818 0.0 0.0 0.4941600508876766 0.5000821655113481 0.0 0.49791446493061997
0.49272727272727274 0.0 0.0 0.4933884189890989 0.4914540723370872 0.0 0.5076053982132664
0.49963636363636366 0.0 0.0 0.4957911944125421 0.5017619143563868 0.0 0.49733966926439743
0.5 0.0 0.0 0.4925117736949107 0.4983173932241318 0.0 0.5013069758601031
0.4974545454545454 0.0 0.0 0.493808083444004 0.4972721050232421 0.0 0.5020307926249756
0.5029090909090909 0.0 0.0 0.4928687092903456 0.5018826619339332 0.0 0.49771678388139085
0.49472727272727274 0.0 0.0 0.4936984578676619 0.49444989832911074 0.0 0.5045048469872644
0.5059090909090909 0.0 0.0 0.4956551234812616 0.5070126477728859 0.0 0.49167078502185835
0.5052727272727273 0.0 0.0 0.49326490598470907 0.5034566673382804 0.0 0.49551644174111353
0.507 0.0 0.0 0.49372241287046076 0.5058194616515697 0.0 0.4931199391750609
0.5002727272727273 0.0 0.0 0.49472921808034 0.5006987640878128 0.0 0.49817145029461896
0.4980909090909091 0.0 0.0 0.49366306139166094 0.49656691059106295 0.0 0.5020703288348207
0.4990909090909091 0.0 0.0 0.4944245137375663 0.49904759455106906 0.0 0.49983197110815336
0.5006363636363637 0.0 0.0 0.49344059717037253 0.4993469628054592 0.0 0.49936818095419067
0.5002727272727273 0.0 0.0 0.49565638168590465 0.5027557598023455 0.0 0.49664930621554704
0.497 0.0 0.0 0.4946477157954849 0.49894899593745135 0.0 0.5008903250332631
0.5113636363636364 0.0 0.0 0.49478706791965743 0.5102949813305668 0.0 0.4878023189507681
0.5122727272727273 0.0 0.0 0.49421874442849273 0.511165935750857 0.0 0.4871408477475754
0.49454545454545457 0.0 0.0 0.49460440904999786 0.49387045285342956 0.0 0.5046858011784814
0.4934545454545455 0.0 0.0 0.4944580168297849 0.49451563073818927 0.0 0.5047694354685421
0.4969090909090909 0.0 0.0 0.4924277240921772 0.4953830127449425 0.0 0.5041581448393846
0.4954545454545455 0.0 0.0 0.4953625077345463 0.49685413263942774 0.0 0.5021752518532592
0.5023636363636363 0.0 0.0 0.4939292506770681 0.5017369074616287 0.0 0.4970446683140082
0.5132727272727273 0.0 0.0 0.494976733398086 0.5133708293858164 0.0 0.4852507127922434
0.506 0.0 0.0 0.4932091506667171 0.5039610921296872 0.0 0.495191028321611
0.49218181818181816 0.0 0.0 0.4943869473354897 0.4930945246332203 0.0 0.5061927390229992
0.49663636363636365 0.0 0.0 0.49485230959853743 0.4980916166886013 0.0 0.5012385478045992
0.49572727272727274 0.0 0.0 0.49396109168791563 0.49419840041611474 0.0 0.5041277323702696
0.49627272727272725 0.0 0.0 0.4933360939370394 0.49406264870171346 0.0 0.5043238927960441
0.5032727272727273 0.0 0.0 0.4946459032087714 0.5026085763646262 0.0 0.4958160045618687
0.4978181818181818 0.0 0.0 0.49522547430596225 0.49850530217617145 0.0 0.5002623075460935
0.49981818181818183 0.0 0.0 0.4932101622165199 0.49828166908876304 0.0 0.5004949629348028
0.503 0.0 0.0 0.49483177031856385 0.5025171225780822 0.0 0.49593309256795115
0.4950909090909091 0.0 0.0 0.4937623387987933 0.4944741907411615 0.0 0.5042128872837857
0.5052727272727273 0.0 0.0 0.4944075807872317 0.5059080575072842 0.0 0.49359893556358003
0.5000909090909091 0.0 0.0 0.49555311395340207 0.5024163805163424 0.0 0.49686979661661257
0.5040909090909091 0.0 0.0 0.4935368451168115 0.5032330342508721 0.0 0.4956867515681421
0.5001818181818182 0.0 0.0 0.4943865682729169 0.50074306201567 0.0 0.4984664512450099
0.5041818181818182 0.0 0.0 0.49463620739151104 0.503907505926634 0.0 0.4946147120319321
0.49654545454545457 0.0 0.0 0.49398139388058543 0.4950686403536975 0.0 0.503297471963503
0.49636363636363634 0.0 0.0 0.4936784507120216 0.49465924176237164 0.0 0.503892035734649
0.49872727272727274 0.0 0.0 0.4946308539599242 0.49951129382815546 0.0 0.4995749857441544
0.5019090909090909 0.0 0.0 0.49398339983411904 0.5021441626048325 0.0 0.4973229424063854
0.49981818181818183 0.0 0.0 0.49504596440041954 0.5007130537419603 0.0 0.4983007032883483
0.4964545454545455 0.0 0.0 0.4947556188141609 0.49734926915563865 0.0 0.5018072609770003
0.49945454545454543 0.0 0.0 0.4937929563799358 0.49851316148595254 0.0 0.49998555407717094
0.4999090909090909 0.0 0.0 0.49426396673281886 0.5004701296214528 0.0 0.4988314008743574