0.4873636363636364 0.0 0.0 0.4935703455261986 0.48770446708878307 0.0 0.5127800798327308
0.5020909090909091 0.0 0.0 0.4948993983583549 0.5020662839897286 0.0 0.49657935753658977
0.5077272727272727 0.0 0.0 0.49653986077799456 0.5097669786098167 0.0 0.4894902109865047
0.49472727272727274 0.0 0.0 0.4935580065873961 0.49482571623319 0.0 0.5051556738262684
0.49627272727272725 0.0 0.0 0.4955325415281152 0.49767721671832377 0.0 0.5012248621934974
0.5044545454545455 0.0 0.0 0.49653707186832186 0.5068654643351667 0.0 0.49239612241018826
0.49945454545454543 0.0 0.0 0.4935422893341592 0.4987039283688217 0.0 0.5005679528606728
0.4929090909090909 0.0 0.0 0.4945436214908547 0.49377685561876344 0.0 0.5056255464740546
0.5033636363636363 0.0 0.0 0.4948707231215958 0.5030194039213669 0.0 0.49544649306215527
0.495 0.0 0.0 0.4947288179193363 0.49414338524764684 0.0 0.5043254134195021
0.5050909090909091 0.0 0.0 0.4949054198602524 0.5048341899980995 0.0 0.4936217449154152
0.49527272727272725 0.0 0.0 0.4948076538834258 0.494494196256968 0.0 0.504004561870367
0.509090909090909 0.0 0.0 0.4936745411609142 0.5077764297870698 0.0 0.49144725337388284
0.5104545454545455 0.0 0.0 0.4928673886865124 0.5083458725048478 0.0 0.49105037065196677
0.5074545454545455 0.0 0.0 0.4949827021499878 0.5081579635528082 0.0 0.49071887473864206
0.4870909090909091 0.0 0.0 0.49438403808096915 0.4881838849854317 0.0 0.5115848697966163
0.5006363636363637 0.0 0.0 0.49360498385610574 0.5004715585868675 0.0 0.4988998289298612
0.48772727272727273 0.0 0.0 0.49442803850678557 0.48738437883587904 0.0 0.511528606728757
0.5059090909090909 0.0 0.0 0.492908762528306 0.5043283362412779 0.0 0.49475460938984905
0.5102727272727273 0.0 0.0 0.4933793649201893 0.5093061372635598 0.0 0.4900999809922064
0.49463636363636365 0.0 0.0 0.4944594867803834 0.49384330251054936 0.0 0.5046401824748137
0.4909090909090909 0.0 0.0 0.4939859840482824 0.49152194819428785 0.0 0.5081877969967681
0.499 0.0 0.0 0.49535009548029946 0.49952629796501036 0.0 0.4990823037445351
0.4868181818181818 0.0 0.0 0.4940450632400995 0.4861754740950005 0.0 0.5129154153202795
0.5069090909090909 0.0 0.0 0.49332316116212777 0.5066239691800739 0.0 0.49294658810112113
0.5002727272727273 0.0 0.0 0.49268109421385586 0.4984745794197543 0.0 0.5014757650636751
0.508 0.0 0.0 0.49387326278096144 0.5079600518428653 0.0 0.4912891085344989
0.4930909090909091 0.0 0.0 0.4949191124417575 0.4944706183276246 0.0 0.5050340239498179
0.49427272727272725 0.0 0.0 0.4946381055819133 0.49400263215429396 0.0 0.504773997338908
0.5051818181818182 0.0 0.0 0.49275647814668855 0.5040311114350099 0.0 0.4959452575555976
0.5082727272727273 0.0 0.0 0.4938554591257747 0.5080858007993633 0.0 0.4911218399543811
0.5052727272727273 0.0 0.0 0.4936980985095795 0.5046012686354953 0.0 0.49457973769245367
0.503 0.0 0.0 0.4942372597079187 0.502364223278704 0.0 0.49629956282075627
0.503 0.0 0.0 0.4943432957818552 0.5032080273561139 0.0 0.49581144269150235
0.5132727272727273 0.0 0.0 0.49414192852808164 0.5126170501295357 0.0 0.4867044288158139
0.49572727272727274 0.0 0.0 0.49514346726247993 0.49696201952824137 0.0 0.5022026230754603
0.5003636363636363 0.0 0.0 0.49356997233370065 0.49956130761767176 0.0 0.49965557878730293
0.5023636363636363 0.0 0.0 0.4930664492609949 0.5015611447156144 0.0 0.49807260977000556
0.5123636363636364 0.0 0.0 0.4928710290445304 0.5104157289081133 0.0 0.4891298232275225
0.5032727272727273 0.0 0.0 0.4943432543582101 0.5026907418759744 0.0 0.4959376544383195
0.4870909090909091 0.0 0.0 0.49437128370118716 0.48684065749556665 0.0 0.5122128872837846
0.508090909090909 0.0 0.0 0.493025600299463 0.506014515430683 0.0 0.4930849648355822
0.4958181818181818 0.0 0.0 0.49447617999482135 0.4965404747308901 0.0 0.5027652537540385
0.494 0.0 0.0 0.4947292261937105 0.49310381290841615 0.0 0.5053046949249193
0.4974545454545454 0.0 0.0 0.49413527712872024 0.4957302513407268 0.0 0.5027895837293282
0.506090909090909 0.0 0.0 0.49300990725691296 0.5046527113904262 0.0 0.49443831971108076
0.5030909090909091 0.0 0.0 0.4936917465312803 0.5034673845788911 0.0 0.4962052841665082
0.5025454545454545 0.0 0.0 0.49564380192463 0.5045898369121772 0.0 0.49514236837103165
0.48654545454545456 0.0 0.0 0.49440110892707323 0.4860432947941361 0.0 0.5127861623265522
0.5137272727272727 0.0 0.0 0.49380109165911784 0.5128714059733612 0.0 0.4864094278654256
0.498 0.0 0.0 0.493529284771305 0.4962060968238386 0.0 0.5022756130013291
0.4843636363636364 0.0 0.0 0.4943091540856955 0.4841592038947881 0.0 0.5149743394791851
0.49636363636363634 0.0 0.0 0.49453301211206857 0.4972092305449931 0.0 0.5021950199581823
0.48354545454545456 0.0 0.0 0.4941825514579449 0.48312534741721647 0.0 0.5160159665462826
0.49872727272727274 0.0 0.0 0.4933419169441744 0.49785155049892327 0.0 0.5014301463600075
0.5116363636363637 0.0 0.0 0.495004545217038 0.5125677508227269 0.0 0.48662383577266666
0.5037272727272727 0.0 0.0 0.49366851927324157 0.5031372935680838 0.0 0.4957597414940119
0.511 0.0 0.0 0.49474182786638005 0.5121297729231059 0.0 0.4875073180003804
0.512 0.0 0.0 0.4928005188101037 0.5100327661769603 0.0 0.48955407717163946
0.49927272727272726 0.0 0.0 0.49412857701620033 0.49929552005052824 0.0 0.4995917126021664
0.4890909090909091 0.0 0.0 0.4948688998350197 0.4908160392794013 0.0 0.5089602737122203
0.49063636363636365 0.0 0.0 0.49403148005649544 0.49130974683019746 0.0 0.5083626686941639
0.5135454545454545 0.0 0.0 0.49412131756381206 0.5128485425267252 0.0 0.48649154153202767
0.4870909090909091 0.0 0.0 0.4946967678537558 0.4887504697723801 0.0 0.5110830640562629
0.5045454545454545 0.0 0.0 0.49369402468329954 0.5034859611292828 0.0 0.4951803839574219
0.49054545454545456 0.0 0.0 0.49554252781364266 0.4919542102322497 0.0 0.506784261547234
0.4930909090909091 0.0 0.0 0.49370565278644624 0.4920735288443814 0.0 0.5068542102261915
0.49172727272727274 0.0 0.0 0.4938543070087965 0.4921614102173885 0.0 0.5074913514540955
0.5064545454545455 0.0 0.0 0.49355671137265306 0.5063267443738059 0.0 0.4930682379775707
0.5017272727272727 0.0 0.0 0.4949806937535754 0.5013125047334479 0.0 0.49701425584489556
0.5129090909090909 0.0 0.0 0.49359363644232807 0.5126592046092708 0.0 0.48680783121079607
0.4898181818181818 0.0 0.0 0.4940864252229966 0.489262753873568 0.0 0.509644554267249
0.4798181818181818 0.0 0.0 0.4937801409635766 0.4792156980424603 0.0 0.5201414179813719
0.5 0.0 0.0 0.49282049886793905 0.4980780415171612 0.0 0.5012507127922441
0.5063636363636363 0.0 0.0 0.49401560753851476 0.5065025071198201 0.0 0.49252385478045957
0.48654545454545456 0.0 0.0 0.4938355128450116 0.4874079567652224 0.0 0.5131100551226
0.511090909090909 0.0 0.0 0.4931381235698334 0.5094440324260832 0.0 0.4899357536589999
0.49654545454545457 0.0 0.0 0.4945069785243762 0.4954351699825809 0.0 0.5031590952290437
0.5091818181818182 0.0 0.0 0.4941391947135022 0.5094811855268667 0.0 0.48998897547994613
0.5063636363636363 0.0 0.0 0.4955768190270573 0.5079800573586718 0.0 0.49105189127542204
0.49945454545454543 0.0 0.0 0.49410859671154483 0.49948557245069 0.0 0.4993712222011021
0.49727272727272726 0.0 0.0 0.4935482535074242 0.4968148360905221 0.0 0.5024261547234357
0.5058181818181818 0.0 0.0 0.4936464271080405 0.5057737347582977 0.0 0.4935806880821134
0.48954545454545456 0.0 0.0 0.4948504406587848 0.4910368144359802 0.0 0.5087595514160805
0.5063636363636363 0.0 0.0 0.49413103452376067 0.5070555167353284 0.0 0.4923322562250517
0.506090909090909 0.0 0.0 0.49259554277852013 0.5044633734729719 0.0 0.4953157194449721
0.5076363636363637 0.0 0.0 0.49469723577616703 0.5071091029383816 0.0 0.49162972818855655
0.4878181818181818 0.0 0.0 0.4939994323138875 0.48680922025644213 0.0 0.5118327314198798
0.49318181818181817 0.0 0.0 0.4947090409669091 0.49310166946029405 0.0 0.5056407527086086
0.48245454545454547 0.0 0.0 0.49411257986101464 0.48137843719768453 0.0 0.5177707660140651
0.49054545454545456 0.0 0.0 0.49429789293095955 0.4904395068926147 0.0 0.5083246531077729
0.5091818181818182 0.0 0.0 0.4943660558058488 0.5096469455149777 0.0 0.48945371602357013
0.49972727272727274 0.0 0.0 0.4949240728483723 0.5001864799866249 0.0 0.4988922258125824
0.49063636363636365 0.0 0.0 0.49431309323623623 0.4906388475679723 0.0 0.5082106063486016
0.49554545454545457 0.0 0.0 0.49402591152237224 0.49533085550730416 0.0 0.503788633339668
0.4970909090909091 0.0 0.0 0.49352357013006415 0.49594673960106145 0.0 0.5031149971488297
0.49918181818181817 0.0 0.0 0.49444205511907874 0.49908331868643785 0.0 0.49955065576886537
0.4903636363636364 0.0 0.0 0.49355983154123756 0.4882617636005356 0.0 0.5103440410568325
0.5023636363636363 0.0 0.0 0.4939978592845614 0.5013060743890816 0.0 0.49733510739403053
0.5025454545454545 0.0 0.0 0.4944660959343045 0.5023027777658697 0.0 0.49663409998099195
0.5027272727272727 0.0 0.0 0.49510584489117404 0.5028422122099379 0.0 0.4956745865804978
0.5057272727272727 0.0 0.0 0.49391313897951067 0.5059995112938281 0.0 0.49325071279224453
0.5037272727272727 0.0 0.0 0.4943717693238525 0.5033051970043169 0.0 0.4955012355065572
0.4914545454545455 0.0 0.0 0.493598186004185 0.4905295317137439 0.0 0.5085664322372161
0.4959090909090909 0.0 0.0 0.4940695175255874 0.49558235342030016 0.0 0.5034601786732552
0.4930909090909091 0.0 0.0 0.4933782450106308 0.49323527772657316 0.0 0.506709750997909
0.5095454545454545 0.0 0.0 0.4940708764805278 0.5086752490329477 0.0 0.4903493632389274
0.49218181818181816 0.0 0.0 0.4945175474565608 0.4931809770408127 0.0 0.5063432807451043
0.49 0.0 0.0 0.49343298678878617 0.4887640449438202 0.0 0.5103698916555786
0.5004545454545455 0.0 0.0 0.4945789189278398 0.5007473489119143 0.0 0.49802699106633774
0.49636363636363634 0.0 0.0 0.4940738870141709 0.4960139009755547 0.0 0.5029340429576132
0.4920909090909091 0.0 0.0 0.4931080995378097 0.49044593723698104 0.0 0.5088614331876067