0.4883636363636364 0.0 0.0 0.4951030829103745 0.4883017746321486 0.0 0.51052499524805
0.5112727272727273 0.0 0.0 0.4937622982844082 0.5101363661695296 0.0 0.4889792815054155
0.5022727272727273 0.0 0.0 0.4946321199986233 0.5017076136706263 0.0 0.49673446112906283
0.48 0.0 0.0 0.49461251465371986 0.4799809090220589 0.0 0.5198388139137052
0.5136363636363637 0.0 0.0 0.4944765552002899 0.5131722031931661 0.0 0.4859714883102061
0.5025454545454545 0.0 0.0 0.4940202002848539 0.5012039033619269 0.0 0.4973122980421958
0.5006363636363637 0.0 0.0 0.49408141215656753 0.49979565794569075 0.0 0.4988678958372915
0.48818181818181816 0.0 0.0 0.4950891120353877 0.4880845718891066 0.0 0.5107181144269135
0.5163636363636364 0.0 0.0 0.4945595104501869 0.5157371961126425 0.0 0.4834305265158704
0.5024545454545455 0.0 0.0 0.4941555839009427 0.5016568853984027 0.0 0.49703706519673063
0.5010909090909091 0.0 0.0 0.4949155756378188 0.5004965654816257 0.0 0.4977593613381488
0.4919090909090909 0.0 0.0 0.4946076159493489 0.49130688889936797 0.0 0.5074959133244616
0.5050909090909091 0.0 0.0 0.4941998220340751 0.5058287499267655 0.0 0.4934727238167632
0.49918181818181817 0.0 0.0 0.49471059304425224 0.5001328937835717 0.0 0.49912488120129184
0.4980909090909091 0.0 0.0 0.4956637766527397 0.49891684421561944 0.0 0.49976506367610607
0.4884545454545455 0.0 0.0 0.4950008956866569 0.4883382132502247 0.0 0.5104702528036479
0.49972727272727274 0.0 0.0 0.4945687407358123 0.5000442979278572 0.0 0.49893024139897213
0.5017272727272727 0.0 0.0 0.4946227539751646 0.5007587806352323 0.0 0.49749173160995996
0.497 0.0 0.0 0.49473185343002424 0.49565665962186717 0.0 0.5024793765443819
0.5000909090909091 0.0 0.0 0.49468772807650235 0.5011210233678715 0.0 0.4981866565291765
0.4959090909090909 0.0 0.0 0.49494551326464326 0.49583456581600355 0.0 0.5027956662231501
0.4978181818181818 0.0 0.0 0.49446194772793955 0.4979765849727139 0.0 0.5009100931381854
0.4798181818181818 0.0 0.0 0.494549592516658 0.4796901145601573 0.0 0.520153582969018
0.504 0.0 0.0 0.494810991941844 0.5030572715048578 0.0 0.4950663371982513
0.5024545454545455 0.0 0.0 0.4941070556630521 0.5027278949767578 0.0 0.4964212126972053
0.5029090909090909 0.0 0.0 0.4935158223943753 0.5015961543682759 0.0 0.4971982512830243
0.49954545454545457 0.0 0.0 0.49432353717515665 0.4988303918080271 0.0 0.4998091617563196
0.5181818181818182 0.0 0.0 0.4944982444719005 0.5175291187427391 0.0 0.4816301083444203
0.49718181818181817 0.0 0.0 0.4952915603017888 0.49731211605485515 0.0 0.5011245010454283
0.5040909090909091 0.0 0.0 0.4937762002309262 0.5034802452676238 0.0 0.495295951340048
0.4999090909090909 0.0 0.0 0.4953504519791305 0.5004937075507961 0.0 0.49813343470823046
0.49672727272727274 0.0 0.0 0.4947134651491501 0.4954780389450234 0.0 0.5027181144269134
0.48872727272727273 0.0 0.0 0.4952592312939008 0.48890551251988046 0.0 0.5099243489830823
0.49736363636363634 0.0 0.0 0.4947883142663393 0.4976893629243491 0.0 0.5011549135145397
0.49527272727272725 0.0 0.0 0.4938610059954879 0.4951636665537784 0.0 0.5041657479566617
0.4919090909090909 0.0 0.0 0.49538337658674503 0.49303022118955653 0.0 0.5062292339859331
0.5065454545454545 0.0 0.0 0.4945815038842173 0.5057022864875601 0.0 0.4925405816384716
0.4940909090909091 0.0 0.0 0.4940145078530763 0.4933867480605367 0.0 0.5054141798137226
0.4989090909090909 0.0 0.0 0.4935917462052487 0.49860461527249655 0.0 0.5007413039346121
0.4920909090909091 0.0 0.0 0.4958959486397182 0.49379686113456994 0.0 0.5049960083634276
0.5048181818181818 0.0 0.0 0.4955826223031711 0.5055265237415458 0.0 0.4931488310207167
0.5010909090909091 0.0 0.0 0.4937186357037162 0.5005337185824091 0.0 0.4984041056833285
0.503 0.0 0.0 0.4932635388699336 0.5019691143415256 0.0 0.49700665272761746
0.5154545454545455 0.0 0.0 0.4934471138362578 0.5145132872349091 0.0 0.4848295000950372
0.49163636363636365 0.0 0.0 0.4955057642480753 0.4928423122375169 0.0 0.5064025850598735
0.49927272727272726 0.0 0.0 0.49452094033517136 0.49921978488354646 0.0 0.49944725337388163
0.5076363636363637 0.0 0.0 0.49466714374206033 0.5076563966922308 0.0 0.4913256034974327
0.5002727272727273 0.0 0.0 0.4948570471276179 0.5023249267297983 0.0 0.4975555977950953
0.5027272727272727 0.0 0.0 0.49573741572907937 0.5044612300248497 0.0 0.49469378445162404
0.49936363636363634 0.0 0.0 0.4945310156176493 0.49931481108362735 0.0 0.49938490781220146
0.4968181818181818 0.0 0.0 0.4956733125822051 0.4980730401382095 0.0 0.5007762782740917
0.49627272727272725 0.0 0.0 0.4947010555314336 0.49810161944650455 0.0 0.501997338908952
0.49536363636363634 0.0 0.0 0.49452245883648127 0.4943048583395136 0.0 0.504161186086294
0.5010909090909091 0.0 0.0 0.49420392172274275 0.5003958234198858 0.0 0.4981532028131518
0.5034545454545455 0.0 0.0 0.4947387162833026 0.5024178094817571 0.0 0.4957141227903439
0.4938181818181818 0.0 0.0 0.49432781668960507 0.4933545963387048 0.0 0.5052879680669067
0.4979090909090909 0.0 0.0 0.49560237677105407 0.498093045654016 0.0 0.5001589051511102
0.49763636363636365 0.0 0.0 0.49392237353093454 0.4978601242914118 0.0 0.5016263067857802
0.5000909090909091 0.0 0.0 0.4933374257273074 0.4991068966157812 0.0 0.4998851929290994
0.51 0.0 0.0 0.49310717315748015 0.5088238614360817 0.0 0.49044212126971887
0.5079090909090909 0.0 0.0 0.49360053357812544 0.5072734339610778 0.0 0.4919779509598935
0.49518181818181817 0.0 0.0 0.49421802798404174 0.49501005277169274 0.0 0.5042843565862001
0.499 0.0 0.0 0.4933878701441507 0.49852244976114846 0.0 0.5007869226382806
0.507090909090909 0.0 0.0 0.4931180765971176 0.5058709044065006 0.0 0.4932385478045984
0.5117272727272727 0.0 0.0 0.4948453395855359 0.5117682446731742 0.0 0.48746626116707725
0.5012727272727273 0.0 0.0 0.49411111359614773 0.5016125874705455 0.0 0.4975206234556162
0.5006363636363637 0.0 0.0 0.4954428691741826 0.5014889819621696 0.0 0.49728796806690634
0.5011818181818182 0.0 0.0 0.49369824493722214 0.5004565544500127 0.0 0.49848621934993187
0.499 0.0 0.0 0.4946772950549783 0.4998649627683061 0.0 0.4993058353925095
0.49945454545454543 0.0 0.0 0.4931983101642606 0.49868463733572255 0.0 0.5005603497433936
0.494 0.0 0.0 0.49436108378276394 0.4935353604636707 0.0 0.505091807641132
0.5002727272727273 0.0 0.0 0.49456618288726606 0.5010274261332053 0.0 0.49827789393651245
0.4980909090909091 0.0 0.0 0.49400546650773597 0.4974200029436688 0.0 0.5014529557118407
0.5136363636363637 0.0 0.0 0.4944353386922066 0.5125548901339941 0.0 0.4861706899828915
0.512 0.0 0.0 0.4945118601914437 0.5108544212904416 0.0 0.4876745865804971
0.49836363636363634 0.0 0.0 0.4947451141950999 0.49754003603850777 0.0 0.5005573084964825
0.49227272727272725 0.0 0.0 0.4944498535617194 0.49288661016537416 0.0 0.5069591332446297
0.4964545454545455 0.0 0.0 0.493957137588272 0.4963790016390233 0.0 0.5029507698156241
0.5175454545454545 0.0 0.0 0.49361787157272324 0.5164759712320682 0.0 0.482732560349742
0.49954545454545457 0.0 0.0 0.4933443936017081 0.4985696056198352 0.0 0.5004584679718671
0.5043636363636363 0.0 0.0 0.49552813363705933 0.5048070396552192 0.0 0.4937935753658992
0.49027272727272725 0.0 0.0 0.49549822804185284 0.49041735792868607 0.0 0.5080007603117257
0.5019090909090909 0.0 0.0 0.49308721001827627 0.500434405486084 0.0 0.4987219159855526
0.49 0.0 0.0 0.49433901716355466 0.4904902351648383 0.0 0.5093601976810483
0.4990909090909091 0.0 0.0 0.49437873466955556 0.4993869738370722 0.0 0.4995841094848884
0.5006363636363637 0.0 0.0 0.49415463798040504 0.5005715861659 0.0 0.49834632199201556
0.49536363636363634 0.0 0.0 0.4952996947254842 0.49665693541219225 0.0 0.5025280364949618
0.4929090909090909 0.0 0.0 0.4953427850317549 0.49284874258188327 0.0 0.5053898498384335
0.5033636363636363 0.0 0.0 0.4936101508219342 0.5031337211545469 0.0 0.4960106443641885
0.48372727272727273 0.0 0.0 0.49468498228631963 0.48361762600259783 0.0 0.5159262497624033
0.49372727272727274 0.0 0.0 0.4941233934426821 0.4934810597779102 0.0 0.5058293100171054
0.4949090909090909 0.0 0.0 0.49447118223362846 0.49473069003310916 0.0 0.5041292529937258
0.48409090909090907 0.0 0.0 0.4947262223120931 0.48407346596990314 0.0 0.5154487739973395
0.5046363636363637 0.0 0.0 0.4949594133887648 0.5057937402741042 0.0 0.49356548184755655
0.5007272727272727 0.0 0.0 0.4948170146290726 0.5028086315226913 0.0 0.49711917886333334
0.5006363636363637 0.0 0.0 0.4940816231898401 0.5004143999702775 0.0 0.49841779129442954
0.5026363636363637 0.0 0.0 0.49315021592154873 0.5017111860841632 0.0 0.49738528796806547
0.49672727272727274 0.0 0.0 0.4953925034744093 0.4973878512218369 0.0 0.5014058163847163
0.5014545454545455 0.0 0.0 0.4948787039042504 0.5015439971306375 0.0 0.4972773237027168
0.4989090909090909 0.0 0.0 0.4945751391106515 0.49887897663212855 0.0 0.4998076411328629
0.504 0.0 0.0 0.493846080243849 0.5033009101080727 0.0 0.4956487359817514
0.5020909090909091 0.0 0.0 0.4948984026537195 0.5034273735472781 0.0 0.49596046379015246
0.48872727272727273 0.0 0.0 0.4948385156327988 0.48961070695205966 0.0 0.510386618513591
0.49627272727272725 0.0 0.0 0.4944608382935007 0.49479499347677286 0.0 0.5037430146359998
0.503 0.0 0.0 0.49392647768642095 0.5022856301808928 0.0 0.4966569093328256
0.49527272727272725 0.0 0.0 0.4944149048010523 0.4950736417326492 0.0 0.5033537350313623
0.5015454545454545 0.0 0.0 0.49416391150317773 0.501838364006076 0.0 0.497368561110054
0.4918181818181818 0.0 0.0 0.4944915780296715 0.49154409715821645 0.0 0.5075871507317983
0.4948181818181818 0.0 0.0 0.4945078728697025 0.49511651069509166 0.0 0.5040121649876442
0.49972727272727274 0.0 0.0 0.49467738267681977 0.5001393241279382 0.0 0.49883900399163483
0.49772727272727274 0.0 0.0 0.4950015839202482 0.497750093954476 0.0 0.5005953240828729
0.4940909090909091 0.0 0.0 0.4945207797821438 0.49382544044286497 0.0 0.5045687131724004