0.5064545454545455 0.0 0.0 0.4958278453672073 0.5087245483397566 0.0 0.4906702147880616
0.5003636363636363 0.0 0.0 0.4928231734633977 0.4990990373060001 0.0 0.5001801938794894
0.49518181818181817 0.0 0.0 0.49236372523295857 0.4928137329292219 0.0 0.5070382056643222
0.5035454545454545 0.0 0.0 0.4942565386044145 0.5041632907358743 0.0 0.4952685801178466
0.5045454545454545 0.0 0.0 0.49585428673000953 0.5069119057111461 0.0 0.49233529747196225
0.49554545454545457 0.0 0.0 0.49520372938664575 0.4959417382221098 0.0 0.5023805360197675
0.5010909090909091 0.0 0.0 0.4931151407221199 0.49979780139381286 0.0 0.49928910853449804
0.5022727272727273 0.0 0.0 0.4929036838682116 0.5008709544202902 0.0 0.49834480136855985
0.4929090909090909 0.0 0.0 0.4937280667014251 0.4933595977176564 0.0 0.5064041056833297
0.4948181818181818 0.0 0.0 0.49319435175666004 0.4930909522196834 0.0 0.5055297471963496
0.48854545454545456 0.0 0.0 0.49493140194739094 0.4882789111855126 0.0 0.5101539631248814
0.499 0.0 0.0 0.49495298740698473 0.49950915038003335 0.0 0.49892720015206105
0.4940909090909091 0.0 0.0 0.49393564481454943 0.49499076173859363 0.0 0.5047496673636186
0.4893636363636364 0.0 0.0 0.493901202686666 0.48798025741382983 0.0 0.5107926249762387
0.4970909090909091 0.0 0.0 0.49423370179138326 0.49606248579965617 0.0 0.5024139897357907
0.49454545454545457 0.0 0.0 0.4936955338543788 0.4936846873495121 0.0 0.5051130963695104
0.5009090909090909 0.0 0.0 0.49411593211361204 0.5017611998736795 0.0 0.49780954191218263
0.49772727272727274 0.0 0.0 0.4937729071141341 0.4967405298889551 0.0 0.5018148640942753
0.5044545454545455 0.0 0.0 0.4946180159942351 0.5056151195972604 0.0 0.49378901349553317
0.4988181818181818 0.0 0.0 0.4938346212658202 0.497578618104706 0.0 0.5008249382246688
0.4940909090909091 0.0 0.0 0.4947531522802543 0.49451563073818927 0.0 0.503995438129632
0.49272727272727274 0.0 0.0 0.4950503965824828 0.4935982349419197 0.0 0.5052134575175817
0.5171818181818182 0.0 0.0 0.49470694170850477 0.5178920759580856 0.0 0.48154343280744993
0.49572727272727274 0.0 0.0 0.49485656551057244 0.496246822338159 0.0 0.5023090667173531
0.5004545454545455 0.0 0.0 0.49401287753389395 0.49970063174560986 0.0 0.4987781790534095
0.49963636363636366 0.0 0.0 0.49406384900659966 0.49877394767414446 0.0 0.4996236456947337
0.49718181818181817 0.0 0.0 0.4948475968738422 0.4975593270716069 0.0 0.5008477475765051
0.4960909090909091 0.0 0.0 0.49489129916122376 0.4964718843909821 0.0 0.5019654058163836
0.5053636363636363 0.0 0.0 0.4934518981892206 0.5036088521549513 0.0 0.4950131153773012
0.496 0.0 0.0 0.49399899153357263 0.4959017271904968 0.0 0.5030830640562622
0.4898181818181818 0.0 0.0 0.49529537462746714 0.4910703951232268 0.0 0.5077468161946384
0.51 0.0 0.0 0.49439831589466215 0.5097784103331348 0.0 0.48922410188177057
0.48718181818181816 0.0 0.0 0.493441784569016 0.4864891320035381 0.0 0.5130553126781976
0.49318181818181817 0.0 0.0 0.4933317744703232 0.4917491536952331 0.0 0.5068861433187591
0.5075454545454545 0.0 0.0 0.4943776174752615 0.5067925870990144 0.0 0.4917985173921303
0.49754545454545457 0.0 0.0 0.4950298375990769 0.4987703752606076 0.0 0.5001954001140466
0.49763636363636365 0.0 0.0 0.49509614206575736 0.49816449392475354 0.0 0.5001391370461877
0.49763636363636365 0.0 0.0 0.49506427524678775 0.4990161573119446 0.0 0.49995362098460194
0.49754545454545457 0.0 0.0 0.4961673595641525 0.5000521572376384 0.0 0.4991781030222381
0.4893636363636364 0.0 0.0 0.49384191917930825 0.48977003659580426 0.0 0.5098422353164791
0.4964545454545455 0.0 0.0 0.495380986274741 0.4967948305747156 0.0 0.5015183425204328
0.5021818181818182 0.0 0.0 0.49509640996272497 0.5029265211694082 0.0 0.49568827219159706
0.48618181818181816 0.0 0.0 0.4939685468427387 0.4855238658658744 0.0 0.5136498764493436
0.49154545454545456 0.0 0.0 0.49298709964160636 0.489245606288591 0.0 0.5097327504276747
0.4948181818181818 0.0 0.0 0.49249147192377885 0.4930373660166303 0.0 0.5064907812203003
0.5011818181818182 0.0 0.0 0.49439998608728486 0.500623028920831 0.0 0.4977836913134358
0.5008181818181818 0.0 0.0 0.4932315024033037 0.4996927724358287 0.0 0.49924044858391925
0.49618181818181817 0.0 0.0 0.49559562056308015 0.497767241539453 0.0 0.5012187796996759
0.49954545454545457 0.0 0.0 0.49468486881893825 0.4998792524224536 0.0 0.4986823797757065
0.492 0.0 0.0 0.49231407575969877 0.48950496351136813 0.0 0.5104276753468922
0.5023636363636363 0.0 0.0 0.4928651599003101 0.5009559778624678 0.0 0.4982596464550455
0.5020909090909091 0.0 0.0 0.4940724412681273 0.5008931033842188 0.0 0.49733358677057304
0.5002727272727273 0.0 0.0 0.4936988179944242 0.5000028579308295 0.0 0.49896217449154034
0.5103636363636364 0.0 0.0 0.49423699628812656 0.5109551633521814 0.0 0.48819007793195124
0.49763636363636365 0.0 0.0 0.4959771001986848 0.5004565544500127 0.0 0.4993560159665451
0.49236363636363634 0.0 0.0 0.49632653903148977 0.49538801412389416 0.0 0.5046082493822452
0.4900909090909091 0.0 0.0 0.4941128112786679 0.4893534931774046 0.0 0.5095046569093311
0.4960909090909091 0.0 0.0 0.49198671647517106 0.49329386530857794 0.0 0.5067644934423109
0.5020909090909091 0.0 0.0 0.49519665217257175 0.5028700770355256 0.0 0.4957065196730642
0.4929090909090909 0.0 0.0 0.49460160598790354 0.4934381908154677 0.0 0.5051815244250135
0.49836363636363634 0.0 0.0 0.494801698408708 0.49900258214050447 0.0 0.4995628207565088
0.5106363636363637 0.0 0.0 0.4939535808203928 0.5108422750844162 0.0 0.4882752328454649
0.5104545454545455 0.0 0.0 0.4935734812357716 0.5098841537738262 0.0 0.48918152442501295
0.5034545454545455 0.0 0.0 0.4934441393153371 0.5032944797637062 0.0 0.4959954381296331
0.49718181818181817 0.0 0.0 0.49354613731904967 0.49621824302986395 0.0 0.5023577266679342
0.4968181818181818 0.0 0.0 0.4955482521339826 0.4978829877380478 0.0 0.5005862003421391
0.49172727272727274 0.0 0.0 0.4941127794187665 0.4912025744240912 0.0 0.507520243299751
0.49472727272727274 0.0 0.0 0.493172654490852 0.49321527221076666 0.0 0.505496293480326
0.49818181818181817 0.0 0.0 0.49511672824136554 0.4996163227861396 0.0 0.49936818095418956
0.49763636363636365 0.0 0.0 0.4944037231333663 0.49804446082991455 0.0 0.5007762782740912
0.49227272727272725 0.0 0.0 0.49353994897220405 0.4903037551782134 0.0 0.5082607869226367
0.5014545454545455 0.0 0.0 0.49390514518532025 0.5022877736290149 0.0 0.49744003041246776
0.4954545454545455 0.0 0.0 0.49232477424703236 0.49303022118955653 0.0 0.5066428435658615
0.5019090909090909 0.0 0.0 0.493961343291496 0.5008773847646565 0.0 0.497557118418552
0.49963636363636366 0.0 0.0 0.4940612863324258 0.5002193461911641 0.0 0.4991020718494571
0.4958181818181818 0.0 0.0 0.4931061032942643 0.49469353693232565 0.0 0.5043360577836902
0.5096363636363637 0.0 0.0 0.4932907672795945 0.5088281483323259 0.0 0.49028701767724625
0.49663636363636365 0.0 0.0 0.49229082909026184 0.49407836732127575 0.0 0.5055723246531073
0.5052727272727273 0.0 0.0 0.4941132558132097 0.5041425707373605 0.0 0.4941737312298009
0.49436363636363634 0.0 0.0 0.4946150146131925 0.49462351762700285 0.0 0.5039087625926617
0.5089090909090909 0.0 0.0 0.49442350706392096 0.5092761289898501 0.0 0.48999809922067883
0.48918181818181816 0.0 0.0 0.49498996983476484 0.4900808365735124 0.0 0.5088188557308484
0.49027272727272725 0.0 0.0 0.49318352937216364 0.4884489580698678 0.0 0.5108139137046181
0.49836363636363634 0.0 0.0 0.49521368463492105 0.4997627917411515 0.0 0.4991644174111367
0.5112727272727273 0.0 0.0 0.49307572726647336 0.510251397885417 0.0 0.4892073750237591
0.5116363636363637 0.0 0.0 0.49417087497150136 0.5120376046538546 0.0 0.48694316669834437
0.499 0.0 0.0 0.49464119802145196 0.4994734262446646 0.0 0.49911119559019057
0.49618181818181817 0.0 0.0 0.49453433935827995 0.4964232995668806 0.0 0.5021326743965012
0.5066363636363637 0.0 0.0 0.49362996493725325 0.5055543885671335 0.0 0.4933601976810479
0.5005454545454545 0.0 0.0 0.4942362898807815 0.5000092882751959 0.0 0.4985409617943346
0.503 0.0 0.0 0.4948527792613281 0.5036660107715413 0.0 0.49503744535259364
0.5063636363636363 0.0 0.0 0.49448438271113543 0.506955489156296 0.0 0.4922881581448386
0.5068181818181818 0.0 0.0 0.49357950009932644 0.506814736062943 0.0 0.4923778749287202
0.5036363636363637 0.0 0.0 0.49389006300400734 0.5032780466614366 0.0 0.49540239498194183
0.49254545454545456 0.0 0.0 0.49489399546990565 0.491975644713471 0.0 0.5064010644364176
0.5 0.0 0.0 0.4937442560319223 0.5002757903250468 0.0 0.4992982322752312
0.49736363636363634 0.0 0.0 0.4950281059889667 0.49865034216576853 0.0 0.5002501425584487
0.5007272727272727 0.0 0.0 0.49376163052051314 0.4996534758869231 0.0 0.49888614331875947
0.49272727272727274 0.0 0.0 0.4941884959576231 0.49309666808134245 0.0 0.50590077931952
0.48654545454545456 0.0 0.0 0.4939607282969799 0.48580465756987284 0.0 0.5134080973199006
0.506090909090909 0.0 0.0 0.49578560906612573 0.5083944573289493 0.0 0.49103060254704267
0.497 0.0 0.0 0.49559192646823685 0.4986710621642824 0.0 0.5003413799657848
0.49927272727272726 0.0 0.0 0.4948736979030903 0.49962346761321336 0.0 0.4988770195780259
0.49663636363636365 0.0 0.0 0.49380543983526376 0.4970213215929535 0.0 0.5021661281125267
0.5022727272727273 0.0 0.0 0.4953335900434183 0.5037731831776475 0.0 0.49535525565481764
0.5057272727272727 0.0 0.0 0.495696051304374 0.5079193263285449 0.0 0.4915080783121062
0.49463636363636365 0.0 0.0 0.49465227763369074 0.4950121962198149 0.0 0.5034738642843554
0.5019090909090909 0.0 0.0 0.4938322226218429 0.5015011281681949 0.0 0.4976559589431655
0.49363636363636365 0.0 0.0 0.4947977146082408 0.4943012859259767 0.0 0.5043026040676667
0.49818181818181817 0.0 0.0 0.49361685916032705 0.4968441298815245 0.0 0.5015411518722643
0.4910909090909091 0.0 0.0 0.49392152047170096 0.49038806413768365 0.0 0.5087017677247667
0.5106363636363637 0.0 0.0 0.49444915535427647 0.5116753619212154 0.0 0.4875833491731604