0.49772727272727274 0.0 0.0 0.49360805051815787 0.497332836053369 0.0 0.5017008173351081
0.4889090909090909 0.0 0.0 0.49283021741921657 0.48728863815309076 0.0 0.51259304314769
0.49163636363636365 0.0 0.0 0.4937199644224073 0.4906424199815092 0.0 0.5079794715833499
0.5173636363636364 0.0 0.0 0.4942898512175561 0.517927085610747 0.0 0.4820209085725138
0.503 0.0 0.0 0.493402404548005 0.5027364687692464 0.0 0.49659608439460257
0.4878181818181818 0.0 0.0 0.4928794189590913 0.4863869609763835 0.0 0.5134947728568708
0.487 0.0 0.0 0.49299491704400844 0.48655915130886085 0.0 0.5141942596464543
0.4959090909090909 0.0 0.0 0.4943666914089965 0.4952851286140322 0.0 0.5029933472723821
0.508 0.0 0.0 0.4947351903857813 0.508298716646161 0.0 0.4905546474054363
0.5017272727272727 0.0 0.0 0.4929256917044362 0.4995927448567962 0.0 0.4993103972628774
0.4959090909090909 0.0 0.0 0.49348738120728064 0.49527655482154365 0.0 0.5038920357346512
0.5 0.0 0.0 0.4932284527101067 0.4986153325131072 0.0 0.5003261737312298
0.4999090909090909 0.0 0.0 0.4936827396959507 0.49951272279357023 0.0 0.4994426915035166
0.5139090909090909 0.0 0.0 0.4939725905635026 0.5140017176164285 0.0 0.48548184755749857
0.5038181818181818 0.0 0.0 0.49640967616641823 0.5068726091622404 0.0 0.4926728758791096
0.502 0.0 0.0 0.4936030378142084 0.5009588357932973 0.0 0.4979418361528217
0.497 0.0 0.0 0.4937857922766741 0.49690771884248086 0.0 0.5020672875879117
0.5132727272727273 0.0 0.0 0.4956811934497735 0.5142174913940558 0.0 0.484902490020907
0.4968181818181818 0.0 0.0 0.4938109202588617 0.4963947202585856 0.0 0.5022786542482424
0.49236363636363634 0.0 0.0 0.49358132614767264 0.4916812778380325 0.0 0.5072632579357543
0.509090909090909 0.0 0.0 0.49464032496686433 0.5095254834547239 0.0 0.4895403915605395
0.49427272727272725 0.0 0.0 0.493219044206167 0.4938983176790172 0.0 0.5056240258505992
0.5086363636363637 0.0 0.0 0.4951607388081325 0.5112152350576659 0.0 0.4893655198631438
0.5004545454545455 0.0 0.0 0.494008679894372 0.500371531007835 0.0 0.4981805740353543
0.5126363636363637 0.0 0.0 0.49435888049135523 0.5120683274102716 0.0 0.48670594943926937
0.5067272727272727 0.0 0.0 0.4961192526347747 0.5092032517536978 0.0 0.4899631248812011
0.502 0.0 0.0 0.49396723275857773 0.5020741432995097 0.0 0.4969960083634295
0.507090909090909 0.0 0.0 0.4933528032639649 0.5058187471688623 0.0 0.49309712982322773
0.5045454545454545 0.0 0.0 0.49474831088557625 0.5053450451338726 0.0 0.49365519863143803
0.502 0.0 0.0 0.4962909611678153 0.5049270727500582 0.0 0.49453107774187344
0.5093636363636364 0.0 0.0 0.4941672795750436 0.5087895662661277 0.0 0.4899296711651768
0.5089090909090909 0.0 0.0 0.49548661583980713 0.5107629675038975 0.0 0.48856871317239925
0.49972727272727274 0.0 0.0 0.49505489352407367 0.5013275088703029 0.0 0.49786124310967617
0.5066363636363637 0.0 0.0 0.49410483674891176 0.5067875857200628 0.0 0.49246455046569126
0.5004545454545455 0.0 0.0 0.49352265201792 0.49996999172629025 0.0 0.4992145979851743
0.49763636363636365 0.0 0.0 0.4947612459894295 0.4975000250068948 0.0 0.5009298612431105
0.4970909090909091 0.0 0.0 0.49354070023478036 0.49611750096812407 0.0 0.5026436038775899
0.4944545454545455 0.0 0.0 0.4949032923929633 0.49537658240057614 0.0 0.5033887093708431
0.5 0.0 0.0 0.49575174290186796 0.5023277846606279 0.0 0.497009693974529
0.5096363636363637 0.0 0.0 0.49318035025219353 0.5086966835141689 0.0 0.49054400304124657
0.5057272727272727 0.0 0.0 0.49236535477618965 0.504539823122661 0.0 0.4958160045618698
0.49872727272727274 0.0 0.0 0.4938446932678821 0.49909117799621894 0.0 0.5000418171450303
0.514 0.0 0.0 0.4951994187164121 0.5156121616388518 0.0 0.48434442121269594
0.497 0.0 0.0 0.4936166236340073 0.4959996113214072 0.0 0.5026755369701575
0.49372727272727274 0.0 0.0 0.4932209224936867 0.4933946073703178 0.0 0.5061273522144083
0.5056363636363637 0.0 0.0 0.49403392916393474 0.5041332824621646 0.0 0.4941661281125256
0.5027272727272727 0.0 0.0 0.493135752714723 0.5009459751045645 0.0 0.4979524805170118
0.5016363636363637 0.0 0.0 0.49259057977449194 0.5004879916891372 0.0 0.49948678958372916
0.5017272727272727 0.0 0.0 0.49351555080699006 0.500954548897053 0.0 0.4980817335107395
0.508 0.0 0.0 0.4939562458507808 0.5073870367115505 0.0 0.49110815434328026
0.49163636363636365 0.0 0.0 0.4936272946742322 0.49101537995475897 0.0 0.507892796046379
0.511 0.0 0.0 0.4949806557220736 0.5122305149848458 0.0 0.48724272951910197
0.5062727272727273 0.0 0.0 0.4947442298426096 0.5062760161015822 0.0 0.4924508648545908
0.4958181818181818 0.0 0.0 0.4935924498960944 0.4956902403091138 0.0 0.5035240448583924
0.5061818181818182 0.0 0.0 0.4935387584193731 0.5062017099000153 0.0 0.4933495533168598
0.5037272727272727 0.0 0.0 0.4940682958204659 0.5028665046219887 0.0 0.4957308496483558
0.49736363636363634 0.0 0.0 0.49460789686310536 0.498207362887196 0.0 0.5008173351073951
0.5081818181818182 0.0 0.0 0.4929205313419045 0.5073113015445687 0.0 0.4924356586200339
0.49754545454545457 0.0 0.0 0.4936444029083096 0.49716493261713585 0.0 0.5018407146930247
0.504 0.0 0.0 0.4935340402499583 0.5029565294431179 0.0 0.49597871127162085
0.5003636363636363 0.0 0.0 0.49577792084758676 0.502764333594834 0.0 0.4966067287587904
0.5081818181818182 0.0 0.0 0.4943980352706508 0.5082958587153316 0.0 0.4905820186276373
0.5078181818181818 0.0 0.0 0.4949993795195224 0.5087974255759088 0.0 0.4903569663562054
0.5174545454545455 0.0 0.0 0.4941901832140363 0.518698726934712 0.0 0.4815495153012723
0.5033636363636363 0.0 0.0 0.49638366905735587 0.5064589236746703 0.0 0.4931746816194633
0.5143636363636364 0.0 0.0 0.49456370094578816 0.5157650609382302 0.0 0.4840874358486964
0.5103636363636364 0.0 0.0 0.4949011522984545 0.5108708543927112 0.0 0.4881231704999053
0.497 0.0 0.0 0.49397570714612615 0.49675053264685837 0.0 0.5020338338718877
0.511 0.0 0.0 0.49427881242834487 0.5118554115634739 0.0 0.48799391750617804
0.5098181818181818 0.0 0.0 0.49363599822615833 0.5105850613097611 0.0 0.4894506747766588
0.4978181818181818 0.0 0.0 0.49528429235040755 0.499754217948663 0.0 0.4993544953430915
0.5055454545454545 0.0 0.0 0.49262175209546455 0.5044583720940202 0.0 0.49576126211746796
0.5113636363636364 0.0 0.0 0.49283208616606616 0.5106579385459133 0.0 0.4896590001900777
0.5161818181818182 0.0 0.0 0.49430417410451993 0.5166638801841079 0.0 0.48324805170119567
0.5057272727272727 0.0 0.0 0.49353396384218395 0.5046177017377649 0.0 0.49430450484698685
0.5092727272727273 0.0 0.0 0.4943621825871707 0.508441613187636 0.0 0.48994031552936557
0.508090909090909 0.0 0.0 0.4945745960373161 0.5082744242341103 0.0 0.49077969967686774
0.5044545454545455 0.0 0.0 0.4934982381781157 0.5042111610772685 0.0 0.495014636000761
0.5041818181818182 0.0 0.0 0.4949697560570423 0.5042118755599758 0.0 0.4943774947728564
0.5111818181818182 0.0 0.0 0.4938747222062712 0.5121476349907903 0.0 0.487828169549516
0.5026363636363637 0.0 0.0 0.49321426107734434 0.5006894758126169 0.0 0.4979540011404675
0.5112727272727273 0.0 0.0 0.494989317420023 0.5137852293560939 0.0 0.4867515681429382
0.5034545454545455 0.0 0.0 0.4944527648037986 0.5031265763274732 0.0 0.4954540961794338
0.5077272727272727 0.0 0.0 0.4932934484531569 0.5063438919587829 0.0 0.492394601786732
0.49454545454545457 0.0 0.0 0.4931826363756308 0.4942448417920941 0.0 0.5055479946778185
0.4974545454545454 0.0 0.0 0.494556119082144 0.49833668425723093 0.0 0.5005968447063305
0.49736363636363634 0.0 0.0 0.49450760751837214 0.4970348967643936 0.0 0.50144687321802
0.5123636363636364 0.0 0.0 0.49377776002842677 0.5128413976996514 0.0 0.48727466261166985
0.4939090909090909 0.0 0.0 0.4942199078567265 0.4934188997823686 0.0 0.5051404675917122
0.5077272727272727 0.0 0.0 0.4938043635200099 0.5079707690834758 0.0 0.4913970727998489
0.5020909090909091 0.0 0.0 0.49450034541067805 0.5022856301808928 0.0 0.49652917696255516
0.5028181818181818 0.0 0.0 0.4925292260535638 0.5017540550466058 0.0 0.4983174301463591
0.49863636363636366 0.0 0.0 0.4927796051099149 0.4975679008640954 0.0 0.5022299942976617
0.49827272727272726 0.0 0.0 0.4946451839746038 0.49902758903526256 0.0 0.49995057973769363
0.5035454545454545 0.0 0.0 0.4945324374765156 0.5033452080359299 0.0 0.49532636380916206
0.509 0.0 0.0 0.4933416353768026 0.5076228160049843 0.0 0.49113856681239265
0.5035454545454545 0.0 0.0 0.49438009989128345 0.5042418838336856 0.0 0.49504352784641803
0.5083636363636364 0.0 0.0 0.49438381138042076 0.5086216628298945 0.0 0.49048317810302167
0.5034545454545455 0.0 0.0 0.4937368989480964 0.5025771391255017 0.0 0.49638623835772644
0.5098181818181818 0.0 0.0 0.49463660374923185 0.5116710750249712 0.0 0.4886112906291571
0.5040909090909091 0.0 0.0 0.49557462243304023 0.506185991280453 0.0 0.49301045428625834
0.505 0.0 0.0 0.4926852760649202 0.5035752714677046 0.0 0.49626610910473223
0.504 0.0 0.0 0.49534856390263166 0.5054093485775364 0.0 0.49349857441551126
0.49536363636363634 0.0 0.0 0.49321427705888743 0.49473283348123126 0.0 0.5045322182094665
0.5045454545454545 0.0 0.0 0.49440722904368445 0.5045255334685135 0.0 0.49439422163086866
0.5097272727272727 0.0 0.0 0.4945771664331329 0.509521911041187 0.0 0.4891800038015588
0.4988181818181818 0.0 0.0 0.4946166537237834 0.49891684421561944 0.0 0.4996905531267828
0.504 0.0 0.0 0.4925717765779277 0.5020255584754082 0.0 0.49762402585059784
0.49827272727272726 0.0 0.0 0.49386955420742445 0.4979744415245918 0.0 0.5009693974529568
0.511090909090909 0.0 0.0 0.49364687499603127 0.5113674198743368 0.0 0.48827979471583394
0.5002727272727273 0.0 0.0 0.49389611325196103 0.4999764220706566 0.0 0.4990184375594007
0.492 0.0 0.0 0.493668849820533 0.4914740778528937 0.0 0.5075962744725344