0.48345454545454547 0.0 0.0 0.4936326828942266 0.4829860232892783 0.0 0.5170499904961022
0.48718181818181816 0.0 0.0 0.49313820239896367 0.4850630245196175 0.0 0.5145105493252233
0.49827272727272726 0.0 0.0 0.4944337827132725 0.49733998088044273 0.0 0.5012111765823981
0.49663636363636365 0.0 0.0 0.4938728454859867 0.4955766375586412 0.0 0.5032366470252796
0.4968181818181818 0.0 0.0 0.493581234151644 0.4943420114402971 0.0 0.5039893556358108
0.48654545454545456 0.0 0.0 0.49337489450574984 0.48501158176468656 0.0 0.5146823797757079
0.5109090909090909 0.0 0.0 0.494776070576525 0.5108136957761211 0.0 0.4878783501235495
0.5045454545454545 0.0 0.0 0.49544622494672297 0.5058001706184705 0.0 0.4931229804219718
0.4999090909090909 0.0 0.0 0.49338977481344504 0.49727924985031585 0.0 0.5011929291009306
0.48772727272727273 0.0 0.0 0.4932948625477069 0.4871993278146689 0.0 0.5126751568142931
0.49436363636363634 0.0 0.0 0.4936900307425134 0.4929752060210887 0.0 0.5058794905911426
0.49772727272727274 0.0 0.0 0.4941426715861695 0.4972556719209725 0.0 0.5014651206994856
0.5041818181818182 0.0 0.0 0.4941133652656896 0.5034638121653542 0.0 0.4953081163276938
0.49327272727272725 0.0 0.0 0.49470218053041914 0.4928823232691299 0.0 0.5059722486219336
0.4904545454545455 0.0 0.0 0.4919128851829009 0.48707500782358565 0.0 0.5129154153202821
0.4958181818181818 0.0 0.0 0.4941969585613844 0.4942877107545366 0.0 0.5041125261357143
0.4944545454545455 0.0 0.0 0.4934697158744258 0.4934188997823686 0.0 0.5057852119368939
0.4954545454545455 0.0 0.0 0.49432438866760553 0.49408265421751996 0.0 0.5042737122220096
0.49536363636363634 0.0 0.0 0.49391093805296 0.4942962845470251 0.0 0.5044394601786726
0.4969090909090909 0.0 0.0 0.49497305576492934 0.4980108801426679 0.0 0.5011245010454272
0.5050909090909091 0.0 0.0 0.49506757033044047 0.5060595278412476 0.0 0.4927124120889552
0.5001818181818182 0.0 0.0 0.4935828706215228 0.4979622953185664 0.0 0.5006150921877972
0.49927272727272726 0.0 0.0 0.49402281880668525 0.49885182628924835 0.0 0.5000296521573846
0.5047272727272727 0.0 0.0 0.49327194369196303 0.50330162459078 0.0 0.4961231704999044
0.5084545454545455 0.0 0.0 0.49399774071943225 0.5083494449183846 0.0 0.4909758601026417
0.4899090909090909 0.0 0.0 0.4957806652967273 0.4921621247000959 0.0 0.5071522524234937
0.49772727272727274 0.0 0.0 0.49555381658881603 0.49979780139381286 0.0 0.49936818095419144
0.492 0.0 0.0 0.4933059410617229 0.48938993179548074 0.0 0.5094483938414749
0.506 0.0 0.0 0.4937684528695165 0.5046577127693779 0.0 0.4942619273902298
0.5037272727272727 0.0 0.0 0.49420433979567074 0.5046005541527878 0.0 0.4951438889944889
0.49536363636363634 0.0 0.0 0.4935171504550537 0.4951865300004144 0.0 0.5045717544193111
0.4958181818181818 0.0 0.0 0.49360457327103696 0.4956759506549663 0.0 0.5040106443641884
0.4913636363636364 0.0 0.0 0.4945127494528129 0.49210210815267635 0.0 0.5072739022999411
0.5107272727272727 0.0 0.0 0.4941508310176342 0.5107458199189205 0.0 0.4885413419501994
0.5021818181818182 0.0 0.0 0.49478739596362586 0.5023913736215843 0.0 0.4964683520243295
0.5018181818181818 0.0 0.0 0.49363419698741146 0.49985781794123235 0.0 0.49872191598555415
0.49354545454545456 0.0 0.0 0.49493575828590586 0.4929687756767223 0.0 0.5054293860482799
0.48872727272727273 0.0 0.0 0.4957559450771034 0.4913611895851285 0.0 0.5082988025090294
0.4879090909090909 0.0 0.0 0.4945429215701611 0.4890541249230145 0.0 0.5104550465690931
0.4880909090909091 0.0 0.0 0.4934252502385513 0.4867763540519029 0.0 0.5129123740733692
0.4960909090909091 0.0 0.0 0.49485402625898434 0.4973428388112722 0.0 0.5017859722486229
0.4863636363636364 0.0 0.0 0.49342317506909794 0.4843864093957334 0.0 0.5150321231704997
0.4970909090909091 0.0 0.0 0.49504613856080365 0.49688985677479647 0.0 0.5014012545143496
0.49927272727272726 0.0 0.0 0.4930791081902295 0.4980373160028408 0.0 0.5015578787302786
0.49972727272727274 0.0 0.0 0.4936792513594659 0.4992933766024061 0.0 0.4997924348983075
0.49127272727272725 0.0 0.0 0.4937229576198665 0.4903587703466813 0.0 0.5088279794715831
0.5031818181818182 0.0 0.0 0.4932876079724685 0.502529983266815 0.0 0.4971708800608242
0.4970909090909091 0.0 0.0 0.4937786340241857 0.49731783191651413 0.0 0.5022710511309623
0.5058181818181818 0.0 0.0 0.4942637178529285 0.5058173182034476 0.0 0.4932567952860656
0.4918181818181818 0.0 0.0 0.4945235849405155 0.4928230212044178 0.0 0.5067264778559195
0.49218181818181816 0.0 0.0 0.49440645707185377 0.49279086948258594 0.0 0.5065911423683691
0.4944545454545455 0.0 0.0 0.4955344515076794 0.4960967809696102 0.0 0.5028777798897532
0.4920909090909091 0.0 0.0 0.49314225445160775 0.49096465168253534 0.0 0.508397643033643
0.4968181818181818 0.0 0.0 0.49365130149401565 0.49564236996771965 0.0 0.5032107964265344
0.5014545454545455 0.0 0.0 0.4947928378399174 0.5003472385957842 0.0 0.49769701577646763
0.4949090909090909 0.0 0.0 0.4944226402953841 0.49346748460647005 0.0 0.5049777608819621
0.49372727272727274 0.0 0.0 0.49382480384060906 0.4935360749463781 0.0 0.5055647215358285
0.49527272727272725 0.0 0.0 0.4947335207388302 0.49652618507674257 0.0 0.502885383007031
0.5098181818181818 0.0 0.0 0.49386445020130937 0.5094218834621546 0.0 0.48986580498004173
0.5012727272727273 0.0 0.0 0.4949952416595299 0.5019562536527928 0.0 0.4967679148450863
0.49327272727272725 0.0 0.0 0.4948916890990969 0.49443275074413373 0.0 0.5047542292339844
0.4980909090909091 0.0 0.0 0.4950198283806119 0.49800945117725315 0.0 0.5003429005892401
0.4949090909090909 0.0 0.0 0.4934492805095687 0.4933781742680482 0.0 0.5054217829310018
0.49981818181818183 0.0 0.0 0.4952863199807794 0.5008938178669262 0.0 0.49786884622695304
0.4964545454545455 0.0 0.0 0.4943888037569729 0.4953644361945508 0.0 0.5030997909142734
0.49963636363636366 0.0 0.0 0.4937234508428805 0.4993219559107011 0.0 0.4997863524044849
0.5048181818181818 0.0 0.0 0.49380462358474736 0.5046477100114746 0.0 0.4947728568713171
0.4959090909090909 0.0 0.0 0.49525441694183897 0.4974785905256735 0.0 0.5015396312488112
0.49318181818181817 0.0 0.0 0.4949281986449588 0.4938604500955263 0.0 0.505183045048468
0.4888181818181818 0.0 0.0 0.49344316336698507 0.48617618857770784 0.0 0.5126660330735605
0.4954545454545455 0.0 0.0 0.4947760118942806 0.4971713629615022 0.0 0.5025295571184174
0.5049090909090909 0.0 0.0 0.4957386095023077 0.5064510643648892 0.0 0.49247519482987934
0.5108181818181818 0.0 0.0 0.49334788368916466 0.5092146834770158 0.0 0.4899844136095791
0.493 0.0 0.0 0.49549071871899475 0.494791421063236 0.0 0.5044592282835962
0.4898181818181818 0.0 0.0 0.49271859609777047 0.4874865498630337 0.0 0.5120881961604262
0.5052727272727273 0.0 0.0 0.4942694734391214 0.5050671113607037 0.0 0.4939927770385848
0.5004545454545455 0.0 0.0 0.49478086292148 0.5015918674720315 0.0 0.4978049800418174
0.5039090909090909 0.0 0.0 0.4937657894874098 0.5030179749559521 0.0 0.49572172590762165
0.49736363636363634 0.0 0.0 0.4940030197617731 0.49648617404512957 0.0 0.502286257365519
0.5054545454545455 0.0 0.0 0.4942241692558589 0.5053243251353587 0.0 0.49390610150161474
0.49063636363636365 0.0 0.0 0.4937371129329546 0.48899553734100976 0.0 0.509881771526326
0.4913636363636364 0.0 0.0 0.4954641141558643 0.491844179895314 0.0 0.5069697776088187
0.495 0.0 0.0 0.4950124556523083 0.4950707838018196 0.0 0.5035955141608047
0.49027272727272725 0.0 0.0 0.49329472999371915 0.489234174565273 0.0 0.5101934993347264
0.48872727272727273 0.0 0.0 0.4940506883412219 0.48804170292666404 0.0 0.511333966926439
0.5007272727272727 0.0 0.0 0.49294961348213684 0.4989354207660112 0.0 0.5004964835582584
0.489 0.0 0.0 0.4957422392481824 0.4918184585178485 0.0 0.5079399353735039
0.5039090909090909 0.0 0.0 0.49391531785625464 0.5034952494044787 0.0 0.49558791104352773
0.5001818181818182 0.0 0.0 0.49317959621046836 0.4988296773253197 0.0 0.5007169739593227
0.5001818181818182 0.0 0.0 0.4947253032344391 0.5003993958334226 0.0 0.4985029462079451
0.4918181818181818 0.0 0.0 0.4950886863053063 0.49285302947812754 0.0 0.5061623265538862
0.5003636363636363 0.0 0.0 0.49429037549649985 0.49931195315279786 0.0 0.499283026040675
0.48827272727272725 0.0 0.0 0.49437096042227163 0.4891834462930494 0.0 0.5102558448964072
0.5000909090909091 0.0 0.0 0.4939277710256232 0.4999607034510944 0.0 0.4990655768865224
0.49736363636363634 0.0 0.0 0.4941408785695229 0.49660192024372435 0.0 0.501901539631249
0.49536363636363634 0.0 0.0 0.4955989997956247 0.4971177767584491 0.0 0.5017646835202416
0.49672727272727274 0.0 0.0 0.4948069745121483 0.4984002732181873 0.0 0.5011898878540191
0.494 0.0 0.0 0.4952748709069476 0.49581384581748966 0.0 0.5034540961794329
0.49836363636363634 0.0 0.0 0.4944848282207484 0.4987953821553657 0.0 0.5002653487930043
0.49218181818181816 0.0 0.0 0.49499303711628617 0.49287232051122665 0.0 0.5060589241589032
0.495 0.0 0.0 0.4936587369468749 0.49350177977642407 0.0 0.5053077361718306
0.49981818181818183 0.0 0.0 0.49358570603159735 0.4977107974055704 0.0 0.5009967686751571
0.4929090909090909 0.0 0.0 0.49372992497512985 0.49173629300650035 0.0 0.5073210416270669
0.5031818181818182 0.0 0.0 0.49531019651455477 0.50443122175114 0.0 0.4946162326553879
0.49845454545454543 0.0 0.0 0.4935437759547993 0.4963639975021685 0.0 0.5024231134765254
0.49454545454545457 0.0 0.0 0.4932148421212504 0.4916112585327097 0.0 0.5072130773617183
0.4978181818181818 0.0 0.0 0.49400293641240434 0.49710205813888686 0.0 0.5016399923968817
0.5026363636363637 0.0 0.0 0.49564535564661805 0.5043883527886974 0.0 0.4949538110625342
0.49563636363636365 0.0 0.0 0.49306640579252764 0.4938418735451346 0.0 0.5053746436038766
0.49063636363636365 0.0 0.0 0.4949192428196051 0.49179130817496824 0.0 0.5074898308306399
0.49354545454545456 0.0 0.0 0.4933963615030066 0.4916869936996915 0.0 0.5069393651397074
0.48618181818181816 0.0 0.0 0.49326909269936103 0.4845435955913559 0.0 0.5152906291579555