0.5021818181818182 0.0 0.0 0.4933492119294213 0.5007437764983774 0.0 0.49826877019577986
0.5018181818181818 0.0 0.0 0.4958603532355883 0.5036138535339029 0.0 0.4956989165557881
0.51 0.0 0.0 0.4940880798914721 0.5101549427199213 0.0 0.48929709180764114
0.5152727272727273 0.0 0.0 0.4940699313795907 0.5158415105879193 0.0 0.4840342140277514
0.4903636363636364 0.0 0.0 0.49429537925385003 0.48998080899447993 0.0 0.5089405056072975
0.4900909090909091 0.0 0.0 0.4944655728212475 0.48952711247529673 0.0 0.5092659190267994
0.5105454545454545 0.0 0.0 0.4948933813787154 0.5115288929662035 0.0 0.4878007983273137
0.5075454545454545 0.0 0.0 0.49431091638559266 0.508287284922843 0.0 0.4911020718494581
0.5033636363636363 0.0 0.0 0.4946923210220395 0.503962521095102 0.0 0.4949705379205478
0.48472727272727273 0.0 0.0 0.49480416787896403 0.4850294438323709 0.0 0.5140650066527266
0.5069090909090909 0.0 0.0 0.49400166908452137 0.5073434532664006 0.0 0.49225926629918193
0.49872727272727274 0.0 0.0 0.4940577365722935 0.4989761462803316 0.0 0.5002623075460939
0.485 0.0 0.0 0.4931681731483694 0.4832903929226201 0.0 0.5163398593423293
0.4884545454545455 0.0 0.0 0.4938916043213128 0.4874744036570083 0.0 0.5117795095989351
0.4920909090909091 0.0 0.0 0.4939717792309072 0.4915498130198755 0.0 0.5073347272381673
0.49418181818181817 0.0 0.0 0.49458801115875817 0.4939611921572662 0.0 0.5047496673636178
0.48972727272727273 0.0 0.0 0.49408521385584997 0.4886440118489812 0.0 0.5101585249952465
0.49227272727272725 0.0 0.0 0.49394989621562935 0.4915519564679976 0.0 0.5073043147690548
0.5104545454545455 0.0 0.0 0.493983646693714 0.5106200709624225 0.0 0.488865234746246
0.5052727272727273 0.0 0.0 0.4940164447571784 0.5057994561357632 0.0 0.4937312298042186
0.49618181818181817 0.0 0.0 0.4955060433421791 0.49691343470413984 0.0 0.5016901729709176
0.49627272727272725 0.0 0.0 0.495643301937143 0.4978858456688773 0.0 0.5013328264588479
0.5032727272727273 0.0 0.0 0.4936837058919497 0.50330162459078 0.0 0.4961779129443068
0.4899090909090909 0.0 0.0 0.49384332343882215 0.4894720973068289 0.0 0.5097540391560532
0.49354545454545456 0.0 0.0 0.4954129085001449 0.4947471231353788 0.0 0.5043634290058921
0.49436363636363634 0.0 0.0 0.49297561983573757 0.49308452187531704 0.0 0.5063235126401817
0.4919090909090909 0.0 0.0 0.49300284614183537 0.49130903234749007 0.0 0.5084934423113472
0.49072727272727273 0.0 0.0 0.4958172724663107 0.4920120833315471 0.0 0.5067933852879678
0.5079090909090909 0.0 0.0 0.4927896587462437 0.5065475195303848 0.0 0.4934073370081732
0.4978181818181818 0.0 0.0 0.49528530543849564 0.4980744691036243 0.0 0.5004234936323886
0.5016363636363637 0.0 0.0 0.49499114998919835 0.502489972235202 0.0 0.49650484698726394
0.497 0.0 0.0 0.4938618570244916 0.4960746320056816 0.0 0.5025934233035534
0.4858181818181818 0.0 0.0 0.49269456244009907 0.48453430731616004 0.0 0.5155156814293846
0.49172727272727274 0.0 0.0 0.4951501545995274 0.49201994264132826 0.0 0.5067492872077546
0.4980909090909091 0.0 0.0 0.49365543310176163 0.4969970291809027 0.0 0.5015502756130014
0.49727272727272726 0.0 0.0 0.4939467804687597 0.4963947202585856 0.0 0.5022284736742058
0.5166363636363637 0.0 0.0 0.4940186888784842 0.5171025725664362 0.0 0.48282379775708006
0.4864545454545455 0.0 0.0 0.494325590718478 0.4861068837550925 0.0 0.5127998479376534
0.5035454545454545 0.0 0.0 0.4948929954507666 0.5034838176811607 0.0 0.49517126021668834
0.48763636363636365 0.0 0.0 0.4934320042536221 0.4863090823612796 0.0 0.5129108534499139
0.506090909090909 0.0 0.0 0.4933562729813215 0.5051185541156348 0.0 0.4944915415320279
0.49372727272727274 0.0 0.0 0.49479233616857043 0.49477570244367375 0.0 0.5048910853449906
0.4939090909090909 0.0 0.0 0.4951878391206216 0.49461780176534387 0.0 0.5042873978331114
0.49663636363636365 0.0 0.0 0.49443164205923607 0.49648474507971485 0.0 0.5024063866185127
0.49236363636363634 0.0 0.0 0.4936358031227137 0.4917841633478945 0.0 0.5074366090096927
0.49263636363636365 0.0 0.0 0.49320657646499233 0.49184918127426563 0.0 0.507574985744154
0.5020909090909091 0.0 0.0 0.49394047312761463 0.5022942039733812 0.0 0.49710397262877726
0.5025454545454545 0.0 0.0 0.4951445659273837 0.5028264935903757 0.0 0.4956776278274093
0.5025454545454545 0.0 0.0 0.49587529140147546 0.5042411693509782 0.0 0.4949173160996011
0.5028181818181818 0.0 0.0 0.49397514642256213 0.5026021460202599 0.0 0.49669188367230566
0.49236363636363634 0.0 0.0 0.492687852495413 0.4913340392422482 0.0 0.5081619463980214
0.5049090909090909 0.0 0.0 0.4945473011097998 0.5055443858092302 0.0 0.49372514731039696
0.4924545454545455 0.0 0.0 0.4947762040573624 0.4923957605454075 0.0 0.5063341570043713
0.48654545454545456 0.0 0.0 0.49280047005385763 0.48532023829427257 0.0 0.5147447253373868
0.49154545454545456 0.0 0.0 0.4945357270452154 0.49248721433195153 0.0 0.507135525565481
0.5057272727272727 0.0 0.0 0.4940411664207825 0.5062903057557298 0.0 0.4932552746626103
0.4964545454545455 0.0 0.0 0.49301002462385624 0.494951465189688 0.0 0.5043086865614895
0.4913636363636364 0.0 0.0 0.49392321530434574 0.49099823236978196 0.0 0.5079977190648162
0.4869090909090909 0.0 0.0 0.49350509566382716 0.4856017444809783 0.0 0.5135343090667168
0.5002727272727273 0.0 0.0 0.4940745608103698 0.5003379503205884 0.0 0.49865044668313974
0.4899090909090909 0.0 0.0 0.4931765211508287 0.4887168890851335 0.0 0.5106390420072228
0.5040909090909091 0.0 0.0 0.49343573699607335 0.5031801625305262 0.0 0.4961779129443067
0.5041818181818182 0.0 0.0 0.49372362623868055 0.5041247086696761 0.0 0.49524425014255835
0.5049090909090909 0.0 0.0 0.4940666764311746 0.5046948658701613 0.0 0.494350123550656
0.492 0.0 0.0 0.4949631881966077 0.49209496332560265 0.0 0.5065759361338149
0.5008181818181818 0.0 0.0 0.49439236321030827 0.5006015944396098 0.0 0.49799201672685767
0.49018181818181816 0.0 0.0 0.49276172515935013 0.4890662711290399 0.0 0.5104504846987258
0.5078181818181818 0.0 0.0 0.49289236753664206 0.5065303719454078 0.0 0.493154913514541
0.49 0.0 0.0 0.4948598954390661 0.4894520917910224 0.0 0.5087428245580686
0.5162727272727273 0.0 0.0 0.49402688481055085 0.5162451933175861 0.0 0.4830823037445352
0.49618181818181817 0.0 0.0 0.495547917731717 0.49789227601324365 0.0 0.5012461509218766
0.5030909090909091 0.0 0.0 0.4926673346208447 0.5009788413091038 0.0 0.49825964645504595
0.4988181818181818 0.0 0.0 0.493818850926864 0.49825666219400494 0.0 0.5006226953050752
0.5045454545454545 0.0 0.0 0.4939613957469105 0.5034909625082344 0.0 0.49532028131533945
0.5009090909090909 0.0 0.0 0.49435806901023854 0.5015404247171006 0.0 0.49739897357916674
0.5027272727272727 0.0 0.0 0.4932220512336173 0.5017447667714098 0.0 0.4975510359247287
0.49363636363636365 0.0 0.0 0.49305861414493035 0.4923564639965019 0.0 0.5066474054362278
0.5111818181818182 0.0 0.0 0.4940157008631353 0.5113474143585303 0.0 0.48812317049990506
0.4964545454545455 0.0 0.0 0.49367262843303195 0.4957266789271899 0.0 0.5032716213647586
0.49218181818181816 0.0 0.0 0.4942205864847564 0.49219356193922037 0.0 0.5070032313248423
0.5027272727272727 0.0 0.0 0.4929813547490307 0.5020162702002123 0.0 0.4976757270480895
0.498 0.0 0.0 0.493170107852872 0.49675910643934684 0.0 0.5023379585630101
0.5001818181818182 0.0 0.0 0.49409023793426066 0.5001471834377192 0.0 0.4987675346892223
0.4980909090909091 0.0 0.0 0.4948343766257064 0.4981402015127028 0.0 0.5001923588671346
0.49454545454545457 0.0 0.0 0.4954075910997594 0.49521868172224626 0.0 0.503425204333777
0.4949090909090909 0.0 0.0 0.49419415098941916 0.4940183507738562 0.0 0.5044379395552161
0.5044545454545455 0.0 0.0 0.4942159013262781 0.5051692823878584 0.0 0.4942664892605959
0.5072727272727273 0.0 0.0 0.4944859826460923 0.5073606008513776 0.0 0.49155673826268753
0.5051818181818182 0.0 0.0 0.4927708626543198 0.5043547721014509 0.0 0.4955620604447821
0.49963636363636366 0.0 0.0 0.49437416716285204 0.4994234124551484 0.0 0.4992921497814097
0.49554545454545457 0.0 0.0 0.4937152781968246 0.4940740804250315 0.0 0.5046614712031923
0.49772727272727274 0.0 0.0 0.49293474860663533 0.4961903782042763 0.0 0.5030891465500852
0.4974545454545454 0.0 0.0 0.4946089353162471 0.4978065380883587 0.0 0.5012324653107763
0.5033636363636363 0.0 0.0 0.4946962441518172 0.5039003610995603 0.0 0.4951940695685221
0.496 0.0 0.0 0.49577076380416213 0.49685699057025723 0.0 0.5019836532978526
0.5105454545454545 0.0 0.0 0.4949109881582398 0.5114588736608808 0.0 0.4878661851359052
0.5121818181818182 0.0 0.0 0.49390842757332737 0.5121783577472074 0.0 0.4874206424634099
0.5108181818181818 0.0 0.0 0.49285939434168397 0.5103678585667191 0.0 0.4898703668504083
0.5123636363636364 0.0 0.0 0.49427270276707125 0.5120983356839814 0.0 0.48662535639612237
0.506090909090909 0.0 0.0 0.49391125844318434 0.5054872271926403 0.0 0.49357612621174707
0.4950909090909091 0.0 0.0 0.4935492165764226 0.49433558109593073 0.0 0.5048591522524224
0.4888181818181818 0.0 0.0 0.4935860414535248 0.4875687153743818 0.0 0.5115651016916932
0.504 0.0 0.0 0.49515638050721317 0.504404785890967 0.0 0.49428321611860904
0.49418181818181817 0.0 0.0 0.49448600417303684 0.4938525907857452 0.0 0.5048439460178661
0.5023636363636363 0.0 0.0 0.49456329226766155 0.5024106646546833 0.0 0.4962630678578209
0.498 0.0 0.0 0.4945558885952853 0.49760148155134204 0.0 0.5010712792244814
0.49972727272727274 0.0 0.0 0.4949428529415255 0.5004486951402315 0.0 0.49848621934993276
0.4893636363636364 0.0 0.0 0.49420650583055015 0.4889969663064245 0.0 0.5099654058163832
0.5076363636363637 0.0 0.0 0.4942901824538016 0.5084301814643181 0.0 0.49097129823227514
0.49636363636363634 0.0 0.0 0.49376042395478625 0.49494003346637 0.0 0.5037338908952662
0.4878181818181818 0.0 0.0 0.494556883284487 0.4875108422750844 0.0 0.5113096369511492
0.4880909090909091 0.0 0.0 0.4937953742841876 0.4869878409332859 0.0 0.5119954381296314