0.5057272727272727 0.0 0.0 0.49415546329026405 0.504599125187373 0.0 0.49363543052651615
0.4928181818181818 0.0 0.0 0.4954170899499366 0.4948049962346761 0.0 0.5047298992586966
0.5051818181818182 0.0 0.0 0.4927007736223826 0.5032087418388212 0.0 0.4962204904010631
0.487 0.0 0.0 0.4931086490877756 0.48619119271456274 0.0 0.5135571184185501
0.5036363636363637 0.0 0.0 0.4937249597158091 0.5023335005222869 0.0 0.4961292529937279
0.5123636363636364 0.0 0.0 0.49404202461743435 0.5124398584181067 0.0 0.4865964645504641
0.5119090909090909 0.0 0.0 0.49400481842721355 0.5119132846627713 0.0 0.4871241208895629
0.5086363636363637 0.0 0.0 0.49414315278405035 0.5086509566208969 0.0 0.4901258315909507
0.5099090909090909 0.0 0.0 0.4948703462425838 0.5109094364589094 0.0 0.48828283596274513
0.5006363636363637 0.0 0.0 0.49424100835414425 0.4997820827742506 0.0 0.49870670975099696
0.495 0.0 0.0 0.4953926215027346 0.4970670484862255 0.0 0.5023333966926444
0.4900909090909091 0.0 0.0 0.49500710994551045 0.4898350545221754 0.0 0.5086439840334531
0.5024545454545455 0.0 0.0 0.4927767620998018 0.5010374288911086 0.0 0.4983037445352577
0.4899090909090909 0.0 0.0 0.49377205583399 0.4897593193551936 0.0 0.5097297091807625
0.49054545454545456 0.0 0.0 0.4942002733406733 0.4904195013768082 0.0 0.5085938034594186
0.49972727272727274 0.0 0.0 0.49263985745135647 0.4975150291437496 0.0 0.5014924919216874
0.5014545454545455 0.0 0.0 0.495204490831921 0.503010115646171 0.0 0.4963406196540586
0.49818181818181817 0.0 0.0 0.4950232530055328 0.49716350365172113 0.0 0.5011260216688835
0.5017272727272727 0.0 0.0 0.4958750048940803 0.5026585901541425 0.0 0.49593309256795326
0.5027272727272727 0.0 0.0 0.4948189069305272 0.5034809597503311 0.0 0.4952959513400488
0.504 0.0 0.0 0.4955706261972834 0.5051214120464642 0.0 0.49400038015586467
0.5116363636363637 0.0 0.0 0.49430127196834894 0.5115081729676897 0.0 0.48706481657479417
0.5020909090909091 0.0 0.0 0.49555928211938766 0.5026971722203407 0.0 0.49589811822847274
0.4852727272727273 0.0 0.0 0.49336352911248 0.4834675846340491 0.0 0.5157513780650053
0.494 0.0 0.0 0.4930145312662449 0.49296234533235594 0.0 0.5063022239118034
0.4858181818181818 0.0 0.0 0.4939327570236458 0.4856596175802757 0.0 0.5142459608439458
0.4990909090909091 0.0 0.0 0.4954079097371313 0.5007780716683314 0.0 0.49842539441170863
0.49945454545454543 0.0 0.0 0.49245037311707085 0.49718136571940547 0.0 0.5018407146930237
0.5011818181818182 0.0 0.0 0.4933475000574231 0.4989261324908153 0.0 0.49963429005892424
0.4910909090909091 0.0 0.0 0.4935313384357563 0.4907774572132031 0.0 0.5089131343850972
0.48627272727272725 0.0 0.0 0.49359605007191854 0.48603043410540336 0.0 0.5138962174491533
0.5101818181818182 0.0 0.0 0.49459246123479883 0.5103407082238388 0.0 0.4883406196540582
0.4938181818181818 0.0 0.0 0.49418252700462895 0.4935439342561592 0.0 0.5052286637521376
0.49354545454545456 0.0 0.0 0.4940977303186763 0.49366182390287605 0.0 0.5056072989925869
0.49945454545454543 0.0 0.0 0.49512468171056656 0.4994934317604711 0.0 0.4989165557878723
0.49736363636363634 0.0 0.0 0.49429414428940605 0.49670123334004945 0.0 0.5017662041436994
0.4988181818181818 0.0 0.0 0.4953323925843386 0.4992083531602285 0.0 0.49929671165177636
0.5089090909090909 0.0 0.0 0.49372707767025564 0.5089474669444576 0.0 0.4903098270290801
0.5017272727272727 0.0 0.0 0.49490956550682935 0.5033537818284184 0.0 0.4959787112716201
0.49263636363636365 0.0 0.0 0.49330562029979386 0.4902837496624069 0.0 0.5084341379965778
0.489 0.0 0.0 0.49358689728768956 0.48709215540856265 0.0 0.5119072419692059
0.5007272727272727 0.0 0.0 0.49397637028795255 0.49965847726587476 0.0 0.49875536970157774
0.5068181818181818 0.0 0.0 0.49382487158437516 0.5050628244644595 0.0 0.4930636761072037
0.49818181818181817 0.0 0.0 0.4923809862126629 0.4959803202883081 0.0 0.5031043527846416
0.5054545454545455 0.0 0.0 0.492427037230792 0.5021884605326897 0.0 0.49665690933282436
0.5002727272727273 0.0 0.0 0.493581356424854 0.4991590538534196 0.0 0.4994548564911607
0.503 0.0 0.0 0.4934809403480396 0.5022284715643027 0.0 0.4967694354685398
0.49918181818181817 0.0 0.0 0.49456267159735273 0.49897400283220944 0.0 0.49964189317620233
0.5066363636363637 0.0 0.0 0.4949201358901187 0.5059673595719962 0.0 0.49224558068808144
0.4958181818181818 0.0 0.0 0.4939808658000943 0.4959781768401859 0.0 0.5031727808401429
0.5046363636363637 0.0 0.0 0.49347895721083207 0.5040303969523026 0.0 0.49502680098840246
0.517090909090909 0.0 0.0 0.494080360436734 0.5169711077482791 0.0 0.48203763543052436
0.49754545454545457 0.0 0.0 0.4928740801135562 0.49584599753932157 0.0 0.5030724196920722
0.505 0.0 0.0 0.49341362986106896 0.5043276217585706 0.0 0.4948732180193861
0.49818181818181817 0.0 0.0 0.4931014052539711 0.49673338506188136 0.0 0.5021022619273894
0.4880909090909091 0.0 0.0 0.49320793203039764 0.48705285885965705 0.0 0.5125884812773218
0.508090909090909 0.0 0.0 0.4957222942594452 0.5100527716927667 0.0 0.4890887663942223
0.5015454545454545 0.0 0.0 0.4948254780956927 0.5022299005297175 0.0 0.49650484698726394
0.5063636363636363 0.0 0.0 0.4922854792694481 0.5031930232192591 0.0 0.4956958753088746
0.5093636363636364 0.0 0.0 0.4940881805302983 0.5077399911689937 0.0 0.4904466831400872
0.48763636363636365 0.0 0.0 0.49496794203763567 0.4873736615952684 0.0 0.5112944307165933
0.49863636363636366 0.0 0.0 0.49536739961525283 0.49914190626844257 0.0 0.4992875879110438
0.502 0.0 0.0 0.49240194790430725 0.4984988718318051 0.0 0.5002547044288157
0.4883636363636364 0.0 0.0 0.4934664755290057 0.4882610491178282 0.0 0.5112868275993144
0.49318181818181817 0.0 0.0 0.49338540890721994 0.49092606961633706 0.0 0.5075993157194438
0.4948181818181818 0.0 0.0 0.49478977103186533 0.4954694651525349 0.0 0.5034510549325228
0.5074545454545455 0.0 0.0 0.4954588375339049 0.507487064290583 0.0 0.4906960653868079
0.5096363636363637 0.0 0.0 0.49462872582290685 0.5097941289526969 0.0 0.4888500285116897
0.5121818181818182 0.0 0.0 0.49436514808695736 0.5112909702246476 0.0 0.4868793005132106
0.5123636363636364 0.0 0.0 0.4941940049928971 0.5126920708138101 0.0 0.4863729329024883
0.48654545454545456 0.0 0.0 0.4937670167329014 0.4845321638680379 0.0 0.5143189507698149
0.49927272727272726 0.0 0.0 0.4951110651613286 0.4993855448716575 0.0 0.49906405626306716
0.5039090909090909 0.0 0.0 0.4939973397557598 0.5024406729283931 0.0 0.4956943546854208
0.5114545454545455 0.0 0.0 0.49331462281217986 0.509622653102927 0.0 0.48928188557308305
0.4874545454545455 0.0 0.0 0.49504618628424824 0.4873150740132637 0.0 0.511370461889374
0.514 0.0 0.0 0.49403372142614344 0.5135594528205634 0.0 0.48503022239117866
0.5009090909090909 0.0 0.0 0.4930118882387796 0.5000050013789517 0.0 0.4994396502566043
0.49818181818181817 0.0 0.0 0.49310362260725016 0.49640972439544045 0.0 0.5023577266679313
0.4950909090909091 0.0 0.0 0.4934687871259294 0.49441488867644934 0.0 0.5046128112526121
0.5051818181818182 0.0 0.0 0.4928215187740366 0.503236606664409 0.0 0.4955985554077146
0.499 0.0 0.0 0.4941791107036091 0.49942984279951474 0.0 0.49968751187987037
0.4989090909090909 0.0 0.0 0.4956772107346553 0.5012431999108325 0.0 0.49820794525755574
0.4974545454545454 0.0 0.0 0.49287432662936986 0.49573668168509316 0.0 0.5031028321611848
0.5076363636363637 0.0 0.0 0.49407538949544144 0.507264145685882 0.0 0.49148983083064
0.49527272727272725 0.0 0.0 0.49479165941812875 0.49592387615442546 0.0 0.5029903060254709
0.49563636363636365 0.0 0.0 0.493504320845991 0.4945349217712884 0.0 0.5043254134195005
0.4979090909090909 0.0 0.0 0.49403861916584985 0.4977879615379669 0.0 0.5012583159095224
0.5026363636363637 0.0 0.0 0.49399296226874617 0.5016511695367437 0.0 0.496784641703099
0.5021818181818182 0.0 0.0 0.495090862512433 0.5025114067164232 0.0 0.495779509598936
0.5005454545454545 0.0 0.0 0.49394504916908955 0.5003843916965678 0.0 0.49871279224481957
0.5132727272727273 0.0 0.0 0.4943107646714393 0.5135515935107823 0.0 0.4854499144649287
0.4938181818181818 0.0 0.0 0.495336001508946 0.4939769107768285 0.0 0.5046432237217253
0.49018181818181816 0.0 0.0 0.49364593456061784 0.48952496902717463 0.0 0.510220870556928
0.49518181818181817 0.0 0.0 0.4944403790995834 0.49522225413578314 0.0 0.5035529367040485
0.5128181818181818 0.0 0.0 0.49359443202378644 0.5114781646939799 0.0 0.48707241969207105
0.4969090909090909 0.0 0.0 0.49434555870297175 0.4977129408536925 0.0 0.501694734841285
0.5020909090909091 0.0 0.0 0.49477549068691523 0.5019555391700855 0.0 0.4966614712031937
0.4970909090909091 0.0 0.0 0.49457999733296615 0.49668408575507245 0.0 0.5019410758410945
0.49845454545454543 0.0 0.0 0.4945592131368425 0.49935553659794774 0.0 0.4998836723056448
0.49127272727272725 0.0 0.0 0.4932925851806507 0.4889533828612746 0.0 0.5097859722486211
0.4980909090909091 0.0 0.0 0.4926747178926893 0.494808568648213 0.0 0.5041353354875491
0.517 0.0 0.0 0.493984172300277 0.5169775380926456 0.0 0.48226572894886677
0.485 0.0 0.0 0.49537316181658575 0.4854145500116461 0.0 0.513449154153202
0.5059090909090909 0.0 0.0 0.4944932768818642 0.5057965982049336 0.0 0.4927413039346128
0.5031818181818182 0.0 0.0 0.4945567254700869 0.5020391336468484 0.0 0.4960699486789578
0.508 0.0 0.0 0.4932934448723197 0.5062595829993126 0.0 0.4923322562250497
0.5055454545454545 0.0 0.0 0.49270667214859043 0.5035666976752161 0.0 0.4958540201482594
0.4989090909090909 0.0 0.0 0.4951240965277217 0.4990704579977051 0.0 0.4993027941455991
0.49572727272727274 0.0 0.0 0.4927631939339442 0.493996916292635 0.0 0.5050811632769432
0.49063636363636365 0.0 0.0 0.4926355356431955 0.4883353553193952 0.0 0.510614712031933
0.5016363636363637 0.0 0.0 0.4938926486907427 0.5007266289134004 0.0 0.49804523854780525
0.48772727272727273 0.0 0.0 0.49292467032839005 0.48680779129102736 0.0 0.5130948488880426