0.5008181818181818 0.0 0.0 0.49505445652865804 0.5030415528852955 0.0 0.4972529937274274
0.4999090909090909 0.0 0.0 0.4957272049115183 0.50074306201567 0.0 0.4980528416650811
0.5013636363636363 0.0 0.0 0.4934414677094597 0.5007902178743567 0.0 0.49870366850408665
0.4944545454545455 0.0 0.0 0.4945110222000473 0.49501005277169274 0.0 0.5040729899258698
0.5069090909090909 0.0 0.0 0.4952388805021731 0.5061602699029876 0.0 0.4921421782930986
0.49227272727272725 0.0 0.0 0.49479997060968056 0.4918527536878025 0.0 0.5064086675536965
0.49854545454545457 0.0 0.0 0.49363292142780935 0.4978394042928979 0.0 0.5012917696255446
0.5040909090909091 0.0 0.0 0.49282383020438436 0.5027157487707326 0.0 0.4968591522524234
0.5043636363636363 0.0 0.0 0.4955285654925428 0.5039839555763231 0.0 0.49433035544573123
0.49763636363636365 0.0 0.0 0.4955684834049621 0.4986403394078653 0.0 0.5001528226572879
0.5042727272727273 0.0 0.0 0.4949691308535689 0.5045705458790781 0.0 0.4940399163657092
0.4874545454545455 0.0 0.0 0.49392877592930035 0.4866063071675476 0.0 0.5125124501045417
0.49836363636363634 0.0 0.0 0.49460273897676355 0.4981852139232674 0.0 0.5006105303174285
0.49654545454545457 0.0 0.0 0.49366888559616123 0.49706276158998125 0.0 0.5028640942786535
0.5083636363636364 0.0 0.0 0.49397184524913995 0.5081286697618057 0.0 0.49079642653487865
0.5040909090909091 0.0 0.0 0.49297004699573255 0.5027921984204217 0.0 0.49669340429576125
0.4944545454545455 0.0 0.0 0.4948688041236359 0.4951893879312439 0.0 0.5038403345371603
0.5017272727272727 0.0 0.0 0.4939828163866488 0.5018512246948087 0.0 0.49753887093708193
0.4990909090909091 0.0 0.0 0.494989779622487 0.5004615558289642 0.0 0.49889982892985973
0.5053636363636363 0.0 0.0 0.49493665928951674 0.5058344657884245 0.0 0.49282037635430453
0.494 0.0 0.0 0.4943992397688456 0.4934324749538087 0.0 0.5051936894126587
0.49127272727272725 0.0 0.0 0.4942806871831591 0.4908167537621087 0.0 0.5079931571944498
0.4833636363636364 0.0 0.0 0.49489858084439925 0.48393557080737976 0.0 0.5154457327504266
0.505 0.0 0.0 0.4932490586152858 0.5031365790853763 0.0 0.4958114426915028
0.508 0.0 0.0 0.4945840549788264 0.5072791498227368 0.0 0.49123436609009596
0.4870909090909091 0.0 0.0 0.495086228899017 0.4884539594488195 0.0 0.5110298422353163
0.5056363636363637 0.0 0.0 0.4943459577205631 0.5049184989575697 0.0 0.4934955331685993
0.4934545454545455 0.0 0.0 0.4932950056832432 0.49264154259674453 0.0 0.5065941836152814
0.5101818181818182 0.0 0.0 0.49311255030349455 0.5087266917878787 0.0 0.49018057403535376
0.5045454545454545 0.0 0.0 0.4941109868977566 0.503410225962301 0.0 0.49509218779699404
0.49727272727272726 0.0 0.0 0.4949288811165016 0.4994048359047566 0.0 0.5008082113666592
0.5 0.0 0.0 0.4933371322699277 0.4990976083405853 0.0 0.5001330545523666
0.51 0.0 0.0 0.49428925691179165 0.5104278751141386 0.0 0.48858239878349985
0.49154545454545456 0.0 0.0 0.49386432296574273 0.4907774572132031 0.0 0.5080053221820948
0.5026363636363637 0.0 0.0 0.4945509340237048 0.5028822232415509 0.0 0.49617639232085153
0.49327272727272725 0.0 0.0 0.49315971959554394 0.4914983702649445 0.0 0.5076236456947334
0.5091818181818182 0.0 0.0 0.49509032245462203 0.5095947882773393 0.0 0.48899600836342827
0.48927272727272725 0.0 0.0 0.49485490772384655 0.48978932762890337 0.0 0.509296331495913
0.5030909090909091 0.0 0.0 0.49405038700739423 0.5030008273709752 0.0 0.4961976810492308
0.487 0.0 0.0 0.49463660824634054 0.4869906988641154 0.0 0.5122950009503894
0.49554545454545457 0.0 0.0 0.49433441846006715 0.49518510103499963 0.0 0.5033400494202627
0.4969090909090909 0.0 0.0 0.4947498467397695 0.4979058511846838 0.0 0.5014468732180193
0.49672727272727274 0.0 0.0 0.4928485324731455 0.49571524720387194 0.0 0.5041444592282824
0.4978181818181818 0.0 0.0 0.4937608261880264 0.4967026623054642 0.0 0.5019061015016154
0.4863636363636364 0.0 0.0 0.4946351758207838 0.4861747596122931 0.0 0.5128621934993334
0.5046363636363637 0.0 0.0 0.4952197033257872 0.5040239666079361 0.0 0.4943197110815416
0.4950909090909091 0.0 0.0 0.49423913636692834 0.49477570244367375 0.0 0.5039756700247098
0.4914545454545455 0.0 0.0 0.49511643266818667 0.49319383772954545 0.0 0.5062946207945258
0.49936363636363634 0.0 0.0 0.4934762533402219 0.4977336608522064 0.0 0.5008857631628953
0.5028181818181818 0.0 0.0 0.49367318028674356 0.5023899446561695 0.0 0.4969747196350496
0.4929090909090909 0.0 0.0 0.4944486057210537 0.49305880049785156 0.0 0.5058110625356399
0.5055454545454545 0.0 0.0 0.4947212980984186 0.505620120976212 0.0 0.49307279984793695
0.508 0.0 0.0 0.4945413700130261 0.5085130614583735 0.0 0.49041018817715143
0.5042727272727273 0.0 0.0 0.49385966513405877 0.5022234701853511 0.0 0.4961779129443057
0.48754545454545456 0.0 0.0 0.4945551354113031 0.48852254978872744 0.0 0.5113020338338707
0.4913636363636364 0.0 0.0 0.49392797222816626 0.4906631399800231 0.0 0.5080311727808402
0.5119090909090909 0.0 0.0 0.4929965499777202 0.5102571137470759 0.0 0.4886340999809915
0.5047272727272727 0.0 0.0 0.493203089448836 0.5026192936052368 0.0 0.4961946398023185
0.5035454545454545 0.0 0.0 0.4942350505322321 0.5015025571336097 0.0 0.4967177342710497
0.5037272727272727 0.0 0.0 0.4937110558572493 0.5033887914810797 0.0 0.4958677057593617
0.4919090909090909 0.0 0.0 0.49352184484941997 0.49111326408566935 0.0 0.5079308116327698
0.5095454545454545 0.0 0.0 0.49357830556909055 0.5091625262393774 0.0 0.49024900209085687
0.49254545454545456 0.0 0.0 0.4948448474292006 0.4940219231873931 0.0 0.5056498764493447
0.5111818181818182 0.0 0.0 0.49333405631056804 0.5102771192628824 0.0 0.4890720395362096
0.49963636363636366 0.0 0.0 0.49516642381298526 0.5008988192458778 0.0 0.49811518722676185
0.5004545454545455 0.0 0.0 0.49295654240894676 0.49935482211524035 0.0 0.5002668694164605
0.5107272727272727 0.0 0.0 0.4944496030967532 0.5107929757776073 0.0 0.48817791294430635
0.49254545454545456 0.0 0.0 0.4951739153510785 0.49294376878196416 0.0 0.505666603307356
0.48963636363636365 0.0 0.0 0.4947535560490123 0.48973145452960604 0.0 0.5089967686751569
0.5054545454545455 0.0 0.0 0.4930561211231199 0.5041318534967498 0.0 0.4950161566242154
0.48818181818181816 0.0 0.0 0.49482087943020814 0.48881477321604383 0.0 0.5104778559209278
0.5104545454545455 0.0 0.0 0.4946139869747549 0.510045626865693 0.0 0.48860977000570116
0.5082727272727273 0.0 0.0 0.4938304529461358 0.5080107801150888 0.0 0.49105949439270014
0.49436363636363634 0.0 0.0 0.4947044293508274 0.49467638934734864 0.0 0.5042250522714316
0.5051818181818182 0.0 0.0 0.4941685026337523 0.5030879942612749 0.0 0.49494772856871205
0.5042727272727273 0.0 0.0 0.4948906797632668 0.5045033845045849 0.0 0.4943181904580871
0.494 0.0 0.0 0.49503473720145513 0.4950171975987665 0.0 0.5038555407717151
0.4959090909090909 0.0 0.0 0.4937758892470091 0.49642472853229536 0.0 0.5032640182474806
0.5063636363636363 0.0 0.0 0.49490242375126947 0.5062881623076076 0.0 0.4921665082683886
0.49463636363636365 0.0 0.0 0.4945846930267426 0.49481285554445725 0.0 0.5041262117468164
0.49363636363636365 0.0 0.0 0.49436275303310334 0.49308023497907283 0.0 0.5056407527086101
0.4974545454545454 0.0 0.0 0.4936303358087549 0.4958588582280543 0.0 0.5028869036304875
0.49254545454545456 0.0 0.0 0.49446791509570576 0.4929980694677247 0.0 0.5060330735601599
0.49463636363636365 0.0 0.0 0.49404479386719635 0.4940919424927159 0.0 0.5047770385858197
0.49754545454545457 0.0 0.0 0.4946374915757665 0.4965947754166506 0.0 0.5017905341189859
0.49127272727272725 0.0 0.0 0.4951314702778222 0.49256080605081115 0.0 0.5066656529176957
0.5006363636363637 0.0 0.0 0.49574569857955747 0.50211486881383 0.0 0.4970325033263623
0.49836363636363634 0.0 0.0 0.49374217815821914 0.4978029656748218 0.0 0.5012339859342329
0.5042727272727273 0.0 0.0 0.4940229448847907 0.5029400963408482 0.0 0.4955407717164012
0.4950909090909091 0.0 0.0 0.4946212751883213 0.49550233135707417 0.0 0.5035057973769235
0.5005454545454545 0.0 0.0 0.4930188674366309 0.49960060416657737 0.0 0.4997878730279399
0.4988181818181818 0.0 0.0 0.49522064571642527 0.500737346154011 0.0 0.499135525565481
0.5124545454545455 0.0 0.0 0.4939359427047784 0.5108479909460751 0.0 0.4878798707470048
0.49918181818181817 0.0 0.0 0.4955070969225824 0.5003065130814639 0.0 0.49856225052271297
0.49554545454545457 0.0 0.0 0.49465255095073696 0.495803128576879 0.0 0.5031606158524997
0.492 0.0 0.0 0.49470713750660184 0.49142263509796275 0.0 0.5068846226953045
0.49763636363636365 0.0 0.0 0.4936853733649789 0.4981137656525299 0.0 0.5017981372362661
0.4964545454545455 0.0 0.0 0.4943209166725794 0.497389994669959 0.0 0.502594943927009
0.5045454545454545 0.0 0.0 0.4955905246905515 0.5052071499713492 0.0 0.4931762022429188
0.49827272727272726 0.0 0.0 0.4941249103013183 0.49845314493853304 0.0 0.5006090096939733
0.508090909090909 0.0 0.0 0.4941152000692902 0.5081300987272205 0.0 0.49099866945447546
0.4873636363636364 0.0 0.0 0.4941304211054412 0.4866384588893795 0.0 0.5124257745675717
0.493 0.0 0.0 0.49473123123443685 0.49253865708688255 0.0 0.5058460368751183
0.49472727272727274 0.0 0.0 0.4944168211687282 0.49438416592003226 0.0 0.5041490210986508
0.5042727272727273 0.0 0.0 0.4941212386489098 0.5034673845788911 0.0 0.49508610530317176
0.5055454545454545 0.0 0.0 0.49454645596577607 0.5057808795853714 0.0 0.49332066147120335
0.49363636363636365 0.0 0.0 0.49403786958498674 0.49221999779939324 0.0 0.5061501615662418
0.49954545454545457 0.0 0.0 0.4948507392026038 0.49964061519819036 0.0 0.49903820566432133
0.4960909090909091 0.0 0.0 0.49475035579653365 0.4970091753869281 0.0 0.5022908192358867
0.5043636363636363 0.0 0.0 0.4948848760011176 0.5045905513948846 0.0 0.49423455616802825
0.49354545454545456 0.0 0.0 0.4937405082511929 0.4928230212044178 0.0 0.5061440790724184
0.4960909090909091 0.0 0.0 0.49545599983104727 0.49700274504256176 0.0 0.5018300703288352