0.513 0.0 0.0 0.4941866205222731 0.5127342252935452 0.0 0.48689298612431176
0.498 0.0 0.0 0.49408240248548274 0.49812662634126265 0.0 0.5009116137616418
0.506090909090909 0.0 0.0 0.49563679895814206 0.508218694582935 0.0 0.49122980421972906
0.5042727272727273 0.0 0.0 0.49314129289299286 0.5031694452899157 0.0 0.49595286067287525
0.5129090909090909 0.0 0.0 0.49526757808329364 0.5130650307870599 0.0 0.48591674586580336
0.51 0.0 0.0 0.49292436323441435 0.5079264711556186 0.0 0.4918213267439644
0.4893636363636364 0.0 0.0 0.49434144147508796 0.4899136476199867 0.0 0.5099349933472724
0.5007272727272727 0.0 0.0 0.49377464590256337 0.49804946220886614 0.0 0.5003520243299748
0.49163636363636365 0.0 0.0 0.4949297874721559 0.49211496884140915 0.0 0.506919597034784
0.5076363636363637 0.0 0.0 0.4941861120177729 0.5063831885076886 0.0 0.49223797757080257
0.5050909090909091 0.0 0.0 0.49610453884444694 0.5076585401403529 0.0 0.49161148070708904
0.5011818181818182 0.0 0.0 0.4934146644004007 0.5003400937687105 0.0 0.49890591142368357
0.5129090909090909 0.0 0.0 0.49532842222921447 0.5128378252861145 0.0 0.4859000190077922
0.5045454545454545 0.0 0.0 0.4937236528190692 0.5042190203870496 0.0 0.4950891465500853
0.49827272727272726 0.0 0.0 0.49413070679361953 0.4970713353824697 0.0 0.5011381866565288
0.5004545454545455 0.0 0.0 0.49403388945622045 0.49929980694677245 0.0 0.4990640562630668
0.5068181818181818 0.0 0.0 0.4955590679489071 0.507475632567265 0.0 0.491255654818475
0.504 0.0 0.0 0.4957664632768658 0.5059552133659709 0.0 0.4932446302984217
0.5027272727272727 0.0 0.0 0.49341602342060764 0.5011395999182632 0.0 0.4976301083444211
0.493 0.0 0.0 0.493149168830765 0.49086462410350284 0.0 0.5078882341760116
0.49954545454545457 0.0 0.0 0.4943432971076829 0.49970206071102463 0.0 0.49919482988025177
0.49472727272727274 0.0 0.0 0.49424873125097285 0.4943584445425667 0.0 0.5044257745675712
0.5109090909090909 0.0 0.0 0.4935231676589423 0.5095926448292172 0.0 0.48987492872077665
0.5086363636363637 0.0 0.0 0.4958306057296488 0.5102121013365114 0.0 0.48890020908572407
0.49672727272727274 0.0 0.0 0.49360288466951324 0.4968269822965475 0.0 0.5025508458467963
0.488 0.0 0.0 0.493443140612727 0.4880474187883231 0.0 0.5127162136475938
0.5006363636363637 0.0 0.0 0.49268521045243013 0.4996134648553101 0.0 0.5000053221820941
0.5037272727272727 0.0 0.0 0.49448267424400255 0.5044390810609211 0.0 0.4947105113096366
0.515090909090909 0.0 0.0 0.49382895101225893 0.5148369479013499 0.0 0.4850545523664699
0.5012727272727273 0.0 0.0 0.49300137815749473 0.5003007972198049 0.0 0.49915833491731587
0.501 0.0 0.0 0.49298780635906503 0.49977493794717687 0.0 0.49958867135525553
0.5021818181818182 0.0 0.0 0.4926779816115816 0.5012053323273417 0.0 0.4984512450104538
0.5024545454545455 0.0 0.0 0.49354902560708874 0.5020684274378507 0.0 0.49734575175822104
0.49836363636363634 0.0 0.0 0.49356831129788836 0.4969062898770661 0.0 0.5015624406006461
0.5002727272727273 0.0 0.0 0.4938443576725554 0.4988582566336147 0.0 0.49944573275042725
0.4989090909090909 0.0 0.0 0.4937917305080468 0.4976693574085426 0.0 0.5008477475765059
0.5069090909090909 0.0 0.0 0.494099060652947 0.5052778837593793 0.0 0.4933358677057593
0.5065454545454545 0.0 0.0 0.4932073495637704 0.5056129761491382 0.0 0.4935989355635809
0.5128181818181818 0.0 0.0 0.4948884392075392 0.5136151824717387 0.0 0.4856628017487171
0.49454545454545457 0.0 0.0 0.4936937288798964 0.4950207700123034 0.0 0.5045443831971099
0.49572727272727274 0.0 0.0 0.49348054395127183 0.49509864862740727 0.0 0.5042250522714309
0.4908181818181818 0.0 0.0 0.49572991198027283 0.49238861571833376 0.0 0.5070169169359433
0.49563636363636365 0.0 0.0 0.4954961312970081 0.49713420986071877 0.0 0.5019669264398394
0.5010909090909091 0.0 0.0 0.49366930230125616 0.49953129934396195 0.0 0.4989272001520615
0.5 0.0 0.0 0.49384444947021355 0.4985924690664712 0.0 0.49980916175631906
0.5016363636363637 0.0 0.0 0.49283774217925214 0.5007616385660618 0.0 0.49883900399163617
0.5031818181818182 0.0 0.0 0.4938200879329715 0.5021112964002932 0.0 0.4966082493822467
0.5015454545454545 0.0 0.0 0.4950743968172294 0.5020662839897286 0.0 0.4965276563390989
0.49954545454545457 0.0 0.0 0.49459019633695017 0.500188623434747 0.0 0.49885877209656015
0.5045454545454545 0.0 0.0 0.4933858429178853 0.5028686480701108 0.0 0.49588899448773993
0.4944545454545455 0.0 0.0 0.49516771147186167 0.4949764720844461 0.0 0.5039923968827218
0.49863636363636366 0.0 0.0 0.4949141859120631 0.49908760558268206 0.0 0.49961756320091255
0.49627272727272725 0.0 0.0 0.4935786573098424 0.4964711699082747 0.0 0.50289298612431
0.49927272727272726 0.0 0.0 0.4933703992041331 0.4977536663680129 0.0 0.500929861243109
0.494 0.0 0.0 0.4955224471521458 0.49485286657607025 0.0 0.5040410568333014
0.49936363636363634 0.0 0.0 0.4940689965510677 0.4989011255960572 0.0 0.4999049610340236
0.49736363636363634 0.0 0.0 0.49407204434706503 0.4978336884312389 0.0 0.5014803269340419
0.5163636363636364 0.0 0.0 0.49555122673065743 0.5171032870491435 0.0 0.4820117848317794
0.5008181818181818 0.0 0.0 0.493814122045021 0.5006180275418795 0.0 0.4984649306215544
0.5081818181818182 0.0 0.0 0.49417184514995627 0.5070212215653744 0.0 0.49170727998479224
0.5131818181818182 0.0 0.0 0.4948010466184514 0.5138616790057831 0.0 0.4854286257365522
0.5069090909090909 0.0 0.0 0.49393468990364686 0.5047155858686753 0.0 0.49354875498954554
0.506 0.0 0.0 0.4929524871232655 0.5045255334685135 0.0 0.4946755369701574
0.5012727272727273 0.0 0.0 0.4926762246788208 0.5002615006708993 0.0 0.49939099030602485
0.5013636363636363 0.0 0.0 0.49380535048043356 0.5009395447601982 0.0 0.4981684090477091
0.49654545454545457 0.0 0.0 0.4952997205089636 0.4968319836754991 0.0 0.5018544003041243
0.495 0.0 0.0 0.4956396566303057 0.4966719395490471 0.0 0.5023349173160989
0.5014545454545455 0.0 0.0 0.49533968180501214 0.5024999749931053 0.0 0.496190077931952
0.5030909090909091 0.0 0.0 0.49421103352168966 0.5022470481146944 0.0 0.49616878920357266
0.5003636363636363 0.0 0.0 0.49323688009408945 0.4993698262520952 0.0 0.49989583729329046
0.5020909090909091 0.0 0.0 0.4935951578532897 0.5016604578119396 0.0 0.4975054172210609
0.4968181818181818 0.0 0.0 0.4947685820686207 0.49764292154836975 0.0 0.5014666413229427
0.5166363636363637 0.0 0.0 0.4946597824378191 0.5169475298189358 0.0 0.48295913324463025
0.4980909090909091 0.0 0.0 0.49388332468395385 0.4984167063204569 0.0 0.5008583919406946
0.49927272727272726 0.0 0.0 0.4941268494955419 0.49843313942272655 0.0 0.50000684280555
0.5059090909090909 0.0 0.0 0.4945798142867743 0.504379778996209 0.0 0.49385287968066915
0.49427272727272725 0.0 0.0 0.4941615637417884 0.49477570244367375 0.0 0.5043984033453708
0.5029090909090909 0.0 0.0 0.49495181159596546 0.5040182507462772 0.0 0.4947880631058733
0.5049090909090909 0.0 0.0 0.4930183041913597 0.5035138259548704 0.0 0.49564721535829637
0.5134545454545455 0.0 0.0 0.4940455035908959 0.5133786886955976 0.0 0.4867895837293288
0.4969090909090909 0.0 0.0 0.4935154238920646 0.4967033767881716 0.0 0.5025447633529739
0.5015454545454545 0.0 0.0 0.4946397745686069 0.5023199253508467 0.0 0.4966006462649687
0.5031818181818182 0.0 0.0 0.4952880092443564 0.5046076989798616 0.0 0.4941189887854016
0.497 0.0 0.0 0.4947600703447035 0.49768364706269014 0.0 0.5013343470823042
0.4948181818181818 0.0 0.0 0.4933389481260196 0.4946342348676135 0.0 0.5053320661471195
0.5017272727272727 0.0 0.0 0.49562964990148284 0.5036367169805389 0.0 0.49569283406196396
0.5049090909090909 0.0 0.0 0.4934112385470103 0.5045605431211748 0.0 0.49484584679718635
0.5134545454545455 0.0 0.0 0.4953558785833309 0.513541590752879 0.0 0.48537388329214826
0.5047272727272727 0.0 0.0 0.496149094193969 0.5075520822169541 0.0 0.4917407337008164
0.5036363636363637 0.0 0.0 0.4950872759132518 0.504494096229389 0.0 0.4942071849458278
0.5034545454545455 0.0 0.0 0.492485495339868 0.501377522659819 0.0 0.49771374263447976
0.5101818181818182 0.0 0.0 0.49522742737332515 0.5109994612800386 0.0 0.48807451054932516
0.5024545454545455 0.0 0.0 0.49363546570812566 0.4993533931498256 0.0 0.4989682569853635
0.510090909090909 0.0 0.0 0.4945643256510087 0.5098934420490221 0.0 0.48883634290058897
0.5005454545454545 0.0 0.0 0.49485837957125306 0.5008659530413385 0.0 0.4977821706899832
0.5025454545454545 0.0 0.0 0.4943798117870813 0.5016347364344741 0.0 0.4968044098080209
0.5017272727272727 0.0 0.0 0.49517340810716215 0.5025464163690846 0.0 0.49609427865424816
0.5017272727272727 0.0 0.0 0.49378268304708073 0.5015554288539554 0.0 0.49758448964075297
0.4974545454545454 0.0 0.0 0.49561704394808415 0.49939126073331647 0.0 0.5001391370461883
0.5057272727272727 0.0 0.0 0.49391470485579675 0.5044426534744579 0.0 0.4942938604827979
0.493 0.0 0.0 0.4936621653327481 0.4932038404874487 0.0 0.506250522714311
0.492 0.0 0.0 0.4956294479652639 0.49377328320522657 0.0 0.5062003421402762
0.5020909090909091 0.0 0.0 0.4928289646142229 0.5003579558363949 0.0 0.49863371982512794
0.5081818181818182 0.0 0.0 0.4936292931421829 0.5070040739803975 0.0 0.4919673065957043
0.4989090909090909 0.0 0.0 0.4943344438514134 0.499479856589031 0.0 0.4997939555217631
0.507 0.0 0.0 0.4933119205330861 0.5061767030052572 0.0 0.4931168979281506
0.5003636363636363 0.0 0.0 0.49414797390745463 0.49944627590178436 0.0 0.4987857821706896
0.5044545454545455 0.0 0.0 0.49401594697091666 0.504324763827741 0.0 0.4948078312107963
0.49436363636363634 0.0 0.0 0.4948344723182778 0.4952093934470504 0.0 0.5038342520433376
0.5030909090909091 0.0 0.0 0.49410901398472656 0.5034466645803771 0.0 0.4958053601976804
0.4990909090909091 0.0 0.0 0.49318309495926954 0.4983395421880604 0.0 0.5009906861813345
0.4969090909090909 0.0 0.0 0.49440479029651163 0.49667979885882824 0.0 0.5022452005322177