0.5107272727272727 0.0 0.0 0.4950062548085988 0.5109923164529648 0.0 0.48801216498764444
0.49063636363636365 0.0 0.0 0.4942567499606975 0.4912068613203355 0.0 0.5082060444782344
0.49663636363636365 0.0 0.0 0.49451395126961406 0.49637614370819383 0.0 0.5020824938224668
0.49472727272727274 0.0 0.0 0.4928329896726182 0.4930130736045795 0.0 0.5060574035354489
0.5087272727272727 0.0 0.0 0.49299765837052956 0.5073856077461357 0.0 0.49225774567572655
0.4990909090909091 0.0 0.0 0.4937154392134318 0.49872464836733554 0.0 0.50044326173731
0.4900909090909091 0.0 0.0 0.4945612999176709 0.4906095537769699 0.0 0.5084797567002457
0.493 0.0 0.0 0.4929664795763294 0.4917863067960166 0.0 0.5074715833491716
0.5057272727272727 0.0 0.0 0.49513034124473815 0.5066854146929082 0.0 0.49214978141037813
0.48818181818181816 0.0 0.0 0.4949579267922778 0.489531399371541 0.0 0.5100383957422528
0.504 0.0 0.0 0.49535284649234324 0.506123116802204 0.0 0.493183805360198
0.509090909090909 0.0 0.0 0.494734187509023 0.509439745529839 0.0 0.48968637141227833
0.49472727272727274 0.0 0.0 0.4942879699308807 0.4955416279059798 0.0 0.5038798707470045
0.4970909090909091 0.0 0.0 0.49320531375377136 0.49637542922548644 0.0 0.5031955901919767
0.5020909090909091 0.0 0.0 0.49403540409221064 0.5010374288911086 0.0 0.4975358296901722
0.488 0.0 0.0 0.4933235066226424 0.48720861608986477 0.0 0.5121520623455602
0.5035454545454545 0.0 0.0 0.495183476221905 0.5049928051591367 0.0 0.49404447823607756
0.497 0.0 0.0 0.4932402472103485 0.4963111257818227 0.0 0.5031834252043317
0.49418181818181817 0.0 0.0 0.49502604026063707 0.4953430017133295 0.0 0.5036076791484488
0.4989090909090909 0.0 0.0 0.4932052959815834 0.49816449392475354 0.0 0.5015000950389639
0.48663636363636364 0.0 0.0 0.49407753918023706 0.48619333616268484 0.0 0.5127481467401619
0.5116363636363637 0.0 0.0 0.49435827310519476 0.5131707742277514 0.0 0.48671963505037064
0.5038181818181818 0.0 0.0 0.49538131687634746 0.5056579885597029 0.0 0.4934955331685996
0.494 0.0 0.0 0.49353998947594635 0.49306165842868105 0.0 0.5057471963505016
0.5039090909090909 0.0 0.0 0.49465718428180055 0.5043411969300107 0.0 0.4943075460938975
0.49363636363636365 0.0 0.0 0.4948632303603328 0.4941733935213566 0.0 0.5045626306785769
0.507090909090909 0.0 0.0 0.49500866880849204 0.5079071801225195 0.0 0.49088158144839333
0.5040909090909091 0.0 0.0 0.4939530472497876 0.50301583150783 0.0 0.49569891655578724
0.49227272727272725 0.0 0.0 0.49428483294304404 0.4930973825640498 0.0 0.5064923018437549
0.49618181818181817 0.0 0.0 0.4946382299944906 0.4961167864854167 0.0 0.502391180383956
0.4884545454545455 0.0 0.0 0.49367760084626205 0.488239614636607 0.0 0.5109386048279776
0.5030909090909091 0.0 0.0 0.49532467228757754 0.5050063803305769 0.0 0.4941129062915799
0.5026363636363637 0.0 0.0 0.49550628749809345 0.5047827472431685 0.0 0.4943562060444785
0.5000909090909091 0.0 0.0 0.49380136458754403 0.5001221765429611 0.0 0.49927390229994106
0.48863636363636365 0.0 0.0 0.49411677325607445 0.48803670154771245 0.0 0.5104322372172574
0.5118181818181818 0.0 0.0 0.49378117257397075 0.5116960819197293 0.0 0.487486029272001
0.4924545454545455 0.0 0.0 0.49458918407959895 0.49275228741638766 0.0 0.5060102642083248
0.5029090909090909 0.0 0.0 0.4944937266470903 0.5026593046368498 0.0 0.4957931952100362
0.49863636363636366 0.0 0.0 0.4947613350456773 0.4990726014458272 0.0 0.49932408287397656
0.5039090909090909 0.0 0.0 0.49457801320408423 0.5037717542122327 0.0 0.4947348412849262
0.508090909090909 0.0 0.0 0.4931976826164286 0.5069547746735886 0.0 0.4927017677247665
0.4990909090909091 0.0 0.0 0.49448209995615966 0.4992447917783046 0.0 0.49952480517011855
0.49836363636363634 0.0 0.0 0.49469834107487 0.4996927724358287 0.0 0.4995080783121073
0.4954545454545455 0.0 0.0 0.49520452511986357 0.49697630918238883 0.0 0.5021539631248793
0.4980909090909091 0.0 0.0 0.494934238592911 0.49832739598203507 0.0 0.49990191978711174
0.5049090909090909 0.0 0.0 0.4948829113782531 0.5059423526772382 0.0 0.493030222391179
0.4979090909090909 0.0 0.0 0.49457670243541146 0.49908617661726734 0.0 0.49996274472533764
0.48963636363636365 0.0 0.0 0.4935489287240936 0.4888212035604102 0.0 0.5101904580878144
0.5004545454545455 0.0 0.0 0.4938357554044263 0.5008187971826518 0.0 0.49863828169549285
0.49872727272727274 0.0 0.0 0.49470135370285173 0.5001743337805995 0.0 0.49910815434328015
0.5059090909090909 0.0 0.0 0.49527342100125854 0.5070869539744529 0.0 0.49169967686751537
0.4990909090909091 0.0 0.0 0.4936344360670332 0.4985181628649042 0.0 0.5005770766014044
0.5044545454545455 0.0 0.0 0.49389891833122024 0.5033673569998586 0.0 0.4955498954571368
0.5040909090909091 0.0 0.0 0.4954457394416302 0.5059144878516505 0.0 0.49307736171830474
0.5065454545454545 0.0 0.0 0.4945724109529352 0.5071226781098217 0.0 0.49209351834252
0.4903636363636364 0.0 0.0 0.4934673645746047 0.4896242821234998 0.0 0.5095000950389645
0.49918181818181817 0.0 0.0 0.49362481578924605 0.4989297049043522 0.0 0.5004615092187776
0.4990909090909091 0.0 0.0 0.4930852997871545 0.49869964147257745 0.0 0.5012780840144451
0.5066363636363637 0.0 0.0 0.49369447616547074 0.5057044299356823 0.0 0.4932126972058536
0.49236363636363634 0.0 0.0 0.49455964667151964 0.49254008605229727 0.0 0.5061577646835197
0.49218181818181816 0.0 0.0 0.49451488982398534 0.4918820474788049 0.0 0.5064634099980985
0.502 0.0 0.0 0.4958676398955105 0.5047891775875348 0.0 0.4948625736551988
0.4988181818181818 0.0 0.0 0.4945768279610785 0.49870464285152905 0.0 0.4995476145219533
0.506 0.0 0.0 0.4946552711961504 0.5072084160347067 0.0 0.4923170499904951
0.5012727272727273 0.0 0.0 0.494235060509316 0.5005115696184805 0.0 0.49799657859722324
0.5022727272727273 0.0 0.0 0.49374641704044014 0.5017762040105344 0.0 0.49736856111005334
0.5038181818181818 0.0 0.0 0.4933473666176045 0.5027321818730022 0.0 0.49646531077741785
0.5033636363636363 0.0 0.0 0.49343814704908145 0.5023549350035081 0.0 0.4968682759931564
0.5019090909090909 0.0 0.0 0.4941992670957598 0.5026257239496033 0.0 0.49685306975860055
0.5047272727272727 0.0 0.0 0.4946734936117161 0.5051292713562454 0.0 0.49353050750807725
0.49527272727272725 0.0 0.0 0.4929469138389872 0.494185539727382 0.0 0.5053138186656516
0.5007272727272727 0.0 0.0 0.4944248294067683 0.5010295695813274 0.0 0.4979129443071645
0.5052727272727273 0.0 0.0 0.4943515121077276 0.5054629347805895 0.0 0.49341341950199524
0.5093636363636364 0.0 0.0 0.4931352121470445 0.5083294394025781 0.0 0.4915172020528411
0.49736363636363634 0.0 0.0 0.49400960373944963 0.4970691919343476 0.0 0.5018361528226554
0.49054545454545456 0.0 0.0 0.4942583940637787 0.4909203537546781 0.0 0.5081406576696428
0.48718181818181816 0.0 0.0 0.4942633116388481 0.48778163122117957 0.0 0.5116639422163062
0.48863636363636365 0.0 0.0 0.4932329522982413 0.4882932008396601 0.0 0.5114480136856095
0.5019090909090909 0.0 0.0 0.4949561504341455 0.5031723032207451 0.0 0.4959559019197871
0.5057272727272727 0.0 0.0 0.4958220993925448 0.5079236132247891 0.0 0.49098346321992026
0.5002727272727273 0.0 0.0 0.49396277402093836 0.4997920855321539 0.0 0.49863067857821586
0.5003636363636363 0.0 0.0 0.4936778749418486 0.5005994509914876 0.0 0.49911271621364706
0.48763636363636365 0.0 0.0 0.493473180826645 0.4872000422973763 0.0 0.5121231704999033
0.48963636363636365 0.0 0.0 0.49318928969644876 0.48936492490072264 0.0 0.5104702528036478
0.5020909090909091 0.0 0.0 0.49492974476358764 0.5027921984204217 0.0 0.49613381486409325
0.49354545454545456 0.0 0.0 0.4947800951336017 0.49380614940976586 0.0 0.504801368561109
0.4888181818181818 0.0 0.0 0.49447142575226355 0.4892991924916441 0.0 0.5093769245390588
0.5098181818181818 0.0 0.0 0.4947437755079629 0.5101578006507509 0.0 0.4889351834252036
0.503 0.0 0.0 0.494986911698347 0.5045848355332256 0.0 0.4946451245010459
0.5034545454545455 0.0 0.0 0.4932502682278902 0.5031830204613558 0.0 0.49642121269720385
0.49954545454545457 0.0 0.0 0.4931182910032828 0.49826452150378603 0.0 0.5009739593233213
0.5059090909090909 0.0 0.0 0.4938854726563813 0.5055643913250367 0.0 0.4936430336437928
0.49872727272727274 0.0 0.0 0.49465354365138686 0.49891684421561944 0.0 0.49939707279984624
0.5004545454545455 0.0 0.0 0.49342477880304325 0.49993212414279936 0.0 0.49927390229994084
0.48963636363636365 0.0 0.0 0.4948319363080093 0.49056025447016105 0.0 0.5087641132864458
0.49827272727272726 0.0 0.0 0.49546760982864446 0.4996727669200222 0.0 0.4987766584299552
0.48972727272727273 0.0 0.0 0.4934112037339306 0.48946138006621825 0.0 0.5101539631248793
0.48663636363636364 0.0 0.0 0.4944951534447873 0.48634266304852625 0.0 0.5118418551606141
0.5019090909090909 0.0 0.0 0.4943826470693963 0.5020998646769752 0.0 0.4966781980612034
0.5025454545454545 0.0 0.0 0.49329250671697933 0.5016904660856494 0.0 0.49769093328264513
0.4950909090909091 0.0 0.0 0.4932336050313691 0.4940505024956881 0.0 0.5052545143508831
0.49754545454545457 0.0 0.0 0.49440497683567375 0.49706561952081074 0.0 0.5014651206994861
0.49563636363636365 0.0 0.0 0.4942637975671977 0.49592959201608444 0.0 0.503060254704427
0.5019090909090909 0.0 0.0 0.493073776272945 0.5010224247542536 0.0 0.4985303174301452
0.5048181818181818 0.0 0.0 0.4932552544052595 0.5036431473249053 0.0 0.49601672685801
0.5011818181818182 0.0 0.0 0.49478593489237077 0.5012982150793004 0.0 0.49727732370271716
0.5000909090909091 0.0 0.0 0.49381128753529774 0.5005415778921902 0.0 0.4991993917506168
0.49981818181818183 0.0 0.0 0.4947002578305618 0.5011510316415811 0.0 0.49780345941836157
0.4929090909090909 0.0 0.0 0.4930741240607311 0.4917648723147954 0.0 0.5074883102071835
0.4889090909090909 0.0 0.0 0.4944160328105452 0.48942994282709373 0.0 0.509265919026799
0.4928181818181818 0.0 0.0 0.49408301122055787 0.4917805909343576 0.0 0.5067644934423099
0.508 0.0 0.0 0.4949281601610196 0.5088002835067383 0.0 0.4899235886713549