0.49163636363636365 0.0 0.0 0.4949118744944915 0.49183131920658124 0.0 0.5070199581828561
0.49463636363636365 0.0 0.0 0.49337874322878444 0.4941791093830156 0.0 0.5056149021098642
0.49536363636363634 0.0 0.0 0.49513008136582565 0.494688535553374 0.0 0.5037384527656328
0.49436363636363634 0.0 0.0 0.49636195120151566 0.4962768306118687 0.0 0.5023546854210227
0.5169090909090909 0.0 0.0 0.4954455219289694 0.5187608869302536 0.0 0.4812058544003037
0.49918181818181817 0.0 0.0 0.494517268035338 0.4999621324165091 0.0 0.49925413419501896
0.5007272727272727 0.0 0.0 0.4939767476478618 0.49897043041867256 0.0 0.49970423873788206
0.5015454545454545 0.0 0.0 0.4940534489196454 0.5018876633128848 0.0 0.49749781410378113
0.5082727272727273 0.0 0.0 0.49356605133559267 0.5067525760674014 0.0 0.4920068428055503
0.49836363636363634 0.0 0.0 0.49381760108313993 0.4981287697893848 0.0 0.5011868466071081
0.49754545454545457 0.0 0.0 0.491971544352661 0.49485572450689974 0.0 0.5052347462459601
0.49236363636363634 0.0 0.0 0.4954411903476678 0.49248364191841465 0.0 0.5059570423873783
0.49063636363636365 0.0 0.0 0.4933573240852266 0.48930133593976627 0.0 0.5099365139707273
0.49845454545454543 0.0 0.0 0.49489529603623067 0.4994827145198605 0.0 0.49952328454666384
0.4979090909090909 0.0 0.0 0.49448514657519316 0.4990583117916797 0.0 0.5002790344041046
0.5062727272727273 0.0 0.0 0.49361558925367083 0.5050628244644595 0.0 0.4939532408287397
0.5017272727272727 0.0 0.0 0.4931498769893013 0.5002943668754385 0.0 0.49889222581258275
0.49263636363636365 0.0 0.0 0.49520898051643236 0.49430057144326933 0.0 0.505055312678198
0.5014545454545455 0.0 0.0 0.49319793536946754 0.500034295169954 0.0 0.49914160805930397
0.5055454545454545 0.0 0.0 0.4926934340538885 0.50387321075668 0.0 0.49581752518532574
0.5154545454545455 0.0 0.0 0.49351420486086883 0.514073165887166 0.0 0.4856187036685037
0.5069090909090909 0.0 0.0 0.493179017877021 0.5056022589085276 0.0 0.4938772096559575
0.5 0.0 0.0 0.49229685617021257 0.4975571836234848 0.0 0.5022816954951518
0.5085454545454545 0.0 0.0 0.4943825549079204 0.5092268296830412 0.0 0.4904147500475182
0.5115454545454545 0.0 0.0 0.4937607116497289 0.511343127462286 0.0 0.4884820376354291
0.4974545454545454 0.0 0.0 0.49406760265099464 0.4960331920086538 0.0 0.5026512069948681
0.5000909090909091 0.0 0.0 0.49464874523591323 0.5010124219963504 0.0 0.49805740353544836
0.5024545454545455 0.0 0.0 0.4935175484881815 0.5010467171663044 0.0 0.4978277893936508
0.4954545454545455 0.0 0.0 0.4935519691445593 0.4931716887656168 0.0 0.5055540771716409
0.5011818181818182 0.0 0.0 0.49539213140185995 0.5031237183966436 0.0 0.49639080022809223
0.5003636363636363 0.0 0.0 0.4930353554483891 0.49879681112078045 0.0 0.5004037255274656
0.5065454545454545 0.0 0.0 0.4942628286747737 0.5058594726831827 0.0 0.4928690363048853
0.4908181818181818 0.0 0.0 0.4933892121820768 0.49113898546313484 0.0 0.5088675156814282
0.49636363636363634 0.0 0.0 0.4936549513065287 0.4948578679550219 0.0 0.5041824748146722
0.4988181818181818 0.0 0.0 0.49503465899534127 0.49860532975520394 0.0 0.49988671355255654
0.49336363636363634 0.0 0.0 0.49569292698366085 0.49473926382559763 0.0 0.50424634099981
0.49418181818181817 0.0 0.0 0.4957573118016265 0.49615822648244445 0.0 0.5032336057783691
0.5093636363636364 0.0 0.0 0.4946761906166576 0.5103621427050601 0.0 0.489368561110054
0.5041818181818182 0.0 0.0 0.49273197472914315 0.5015347088554416 0.0 0.4976103402394977
0.494 0.0 0.0 0.4966086451578291 0.4958638596070059 0.0 0.5026329595134
0.49854545454545457 0.0 0.0 0.494908281262578 0.4984317104573118 0.0 0.5002364569473472
0.49618181818181817 0.0 0.0 0.4933736060160699 0.4960481961455087 0.0 0.5037202052841658
0.5031818181818182 0.0 0.0 0.49365917974147844 0.5022320439778396 0.0 0.4965626306785781
0.504 0.0 0.0 0.49183501781231226 0.5012110481890006 0.0 0.49853335867705706
0.4930909090909091 0.0 0.0 0.4949658570909955 0.49331029841084756 0.0 0.5055616802889189
0.49527272727272725 0.0 0.0 0.4941631897698672 0.4950900748349188 0.0 0.5041398973579156
0.49772727272727274 0.0 0.0 0.49240852601477486 0.49573168030614156 0.0 0.5042372172590746
0.49754545454545457 0.0 0.0 0.4919786213275493 0.49504363345893937 0.0 0.5050811632769425
0.4940909090909091 0.0 0.0 0.49376603502573874 0.49404550111673645 0.0 0.505648355825887
0.502 0.0 0.0 0.49302434280763674 0.500485848241015 0.0 0.4987812203003228
0.49854545454545457 0.0 0.0 0.49454049009074447 0.49991854897135923 0.0 0.4994731039726279
0.5142727272727273 0.0 0.0 0.4950062424792475 0.5146490389493104 0.0 0.4846135715643419
0.5111818181818182 0.0 0.0 0.49552818128030207 0.5126377701280496 0.0 0.48627409237787333
0.49236363636363634 0.0 0.0 0.4932591928161274 0.49184489437802137 0.0 0.5077893936513971
0.4969090909090909 0.0 0.0 0.4925425473201158 0.495077214146186 0.0 0.5046751568142931
0.5079090909090909 0.0 0.0 0.4948762014543494 0.5081944021708843 0.0 0.4908602927200155
0.502 0.0 0.0 0.49293143855494326 0.5005065682395289 0.0 0.4989043908002273
0.5087272727272727 0.0 0.0 0.4920331648829264 0.5066375443515141 0.0 0.4935746055882898
0.5107272727272727 0.0 0.0 0.4938784210369413 0.510651508201547 0.0 0.48915719444972305
0.506 0.0 0.0 0.49271967536187816 0.5037160245610576 0.0 0.4954236837103213
0.5028181818181818 0.0 0.0 0.4918386230572649 0.5001400386106455 0.0 0.4997255274662603
0.5117272727272727 0.0 0.0 0.4945357703248742 0.511154504027539 0.0 0.4876563390990303
0.5078181818181818 0.0 0.0 0.49292207072642136 0.5060738174953952 0.0 0.49317316099600805
0.49972727272727274 0.0 0.0 0.49382263457819203 0.5004051116950816 0.0 0.4992343660900965
0.5034545454545455 0.0 0.0 0.49286355375962854 0.5013110757680331 0.0 0.4979342330355434
0.506090909090909 0.0 0.0 0.49484705171020926 0.5064560657438408 0.0 0.4925831590952292
0.5085454545454545 0.0 0.0 0.49450865497907415 0.5085566449035234 0.0 0.4904877399733889
0.5085454545454545 0.0 0.0 0.49435925935679526 0.5085459276629127 0.0 0.4906063486029273
0.4934545454545455 0.0 0.0 0.4966131090319464 0.49548661273751193 0.0 0.5030298422353161
0.4968181818181818 0.0 0.0 0.49210047619782 0.4944913383261385 0.0 0.5057030982702897
0.5075454545454545 0.0 0.0 0.49275252701085986 0.505162852043492 0.0 0.49392739022999366
0.5085454545454545 0.0 0.0 0.4949889063119991 0.5088117152300563 0.0 0.4900574035354497
0.5062727272727273 0.0 0.0 0.49423921344174193 0.5060766754262247 0.0 0.4931397072799838
0.5032727272727273 0.0 0.0 0.49356939896584495 0.502040562612263 0.0 0.49681961604257696
0.5000909090909091 0.0 0.0 0.49359820453690645 0.499954273106728 0.0 0.4997300893366271
0.49218181818181816 0.0 0.0 0.49564704603574233 0.4935267866711822 0.0 0.5054719635050371
0.5035454545454545 0.0 0.0 0.4930577350451744 0.50188623434747 0.0 0.4973868085915225
0.5032727272727273 0.0 0.0 0.4931778553149867 0.5018397929714907 0.0 0.4973807260976999
0.4898181818181818 0.0 0.0 0.4937667815545658 0.488605429782783 0.0 0.5101174681619449
0.5082727272727273 0.0 0.0 0.4927452935882955 0.5058344657884245 0.0 0.4932552746626111
0.5054545454545455 0.0 0.0 0.494291937367602 0.5045555417422232 0.0 0.49425584489640784
0.49463636363636365 0.0 0.0 0.4942259659101301 0.49409837283708224 0.0 0.5048515491351466
0.509090909090909 0.0 0.0 0.49295264940290906 0.507058374666158 0.0 0.49212088956472055
0.5081818181818182 0.0 0.0 0.49314387989623953 0.5064574947092556 0.0 0.49276259266299094
0.5004545454545455 0.0 0.0 0.49306452444595206 0.4985581738965172 0.0 0.5006166128112512
0.5016363636363637 0.0 0.0 0.49354376705624947 0.5019291033099126 0.0 0.4978445162516626
0.5027272727272727 0.0 0.0 0.49399901944304675 0.501417533691432 0.0 0.4973183805360202
0.5066363636363637 0.0 0.0 0.49577920897331745 0.508201546997958 0.0 0.490676297281884
0.49163636363636365 0.0 0.0 0.49328727104472003 0.4907774572132031 0.0 0.508578597224862
0.5025454545454545 0.0 0.0 0.4932005828407118 0.5010788688881364 0.0 0.4982033833871885
0.4989090909090909 0.0 0.0 0.4935586931782649 0.49770293809578925 0.0 0.5013176202242902
0.4980909090909091 0.0 0.0 0.49465913000306055 0.4994962896913006 0.0 0.49986238357726587
0.49854545454545457 0.0 0.0 0.4952468536247728 0.49850958907241566 0.0 0.4998547804599879
0.5005454545454545 0.0 0.0 0.4946115400316089 0.5013918123139666 0.0 0.4977973769245385
0.5034545454545455 0.0 0.0 0.4942626625908363 0.5035509790556539 0.0 0.4958023189507703
0.4908181818181818 0.0 0.0 0.49303655034384397 0.4897185938408733 0.0 0.5096764873598176
0.5018181818181818 0.0 0.0 0.4934140749861885 0.5008616661450943 0.0 0.49804371792434876
0.49463636363636365 0.0 0.0 0.49406884824844266 0.49425770248082684 0.0 0.504900209085724
0.49718181818181817 0.0 0.0 0.49464044620255165 0.4981516332360208 0.0 0.5010241398973567
0.49018181818181816 0.0 0.0 0.49308465408661695 0.48911342698772664 0.0 0.510289298612431
0.5013636363636363 0.0 0.0 0.4939471573539372 0.5009859861361775 0.0 0.49771678388139107
0.494 0.0 0.0 0.49326206238509074 0.4931095287700752 0.0 0.5063356776278269
0.49818181818181817 0.0 0.0 0.4950171364822303 0.49802088290057117 0.0 0.5004447823607674
0.49945454545454543 0.0 0.0 0.49465557695932094 0.5004079696259112 0.0 0.4987127922448191
0.49536363636363634 0.0 0.0 0.49477058308382804 0.4952865575794469 0.0 0.5033218019387947
0.5049090909090909 0.0 0.0 0.49455191519264824 0.5045098148489512 0.0 0.49453411898878563
0.5081818181818182 0.0 0.0 0.49276812033904804 0.5056958561431938 0.0 0.49336171830450404
0.5065454545454545 0.0 0.0 0.4947864727913224 0.5072391387911238 0.0 0.4917164037255263
0.494 0.0 0.0 0.49507447184559694 0.494385594885447 0.0 0.5045900019007781
0.5095454545454545 0.0 0.0 0.4954431412639316 0.5106214999278372 0.0 0.48825546474054193
0.5051818181818182 0.0 0.0 0.49390255317220294 0.504036827296669 0.0 0.49513020338338654
0.5071818181818182 0.0 0.0 0.494631089107755 0.5077071249644545 0.0 0.4913027941455984