0.49127272727272725 0.0 0.0 0.4939380963276027 0.4896450021220136 0.0 0.5093145789773801
0.5021818181818182 0.0 0.0 0.4948067802562347 0.5022248991507658 0.0 0.4964896407527083
0.4899090909090909 0.0 0.0 0.495229629492542 0.4914090599265226 0.0 0.5079323322562241
0.49236363636363634 0.0 0.0 0.4946791232325618 0.49305808601514417 0.0 0.5058749287207742
0.49536363636363634 0.0 0.0 0.4943840094775874 0.49440774384937564 0.0 0.5039878350123541
0.49772727272727274 0.0 0.0 0.4940157178866896 0.4977136553363999 0.0 0.5015107394031544
0.491 0.0 0.0 0.4939294402119745 0.49088177168847985 0.0 0.5083687511879877
0.4914545454545455 0.0 0.0 0.4940337431409112 0.49026946000825944 0.0 0.5087610720395355
0.49636363636363634 0.0 0.0 0.49299586024150344 0.49521868172224626 0.0 0.504168789203572
0.48545454545454547 0.0 0.0 0.494659389724274 0.48634194856581886 0.0 0.513421782931001
0.4859090909090909 0.0 0.0 0.49463868894842994 0.48677992646543977 0.0 0.5129367040486592
0.4900909090909091 0.0 0.0 0.49433525068303924 0.49034876758877805 0.0 0.5088066907432032
0.5132727272727273 0.0 0.0 0.4933459392873099 0.5124820128978418 0.0 0.4870131153773045
0.4959090909090909 0.0 0.0 0.4929845342327213 0.4946342348676135 0.0 0.5047298992586944
0.48418181818181816 0.0 0.0 0.49420299650509747 0.4841377694135669 0.0 0.5153773046949238
0.5030909090909091 0.0 0.0 0.49423418776271344 0.5022484770801092 0.0 0.49648507888234106
0.4919090909090909 0.0 0.0 0.49386428372109636 0.4909482185802657 0.0 0.5079961984413606
0.5091818181818182 0.0 0.0 0.4947675051919713 0.5105221868315121 0.0 0.4887496673636189
0.5101818181818182 0.0 0.0 0.4945570471789834 0.5114310088352931 0.0 0.4879756700247099
0.506 0.0 0.0 0.4934627221932874 0.504814184482293 0.0 0.494073370081734
0.5096363636363637 0.0 0.0 0.49545464558665675 0.5115724764113534 0.0 0.48774149401254396
0.5053636363636363 0.0 0.0 0.4942934129496112 0.5055165209836426 0.0 0.4933601976810489
0.5076363636363637 0.0 0.0 0.49513884855507667 0.5091875331341356 0.0 0.4901197490971291
0.5045454545454545 0.0 0.0 0.49541683347683513 0.5061967085210637 0.0 0.4929739593233221
0.49818181818181817 0.0 0.0 0.49484801886792723 0.49891112835396045 0.0 0.5001315339289104
0.5012727272727273 0.0 0.0 0.4942225093207001 0.49996713379546076 0.0 0.4985926629918256
0.5085454545454545 0.0 0.0 0.4930152313560126 0.5073627442994997 0.0 0.4924432617373119
0.5026363636363637 0.0 0.0 0.49269154741537996 0.5007037654667644 0.0 0.4987827409237783
0.5143636363636364 0.0 0.0 0.4930490311086155 0.5130507411329124 0.0 0.4864976240258504
0.4858181818181818 0.0 0.0 0.49512064677996204 0.4873336505636554 0.0 0.5125291769625544
0.5075454545454545 0.0 0.0 0.4935171823581349 0.5062788740324118 0.0 0.49279452575556004
0.5189090909090909 0.0 0.0 0.4946003686230824 0.5194803710165803 0.0 0.48041360957992596
0.5165454545454545 0.0 0.0 0.4944063206069356 0.5165488484682206 0.0 0.48298802509028493
0.5184545454545455 0.0 0.0 0.49433868475210463 0.5185479710834558 0.0 0.4813913704618874
0.4988181818181818 0.0 0.0 0.4948591138938412 0.5002707889460951 0.0 0.4991750617753271
0.4988181818181818 0.0 0.0 0.49313178665404556 0.49829881667374004 0.0 0.5013160996008368
0.5019090909090909 0.0 0.0 0.49424397133991615 0.5020469929566295 0.0 0.49685611100551186
0.49536363636363634 0.0 0.0 0.4948327614892179 0.49725710088638725 0.0 0.5027181144269149
0.4969090909090909 0.0 0.0 0.49350511214055837 0.4965111809398877 0.0 0.5027591712602164
0.49518181818181817 0.0 0.0 0.4942259867019959 0.4949893327731789 0.0 0.5038616232655375
0.5084545454545455 0.0 0.0 0.49315603588573115 0.5078621677119549 0.0 0.491874548564912
0.5012727272727273 0.0 0.0 0.492804173063286 0.5007244854652783 0.0 0.4991537730469495
0.5038181818181818 0.0 0.0 0.49508966919848585 0.5057944547568115 0.0 0.49383159095229034
0.49654545454545457 0.0 0.0 0.49384429102896016 0.4970570457283222 0.0 0.5023394791864664
0.49563636363636365 0.0 0.0 0.4942712757704057 0.4953837272276499 0.0 0.5033811062535626
0.5092727272727273 0.0 0.0 0.4949765257988923 0.5099127330821213 0.0 0.4890249002090846
0.4954545454545455 0.0 0.0 0.49365705392522025 0.4949693272573724 0.0 0.5041687892035729
0.5006363636363637 0.0 0.0 0.49457037207701693 0.500811652355578 0.0 0.49815168218969674
0.5099090909090909 0.0 0.0 0.49542616402526757 0.511817543979983 0.0 0.4875559779509592
0.5085454545454545 0.0 0.0 0.49401046913808233 0.5080429318369207 0.0 0.49086789583729307
0.5045454545454545 0.0 0.0 0.4930213028840143 0.5035073956105041 0.0 0.496076031172781
0.48418181818181816 0.0 0.0 0.4939537305056145 0.48467648937492763 0.0 0.5153909903060248
0.49818181818181817 0.0 0.0 0.4948802365273177 0.49895113938557345 0.0 0.5000676677437745
0.49727272727272726 0.0 0.0 0.4952144742222553 0.49765721120251727 0.0 0.5010849648355822
0.4939090909090909 0.0 0.0 0.49511158823148915 0.4950972196619925 0.0 0.5040334537160226
0.5097272727272727 0.0 0.0 0.49463099877339234 0.5109765978334027 0.0 0.48815054172210615
0.5086363636363637 0.0 0.0 0.4931999061875079 0.5071912684497297 0.0 0.4919992396882725
0.49236363636363634 0.0 0.0 0.49268442101937737 0.4903101855225798 0.0 0.5093465120699471
0.5030909090909091 0.0 0.0 0.49406585718144613 0.5031873073576 0.0 0.4960653868085906
0.5137272727272727 0.0 0.0 0.4935205797702823 0.5134294169678211 0.0 0.48612203003231236
0.48663636363636364 0.0 0.0 0.49506024498123236 0.4880860008545213 0.0 0.5117643033643791
0.5155454545454545 0.0 0.0 0.4944224581828404 0.5155657202628725 0.0 0.48394601786732383
0.509090909090909 0.0 0.0 0.4930699244594719 0.5084037456041451 0.0 0.49136513970728046
0.5031818181818182 0.0 0.0 0.4929244752959488 0.5022491915628166 0.0 0.4974643603877593
0.48727272727272725 0.0 0.0 0.4943736191062571 0.48798454431007404 0.0 0.5116943546854208
0.49854545454545457 0.0 0.0 0.4954449367134892 0.4987903807764141 0.0 0.49968751187987026
0.5062727272727273 0.0 0.0 0.4934235771388085 0.5050499637757268 0.0 0.49374947728568763
0.49563636363636365 0.0 0.0 0.4946062788512511 0.4964740278391042 0.0 0.5026588101121463
0.5138181818181818 0.0 0.0 0.49449091827469954 0.5141303245037561 0.0 0.48533738832921347
0.4894545454545455 0.0 0.0 0.49436514977659934 0.4899729496846988 0.0 0.5093282645884799
0.4950909090909091 0.0 0.0 0.49423465776756065 0.49485572450689974 0.0 0.5040030412469098
0.49227272727272725 0.0 0.0 0.4946397551682644 0.49283873982398 0.0 0.5060482797947143
0.4928181818181818 0.0 0.0 0.4930990375858521 0.49128473993543936 0.0 0.5079490591142363
0.5153636363636364 0.0 0.0 0.4944464769581667 0.5154342554447154 0.0 0.4840661471203175
0.4843636363636364 0.0 0.0 0.4943621254887377 0.4845300204199158 0.0 0.5149424063866174
0.49172727272727274 0.0 0.0 0.49218573708247976 0.4896950159115299 0.0 0.5099745295571182
0.49018181818181816 0.0 0.0 0.49389822466499606 0.4901637165675679 0.0 0.5091731609960068
0.5024545454545455 0.0 0.0 0.4951343706881192 0.5039232245461963 0.0 0.4948108724577083
0.49754545454545457 0.0 0.0 0.49314767308233953 0.4957838375437799 0.0 0.5034054362288518
0.4859090909090909 0.0 0.0 0.49432040172277814 0.48617333064687834 0.0 0.5135875308876636
0.4988181818181818 0.0 0.0 0.49462470180747037 0.5000578730992974 0.0 0.49940467591712545
0.5101818181818182 0.0 0.0 0.49441078128564886 0.5106536516496691 0.0 0.48833301653678074
0.514090909090909 0.0 0.0 0.4944477513880878 0.5147047686004855 0.0 0.4849313818665638
0.5037272727272727 0.0 0.0 0.4930776007430717 0.5025264108532781 0.0 0.4967207755179629
0.5124545454545455 0.0 0.0 0.49568581960349395 0.5141224651939749 0.0 0.48498004181714405
0.4938181818181818 0.0 0.0 0.49375327347413944 0.49362038390584834 0.0 0.5055738452765637
0.5067272727272727 0.0 0.0 0.4943083980135329 0.5070762367338423 0.0 0.4921087245770762
0.504 0.0 0.0 0.494370748202116 0.5047020106972351 0.0 0.49389849838433664
0.49636363636363634 0.0 0.0 0.49537224859755996 0.49731140157214776 0.0 0.5013571564341378
0.49854545454545457 0.0 0.0 0.4935534013742283 0.4979258567004903 0.0 0.5012811252613575
0.5052727272727273 0.0 0.0 0.493389288338786 0.5053543334090685 0.0 0.4945371602356957
0.49927272727272726 0.0 0.0 0.4946498614255984 0.5000042868962442 0.0 0.49849686371412194
0.49945454545454543 0.0 0.0 0.4937019932991479 0.49895185386828084 0.0 0.5001087245770774
0.509 0.0 0.0 0.49306508561355067 0.5083287249198708 0.0 0.491541532028132
0.5054545454545455 0.0 0.0 0.49488720510475936 0.5060580988758329 0.0 0.4925846797186848
0.4940909090909091 0.0 0.0 0.4933949896347111 0.49368540183221943 0.0 0.5059494392701007
0.5022727272727273 0.0 0.0 0.4941058062910502 0.5020712853686802 0.0 0.49684698726477805
0.5049090909090909 0.0 0.0 0.4935618305981163 0.5046119858761059 0.0 0.49470747006272553
0.4858181818181818 0.0 0.0 0.4933624168355256 0.48449572524996176 0.0 0.5144071469302414
0.4970909090909091 0.0 0.0 0.4937317247566365 0.49651046645718033 0.0 0.5025660520813531
0.5081818181818182 0.0 0.0 0.4936888368761091 0.5071433981083355 0.0 0.4918380536019771
0.4924545454545455 0.0 0.0 0.4949387933789537 0.49335316737329005 0.0 0.5058703668504079
0.5107272727272727 0.0 0.0 0.4951837436114403 0.5120904763742004 0.0 0.4872092758030785
0.5018181818181818 0.0 0.0 0.4936592531831533 0.5016004412645201 0.0 0.49775479946778234
0.5063636363636363 0.0 0.0 0.49355158430888685 0.5052993182406006 0.0 0.49367192548945116
0.4964545454545455 0.0 0.0 0.49446765172193113 0.4967226678212707 0.0 0.5023303554457321
0.5092727272727273 0.0 0.0 0.4949947745600587 0.5103878640825256 0.0 0.4888834822277125
0.5096363636363637 0.0 0.0 0.49520595602668915 0.5112552460892789 0.0 0.4880851549135138
0.512 0.0 0.0 0.4945062438141021 0.5128849811448013 0.0 0.4868656149021089
0.508 0.0 0.0 0.4951114729960212 0.5095519193148969 0.0 0.4897350313628579
0.4950909090909091 0.0 0.0 0.4936734987268882 0.4936932611420006 0.0 0.5053700817335101
0.5061818181818182 0.0 0.0 0.4947409150835177 0.507144112591043 0.0 0.4922242919597034