0.16176470588235295 0.12264150943396224 0.06666666666666665 0.6725280779826233 0.14847788627225733 0.0 0.8355350066050198
0.08823529411764706 0.28301886792452835 0.22666666666666668 0.6247552447552447 0.07696726019529006 0.0714285714285714 0.9169969176574196
0.08823529411764706 0.06603773584905659 0.013333333333333308 0.6444444444444444 0.09477311889718552 0.0 0.9007045354469396
0.07352941176470588 0.14150943396226412 0.026666666666666616 0.6173909423909424 0.07581849511774842 0.0 0.9194187582562747
0.1323529411764706 0.160377358490566 0.053333333333333344 0.7167303375636709 0.12722573233773693 0.0 0.8546895640686922
0.1323529411764706 0.05660377358490565 0.0 0.6765752765752766 0.14732912119471567 0.0 0.8463232056362836
0.11764705882352941 0.037735849056603765 0.026666666666666616 0.5986317254174397 0.10855829982768524 0.0 0.885512989872303
0.11764705882352941 0.018867924528301883 0.013333333333333308 0.6012499405356548 0.11372774267662263 0.0 0.8822104799647732
0.14705882352941177 0.08490566037735847 0.040000000000000036 0.6889501856168522 0.13785180930499713 0.0 0.8467635402906208
0.22058823529411764 0.037735849056603765 0.040000000000000036 0.6220252763109902 0.2073520964962665 0.0 0.7848965213562308
0.07352941176470588 0.028301886792452824 0.0 0.5703130203130202 0.07639287765651924 0.0 0.9249229414354909
0.10294117647058823 0.06603773584905659 0.07999999999999996 0.5845765345765346 0.0939115450890293 0.0 0.9042272126816381
0.08823529411764706 0.1132075471698113 0.026666666666666616 0.6222388722388722 0.0913268236645606 0.0 0.904887714663144
0.14705882352941177 0.037735849056603765 0.026666666666666616 0.6545772745772745 0.1392877656519242 0.0 0.8500660501981506
0.11764705882352941 0.33018867924528306 0.17333333333333334 0.7815836940836941 0.11056863871338311 0.0714285714285714 0.8707617789520036
0.14705882352941177 0.047169811320754707 0.0 0.68018352018352 0.15020103388856978 0.0 0.8377366798767063
0.1323529411764706 0.009433962264150941 0.0 0.6361827986827986 0.12981045376220562 0.0 0.869220607661823
0.17647058823529413 0.12264150943396224 0.06666666666666665 0.6764027218572669 0.15967834577828835 0.0 0.8234258036107442
0.058823529411764705 0.4528301886792453 0.30666666666666664 0.7550505050505051 0.05198161975875933 0.1428571428571429 0.9385733157199472
0.16176470588235295 0.037735849056603765 0.013333333333333308 0.6157725103179646 0.16283744974152786 0.0 0.8357551739321885
0.11764705882352941 0.018867924528301883 0.0 0.6299325674325674 0.1234922458357266 0.0 0.8709819462791721
0.08823529411764706 0.07547169811320753 0.0 0.6636752136752136 0.09764503159103963 0.0 0.8978423601937472
0.08823529411764706 0.09433962264150941 0.053333333333333344 0.5813479113479113 0.08414704192992534 0.0 0.91369440774989
0.058823529411764705 0.34905660377358494 0.2533333333333333 0.6451048951048951 0.05198161975875933 0.0714285714285714 0.9427564949361514
0.19117647058823528 0.10377358490566035 0.0 0.7251103597257442 0.2148190695002872 0.0 0.774768824306473
0.04411764705882353 0.5283018867924528 0.42666666666666664 0.7424242424242425 0.0376220562894888 0.2142857142857143 0.9564068692206077
0.1323529411764706 0.018867924528301883 0.0 0.6217817676151011 0.13555427914991383 0.0 0.861074416556583
0.1323529411764706 0.037735849056603765 0.026666666666666616 0.6375559625559625 0.12550258472142448 0.0 0.8650374284456187
0.16176470588235295 0.0 0.0 0.616385533658261 0.1585295807007467 0.0 0.837956847203875
0.08823529411764706 0.18867924528301883 0.013333333333333308 0.7484737484737486 0.09908098793796669 0.0 0.8916776750330251
0.11764705882352941 0.047169811320754707 0.0 0.6547232529375387 0.1263641585295807 0.0 0.8676794363716425
0.058823529411764705 0.33018867924528306 0.19999999999999996 0.5645354645354645 0.056002297530155086 0.0 0.944297666226332
0.11764705882352941 0.028301886792452824 0.0 0.6102897102897104 0.11746122917863297 0.0 0.884191985909291
0.19117647058823528 0.10377358490566035 0.053333333333333344 0.6687934572549956 0.17432510051694428 0.0 0.8095552619991193
0.17647058823529413 0.13207547169811318 0.07999999999999996 0.7072031503849683 0.16341183228029868 0.0 0.8183619550858653
0.11764705882352941 0.07547169811320753 0.0 0.6411310911310915 0.11344055140723722 0.0 0.8866138265081462
0.058823529411764705 0.09433962264150941 0.0 0.5781440781440781 0.064330844342332 0.0 0.9348304711580802
0.1323529411764706 0.33018867924528306 0.17333333333333334 0.7839365881032546 0.12377943710511201 0.0714285714285714 0.8566710700132101
0.08823529411764706 0.028301886792452824 0.0 0.5831224331224332 0.09017805858701895 0.0 0.9079700572435051
0.11764705882352941 0.16981132075471694 0.10666666666666669 0.6394008769008769 0.10109132682366456 0.0 0.8912373403786878
0.14705882352941177 0.16981132075471694 0.06666666666666665 0.7166399033065698 0.14445720850086158 0.0 0.8401585204755615
0.16176470588235295 0.028301886792452824 0.0 0.6553542417178779 0.15795519816197587 0.0 0.8293703214442977
0.14705882352941177 0.17924528301886788 0.07999999999999996 0.7140438573771906 0.13584147041929925 0.0 0.8467635402906208
0.10294117647058823 0.23584905660377353 0.1333333333333333 0.6730399230399229 0.08902929350947732 0.0 0.901144870101277
0.17647058823529413 0.018867924528301883 0.013333333333333308 0.621244916699462 0.172027570361861 0.0 0.8183619550858653
0.10294117647058823 0.018867924528301883 0.013333333333333308 0.5852877281448708 0.09707064905226881 0.0 0.8985028621752532
0.10294117647058823 0.028301886792452824 0.0 0.597987197987198 0.10252728317059161 0.0 0.9004843681197711
0.1323529411764706 0.028301886792452824 0.0 0.6088246629913298 0.13296955772544514 0.0 0.8694407749889916
0.19117647058823528 0.037735849056603765 0.0 0.6697193831809215 0.1990235496840896 0.0 0.7901805372082783
0.10294117647058823 0.07547169811320753 0.0 0.6687043115614545 0.11257897759908099 0.0 0.8846323205636284
0.11764705882352941 0.15094339622641506 0.013333333333333308 0.7260834403691548 0.13296955772544514 0.0 0.8575517393218847
0.058823529411764705 0.5660377358490566 0.4 0.8405723905723906 0.051694428489373924 0.2142857142857143 0.9376926464112726
0.16176470588235295 0.12264150943396224 0.013333333333333308 0.6890506463233735 0.16743251005169443 0.0 0.8205636283575517
0.058823529411764705 0.2075471698113207 0.07999999999999996 0.5874125874125874 0.05686387133831131 0.0 0.9390136503742844
0.14705882352941177 0.0 0.0 0.6048881982215316 0.14302125215393452 0.0 0.8564509026860414
0.07352941176470588 0.15094339622641506 0.053333333333333344 0.5887862137862137 0.0749569213095922 0.0 0.9247027741083224
0.14705882352941177 0.018867924528301883 0.0 0.6178695378695381 0.14933946008041354 0.0 0.8456627036547777