0.10294117647058823 0.028301886792452824 0.013333333333333308 0.6024057952629382 0.10137851809304997 0.0 0.8980625275209159
0.19117647058823528 0.028301886792452824 0.013333333333333308 0.6183893741586048 0.17892016082711085 0.0 0.8093350946719507
0.16176470588235295 0.028301886792452824 0.013333333333333308 0.660450256813893 0.16456059735784032 0.0 0.8229854689564069
0.1323529411764706 0.028301886792452824 0.013333333333333308 0.6083536833536833 0.13095921883974726 0.0 0.8716424482606782
0.16176470588235295 0.13207547169811318 0.07999999999999996 0.6413823550187184 0.14417001723147616 0.0 0.8414795244385733
0.16176470588235295 0.028301886792452824 0.013333333333333308 0.6783038173947264 0.15364732912119472 0.0 0.8269484808454426
0.11764705882352941 0.09433962264150941 0.040000000000000036 0.6092260913689486 0.1128661688684664 0.0 0.884191985909291
0.17647058823529413 0.09433962264150941 0.040000000000000036 0.6556954829682102 0.17087880528431937 0.0 0.8188022897402025
0.11764705882352941 0.028301886792452824 0.013333333333333308 0.6472539365396509 0.11430212521539346 0.0 0.8740642888595332
0.14705882352941177 0.18867924528301883 0.040000000000000036 0.759057609057609 0.15020103388856978 0.0 0.8256274768824307
0.14705882352941177 0.018867924528301883 0.013333333333333308 0.6016315782982448 0.13354394026421595 0.0 0.8615147512109204
0.17647058823529413 0.09433962264150941 0.040000000000000036 0.6359166927348744 0.16283744974152786 0.0 0.8225451343020695
0.11764705882352941 0.10377358490566035 0.013333333333333308 0.6378938521795666 0.11516369902354968 0.0 0.8769264641127257
0.19117647058823528 0.08490566037735847 0.040000000000000036 0.6859824648286185 0.17949454336588166 0.0 0.8000880669308674
0.19117647058823528 0.08490566037735847 0.040000000000000036 0.687375089298166 0.18408960367604824 0.0 0.7959048877146632
0.11764705882352941 0.018867924528301883 0.013333333333333308 0.5980081426509999 0.10798391728891442 0.0 0.8921180096873624
0.19117647058823528 0.10377358490566035 0.053333333333333344 0.6616898770744927 0.1883974727168294 0.0 0.7981065609863496
0.1323529411764706 0.028301886792452824 0.013333333333333308 0.6626845376845376 0.14072372199885125 0.0 0.8560105680317041
0.1323529411764706 0.0 0.0 0.6139587264587266 0.12952326249282023 0.0 0.86481726111845
0.08823529411764706 0.30188679245283023 0.18666666666666665 0.6891970991970993 0.08156232050545663 0.0714285714285714 0.9079700572435051
0.17647058823529413 0.07547169811320753 0.026666666666666616 0.6441465100556008 0.16513497989661113 0.0 0.8201232937032145
0.14705882352941177 0.0 0.0 0.6344137344137345 0.1456059735784032 0.0 0.8452223690004403
0.17647058823529413 0.018867924528301883 0.013333333333333308 0.6879410152137425 0.1697300402067777 0.0 0.8117569352708058
0.1323529411764706 0.06603773584905659 0.040000000000000036 0.6012985471318804 0.11889718552556003 0.0 0.8742844561867019
0.14705882352941177 0.047169811320754707 0.013333333333333308 0.6248048248048248 0.13871338311315337 0.0 0.8553500660501981
0.17647058823529413 0.10377358490566035 0.053333333333333344 0.6603641308186763 0.17604824813325676 0.0 0.8110964332892999
0.11764705882352941 0.028301886792452824 0.0 0.6652442795299939 0.11947156806433085 0.0 0.869220607661823
0.20588235294117646 0.037735849056603765 0.013333333333333308 0.6462014176299887 0.19643882825962092 0.0 0.78665785997358
0.16176470588235295 0.2075471698113207 0.1333333333333333 0.692471568835205 0.1481906950028719 0.0714285714285714 0.8324526640246588
0.11764705882352941 0.06603773584905659 0.026666666666666616 0.6265510283367427 0.10970706490522689 0.0 0.8857331571994717
0.17647058823529413 0.09433962264150941 0.040000000000000036 0.6584697289242742 0.1723147616312464 0.0 0.8148392778511668
0.17647058823529413 0.009433962264150941 0.0 0.6503410730683457 0.17432510051694428 0.0 0.8119771025979745
0.14705882352941177 0.1132075471698113 0.053333333333333344 0.6562980229646895 0.15106260769672603 0.0 0.8381770145310437
0.11764705882352941 0.018867924528301883 0.013333333333333308 0.6108308358308359 0.11717403790924756 0.0 0.8791281373844122
0.16176470588235295 0.0 0.0 0.6506829534102261 0.15680643308443423 0.0 0.8326728313518273
0.1323529411764706 0.037735849056603765 0.013333333333333308 0.6034704493037827 0.12062033314187248 0.0 0.8731836195508587
0.17647058823529413 0.0 0.0 0.679283595192686 0.17432510051694428 0.0 0.8091149273447821
0.14705882352941177 0.13207547169811318 0.07999999999999996 0.6198263464930132 0.13268236645605974 0.0 0.8593130779392338
0.19117647058823528 0.028301886792452824 0.0 0.6631865285711439 0.1958644457208501 0.0 0.789079700572435
0.14705882352941177 0.028301886792452824 0.013333333333333308 0.6052816319482983 0.14445720850086158 0.0 0.8518273888154998
0.16176470588235295 0.09433962264150941 0.040000000000000036 0.6474661701934428 0.14933946008041354 0.0 0.8350946719506825
0.22058823529411764 0.018867924528301883 0.0 0.6332074803503374 0.21022400919012063 0.0 0.7765301629238222
0.16176470588235295 0.2547169811320755 0.1466666666666666 0.7128586564950202 0.15393452039058012 0.0714285714285714 0.8234258036107442
0.17647058823529413 0.09433962264150941 0.040000000000000036 0.6442089055725417 0.16168868466398623 0.0 0.8221047996477323
0.16176470588235295 0.018867924528301883 0.013333333333333308 0.6051824942734032 0.14618035611717403 0.0 0.8494055482166447
0.1323529411764706 0.160377358490566 0.09333333333333338 0.6293544418544418 0.11746122917863297 0.0 0.8740642888595332
0.16176470588235295 0.1132075471698113 0.026666666666666616 0.6789291516564245 0.16456059735784032 0.0 0.8221047996477323
0.16176470588235295 0.037735849056603765 0.0 0.6967729240456512 0.17403790924755888 0.0 0.8121972699251432
0.14705882352941177 0.0 0.0 0.6673874273874275 0.14962665134979897 0.0 0.8392778511668868
0.1323529411764706 0.047169811320754707 0.026666666666666616 0.5864610697944029 0.11975875933371626 0.0 0.8764861294583883
0.16176470588235295 0.0 0.0 0.6122652095379366 0.15106260769672603 0.0 0.8436811977102598
0.16176470588235295 0.08490566037735847 0.026666666666666616 0.6896821360457724 0.16111430212521538 0.0 0.8194627917217085
0.08823529411764706 0.2075471698113207 0.09333333333333338 0.622072742072742 0.0807007466973004 0.0 0.9119330691325407
0.17647058823529413 0.08490566037735847 0.040000000000000036 0.7201088473815744 0.17001723147616313 0.0 0.8093350946719506
0.14705882352941177 0.009433962264150941 0.0 0.6369679703013038 0.1481906950028719 0.0 0.8432408630559225
0.17647058823529413 0.19811320754716977 0.1333333333333333 0.7005491982764712 0.17001723147616313 0.0714285714285714 0.8080140907089388
0.16176470588235295 0.0 0.0 0.6098685153230605 0.15393452039058012 0.0 0.8412593571114046
0.10294117647058823 0.12264150943396224 0.026666666666666616 0.6696858696858696 0.10453762205628948 0.0 0.884191985909291
0.16176470588235295 0.037735849056603765 0.013333333333333308 0.6206359297268388 0.1530729465824239 0.0 0.8361955085865258
0.14705882352941177 0.21698113207547165 0.06666666666666665 0.7407407407407406 0.1450315910396324 0.0 0.8304711580801409
0.16176470588235295 0.047169811320754707 0.0 0.694166439620985 0.16829408385985067 0.0 0.8157199471598415
0.20588235294117646 0.047169811320754707 0.013333333333333308 0.6698993924268646 0.19787478460654795 0.0 0.7844561867018934