0.04411764705882353 0.23584905660377353 0.053333333333333344 0.5384615384615384 0.04767375071797817 0.0 0.9542051959489212
0.16176470588235295 0.028301886792452824 0.013333333333333308 0.6132071968435603 0.1479035037334865 0.0 0.8502862175253193
0.029411764705882353 0.4339622641509434 0.16000000000000003 0.42857142857142855 0.030442274554853533 0.0 0.9689564068692206
0.04411764705882353 0.41509433962264153 0.30666666666666664 0.5433566433566434 0.040493968983342905 0.0714285714285714 0.9586085424922941
0.10294117647058823 0.037735849056603765 0.0 0.6664962022104879 0.10568638713383113 0.0 0.8863936591809776
0.08823529411764706 0.3584905660377359 0.1466666666666666 0.7728438228438229 0.0913268236645606 0.0714285714285714 0.892998678996037
0.1323529411764706 0.028301886792452824 0.013333333333333308 0.61743857993858 0.1344055140723722 0.0 0.8608542492294143
0.07352941176470588 0.047169811320754707 0.013333333333333308 0.5628454878454879 0.07237219988512349 0.0 0.9258036107441656
0.08823529411764706 0.047169811320754707 0.0 0.6386890886890887 0.09075244112578977 0.0 0.9020255394099516
0.04411764705882353 0.2735849056603774 0.16000000000000003 0.514957264957265 0.04422745548535324 0.0 0.957507705856451
0.17647058823529413 0.028301886792452824 0.0 0.690134360588906 0.1826536473291212 0.0 0.8018494055482166
0.04411764705882353 0.37735849056603776 0.2533333333333333 0.5004273504273504 0.040206777713957496 0.0 0.9616908850726552
0.20588235294117646 0.028301886792452824 0.0 0.6378834840373301 0.20275703618609994 0.0 0.7862175253192426
0.10294117647058823 0.2924528301886793 0.1466666666666666 0.7329559329559329 0.10367604824813326 0.0714285714285714 0.8800088066930868
0.04411764705882353 0.2735849056603774 0.12 0.5317460317460317 0.04451464675473866 0.0 0.9557463672391018
0.16176470588235295 0.12264150943396224 0.040000000000000036 0.6967223685405507 0.16427340608845492 0.0 0.8194627917217085
0.11764705882352941 0.09433962264150941 0.026666666666666616 0.6267417106702821 0.12320505456634118 0.0 0.876706296785557
0.11764705882352941 0.028301886792452824 0.0 0.6382171400028541 0.1183228029867892 0.0 0.8742844561867019
0.1323529411764706 0.028301886792452824 0.013333333333333308 0.6110796610796613 0.1263641585295807 0.0 0.8690004403346543
0.058823529411764705 0.2547169811320755 0.1333333333333333 0.5675213675213675 0.053130384836300976 0.0 0.9456186701893439
0.07352941176470588 0.17924528301886788 0.040000000000000036 0.6442224442224441 0.07380815623205055 0.0 0.9176574196389256
0.14705882352941177 0.028301886792452824 0.013333333333333308 0.6148626681960014 0.13612866168868468 0.0 0.861074416556583
0.14705882352941177 0.009433962264150941 0.0 0.6222000222000221 0.15020103388856978 0.0 0.8461030383091149
0.029411764705882353 0.6037735849056604 0.5466666666666666 0.7 0.02556002297530155 0.2857142857142857 0.9740202553940995
0.07352941176470588 0.08490566037735847 0.013333333333333308 0.5877755577755578 0.07581849511774842 0.0 0.9249229414354909
0.11764705882352941 0.047169811320754707 0.0 0.6616686884544026 0.12148190695002872 0.0 0.8665785997357992
0.10294117647058823 0.21698113207547165 0.1466666666666666 0.6979742479742479 0.10109132682366456 0.0714285714285714 0.8868339938353149
0.1323529411764706 0.15094339622641506 0.026666666666666616 0.714960964960965 0.1367030442274555 0.0 0.8483047115808015
0.029411764705882353 0.5 0.33333333333333337 0.38461538461538464 0.028144744399770247 0.0714285714285714 0.9715984147952443
0.058823529411764705 0.15094339622641506 0.040000000000000036 0.5821123321123322 0.06059735784032166 0.0 0.9365918097754293
0.22058823529411764 0.018867924528301883 0.013333333333333308 0.6151448022876593 0.2122343480758185 0.0 0.7802730074856892
0.23529411764705882 0.018867924528301883 0.013333333333333308 0.6174905187405183 0.22745548535324525 0.0 0.7635402906208719
0.14705882352941177 0.15094339622641506 0.026666666666666616 0.715118215118215 0.15192418150488224 0.0 0.8315719947159842
0.058823529411764705 0.23584905660377353 0.12 0.5492063492063491 0.05485353245261344 0.0 0.9460590048436812
0.04411764705882353 0.4056603773584906 0.17333333333333334 0.6606837606837607 0.0430786904078116 0.0714285714285714 0.9546455306032585
0.10294117647058823 0.07547169811320753 0.013333333333333308 0.6542425828140114 0.10769672601952901 0.0 0.885512989872303
0.029411764705882353 0.4811320754716981 0.3866666666666667 0.5 0.03015508328546812 0.1428571428571429 0.9735799207397622
0.11764705882352941 0.047169811320754707 0.013333333333333308 0.6330479044764757 0.12176909821941413 0.0 0.87296345222369
0.08823529411764706 0.15094339622641506 0.040000000000000036 0.6391164391164391 0.08730614589316485 0.0 0.9044473800088066
0.14705882352941177 0.15094339622641506 0.040000000000000036 0.7038468938468939 0.1481906950028719 0.0 0.8346543372963453
0.08823529411764706 0.15094339622641506 0.07999999999999996 0.6056809856809857 0.08845491097070649 0.0 0.9132540730955526
0.19117647058823528 0.047169811320754707 0.013333333333333308 0.6390585198277504 0.18696151636990235 0.0 0.8011889035667107
0.14705882352941177 0.018867924528301883 0.0 0.6597149763816431 0.14646754738655945 0.0 0.8410391897842361
0.1323529411764706 0.08490566037735847 0.053333333333333344 0.6074212824212825 0.12205628948879954 0.0 0.8835314839277851
0.058823529411764705 0.24528301886792447 0.1333333333333333 0.53492895992896 0.05456634118322803 0.0 0.9438573315719947
0.04411764705882353 0.33018867924528306 0.09333333333333338 0.5664335664335663 0.04595060310166571 0.0 0.9544253632760898
0.08823529411764706 0.14150943396226412 0.040000000000000036 0.6876012876012876 0.09161401493394601 0.0 0.8996036988110965
0.23529411764705882 0.0 0.0 0.6223299848299843 0.2311889718552556 0.0 0.7595772787318362
0.058823529411764705 0.10377358490566035 0.013333333333333308 0.5607448107448106 0.06031016657093624 0.0 0.9381329810656098
0.07352941176470588 0.2264150943396226 0.12 0.6157126207126207 0.06892590465249857 0.0 0.9266842800528402
0.04411764705882353 0.3207547169811321 0.21333333333333337 0.506993006993007 0.04221711659965537 0.0 0.9583883751651255
0.11764705882352941 0.018867924528301883 0.0 0.6120355834641549 0.11947156806433085 0.0 0.8775869660942316
0.04411764705882353 0.2924528301886793 0.07999999999999996 0.5298035298035298 0.045376220562894885 0.0 0.9566270365477763
0.14705882352941177 0.028301886792452824 0.0 0.6537303437303438 0.14732912119471567 0.0 0.8405988551298987