0.25 0.12264150943396224 0.026666666666666616 0.6960280324250909 0.24238943136128663 0.0 0.7324966974900925
0.27941176470588236 0.047169811320754707 0.013333333333333308 0.6790238676203587 0.2788627225732338 0.0 0.6966094231616028
0.19117647058823528 0.14150943396226412 0.040000000000000036 0.6887018252402867 0.18696151636990235 0.0 0.7917217084984589
0.19117647058823528 0.047169811320754707 0.0 0.7280042606965683 0.19959793222286043 0.0 0.7758696609423161
0.17647058823529413 0.018867924528301883 0.013333333333333308 0.6562577153486242 0.17346352670878806 0.0 0.8091149273447821
0.22058823529411764 0.07547169811320753 0.0 0.7316204430490144 0.23319931074095349 0.0 0.7399823866138264
0.20588235294117646 0.018867924528301883 0.0 0.668677476369784 0.21309592188397472 0.0 0.7721268163804491
0.20588235294117646 0.160377358490566 0.026666666666666616 0.7653165515802879 0.21539345203905802 0.0 0.7549537648612945
0.22058823529411764 0.19811320754716977 0.1333333333333333 0.701879231879232 0.21453187823090178 0.0714285714285714 0.7597974460590049
0.17647058823529413 0.037735849056603765 0.013333333333333308 0.675665243847062 0.1803561171740379 0.0 0.8005284015852048
0.20588235294117646 0.037735849056603765 0.013333333333333308 0.6576927346158113 0.20074669730040207 0.0 0.7776309995596653
0.20588235294117646 0.2264150943396226 0.1333333333333333 0.7593432208816824 0.21051120045950603 0.0714285714285714 0.757815940114487
0.27941176470588236 0.19811320754716977 0.1333333333333333 0.7259022978321221 0.28632969557725446 0.0714285714285714 0.682738881549978
0.17647058823529413 0.10377358490566035 0.040000000000000036 0.693034827125736 0.17375071797817346 0.0 0.8047115808014091
0.2647058823529412 0.047169811320754707 0.013333333333333308 0.6736065314496683 0.26134405514072373 0.0 0.7159841479524438
0.20588235294117646 0.14150943396226412 0.026666666666666616 0.7497590321766145 0.21654221711659966 0.0 0.7558344341699692
0.22058823529411764 0.12264150943396224 0.026666666666666616 0.7395480709766424 0.23176335439402643 0.0 0.7404227212681638
0.23529411764705882 0.028301886792452824 0.013333333333333308 0.6684749047249047 0.23578403216542218 0.0 0.7410832232496697
0.16176470588235295 0.05660377358490565 0.0 0.7177210668119758 0.1691556576680069 0.0 0.8102157639806253
0.22058823529411764 0.14150943396226412 0.040000000000000036 0.7028280713995 0.21453187823090178 0.0 0.7580361074416557
0.25 0.018867924528301883 0.0 0.6813822207204555 0.2610568638713383 0.0 0.7192866578599736
0.19117647058823528 0.009433962264150941 0.0 0.6471250971250971 0.19385410683515222 0.0 0.7923822104799648
0.22058823529411764 0.21698113207547165 0.1333333333333333 0.7560787360787361 0.22199885123492247 0.0714285714285714 0.7468075737560547
0.23529411764705882 0.12264150943396224 0.026666666666666616 0.7238871313871315 0.24009190120620333 0.0 0.7307353588727432
0.20588235294117646 0.0 0.0 0.6574782360496645 0.20649052268811027 0.0 0.7767503302509907
0.16176470588235295 0.047169811320754707 0.0 0.7048145793600336 0.17288914417001724 0.0 0.8106560986349626
0.23529411764705882 0.2075471698113207 0.1333333333333333 0.7223928386428385 0.23434807581849512 0.0714285714285714 0.7386613826508146
0.16176470588235295 0.10377358490566035 0.026666666666666616 0.6868201495474222 0.16427340608845492 0.0 0.8174812857771907
0.23529411764705882 0.1132075471698113 0.026666666666666616 0.7213265900765902 0.2443997702469845 0.0 0.7283135182738881
0.25 0.018867924528301883 0.0 0.6890926475485298 0.25875933371625504 0.0 0.7181858212241303
0.25 0.18867924528301883 0.1333333333333333 0.7168352072763836 0.2501435956346927 0.0714285714285714 0.7223690004403347
0.19117647058823528 0.08490566037735847 0.0 0.732022891638276 0.20275703618609994 0.0 0.7745486569793043
0.20588235294117646 0.018867924528301883 0.013333333333333308 0.6798814738375176 0.20534175761056864 0.0 0.7732276530162924
0.22058823529411764 0.14150943396226412 0.026666666666666616 0.7502584716870432 0.22774267662263067 0.0 0.7419638925583443
0.20588235294117646 0.047169811320754707 0.0 0.7316652212256609 0.21568064330844341 0.0 0.7593571114046676
0.20588235294117646 0.2075471698113207 0.1333333333333333 0.7026597334289642 0.20045950603101664 0.0714285714285714 0.7743284896521356
0.14705882352941177 0.018867924528301883 0.013333333333333308 0.63332938666272 0.13871338311315337 0.0 0.8487450462351387
0.19117647058823528 0.160377358490566 0.026666666666666616 0.765090038166961 0.20045950603101664 0.0 0.7705856450902686
0.20588235294117646 0.047169811320754707 0.0 0.7085191365411146 0.21654221711659966 0.0 0.7615587846763541
0.19117647058823528 0.12264150943396224 0.013333333333333308 0.7469363969363967 0.20591614014933945 0.0 0.7701453104359313
0.20588235294117646 0.17924528301886788 0.1333333333333333 0.6797125950972103 0.1935669155657668 0.0714285714285714 0.7870981946279173
0.19117647058823528 0.018867924528301883 0.013333333333333308 0.6656939926170694 0.1855255600229753 0.0 0.7939233817701453
0.22058823529411764 0.19811320754716977 0.1333333333333333 0.730798460798461 0.2257323377369328 0.0714285714285714 0.7463672391017173
0.27941176470588236 0.19811320754716977 0.1333333333333333 0.7257085020242912 0.28345778288340034 0.0714285714285714 0.6847203874944958
0.22058823529411764 0.07547169811320753 0.0 0.7287899402185116 0.23492245835726594 0.0 0.7402025539409951
0.20588235294117646 0.037735849056603765 0.0 0.6830308885253941 0.21453187823090178 0.0 0.7661822985468956
0.19117647058823528 0.1132075471698113 0.013333333333333308 0.7049987049987051 0.19213095921883974 0.0 0.7851166886833993
0.2647058823529412 0.17924528301886788 0.1333333333333333 0.7048237528629685 0.25962090752441125 0.0714285714285714 0.7118009687362394
0.27941176470588236 0.17924528301886788 0.1333333333333333 0.7046429204323938 0.2777139574956921 0.0714285714285714 0.6928665785997358
0.20588235294117646 0.06603773584905659 0.0 0.7258433873818487 0.21970132107983917 0.0 0.757815940114487
0.27941176470588236 0.18867924528301883 0.1333333333333333 0.7145674014095064 0.27972429638139 0.0714285714285714 0.6893439013650374
0.20588235294117646 0.14150943396226412 0.026666666666666616 0.7294005140158988 0.20792647903503733 0.0 0.7650814619110524
0.23529411764705882 0.009433962264150941 0.0 0.6714606227106225 0.24325100516944284 0.0 0.739101717305152
0.19117647058823528 0.037735849056603765 0.013333333333333308 0.663020811097734 0.19299253302699598 0.0 0.7884191985909291
0.27941176470588236 0.028301886792452824 0.0 0.6814660972555708 0.2771395749569213 0.0 0.7001321003963012
0.14705882352941177 0.24528301886792447 0.1333333333333333 0.7802874902874901 0.15192418150488224 0.0714285714285714 0.8227653016292382
0.22058823529411764 0.047169811320754707 0.0 0.7068292025434884 0.23319931074095349 0.0 0.7432848965213562
0.23529411764705882 0.19811320754716977 0.1333333333333333 0.7330228567728568 0.2389431361286617 0.0714285714285714 0.7300748568912374
0.17647058823529413 0.15094339622641506 0.026666666666666616 0.7237041577950668 0.18150488225157954 0.0 0.7950242184059886
0.25 0.18867924528301883 0.1333333333333333 0.7179301499154438 0.2469844916714532 0.0714285714285714 0.7223690004403347
0.27941176470588236 0.17924528301886788 0.1333333333333333 0.7022133162484039 0.27369327972429636 0.0714285714285714 0.6972699251431087
0.16176470588235295 0.06603773584905659 0.013333333333333308 0.6921965912875002 0.16599655370476737 0.0 0.8163804491413474
0.17647058823529413 0.160377358490566 0.026666666666666616 0.7593487320760047 0.18437679494543366 0.0 0.7901805372082783
0.2647058823529412 0.19811320754716977 0.1333333333333333 0.7347276180609512 0.2708213670304423 0.0714285714285714 0.6972699251431087
0.2647058823529412 0.018867924528301883 0.013333333333333308 0.678735824814256 0.26220562894887994 0.0 0.714663143989432
0.19117647058823528 0.037735849056603765 0.013333333333333308 0.6540453848146155 0.18667432510051696 0.0 0.7937032144429766
0.22058823529411764 0.047169811320754707 0.013333333333333308 0.6824899967757111 0.2182653647329121 0.0 0.7611184500220167
0.23529411764705882 0.13207547169811318 0.026666666666666616 0.7437624875124875 0.2446869615163699 0.0 0.7254513430206957
0.23529411764705882 0.037735849056603765 0.0 0.6982474469974468 0.24238943136128663 0.0 0.7346983707617789
0.25 0.2075471698113207 0.1333333333333333 0.7434654805978332 0.2584721424468696 0.0714285714285714 0.7102597974460589