0.11764705882352941 0.037735849056603765 0.0 0.6389235764235764 0.12119471568064331 0.0 0.8716424482606782
0.1323529411764706 0.05660377358490565 0.0 0.7111730861730864 0.14445720850086158 0.0 0.8447820343461031
0.16176470588235295 0.2075471698113207 0.1466666666666666 0.7045334463516282 0.1588167719701321 0.0714285714285714 0.8236459709379128
0.19117647058823528 0.13207547169811318 0.013333333333333308 0.7184407472869011 0.1990235496840896 0.0 0.7787318361955087
0.17647058823529413 0.07547169811320753 0.0 0.739224159678705 0.19126938541068353 0.0 0.7877586966094232
0.14705882352941177 0.047169811320754707 0.0 0.6608114108114107 0.1450315910396324 0.0 0.8401585204755615
0.19117647058823528 0.13207547169811318 0.013333333333333308 0.7027688123841969 0.1855255600229753 0.0 0.7915015411712902
0.23529411764705882 0.037735849056603765 0.013333333333333308 0.670292069042069 0.22860425043078691 0.0 0.7490092470277411
0.16176470588235295 0.160377358490566 0.026666666666666616 0.7714512759967304 0.17288914417001724 0.0 0.8033905768383972
0.14705882352941177 0.037735849056603765 0.0 0.6653431753431757 0.15364732912119472 0.0 0.836635843240863
0.11764705882352941 0.15094339622641506 0.040000000000000036 0.6736971361971363 0.1186099942561746 0.0 0.8716424482606782
0.16176470588235295 0.18867924528301883 0.1333333333333333 0.7144762308398671 0.1639862148190695 0.0714285714285714 0.8166006164685161
0.17647058823529413 0.160377358490566 0.026666666666666616 0.7509021281748554 0.18064330844342333 0.0 0.7932628797886394
0.14705882352941177 0.037735849056603765 0.0 0.6725441225441227 0.15106260769672603 0.0 0.8353148392778511
0.19117647058823528 0.13207547169811318 0.013333333333333308 0.7459621575006191 0.20275703618609994 0.0 0.7738881549977983
0.11764705882352941 0.047169811320754707 0.0 0.6561563436563437 0.12464101091326824 0.0 0.8683399383531484
0.19117647058823528 0.037735849056603765 0.0 0.7257507449815142 0.20476737507179782 0.0 0.7738881549977983
0.11764705882352941 0.15094339622641506 0.026666666666666616 0.685947385947386 0.12263067202757036 0.0 0.8683399383531484
0.1323529411764706 0.08490566037735847 0.0 0.7312641062641063 0.14531878230901782 0.0 0.8408190224570674
0.17647058823529413 0.037735849056603765 0.013333333333333308 0.665888404524768 0.16800689259046525 0.0 0.8150594451783355
0.17647058823529413 0.15094339622641506 0.026666666666666616 0.7576955872410416 0.18581275129236072 0.0 0.7895200352267724
0.22058823529411764 0.14150943396226412 0.026666666666666616 0.7440258154543871 0.2309017805858702 0.0 0.7419638925583443
0.22058823529411764 0.18867924528301883 0.1333333333333333 0.7221312021312021 0.21682940838598508 0.0714285714285714 0.753412593571114
0.19117647058823528 0.19811320754716977 0.1466666666666666 0.6940544498236804 0.18179207352096496 0.0714285714285714 0.7961250550418318
0.1323529411764706 0.17924528301886788 0.040000000000000036 0.7720959595959597 0.1427340608845491 0.0 0.8401585204755615
0.14705882352941177 0.17924528301886788 0.040000000000000036 0.7319114219114217 0.14876507754164273 0.0 0.8317921620431528
0.17647058823529413 0.19811320754716977 0.1466666666666666 0.7120723552541733 0.17547386559448594 0.0714285714285714 0.8055922501100836
0.1323529411764706 0.037735849056603765 0.0 0.6754379879379879 0.13785180930499713 0.0 0.8513870541611624
0.16176470588235295 0.028301886792452824 0.0 0.6765754447572628 0.1582423894313613 0.0 0.8247468075737561
0.17647058823529413 0.037735849056603765 0.0 0.6891101322919504 0.188110281447444 0.0 0.7954645530603258
0.19117647058823528 0.160377358490566 0.026666666666666616 0.7564847545616775 0.19988512349224583 0.0 0.7736679876706297
0.20588235294117646 0.19811320754716977 0.1333333333333333 0.7190988498680804 0.20361860999425618 0.0714285714285714 0.7688243064729194
0.25 0.17924528301886788 0.1333333333333333 0.7202800059417706 0.2504307869040781 0.0714285714285714 0.7208278291501541
0.16176470588235295 0.037735849056603765 0.0 0.6629693538784446 0.15738081562320505 0.0 0.8278291501541171
0.16176470588235295 0.028301886792452824 0.0 0.672490539763267 0.1662837449741528 0.0 0.8205636283575517
0.17647058823529413 0.160377358490566 0.026666666666666616 0.7655715496624588 0.18581275129236072 0.0 0.7881990312637605
0.20588235294117646 0.028301886792452824 0.0 0.6607551788870467 0.20074669730040207 0.0 0.7818141787758697
0.10294117647058823 0.09433962264150941 0.0 0.6732156732156731 0.1099942561746123 0.0 0.8811096433289299
0.14705882352941177 0.21698113207547165 0.1466666666666666 0.7015781749115083 0.14215967834577828 0.0714285714285714 0.8430206957287538
0.17647058823529413 0.037735849056603765 0.0 0.6767010767010765 0.172027570361861 0.0 0.8091149273447821
0.17647058823529413 0.13207547169811318 0.026666666666666616 0.7472502245229518 0.1860999425617461 0.0 0.790400704535447
0.19117647058823528 0.2075471698113207 0.1333333333333333 0.749668280437511 0.19730040206777713 0.0714285714285714 0.7769704975781594
0.17647058823529413 0.16981132075471694 0.026666666666666616 0.7182050272959362 0.17030442274554852 0.0 0.805372082782915
0.1323529411764706 0.08490566037735847 0.0 0.6854349354349354 0.1315336013785181 0.0 0.8540290620871862
0.17647058823529413 0.14150943396226412 0.026666666666666616 0.7477888273342818 0.1852383687535899 0.0 0.790400704535447
0.17647058823529413 0.07547169811320753 0.0 0.7158858817949727 0.18638713383113154 0.0 0.7937032144429766
0.14705882352941177 0.18867924528301883 0.040000000000000036 0.7427350427350426 0.14474439977024697 0.0 0.8315719947159842
0.1323529411764706 0.047169811320754707 0.0 0.6635586635586637 0.14101091326823664 0.0 0.8527080581241744
0.25 0.047169811320754707 0.0 0.689873443549914 0.25387708213670307 0.0 0.7228093350946719
0.14705882352941177 0.06603773584905659 0.0 0.6846127946127948 0.15278575531303848 0.0 0.8344341699691765
0.14705882352941177 0.047169811320754707 0.0 0.7199152699152699 0.1588167719701321 0.0 0.8269484808454426
0.16176470588235295 0.19811320754716977 0.1466666666666666 0.7074486119940665 0.15192418150488224 0.0714285714285714 0.8269484808454425
0.16176470588235295 0.028301886792452824 0.0 0.6443909625727808 0.16427340608845492 0.0 0.8245266402465874
0.23529411764705882 0.17924528301886788 0.1333333333333333 0.7234948847448847 0.2372199885123492 0.0714285714285714 0.7349185380889476
0.1323529411764706 0.07547169811320753 0.0 0.685622248122248 0.1375646180356117 0.0 0.849185380889476
0.19117647058823528 0.07547169811320753 0.0 0.7398883168113937 0.20505456634118321 0.0 0.7708058124174373
0.11764705882352941 0.16981132075471694 0.040000000000000036 0.6996961371961373 0.12176909821941413 0.0 0.8674592690444738