0.19117647058823528 0.15094339622641506 0.040000000000000036 0.7471701375547528 0.20132107983917288 0.0 0.773447820343461
0.2647058823529412 0.028301886792452824 0.013333333333333308 0.6416680632366905 0.2633543940264216 0.0 0.7245706737120212
0.19117647058823528 0.18867924528301883 0.1333333333333333 0.6925925925925923 0.18753589890867317 0.0714285714285714 0.7910612065169529
0.19117647058823528 0.05660377358490565 0.026666666666666616 0.6307591980668903 0.18408960367604824 0.0 0.8121972699251432
0.14705882352941177 0.037735849056603765 0.0 0.6998519998519999 0.1588167719701321 0.0 0.8311316600616468
0.22058823529411764 0.10377358490566035 0.026666666666666616 0.6722146107860392 0.21395749569213096 0.0 0.769704975781594
0.20588235294117646 0.12264150943396224 0.040000000000000036 0.6780332610002938 0.2010338885697875 0.0 0.7802730074856892
0.17647058823529413 0.028301886792452824 0.013333333333333308 0.6473134609498246 0.18179207352096496 0.0 0.8080140907089388
0.14705882352941177 0.028301886792452824 0.013333333333333308 0.612148345481679 0.1424468696151637 0.0 0.8527080581241744
0.20588235294117646 0.037735849056603765 0.0 0.7256415745426735 0.22601952900631822 0.0 0.7545134302069573
0.16176470588235295 0.12264150943396224 0.040000000000000036 0.6672508299781026 0.1556576680068926 0.0 0.8324526640246588
0.17647058823529413 0.18867924528301883 0.1333333333333333 0.6931247203974475 0.17403790924755888 0.0714285714285714 0.8091149273447821
0.17647058823529413 0.21698113207547165 0.1333333333333333 0.7344128935038026 0.18150488225157954 0.0714285714285714 0.794143549097314
0.19117647058823528 0.028301886792452824 0.013333333333333308 0.6384879365648595 0.18954623779437105 0.0 0.7959048877146632
0.16176470588235295 0.028301886792452824 0.013333333333333308 0.6247085237994328 0.16168868466398623 0.0 0.8306913254073096
0.22058823529411764 0.12264150943396224 0.040000000000000036 0.677208717208717 0.21194715680643308 0.0 0.7708058124174373
0.22058823529411764 0.12264150943396224 0.040000000000000036 0.6924828610542897 0.22199885123492247 0.0 0.757815940114487
0.17647058823529413 0.037735849056603765 0.0 0.6927486654759382 0.1860999425617461 0.0 0.799207397622193
0.19117647058823528 0.037735849056603765 0.0 0.7155353193814733 0.2067777139574957 0.0 0.7756494936151476
0.25 0.028301886792452824 0.013333333333333308 0.6456529581529579 0.24928202182653647 0.0 0.7364597093791282
0.19117647058823528 0.06603773584905659 0.0 0.6898927995081839 0.19959793222286043 0.0 0.7848965213562308
0.23529411764705882 0.17924528301886788 0.1333333333333333 0.7151531339031337 0.23693279724296382 0.0714285714285714 0.73778071334214
0.22058823529411764 0.037735849056603765 0.0 0.7028783385926247 0.23693279724296382 0.0 0.7441655658300308
0.20588235294117646 0.13207547169811318 0.040000000000000036 0.7045417952011358 0.20792647903503733 0.0 0.7694848084544255
0.23529411764705882 0.028301886792452824 0.013333333333333308 0.6625239575239578 0.2443997702469845 0.0 0.739101717305152
0.23529411764705882 0.12264150943396224 0.040000000000000036 0.6981767769267769 0.2395175186674325 0.0 0.7384412153236459
0.16176470588235295 0.18867924528301883 0.1333333333333333 0.6975475030020483 0.1582423894313613 0.0714285714285714 0.8267283135182739
0.16176470588235295 0.009433962264150941 0.0 0.6497681106772015 0.17432510051694428 0.0 0.8214442976662264
0.17647058823529413 0.037735849056603765 0.0 0.6928778292414659 0.19529006318207925 0.0 0.7963452223690004
0.20588235294117646 0.18867924528301883 0.1333333333333333 0.7094580633042171 0.20505456634118321 0.0714285714285714 0.7721268163804491
0.22058823529411764 0.009433962264150941 0.0 0.6684168212739644 0.2306145893164848 0.0 0.7549537648612945
0.22058823529411764 0.12264150943396224 0.040000000000000036 0.6952023637737924 0.2257323377369328 0.0 0.7553940995156319
0.19117647058823528 0.018867924528301883 0.0 0.682864144402606 0.20763928776565194 0.0 0.7791721708498459
0.20588235294117646 0.12264150943396224 0.040000000000000036 0.720820388402806 0.21338311315336014 0.0 0.7642007926023778
0.23529411764705882 0.12264150943396224 0.040000000000000036 0.6921744459244457 0.2306145893164848 0.0 0.74592690444738
0.25 0.12264150943396224 0.040000000000000036 0.6854910612263551 0.2443997702469845 0.0 0.7357992073976223
0.17647058823529413 0.12264150943396224 0.040000000000000036 0.6914408823499733 0.17949454336588166 0.0 0.80295024218406
0.14705882352941177 0.047169811320754707 0.013333333333333308 0.6331075097741765 0.14388282596209076 0.0 0.8463232056362836
0.2647058823529412 0.028301886792452824 0.013333333333333308 0.6505125230615427 0.26507754164273406 0.0 0.7188463232056364
0.20588235294117646 0.047169811320754707 0.013333333333333308 0.6527665862830696 0.1990235496840896 0.0 0.790400704535447
0.20588235294117646 0.047169811320754707 0.0 0.6992196448240405 0.22257323377369329 0.0 0.7672831351827389
0.17647058823529413 0.1132075471698113 0.040000000000000036 0.6697782015963833 0.167145318782309 0.0 0.8201232937032145
0.19117647058823528 0.018867924528301883 0.0 0.6581832697217315 0.20505456634118321 0.0 0.7915015411712902
0.17647058823529413 0.037735849056603765 0.0 0.6878916538007447 0.18753589890867317 0.0 0.7963452223690005
0.25 0.028301886792452824 0.0 0.6852038484391425 0.2558874210224009 0.0 0.7234698370761778
0.20588235294117646 0.037735849056603765 0.0 0.7151116282984415 0.21711659965537047 0.0 0.7619991193306913
0.17647058823529413 0.12264150943396224 0.040000000000000036 0.675515057333239 0.17317633543940264 0.0 0.8150594451783355
0.22058823529411764 0.009433962264150941 0.0 0.6961944404801551 0.23492245835726594 0.0 0.7463672391017173
0.14705882352941177 0.028301886792452824 0.013333333333333308 0.6139803406470073 0.14417001723147616 0.0 0.8480845442536328
0.16176470588235295 0.037735849056603765 0.0 0.7162700935428208 0.1797817346352671 0.0 0.8084544253632762
0.20588235294117646 0.18867924528301883 0.1333333333333333 0.6915870454331993 0.2016082711085583 0.0714285714285714 0.7765301629238222
0.20588235294117646 0.0 0.0 0.639720840819742 0.21280873061458933 0.0 0.7833553500660502
0.19117647058823528 0.018867924528301883 0.0 0.7039573674189058 0.20763928776565194 0.0 0.7782915015411713
0.20588235294117646 0.12264150943396224 0.040000000000000036 0.7184445591038999 0.21395749569213096 0.0 0.7664024658740642
0.1323529411764706 0.14150943396226412 0.040000000000000036 0.6879662004662007 0.1315336013785181 0.0 0.8571114046675473
0.22058823529411764 0.12264150943396224 0.040000000000000036 0.7134851920566208 0.2283170591614015 0.0 0.7476882430647291
0.20588235294117646 0.18867924528301883 0.1333333333333333 0.6908595677826445 0.20074669730040207 0.0714285714285714 0.7796125055041832
0.19117647058823528 0.009433962264150941 0.0 0.6398455533070919 0.19816197587593337 0.0 0.797225891677675
0.22058823529411764 0.028301886792452824 0.0 0.6941410969982397 0.2395175186674325 0.0 0.7516512549537648
0.23529411764705882 0.12264150943396224 0.040000000000000036 0.690638898138898 0.23233773693279725 0.0 0.7443857331571995
0.11764705882352941 0.08490566037735847 0.053333333333333344 0.596290415933273 0.11229178632969558 0.0 0.8822104799647732
0.16176470588235295 0.037735849056603765 0.0 0.7005948596857688 0.17576105686387133 0.0 0.8126376045794804
0.17647058823529413 0.12264150943396224 0.040000000000000036 0.6899021853567308 0.17633543940264215 0.0 0.8044914134742405