0.10294117647058823 0.018867924528301883 0.0 0.6012003869146725 0.10396323951751867 0.0 0.8912373403786878
0.11764705882352941 0.018867924528301883 0.0 0.6224906046334616 0.12263067202757036 0.0 0.8709819462791721
0.1323529411764706 0.15094339622641506 0.026666666666666616 0.7331067081067081 0.1427340608845491 0.0 0.8423601937472479
0.16176470588235295 0.09433962264150941 0.026666666666666616 0.6369634405998044 0.15221137277426766 0.0 0.8333333333333334
0.14705882352941177 0.047169811320754707 0.0 0.6895855995855997 0.15623205054566341 0.0 0.829810656098635
0.08823529411764706 0.26415094339622647 0.12 0.6745609945609945 0.08271108558299828 0.0 0.9128137384412154
0.11764705882352941 0.047169811320754707 0.013333333333333308 0.6490299383156527 0.11401493394600803 0.0 0.8819903126376045
0.1323529411764706 0.18867924528301883 0.1466666666666666 0.6835513252179921 0.1263641585295807 0.0714285714285714 0.8597534125935711
0.17647058823529413 0.018867924528301883 0.013333333333333308 0.6393381870654598 0.1777713957495692 0.0 0.8093350946719507
0.10294117647058823 0.10377358490566035 0.026666666666666616 0.6197532626104053 0.10367604824813326 0.0 0.8907970057243505
0.14705882352941177 0.047169811320754707 0.013333333333333308 0.6693839493839495 0.1504882251579552 0.0 0.8361955085865258
0.16176470588235295 0.17924528301886788 0.1333333333333333 0.6901193755739211 0.15967834577828835 0.0714285714285714 0.8225451343020695
0.14705882352941177 0.09433962264150941 0.026666666666666616 0.6295727729061064 0.1372774267662263 0.0 0.8509467195068252
0.14705882352941177 0.018867924528301883 0.0 0.6422262922262921 0.15221137277426766 0.0 0.8377366798767063
0.16176470588235295 0.10377358490566035 0.026666666666666616 0.6739849039849038 0.15967834577828835 0.0 0.8254073095552621
0.1323529411764706 0.15094339622641506 0.040000000000000036 0.6891377141377144 0.13555427914991383 0.0 0.8511668868339939
0.10294117647058823 0.037735849056603765 0.0 0.6195098552241408 0.1074095347501436 0.0 0.8896961690885072
0.11764705882352941 0.05660377358490565 0.013333333333333308 0.6652692545549688 0.12492820218265364 0.0 0.866138265081462
0.11764705882352941 0.018867924528301883 0.0 0.6172963940821082 0.12090752441125789 0.0 0.8747247908410392
0.11764705882352941 0.17924528301886788 0.026666666666666616 0.7358052661624092 0.1263641585295807 0.0 0.8595332452664025
0.11764705882352941 0.3113207547169812 0.22666666666666668 0.7483766233766233 0.1074095347501436 0.0714285714285714 0.8830911492734479
0.11764705882352941 0.028301886792452824 0.0 0.6167505113933685 0.11975875933371626 0.0 0.8734037868780273
0.11764705882352941 0.047169811320754707 0.0 0.6332560296846012 0.12176909821941413 0.0 0.8725231175693527
0.17647058823529413 0.10377358490566035 0.026666666666666616 0.6762639717185173 0.1797817346352671 0.0 0.801629238221048
0.1323529411764706 0.05660377358490565 0.0 0.6781968031968032 0.13842619184376795 0.0 0.8480845442536328
0.1323529411764706 0.21698113207547165 0.1466666666666666 0.7010262885262888 0.13124641010913268 0.0714285714285714 0.852267723469837
0.08823529411764706 0.3113207547169812 0.1466666666666666 0.6789225589225588 0.07668006892590465 0.0 0.9200792602377807
0.1323529411764706 0.06603773584905659 0.0 0.7047327672327673 0.14531878230901782 0.0 0.8412593571114046
0.08823529411764706 0.06603773584905659 0.013333333333333308 0.622061272061272 0.0913268236645606 0.0 0.9040070453544694
0.19117647058823528 0.06603773584905659 0.0 0.6769393000162227 0.19643882825962092 0.0 0.7892998678996037
0.16176470588235295 0.10377358490566035 0.040000000000000036 0.6892011019283747 0.16427340608845492 0.0 0.8185821224130339
0.14705882352941177 0.06603773584905659 0.013333333333333308 0.656789506789507 0.1476163124641011 0.0 0.8381770145310437
0.11764705882352941 0.07547169811320753 0.013333333333333308 0.6745199245199245 0.12406662837449742 0.0 0.8681197710259798
0.14705882352941177 0.009433962264150941 0.0 0.6654958621625287 0.1424468696151637 0.0 0.8509467195068252
0.16176470588235295 0.17924528301886788 0.1333333333333333 0.6918358409267499 0.16025272831705917 0.0714285714285714 0.821664464993395
0.16176470588235295 0.018867924528301883 0.013333333333333308 0.6356316410861865 0.15939115450890293 0.0 0.8287098194627918
0.1323529411764706 0.08490566037735847 0.013333333333333308 0.6817025567025569 0.14043653072946582 0.0 0.8472038749449582
0.08823529411764706 0.17924528301886788 0.053333333333333344 0.6477933177933176 0.08845491097070649 0.0 0.9077498899163364
0.16176470588235295 0.12264150943396224 0.026666666666666616 0.6862647453556545 0.16484778862722574 0.0 0.8183619550858653
0.14705882352941177 0.009433962264150941 0.0 0.6283345050011717 0.14215967834577828 0.0 0.8562307353588727
0.16176470588235295 0.10377358490566035 0.026666666666666616 0.6707127216218125 0.15910396323951753 0.0 0.8282694848084544
0.14705882352941177 0.05660377358490565 0.013333333333333308 0.6495482295482297 0.14330844342331994 0.0 0.841699691765742
0.16176470588235295 0.037735849056603765 0.0 0.6719098073643525 0.15680643308443423 0.0 0.8333333333333334
0.16176470588235295 0.18867924528301883 0.1333333333333333 0.6974811047538321 0.16082711085582999 0.0714285714285714 0.8207837956847204
0.14705882352941177 0.05660377358490565 0.013333333333333308 0.6571931771931773 0.14962665134979897 0.0 0.8357551739321885
0.14705882352941177 0.1132075471698113 0.026666666666666616 0.697684167684168 0.15221137277426766 0.0 0.8335535006605019
0.08823529411764706 0.12264150943396224 0.053333333333333344 0.6216561216561215 0.08989086731763354 0.0 0.9092910612065169
0.1323529411764706 0.009433962264150941 0.0 0.6301198801198802 0.13612866168868468 0.0 0.8621752531924263
0.16176470588235295 0.018867924528301883 0.013333333333333308 0.6281448854176126 0.16025272831705917 0.0 0.8287098194627918
0.16176470588235295 0.10377358490566035 0.026666666666666616 0.6709620682347955 0.1588167719701321 0.0 0.8284896521356231
0.16176470588235295 0.009433962264150941 0.0 0.6323534041715861 0.1694428489373923 0.0 0.8258476442095993
0.14705882352941177 0.23584905660377353 0.1333333333333333 0.7236441336441339 0.14847788627225733 0.0714285714285714 0.8326728313518275
0.1323529411764706 0.047169811320754707 0.0 0.6761525511525514 0.14445720850086158 0.0 0.8456627036547777
0.17647058823529413 0.18867924528301883 0.1333333333333333 0.6928580678580678 0.17260195290063182 0.0714285714285714 0.810435931307794
0.10294117647058823 0.06603773584905659 0.013333333333333308 0.6524657881800737 0.10626076967260195 0.0 0.8863936591809776
0.16176470588235295 0.047169811320754707 0.013333333333333308 0.6536418127327221 0.16025272831705917 0.0 0.8258476442095993
0.16176470588235295 0.009433962264150941 0.0 0.6335903490448944 0.16599655370476737 0.0 0.8251871422280934
0.08823529411764706 0.06603773584905659 0.026666666666666616 0.6031468531468532 0.09161401493394601 0.0 0.9055482166446499
0.11764705882352941 0.028301886792452824 0.0 0.6262208030065172 0.12234348075818495 0.0 0.8720827829150154
0.14705882352941177 0.009433962264150941 0.0 0.6341473341473343 0.15192418150488224 0.0 0.841699691765742
0.14705882352941177 0.10377358490566035 0.026666666666666616 0.6824394124394125 0.15623205054566341 0.0 0.8311316600616468