0.16176470588235295 0.05660377358490565 0.0 0.7286985741531194 0.17518667432510052 0.0 0.806693086745927
0.19117647058823528 0.05660377358490565 0.013333333333333308 0.662383343152574 0.18351522113727742 0.0 0.7998678996036989
0.22058823529411764 0.12264150943396224 0.026666666666666616 0.728162789591361 0.2283170591614015 0.0 0.7454865697930427
0.20588235294117646 0.21698113207547165 0.16000000000000003 0.696161957700419 0.19327972429638138 0.0714285714285714 0.7831351827388816
0.16176470588235295 0.13207547169811318 0.013333333333333308 0.7153719008264461 0.16858127512923607 0.0 0.8130779392338177
0.20588235294117646 0.15094339622641506 0.026666666666666616 0.7542918619841698 0.2093624353819644 0.0 0.758476442095993
0.19117647058823528 0.05660377358490565 0.013333333333333308 0.6930866142404605 0.19787478460654795 0.0 0.7833553500660502
0.23529411764705882 0.13207547169811318 0.026666666666666616 0.6946613571613568 0.2257323377369328 0.0 0.7507705856450904
0.2647058823529412 0.037735849056603765 0.013333333333333308 0.6743813920284506 0.2619184376794945 0.0 0.7186261558784677
0.16176470588235295 0.047169811320754707 0.013333333333333308 0.6678267187358097 0.15680643308443423 0.0 0.8258476442095993
0.20588235294117646 0.09433962264150941 0.040000000000000036 0.6885581451515514 0.19414129810453762 0.0 0.7833553500660502
0.19117647058823528 0.05660377358490565 0.0 0.7228485190023649 0.20218265364732912 0.0 0.7758696609423161
0.25 0.2075471698113207 0.1333333333333333 0.7369789524201285 0.24181504882251578 0.0714285714285714 0.722148833113166
0.2647058823529412 0.1132075471698113 0.040000000000000036 0.6879672614966731 0.2558874210224009 0.0 0.7192866578599736
0.20588235294117646 0.160377358490566 0.026666666666666616 0.7562730309983059 0.2151062607696726 0.0 0.7553940995156319
0.17647058823529413 0.13207547169811318 0.040000000000000036 0.7151535333353513 0.17087880528431937 0.0 0.8066930867459269
0.27941176470588236 0.18867924528301883 0.1333333333333333 0.7160350695438412 0.26967260195290066 0.0714285714285714 0.6946279172170851
0.27941176470588236 0.18867924528301883 0.1333333333333333 0.7131663008855987 0.2768523836875359 0.0714285714285714 0.6891237340378689
0.20588235294117646 0.15094339622641506 0.026666666666666616 0.7582646291437501 0.21596783457782884 0.0 0.757155438132981
0.20588235294117646 0.05660377358490565 0.013333333333333308 0.6707631196642184 0.20017231476163125 0.0 0.7804931748128578
0.22058823529411764 0.21698113207547165 0.16000000000000003 0.7012102712102707 0.2093624353819644 0.0714285714285714 0.766622633201233
0.2647058823529412 0.09433962264150941 0.026666666666666616 0.7156349823016487 0.2682366456059736 0.0 0.7010127697049757
0.20588235294117646 0.05660377358490565 0.0 0.7107753052807997 0.2176909821941413 0.0 0.7613386173491854
0.20588235294117646 0.13207547169811318 0.053333333333333344 0.6984145890739296 0.19816197587593337 0.0 0.7791721708498459
0.16176470588235295 0.047169811320754707 0.0 0.6733281869645505 0.16456059735784032 0.0 0.8201232937032145
0.20588235294117646 0.047169811320754707 0.0 0.7157536602591547 0.21625502584721423 0.0 0.7613386173491854
0.23529411764705882 0.2075471698113207 0.1333333333333333 0.7310518648018647 0.231476163124641 0.0714285714285714 0.7344782034346102
0.22058823529411764 0.037735849056603765 0.013333333333333308 0.6609043866186722 0.20821367030442275 0.0 0.7732276530162925
0.2647058823529412 0.18867924528301883 0.1333333333333333 0.7116636449969779 0.25703618609994255 0.0714285714285714 0.7087186261558784
0.23529411764705882 0.07547169811320753 0.026666666666666616 0.6853285603285604 0.24009190120620333 0.0 0.7426243945398503
0.16176470588235295 0.047169811320754707 0.013333333333333308 0.6611576302485395 0.1588167719701321 0.0 0.8269484808454426
0.23529411764705882 0.13207547169811318 0.026666666666666616 0.7477397602397603 0.24641010913268235 0.0 0.7241303390576839
0.17647058823529413 0.10377358490566035 0.026666666666666616 0.7133439792530698 0.17576105686387133 0.0 0.80295024218406
0.14705882352941177 0.09433962264150941 0.026666666666666616 0.6931531431531431 0.14618035611717403 0.0 0.8357551739321885
0.20588235294117646 0.08490566037735847 0.013333333333333308 0.7327123426024525 0.21654221711659966 0.0 0.7580361074416557
0.19117647058823528 0.21698113207547165 0.16000000000000003 0.691248779710318 0.1771970132107984 0.0714285714285714 0.801629238221048
0.25 0.14150943396226412 0.040000000000000036 0.7187909720997955 0.2527283170591614 0.0 0.7181858212241303
0.19117647058823528 0.14150943396226412 0.013333333333333308 0.7529052144436758 0.20132107983917288 0.0 0.7723469837076178
0.22058823529411764 0.1132075471698113 0.026666666666666616 0.7417106702820988 0.22515795519816198 0.0 0.7439453985028621
0.22058823529411764 0.09433962264150941 0.013333333333333308 0.7410732125017839 0.23319931074095349 0.0 0.7386613826508146
0.20588235294117646 0.09433962264150941 0.013333333333333308 0.7359087798648238 0.21654221711659966 0.0 0.7560546014971379
0.16176470588235295 0.28301886792452835 0.1333333333333333 0.7802754820936636 0.16743251005169443 0.0714285714285714 0.8064729194187582
0.23529411764705882 0.21698113207547165 0.1333333333333333 0.7349912587412586 0.22802986789201607 0.0714285714285714 0.7371202113606341
0.17647058823529413 0.05660377358490565 0.0 0.7002515161606073 0.18150488225157954 0.0 0.8014090708938795
0.23529411764705882 0.13207547169811318 0.053333333333333344 0.693137464387464 0.22113727742676623 0.0 0.7549537648612946
0.16176470588235295 0.2264150943396226 0.1466666666666666 0.7158931977113795 0.15709362435381966 0.0714285714285714 0.8221047996477323
0.22058823529411764 0.13207547169811318 0.026666666666666616 0.7485768200053914 0.231476163124641 0.0 0.7397622192866579
0.16176470588235295 0.009433962264150941 0.0 0.6539763267035995 0.16283744974152786 0.0 0.8249669749009247
0.25 0.13207547169811318 0.053333333333333344 0.6879903185050242 0.23836875358989087 0.0 0.7386613826508146
0.16176470588235295 0.24528301886792447 0.1466666666666666 0.7378046196228012 0.15278575531303848 0.0714285714285714 0.8232056362835755
0.23529411764705882 0.05660377358490565 0.013333333333333308 0.6923516761016761 0.24066628374497415 0.0 0.7357992073976223
0.23529411764705882 0.18867924528301883 0.1333333333333333 0.7101994301994302 0.23205054566341182 0.0714285714285714 0.7410832232496698
0.22058823529411764 0.08490566037735847 0.026666666666666616 0.6692375349518204 0.20792647903503733 0.0 0.7727873183619551
0.20588235294117646 0.13207547169811318 0.040000000000000036 0.709997877580295 0.20074669730040207 0.0 0.7758696609423162
0.20588235294117646 0.047169811320754707 0.0 0.7085661591156096 0.21367030442274554 0.0 0.7653016292382211
0.25 0.09433962264150941 0.026666666666666616 0.7226398601398599 0.25703618609994255 0.0 0.7131219726992515
0.22058823529411764 0.1132075471698113 0.026666666666666616 0.7334308548594264 0.22659391154508904 0.0 0.7441655658300308
0.23529411764705882 0.047169811320754707 0.0 0.7251355588855587 0.23980470993681793 0.0 0.7294143549097314
0.19117647058823528 0.28301886792452835 0.1333333333333333 0.7850920447074291 0.1987363584147042 0.0714285714285714 0.7701453104359313
0.17647058823529413 0.10377358490566035 0.013333333333333308 0.6866762025852934 0.17892016082711085 0.0 0.8044914134742405