0.16176470588235295 0.09433962264150941 0.026666666666666616 0.6369219669219667 0.1565192418150488 0.0 0.8302509907529723
0.10294117647058823 0.14150943396226412 0.040000000000000036 0.6026653240938955 0.09879379666858128 0.0 0.8958608542492295
0.17647058823529413 0.037735849056603765 0.013333333333333308 0.6805811192174829 0.16570936243538195 0.0 0.8157199471598415
0.10294117647058823 0.018867924528301883 0.013333333333333308 0.5831723831723831 0.09735784032165422 0.0 0.8993835314839278
0.22058823529411764 0.047169811320754707 0.026666666666666616 0.6292809307095021 0.21280873061458933 0.0 0.7780713342140027
0.11764705882352941 0.047169811320754707 0.013333333333333308 0.6503024753024754 0.10970706490522689 0.0 0.8782474680757376
0.1323529411764706 0.18867924528301883 0.053333333333333344 0.7464581714581714 0.1375646180356117 0.0 0.8439013650374285
0.17647058823529413 0.1132075471698113 0.040000000000000036 0.6255544119180482 0.15738081562320505 0.0 0.834214002642008
0.16176470588235295 0.037735849056603765 0.0 0.683460176187449 0.1723147616312464 0.0 0.8161602818141788
0.14705882352941177 0.037735849056603765 0.026666666666666616 0.5991254424587756 0.1341183228029868 0.0 0.8645970937912814
0.1323529411764706 0.018867924528301883 0.013333333333333308 0.6116943241943242 0.13383113153360138 0.0 0.8652575957727874
0.14705882352941177 0.2264150943396226 0.19999999999999996 0.6270007770007768 0.1266513497989661 0.0714285714285714 0.8665785997357992
0.14705882352941177 0.028301886792452824 0.013333333333333308 0.6839655406322073 0.14589316484778864 0.0 0.8370761778952004
0.16176470588235295 0.0 0.0 0.6358833086105813 0.15364732912119472 0.0 0.8392778511668868
0.14705882352941177 0.018867924528301883 0.013333333333333308 0.6411037111037113 0.14847788627225733 0.0 0.8425803610744166
0.14705882352941177 0.09433962264150941 0.026666666666666616 0.6220906254239587 0.1392877656519242 0.0 0.8505063848524879
0.14705882352941177 0.12264150943396224 0.026666666666666616 0.7252680652680652 0.15020103388856978 0.0 0.8311316600616468
0.07352941176470588 0.39622641509433965 0.22666666666666668 0.7337878787878788 0.06863871338311316 0.0714285714285714 0.9198590929106121
0.19117647058823528 0.028301886792452824 0.013333333333333308 0.6758439566131872 0.17748420448018382 0.0 0.8042712461470718
0.11764705882352941 0.028301886792452824 0.026666666666666616 0.5839507714507715 0.10798391728891442 0.0 0.88925583443417
0.16176470588235295 0.028301886792452824 0.0 0.6760796778978599 0.1694428489373923 0.0 0.8185821224130339
0.1323529411764706 0.1132075471698113 0.040000000000000036 0.6167602459269126 0.12377943710511201 0.0 0.8690004403346543
0.19117647058823528 0.018867924528301883 0.013333333333333308 0.6618039368039368 0.18753589890867317 0.0 0.7976662263320123
0.14705882352941177 0.037735849056603765 0.013333333333333308 0.6632204832204833 0.14876507754164273 0.0 0.8357551739321885
0.16176470588235295 0.018867924528301883 0.0 0.6730003330003328 0.16025272831705917 0.0 0.8251871422280934
0.08823529411764706 0.3113207547169812 0.21333333333333337 0.7124242424242424 0.07983917288914417 0.0714285714285714 0.9081902245706737
0.08823529411764706 0.028301886792452824 0.026666666666666616 0.5654312354312355 0.08213670304422746 0.0 0.916116248348745
0.16176470588235295 0.028301886792452824 0.013333333333333308 0.5974092574092574 0.14905226881102815 0.0 0.8505063848524879
0.1323529411764706 0.1132075471698113 0.013333333333333308 0.707895807895808 0.13842619184376795 0.0 0.8452223690004403
0.16176470588235295 0.08490566037735847 0.040000000000000036 0.6141271859453677 0.14905226881102815 0.0 0.8439013650374285
0.17647058823529413 0.028301886792452824 0.0 0.6504864663955576 0.1826536473291212 0.0 0.8077939233817701
0.07352941176470588 0.46226415094339623 0.31999999999999995 0.7519696969696971 0.06576680068925905 0.1428571428571429 0.9222809335094672
0.10294117647058823 0.160377358490566 0.10666666666666669 0.6275946275946276 0.0939115450890293 0.0 0.8969616908850726
0.11764705882352941 0.06603773584905659 0.013333333333333308 0.6439641707498851 0.1157380815623205 0.0 0.8782474680757376
0.19117647058823528 0.07547169811320753 0.026666666666666616 0.6379453167914706 0.18179207352096496 0.0 0.8038309114927344
0.1323529411764706 0.028301886792452824 0.013333333333333308 0.637869537869538 0.13325674899483056 0.0 0.8579920739762219
0.16176470588235295 0.028301886792452824 0.013333333333333308 0.5993715375533557 0.15106260769672603 0.0 0.8445618670189344
0.16176470588235295 0.028301886792452824 0.013333333333333308 0.6934557361830086 0.15910396323951753 0.0 0.8229854689564069
0.14705882352941177 0.05660377358490565 0.026666666666666616 0.6136084902751572 0.14359563469270534 0.0 0.8496257155438133
0.10294117647058823 0.0 0.0 0.5861796933225504 0.10195290063182079 0.0 0.8965213562307354
0.17647058823529413 0.12264150943396224 0.07999999999999996 0.6294024157660522 0.1556576680068926 0.0 0.8368560105680317
0.20588235294117646 0.06603773584905659 0.026666666666666616 0.6269476555190842 0.1883974727168294 0.0 0.8000880669308674
0.1323529411764706 0.037735849056603765 0.0 0.6653453028453029 0.1341183228029868 0.0 0.8529282254513431
0.14705882352941177 0.0 0.0 0.6236001036001035 0.15134979896611142 0.0 0.8469837076177895
0.17647058823529413 0.07547169811320753 0.013333333333333308 0.7083500674409766 0.1694428489373923 0.0 0.8106560986349627
0.14705882352941177 0.1132075471698113 0.040000000000000036 0.6199808833142167 0.13354394026421595 0.0 0.8584324086305593
0.14705882352941177 0.018867924528301883 0.013333333333333308 0.6029612362945697 0.13900057438253877 0.0 0.8582122413033906
0.17647058823529413 0.018867924528301883 0.013333333333333308 0.6371338257701892 0.1691556576680069 0.0 0.818582122413034
0.17647058823529413 0.15094339622641506 0.09333333333333338 0.6400349650349652 0.15479609419873636 0.0 0.837296345222369
0.1323529411764706 0.06603773584905659 0.040000000000000036 0.6343887593887594 0.1263641585295807 0.0 0.866138265081462
0.11764705882352941 0.13207547169811318 0.013333333333333308 0.7164163217734647 0.11918437679494544 0.0 0.8652575957727874
0.11764705882352941 0.1132075471698113 0.040000000000000036 0.6285837178694321 0.11200459506031017 0.0 0.8797886393659181
0.17647058823529413 0.14150943396226412 0.09333333333333338 0.6248222316404135 0.1585295807007467 0.0 0.8348745046235139
0.16176470588235295 0.018867924528301883 0.0 0.6521869040050858 0.16456059735784032 0.0 0.8265081461911052
0.14705882352941177 0.028301886792452824 0.013333333333333308 0.6761524894858228 0.1424468696151637 0.0 0.8423601937472479
0.08823529411764706 0.2264150943396226 0.1333333333333333 0.643076923076923 0.0807007466973004 0.0 0.909951563188023
0.23529411764705882 0.047169811320754707 0.026666666666666616 0.6313800551300548 0.2208500861573808 0.0 0.7661822985468957
0.17647058823529413 0.07547169811320753 0.040000000000000036 0.6964125100488737 0.167145318782309 0.0 0.8130779392338178
0.10294117647058823 0.13207547169811318 0.06666666666666665 0.5892681392681394 0.09362435381964389 0.0 0.9062087186261559
0.1323529411764706 0.037735849056603765 0.026666666666666616 0.6181600806600807 0.12722573233773693 0.0 0.866138265081462