0.17647058823529413 0.160377358490566 0.013333333333333308 0.7554538895447983 0.1878230901780586 0.0 0.7862175253192426
0.16176470588235295 0.028301886792452824 0.0 0.6715775133956953 0.1714531878230902 0.0 0.8152796125055042
0.17647058823529413 0.2264150943396226 0.1466666666666666 0.7113924795742975 0.1694428489373923 0.0714285714285714 0.8093350946719506
0.23529411764705882 0.037735849056603765 0.013333333333333308 0.6872736985236985 0.23607122343480758 0.0 0.7360193747247908
0.22058823529411764 0.13207547169811318 0.053333333333333344 0.7013927871070723 0.20649052268811027 0.0 0.7692646411272568
0.17647058823529413 0.028301886792452824 0.013333333333333308 0.651813085903995 0.17432510051694428 0.0 0.8104359313077939
0.14705882352941177 0.1132075471698113 0.040000000000000036 0.6620606553939887 0.14589316484778864 0.0 0.8401585204755615
0.14705882352941177 0.047169811320754707 0.0 0.6993820993820995 0.15766800689259047 0.0 0.8269484808454426
0.1323529411764706 0.037735849056603765 0.013333333333333308 0.6436919561919562 0.13038483630097644 0.0 0.857331571994716
0.22058823529411764 0.15094339622641506 0.013333333333333308 0.715527699813414 0.22429638139000574 0.0 0.7474680757375606
0.11764705882352941 0.19811320754716977 0.07999999999999996 0.6945512820512821 0.1154508902929351 0.0 0.8751651254953765
0.20588235294117646 0.2075471698113207 0.1333333333333333 0.715463169309323 0.20620333141872488 0.0714285714285714 0.7688243064729194
0.16176470588235295 0.05660377358490565 0.0 0.6815557170102625 0.17260195290063182 0.0 0.8137384412153237
0.25 0.2075471698113207 0.1333333333333333 0.727538392979569 0.24526134405514072 0.0714285714285714 0.7208278291501542
0.16176470588235295 0.037735849056603765 0.026666666666666616 0.6383176419540056 0.15795519816197587 0.0 0.8320123293703214
0.14705882352941177 0.06603773584905659 0.0 0.7031468531468532 0.1582423894313613 0.0 0.8260678115367679
0.23529411764705882 0.05660377358490565 0.013333333333333308 0.7114681152181153 0.24037909247558875 0.0 0.7320563628357553
0.16176470588235295 0.10377358490566035 0.0 0.7378560833106287 0.17920735209649627 0.0 0.8033905768383972
0.19117647058823528 0.037735849056603765 0.013333333333333308 0.6923659673659673 0.19988512349224583 0.0 0.7802730074856892
0.19117647058823528 0.160377358490566 0.026666666666666616 0.7074143804913037 0.18466398621481908 0.0 0.7921620431527961
0.16176470588235295 0.037735849056603765 0.0 0.6689522598613509 0.16685812751292362 0.0 0.820343461030383
0.22058823529411764 0.13207547169811318 0.053333333333333344 0.7099568156711016 0.2205628948879954 0.0 0.7527520915896081
0.16176470588235295 0.160377358490566 0.013333333333333308 0.7465849302212937 0.17116599655370476 0.0 0.8055922501100836
0.19117647058823528 0.037735849056603765 0.026666666666666616 0.6583667756744678 0.1860999425617461 0.0 0.7974460590048437
0.14705882352941177 0.037735849056603765 0.0 0.6505297171963839 0.14933946008041354 0.0 0.8425803610744166
0.22058823529411764 0.160377358490566 0.013333333333333308 0.7276043533186392 0.22458357265939116 0.0 0.7454865697930427
0.19117647058823528 0.2264150943396226 0.1466666666666666 0.7210328133405055 0.18380241240666284 0.0714285714285714 0.7926023778071334
0.19117647058823528 0.2924528301886793 0.1333333333333333 0.768054808439424 0.19327972429638138 0.0714285714285714 0.7752091589608102
0.17647058823529413 0.1132075471698113 0.06666666666666665 0.6759817623453985 0.1714531878230902 0.0 0.8106560986349626
0.20588235294117646 0.16981132075471694 0.053333333333333344 0.7371159975555579 0.2125215393452039 0.0 0.7602377807133421
0.11764705882352941 0.037735849056603765 0.0 0.6375005946434519 0.12406662837449742 0.0 0.8709819462791721
0.20588235294117646 0.15094339622641506 0.053333333333333344 0.7207174388493067 0.20821367030442275 0.0 0.7657419638925583
0.17647058823529413 0.047169811320754707 0.0 0.7007891098800189 0.1855255600229753 0.0 0.7959048877146632
0.23529411764705882 0.037735849056603765 0.013333333333333308 0.6903817016317018 0.23779437105112006 0.0 0.7342580361074417
0.22058823529411764 0.1132075471698113 0.040000000000000036 0.6992338349481202 0.21654221711659966 0.0 0.7591369440774989
0.20588235294117646 0.18867924528301883 0.1333333333333333 0.7110355456509303 0.20045950603101664 0.0714285714285714 0.7752091589608102
0.22058823529411764 0.06603773584905659 0.0 0.6933209647495363 0.22917863296955773 0.0 0.7474680757375605
0.10294117647058823 0.19811320754716977 0.026666666666666616 0.7415798487227058 0.11315336013785181 0.0 0.8738441215323646
0.19117647058823528 0.160377358490566 0.013333333333333308 0.7550244627167705 0.19988512349224583 0.0 0.771025979744606
0.19117647058823528 0.009433962264150941 0.0 0.6485621216390445 0.19241815048822516 0.0 0.7939233817701453
0.20588235294117646 0.160377358490566 0.053333333333333344 0.7216327628415541 0.2099368179207352 0.0 0.7630999559665346
0.19117647058823528 0.160377358490566 0.013333333333333308 0.7344160113390883 0.1990235496840896 0.0 0.7741083223249671
0.17647058823529413 0.0 0.0 0.6389254684709231 0.17576105686387133 0.0 0.8130779392338177
0.17647058823529413 0.037735849056603765 0.013333333333333308 0.6784876739422196 0.18236645605973578 0.0 0.7996477322765302
0.14705882352941177 0.15094339622641506 0.026666666666666616 0.6797086863753531 0.1456059735784032 0.0 0.8412593571114046
0.14705882352941177 0.05660377358490565 0.0 0.6770581270581272 0.15134979896611142 0.0 0.8346543372963453
0.22058823529411764 0.05660377358490565 0.026666666666666616 0.6746137460423176 0.22228604250430786 0.0 0.7573756054601497
0.20588235294117646 0.23584905660377353 0.1333333333333333 0.7503509311201618 0.20821367030442275 0.0714285714285714 0.7604579480405108
0.10294117647058823 0.160377358490566 0.053333333333333344 0.6686170971885257 0.10338885697874785 0.0 0.8859533245266402
0.2647058823529412 0.09433962264150941 0.053333333333333344 0.6993970082205371 0.2584721424468696 0.0 0.7100396301188904
0.17647058823529413 0.047169811320754707 0.0 0.6920526443253715 0.17690982194141297 0.0 0.8047115808014091
0.17647058823529413 0.15094339622641506 0.013333333333333308 0.7103354557900011 0.18351522113727742 0.0 0.7970057243505064
0.14705882352941177 0.16981132075471694 0.026666666666666616 0.7301916601916603 0.14646754738655945 0.0 0.8326728313518275
0.22058823529411764 0.10377358490566035 0.053333333333333344 0.7206020963163821 0.22659391154508904 0.0 0.7457067371202114
0.17647058823529413 0.33018867924528306 0.1333333333333333 0.7812460267005722 0.18121769098219415 0.0714285714285714 0.7884191985909291
0.20588235294117646 0.15094339622641506 0.053333333333333344 0.7292520666147041 0.2093624353819644 0.0 0.7619991193306913
0.11764705882352941 0.06603773584905659 0.0 0.674251343894201 0.1263641585295807 0.0 0.8632760898282694
0.16176470588235295 0.037735849056603765 0.013333333333333308 0.6691015045560501 0.1665709362435382 0.0 0.817261118450022
0.1323529411764706 0.16981132075471694 0.026666666666666616 0.6809770476437144 0.1341183228029868 0.0 0.853588727432849
0.19117647058823528 0.009433962264150941 0.0 0.6499982923059845 0.19126938541068353 0.0 0.7948040510788199
0.22058823529411764 0.15094339622641506 0.013333333333333308 0.7182337239480098 0.22601952900631822 0.0 0.7457067371202114
0.19117647058823528 0.047169811320754707 0.0 0.6586852606083377 0.18925904652498565 0.0 0.7961250550418318