0.20588235294117646 0.06603773584905659 0.0 0.7132847006473378 0.2174037909247559 0.0 0.7602377807133421
0.17647058823529413 0.12264150943396224 0.040000000000000036 0.6582260332260329 0.16570936243538195 0.0 0.8188022897402025
0.16176470588235295 0.047169811320754707 0.0 0.7137847001483363 0.17087880528431937 0.0 0.810435931307794
0.19117647058823528 0.047169811320754707 0.013333333333333308 0.6391161545007698 0.17892016082711085 0.0 0.808454425363276
0.20588235294117646 0.05660377358490565 0.013333333333333308 0.7116145759002904 0.20964962665134979 0.0 0.7650814619110524
0.17647058823529413 0.028301886792452824 0.0 0.6384163815981998 0.18724870763928778 0.0 0.8082342580361075
0.1323529411764706 0.047169811320754707 0.013333333333333308 0.6497229622229622 0.1367030442274555 0.0 0.8540290620871862
0.19117647058823528 0.21698113207547165 0.16000000000000003 0.6919630227322535 0.1829408385985066 0.0714285714285714 0.7965653896961691
0.17647058823529413 0.16981132075471694 0.013333333333333308 0.7709303322939683 0.18495117748420448 0.0 0.7859973579920739
0.25 0.037735849056603765 0.013333333333333308 0.6582666516490044 0.24842044801838023 0.0 0.730295024218406
0.20588235294117646 0.1132075471698113 0.013333333333333308 0.6985893227651468 0.21309592188397472 0.0 0.7648612945838837
0.22058823529411764 0.12264150943396224 0.040000000000000036 0.6778834921692061 0.21165996553704766 0.0 0.7655217965653897
0.19117647058823528 0.13207547169811318 0.013333333333333308 0.7466086619932772 0.19701321079839174 0.0 0.7765301629238222
0.20588235294117646 0.12264150943396224 0.040000000000000036 0.6728651690190148 0.20074669730040207 0.0 0.7771906649053281
0.20588235294117646 0.06603773584905659 0.013333333333333308 0.7062071628005692 0.20821367030442275 0.0 0.7646411272567151
0.17647058823529413 0.028301886792452824 0.0 0.6581108285653742 0.18897185525560023 0.0 0.8011889035667107
0.23529411764705882 0.17924528301886788 0.1333333333333333 0.7024031986531986 0.2288914417001723 0.0714285714285714 0.7432848965213563
0.17647058823529413 0.1132075471698113 0.013333333333333308 0.7016877062331606 0.18380241240666284 0.0 0.7963452223690004
0.19117647058823528 0.07547169811320753 0.013333333333333308 0.7340371167294243 0.19471568064330844 0.0 0.7789520035226772
0.20588235294117646 0.06603773584905659 0.013333333333333308 0.6805920575151344 0.2073520964962665 0.0 0.7699251431087627
0.19117647058823528 0.047169811320754707 0.013333333333333308 0.6251930405776559 0.17892016082711085 0.0 0.8093350946719506
0.19117647058823528 0.05660377358490565 0.0 0.6996063765294533 0.2016082711085583 0.0 0.7774108322324967
0.22058823529411764 0.028301886792452824 0.0 0.6741875584732728 0.23032739804709937 0.0 0.7507705856450902
0.20588235294117646 0.08490566037735847 0.013333333333333308 0.7324675324675325 0.21367030442274554 0.0 0.7567151034786438
0.23529411764705882 0.17924528301886788 0.1333333333333333 0.6989251489251488 0.22630672027570362 0.0714285714285714 0.746587406428886
0.20588235294117646 0.13207547169811318 0.026666666666666616 0.6983257279960575 0.204192992533027 0.0 0.7699251431087626
0.22058823529411764 0.10377358490566035 0.040000000000000036 0.7032889332889332 0.21625502584721423 0.0 0.7567151034786438
0.17647058823529413 0.10377358490566035 0.040000000000000036 0.6789876789876791 0.17547386559448594 0.0 0.8075737560546016
0.11764705882352941 0.06603773584905659 0.0 0.6777264402264401 0.12320505456634118 0.0 0.8650374284456187
0.14705882352941177 0.07547169811320753 0.026666666666666616 0.6556839456839457 0.14072372199885125 0.0 0.8432408630559225
0.20588235294117646 0.018867924528301883 0.0 0.6848695260783174 0.21079839172889145 0.0 0.7668428005284016
0.20588235294117646 0.047169811320754707 0.013333333333333308 0.658111851518445 0.20649052268811027 0.0 0.7796125055041833
0.20588235294117646 0.17924528301886788 0.1333333333333333 0.6853778699932546 0.1984491671453188 0.0714285714285714 0.7807133421400264
0.19117647058823528 0.12264150943396224 0.013333333333333308 0.6860843572382033 0.19529006318207925 0.0 0.789079700572435
0.16176470588235295 0.05660377358490565 0.0 0.6796642751188205 0.17604824813325676 0.0 0.8128577719066491
0.17647058823529413 0.06603773584905659 0.026666666666666616 0.6651938970120789 0.18380241240666284 0.0 0.8036107441655658
0.16176470588235295 0.047169811320754707 0.013333333333333308 0.6100209891118982 0.15393452039058012 0.0 0.8397181858212242
0.22058823529411764 0.1132075471698113 0.040000000000000036 0.6835402163973593 0.21855255600229753 0.0 0.7606781153676795
0.17647058823529413 0.23584905660377353 0.1333333333333333 0.7387529137529135 0.17690982194141297 0.0714285714285714 0.7961250550418318
0.14705882352941177 0.13207547169811318 0.06666666666666665 0.7148070448070446 0.14618035611717403 0.0 0.8355350066050198
0.16176470588235295 0.06603773584905659 0.0 0.6713919413919415 0.17518667432510052 0.0 0.814178775869661
0.17647058823529413 0.13207547169811318 0.026666666666666616 0.7544977749523204 0.17949454336588166 0.0 0.7930427124614707
0.23529411764705882 0.028301886792452824 0.0 0.681006216006216 0.24181504882251578 0.0 0.7357992073976223
0.16176470588235295 0.028301886792452824 0.0 0.6500272454817909 0.17346352670878806 0.0 0.8196829590488772
0.14705882352941177 0.13207547169811318 0.053333333333333344 0.6576284209617542 0.13813900057438253 0.0 0.8527080581241744
0.19117647058823528 0.06603773584905659 0.013333333333333308 0.7057967673352289 0.1935669155657668 0.0 0.781594011448701
0.19117647058823528 0.21698113207547165 0.16000000000000003 0.6891917199609505 0.18236645605973578 0.0714285714285714 0.7994275649493615
0.22058823529411764 0.037735849056603765 0.013333333333333308 0.6843129885987028 0.21539345203905802 0.0 0.7595772787318362
0.20588235294117646 0.12264150943396224 0.040000000000000036 0.6754074984844214 0.20045950603101664 0.0 0.7763099955966535
0.19117647058823528 0.07547169811320753 0.026666666666666616 0.6726487188025648 0.19471568064330844 0.0 0.7899603698811096
0.20588235294117646 0.12264150943396224 0.040000000000000036 0.6691900895197594 0.19701321079839174 0.0 0.7824746807573756
0.17647058823529413 0.018867924528301883 0.0 0.6460658028839847 0.18696151636990235 0.0 0.806693086745927
0.17647058823529413 0.23584905660377353 0.1333333333333333 0.7495355654446563 0.17662263067202758 0.0714285714285714 0.7952443857331573
0.17647058823529413 0.037735849056603765 0.013333333333333308 0.6593459570732297 0.16255025847214244 0.0 0.8212241303390577
0.22058823529411764 0.047169811320754707 0.0 0.69845979417408 0.231476163124641 0.0 0.7450462351387055
0.19117647058823528 0.10377358490566035 0.013333333333333308 0.6868964368964369 0.1987363584147042 0.0 0.7857771906649054
0.17647058823529413 0.018867924528301883 0.013333333333333308 0.6513562195380376 0.1803561171740379 0.0 0.8075737560546015
0.14705882352941177 0.06603773584905659 0.013333333333333308 0.6514352314352315 0.15278575531303848 0.0 0.8386173491853809
0.16176470588235295 0.05660377358490565 0.013333333333333308 0.6379066388157297 0.16168868466398623 0.0 0.8258476442095993
0.2647058823529412 0.17924528301886788 0.1333333333333333 0.7074282289968563 0.26220562894887994 0.0714285714285714 0.7062967855570234