0.11764705882352941 0.14150943396226412 0.040000000000000036 0.7386333904191048 0.12722573233773693 0.0 0.8582122413033906
0.04411764705882353 0.3867924528301887 0.29333333333333333 0.5303030303030303 0.03963239517518667 0.0714285714285714 0.9592690444738001
0.11764705882352941 0.30188679245283023 0.1333333333333333 0.7577491952491956 0.12263067202757036 0.0714285714285714 0.8612945838837517
0.20588235294117646 0.018867924528301883 0.013333333333333308 0.6073912656330236 0.199310740953475 0.0 0.7963452223690004
0.07352941176470588 0.05660377358490565 0.026666666666666616 0.5622377622377622 0.07352096496266514 0.0 0.924922941435491
0.14705882352941177 0.037735849056603765 0.013333333333333308 0.6234750434750436 0.14905226881102815 0.0 0.8419198590929107
0.058823529411764705 0.12264150943396224 0.053333333333333344 0.5234487734487735 0.05743825387708214 0.0 0.9414354909731396
0.14705882352941177 0.037735849056603765 0.026666666666666616 0.6060462993796327 0.13785180930499713 0.0 0.8540290620871862
0.11764705882352941 0.14150943396226412 0.040000000000000036 0.7341586984444127 0.12780011487650775 0.0 0.8601937472479084
0.11764705882352941 0.17924528301886788 0.040000000000000036 0.731806883592598 0.12837449741527857 0.0 0.8571114046675473
0.029411764705882353 0.44339622641509435 0.16000000000000003 0.42857142857142855 0.03159103963239517 0.0 0.9682959048877147
0.07352941176470588 0.13207547169811318 0.040000000000000036 0.6255494505494507 0.0749569213095922 0.0 0.9187582562747688
0.04411764705882353 0.3679245283018868 0.24 0.5404040404040403 0.04135554279149914 0.0714285714285714 0.957507705856451
0.16176470588235295 0.028301886792452824 0.013333333333333308 0.6459265986538711 0.1639862148190695 0.0 0.8265081461911052
0.17647058823529413 0.018867924528301883 0.013333333333333308 0.6022689431780339 0.172027570361861 0.0 0.8240863055922502
0.25 0.0 0.0 0.6256147039235274 0.25387708213670307 0.0 0.741523557904007
0.04411764705882353 0.28301886792452835 0.1333333333333333 0.5299145299145299 0.043940264215967834 0.0 0.9539850286217525
0.10294117647058823 0.19811320754716977 0.053333333333333344 0.6921768707482994 0.10683515221137277 0.0 0.8795684720387494
0.07352941176470588 0.26415094339622647 0.19999999999999996 0.5937373737373737 0.06232050545663412 0.0 0.9359313077939234
0.23529411764705882 0.0 0.0 0.6178798516298517 0.2366456059735784 0.0 0.7591369440774989
0.11764705882352941 0.047169811320754707 0.013333333333333308 0.675737952523667 0.12464101091326824 0.0 0.8650374284456187
0.19117647058823528 0.018867924528301883 0.013333333333333308 0.6080603157526233 0.18466398621481908 0.0 0.809775429326288
0.16176470588235295 0.028301886792452824 0.013333333333333308 0.6223513859877496 0.16283744974152786 0.0 0.829150154117129
0.10294117647058823 0.14150943396226412 0.040000000000000036 0.7202480059622917 0.11171740379092475 0.0 0.876706296785557
0.17647058823529413 0.009433962264150941 0.013333333333333308 0.5957320457320455 0.16599655370476737 0.0 0.8377366798767063
0.23529411764705882 0.0 0.0 0.6197166722166724 0.23779437105112006 0.0 0.7569352708058124
0.11764705882352941 0.009433962264150941 0.0 0.6319644641073213 0.11918437679494544 0.0 0.873623954205196
0.014705882352941176 0.7452830188679245 0.6266666666666667 1.0 0.014933946008041356 0.3571428571428571 0.9876706296785557
0.14705882352941177 0.06603773584905659 0.013333333333333308 0.6525275958609292 0.15163699023549684 0.0 0.8381770145310437
0.11764705882352941 0.14150943396226412 0.06666666666666665 0.6580142080142081 0.11688684663986215 0.0 0.8756054601497139
0.1323529411764706 0.037735849056603765 0.013333333333333308 0.6142103267103267 0.12952326249282023 0.0 0.8639365918097754
0.20588235294117646 0.018867924528301883 0.013333333333333308 0.6157258492423325 0.20534175761056864 0.0 0.7870981946279172
0.16176470588235295 0.028301886792452824 0.040000000000000036 0.5996272414454235 0.1533601378518093 0.0 0.8538088947600176
0.1323529411764706 0.037735849056603765 0.013333333333333308 0.635076035076035 0.13555427914991383 0.0 0.8557904007045355
0.1323529411764706 0.14150943396226412 0.040000000000000036 0.7082986457986461 0.1401493394600804 0.0 0.8456627036547777
0.08823529411764706 0.10377358490566035 0.026666666666666616 0.6158608058608058 0.09161401493394601 0.0 0.9046675473359753
0.1323529411764706 0.037735849056603765 0.013333333333333308 0.6668424168424169 0.1392877656519242 0.0 0.8511668868339939
0.11764705882352941 0.09433962264150941 0.06666666666666665 0.6097277722277721 0.11401493394600803 0.0 0.8903566710700133
0.029411764705882353 0.5471698113207547 0.48 0.5454545454545454 0.027857553130384835 0.2142857142857143 0.9760017613386174
0.20588235294117646 0.018867924528301883 0.013333333333333308 0.6127860539948449 0.20304422745548537 0.0 0.7921620431527961
0.14705882352941177 0.08490566037735847 0.026666666666666616 0.6375251908585243 0.1499138426191844 0.0 0.8408190224570674
0.10294117647058823 0.30188679245283023 0.1333333333333333 0.7441262441262442 0.10568638713383113 0.0714285714285714 0.8797886393659181
0.10294117647058823 0.17924528301886788 0.040000000000000036 0.7278237635380491 0.11056863871338311 0.0 0.8756054601497139
0.14705882352941177 0.05660377358490565 0.053333333333333344 0.5897343397343396 0.14043653072946582 0.0 0.8621752531924263
0.14705882352941177 0.037735849056603765 0.013333333333333308 0.6706700706700708 0.15364732912119472 0.0 0.8331131660061647
0.22058823529411764 0.009433962264150941 0.0 0.6309310266453122 0.22113727742676623 0.0 0.7686041391457508
0.19117647058823528 0.028301886792452824 0.013333333333333308 0.6276415891800504 0.19184376794945435 0.0 0.8025099075297226
0.08823529411764706 0.14150943396226412 0.053333333333333344 0.63997002997003 0.08558299827685238 0.0 0.9079700572435051
0.17647058823529413 0.037735849056603765 0.013333333333333308 0.6015446674537582 0.1723147616312464 0.0 0.8260678115367679
0.23529411764705882 0.0 0.0 0.6168161930661928 0.23549684089603676 0.0 0.7619991193306913
0.16176470588235295 0.018867924528301883 0.0 0.6426328217237308 0.16456059735784032 0.0 0.8267283135182739
0.08823529411764706 0.10377358490566035 0.040000000000000036 0.6372349872349873 0.08788052843193567 0.0 0.904887714663144
0.058823529411764705 0.18867924528301883 0.040000000000000036 0.5992063492063492 0.06203331418724871 0.0 0.9350506384852488
0.10294117647058823 0.037735849056603765 0.013333333333333308 0.5993522350665208 0.10453762205628948 0.0 0.892998678996037
0.1323529411764706 0.047169811320754707 0.013333333333333308 0.658850408850409 0.1367030442274555 0.0 0.8516072214883311
0.10294117647058823 0.16981132075471694 0.040000000000000036 0.7029478458049886 0.10884549109707065 0.0 0.8789079700572435