0.2688888888888889 0.004405286343612369 0.0 0.6809674563273335 0.2717014660151044 0.0 0.7213083213083215
0.29333333333333333 0.004405286343612369 0.0 0.6861623552478067 0.29871168369613504 0.0 0.694917428250762
0.2688888888888889 0.004405286343612369 0.0 0.6872616207447756 0.27602547016140977 0.0 0.7167227833894503
0.2577777777777778 0.004405286343612369 0.0 0.6975240780961929 0.2658077891307567 0.0 0.7259259259259261
0.25333333333333335 0.004405286343612369 0.0 0.6822765361022126 0.2592033170442766 0.0 0.7347122013788683
0.26 0.004405286343612369 0.0 0.6959925933178311 0.2686509699392862 0.0 0.7234888568221904
0.2733333333333333 0.004405286343612369 0.0 0.684935560488334 0.2785428698356286 0.0 0.7143498476831812
0.2822222222222222 0.0 0.0 0.6776256034965671 0.283844217384866 0.0 0.7098605098605102
0.2688888888888889 0.004405286343612369 0.0 0.6733558091304617 0.26995409447652896 0.0 0.7243546576879913
0.24666666666666667 0.004405286343612369 0.0 0.6871222113862211 0.2525396120242855 0.0 0.7400673400673403
0.26 0.004405286343612369 0.0 0.6959158132800811 0.26862135347253074 0.0 0.7235850569183905
0.27111111111111114 0.004405286343612369 0.0 0.6908026268951983 0.27860210276913966 0.0 0.7140933140933143
0.28 0.004405286343612369 0.0 0.6890186784652913 0.2869539463941952 0.0 0.7061087061087064
0.26 0.0 0.0 0.6826139020062052 0.26527469272915744 0.0 0.7278819945486615
0.2733333333333333 0.004405286343612369 0.0 0.6786766600775113 0.2757589219606101 0.0 0.7175885842552512
0.26222222222222225 0.004405286343612369 0.0 0.6972581227656262 0.2709610543462165 0.0 0.720731120731121
0.2644444444444444 0.004405286343612369 0.0 0.6957234222998019 0.27315267288612466 0.0 0.7185505852172521
0.2777777777777778 0.004405286343612369 0.0 0.6844624970799401 0.28236339404709015 0.0 0.709507776174443
0.26 0.0 0.0 0.6807425961052888 0.2630238412557382 0.0 0.7305114638447974
0.2688888888888889 0.0 0.0 0.6814226351884684 0.2722937953502147 0.0 0.7204425204425208
0.28444444444444444 0.0 0.0 0.6808215237403714 0.28781282393010515 0.0 0.7049863716530387
0.27111111111111114 0.004405286343612369 0.0 0.6951883337524232 0.2793721309047831 0.0 0.7128427128427132
0.26222222222222225 0.004405286343612369 0.0 0.6804807481874757 0.26607433733155633 0.0 0.7265672599005936
0.26 0.004405286343612369 0.0 0.696828756460888 0.26835480527173106 0.0 0.7235850569183906
0.2688888888888889 0.004405286343612369 0.0 0.6744490916493036 0.27033910854435067 0.0 0.7238736572069908
0.28 0.0 0.0 0.6892380484450428 0.2858581371242411 0.0 0.7054673721340392
0.26666666666666666 0.004405286343612369 0.0 0.6918946051457892 0.2735080704871909 0.0 0.718550585217252
0.25555555555555554 0.004405286343612369 0.0 0.6961283544951168 0.2637938693913816 0.0 0.7282988616321953
0.26666666666666666 0.004405286343612369 0.0 0.6827326950148715 0.2698356286095069 0.0 0.722398589065256
0.2822222222222222 0.0 0.0 0.6810470202117535 0.2855323559899304 0.0 0.7071027737694409
0.28 0.0 0.0 0.6780304467309857 0.2822153117133126 0.0 0.7112393779060449
0.2644444444444444 0.004405286343612369 0.0 0.6957938105635899 0.2731230564193692 0.0 0.7187429854096523
0.2511111111111111 0.004405286343612369 0.0 0.6901343599110088 0.25908485117725455 0.0 0.7334295334295338
0.26 0.004405286343612369 0.0 0.6966499999333807 0.26829557233822005 0.0 0.7236812570145906
0.25333333333333335 0.004405286343612369 0.0 0.6967536104659848 0.2619576484525396 0.0 0.7305114638447975
0.26666666666666666 0.0 0.0 0.6882446914335009 0.2726195764845254 0.0 0.7189674523007858
0.28 0.0 0.0 0.6826840944188843 0.2849992595883311 0.0 0.7076158409491746
0.31333333333333335 0.0 0.0 0.6798390780769172 0.31624463201540054 0.0 0.677120410453744
0.26 0.004405286343612369 0.0 0.6897794373471899 0.26604472086480085 0.0 0.7263748597081933
0.27111111111111114 0.0 0.0 0.68609288725786 0.2777728416999852 0.0 0.7142857142857146
0.2577777777777778 0.004405286343612369 0.0 0.6956886688705113 0.2650969939286243 0.0 0.726695526695527
0.28444444444444444 0.0 0.0 0.6809128929690472 0.2881089885976603 0.0 0.7049543049543053
0.27555555555555555 0.0 0.0 0.6786139735043738 0.27803938990078486 0.0 0.7156004489337826
0.2733333333333333 0.004405286343612369 0.0 0.6902742656390993 0.28082333777580337 0.0 0.7120089786756456
0.2644444444444444 0.0 0.0 0.6824504752677655 0.26678513253368874 0.0 0.7257976591309927
0.2777777777777778 0.004405286343612369 0.0 0.6824933279483031 0.28064563897527023 0.0 0.712137245470579
0.25555555555555554 0.008810572687224627 0.0 0.6788198373309832 0.25961794757885387 0.0 0.7345839345839349
0.27111111111111114 0.0 0.0 0.6776590517080058 0.2729453576188361 0.0 0.7212441879108549
0.2777777777777778 0.0 0.0 0.6770882560469383 0.2785132533688731 0.0 0.7153759820426491
0.24888888888888888 0.004405286343612369 0.0 0.6935719721413404 0.25778172664001187 0.0 0.7348084014750684
0.27111111111111114 0.004405286343612369 0.0 0.6855781016496568 0.2772397452983859 0.0 0.7157928491261827
0.26666666666666666 0.004405286343612369 0.0 0.6930053343056654 0.2757589219606101 0.0 0.7166907166907169
0.2733333333333333 0.0 0.0 0.6790356711001507 0.27537390789278837 0.0 0.7176527176527179
0.28444444444444444 0.0 0.0 0.6886690355648404 0.29056715533836813 0.0 0.7009459676126346
0.26222222222222225 0.004405286343612369 0.0 0.6911310668555654 0.26906560047386346 0.0 0.7237453904120573
0.2866666666666667 0.004405286343612369 0.0 0.6906022884231681 0.2936176514141863 0.0 0.6990860990860993
0.2644444444444444 0.004405286343612369 0.0 0.6914205942195086 0.2722641788834592 0.0 0.720827320827321
0.25333333333333335 0.004405286343612369 0.0 0.6856574090102936 0.2594402487783207 0.0 0.7332691999358669
0.2688888888888889 0.004405286343612369 0.0 0.6773211005579967 0.2716718495483489 0.0 0.7229437229437232
0.28 0.004405286343612369 0.0 0.6844390336033553 0.2852954242558863 0.0 0.7068783068783071
0.2733333333333333 0.004405286343612369 0.0 0.6916000893242572 0.28064563897527023 0.0 0.7113676447009782
0.2644444444444444 0.004405286343612369 0.0 0.6947555368779532 0.2721753294831927 0.0 0.7201859868526537
0.27111111111111114 0.004405286343612369 0.0 0.6831763235832727 0.2746334962239005 0.0 0.7183261183261187
0.27111111111111114 0.0 0.0 0.6814239051544945 0.27498889382496666 0.0 0.717652717652718
0.2688888888888889 0.0 0.0 0.6793858384947571 0.2716126166148379 0.0 0.7217572550905886
0.2577777777777778 0.004405286343612369 0.0 0.6914552173487305 0.2651266103953798 0.0 0.7274651274651277
0.2777777777777778 0.004405286343612369 0.0 0.6812704441990068 0.28106026950984747 0.0 0.7116562449895787
0.2688888888888889 0.0 0.0 0.6806757973892027 0.2727972752850585 0.0 0.7202180535513872
0.26 0.0 0.0 0.6806393733053304 0.26349770472382644 0.0 0.7292929292929295
0.2777777777777778 0.004405286343612369 0.0 0.6888272156796971 0.2849400266548201 0.0 0.7081930415263751
0.26222222222222225 0.0 0.0 0.6863650971254096 0.2670812972012439 0.0 0.724771524771525