0.3779090909090909 0.0 0.0 0.47951792208831473 0.3626242664048802 0.0 0.637337388329216
0.37736363636363635 0.0 0.0 0.47967435740736136 0.36223558781206816 0.0 0.6377586010264216
0.37627272727272726 0.0 0.0 0.4800486362926849 0.3614110747677574 0.0 0.6384155103592485
0.37927272727272726 0.0 0.0 0.47942463148856646 0.3642840097341124 0.0 0.636047899638853
0.38145454545454544 0.0 0.0 0.47930775409296916 0.36589088134299885 0.0 0.6341820946588111
0.3769090909090909 0.0 0.0 0.479704196968618 0.3617947519816178 0.0 0.6381737312298054
0.3789090909090909 0.0 0.0 0.47950845878418985 0.36383674355929563 0.0 0.6362972818855742
0.38027272727272726 0.0 0.0 0.47933901582455185 0.36498491727004734 0.0 0.6352632579357548
0.3795454545454545 0.0 0.0 0.479459566032322 0.3642611462874764 0.0 0.6358897547994691
0.37518181818181817 0.0 0.0 0.48039518674920045 0.3605558389670295 0.0 0.6390800228093525
0.3820909090909091 0.0 0.0 0.47918638946626657 0.3665975047405928 0.0 0.6337198251283036
0.38036363636363635 0.0 0.0 0.4793701217223645 0.3648598827962567 0.0 0.6350397262877789
0.37636363636363634 0.0 0.0 0.47981064439434834 0.36157754923857577 0.0 0.6383212317049995