0.3235294117647059 0.17924528301886788 0.1333333333333333 0.8888888888888888 0.3394600804135554 0.0714285714285714 0.6257155438132982
0.3088235294117647 0.18867924528301883 0.1333333333333333 0.8888888888888888 0.3253877082136703 0.0714285714285714 0.6402465874064289
0.3088235294117647 0.18867924528301883 0.1333333333333333 0.8888888888888888 0.3251005169442849 0.0714285714285714 0.6404667547335976
0.3235294117647059 0.17924528301886788 0.1333333333333333 0.8888888888888888 0.33658816771970135 0.0714285714285714 0.6261558784676354
0.29411764705882354 0.18867924528301883 0.1333333333333333 0.8888888888888888 0.3104537622056289 0.0714285714285714 0.6558784676354029
0.29411764705882354 0.18867924528301883 0.1333333333333333 0.8888888888888888 0.31016657093624356 0.0714285714285714 0.6560986349625715
0.3235294117647059 0.17924528301886788 0.1333333333333333 0.8888888888888888 0.3357265939115451 0.0714285714285714 0.6268163804491413
0.29411764705882354 0.18867924528301883 0.1333333333333333 0.8888888888888888 0.3095921883974727 0.0714285714285714 0.6565389696169088
0.3235294117647059 0.17924528301886788 0.1333333333333333 0.8888888888888888 0.33457782883400344 0.0714285714285714 0.62703654777631
0.29411764705882354 0.17924528301886788 0.1333333333333333 0.8888888888888888 0.30499712808730617 0.0714285714285714 0.6587406428885954
0.3088235294117647 0.17924528301886788 0.1333333333333333 0.8888888888888888 0.31792073520964964 0.0714285714285714 0.6435490973139586
0.3235294117647059 0.17924528301886788 0.1333333333333333 0.8888888888888888 0.33371625502584723 0.0714285714285714 0.6272567151034787
0.29411764705882354 0.18867924528301883 0.1333333333333333 0.8888888888888888 0.3084434233199311 0.0714285714285714 0.6567591369440775
0.3088235294117647 0.18867924528301883 0.1333333333333333 0.8888888888888888 0.32165422171165997 0.0714285714285714 0.6413474240422722
0.29411764705882354 0.17924528301886788 0.1333333333333333 0.8888888888888888 0.3038483630097645 0.0714285714285714 0.658960810215764
0.3088235294117647 0.17924528301886788 0.1333333333333333 0.8888888888888888 0.316771970132108 0.0714285714285714 0.6437692646411273
0.3235294117647059 0.17924528301886788 0.1333333333333333 0.8888888888888888 0.3325674899483056 0.0714285714285714 0.6274768824306474
0.29411764705882354 0.17924528301886788 0.1333333333333333 0.8888888888888888 0.3035611717403791 0.0714285714285714 0.6591809775429327
0.3235294117647059 0.18867924528301883 0.1333333333333333 0.8888888888888888 0.33744974152785756 0.0714285714285714 0.6250550418317922
0.3088235294117647 0.17924528301886788 0.1333333333333333 0.8888888888888888 0.3164847788627226 0.0714285714285714 0.6439894319682959
0.27941176470588236 0.17924528301886788 0.1333333333333333 0.8888888888888888 0.2929350947731189 0.0714285714285714 0.6739321884632321
0.3088235294117647 0.18867924528301883 0.1333333333333333 0.8888888888888888 0.32050545663411834 0.0714285714285714 0.6415675913694407
0.27941176470588236 0.18867924528301883 0.1333333333333333 0.8888888888888888 0.2963813900057438 0.0714285714285714 0.6719506825187143
0.29411764705882354 0.18867924528301883 0.1333333333333333 0.8888888888888888 0.3067202757036186 0.0714285714285714 0.6569793042712462
0.29411764705882354 0.17924528301886788 0.1333333333333333 0.8888888888888888 0.30298678920160826 0.0714285714285714 0.6596213121972699
0.3088235294117647 0.17924528301886788 0.1333333333333333 0.8888888888888888 0.31591039632395174 0.0714285714285714 0.6444297666226333
0.3235294117647059 0.17924528301886788 0.1333333333333333 0.8888888888888888 0.3317059161401493 0.0714285714285714 0.6281373844121534
0.29411764705882354 0.19811320754716977 0.1333333333333333 0.8888888888888888 0.31102814474439977 0.0714285714285714 0.6549977983267283
0.3382352941176471 0.17924528301886788 0.1333333333333333 0.8888888888888888 0.35152211372774267 0.0714285714285714 0.6105239982386614
0.29411764705882354 0.18867924528301883 0.1333333333333333 0.8888888888888888 0.30643308443423317 0.0714285714285714 0.6571994715984147
0.29411764705882354 0.17924528301886788 0.1333333333333333 0.8888888888888888 0.30269959793222284 0.0714285714285714 0.6598414795244385
0.3088235294117647 0.18867924528301883 0.1333333333333333 0.8888888888888888 0.31964388282596207 0.0714285714285714 0.6417877586966094
0.3088235294117647 0.17924528301886788 0.1333333333333333 0.8888888888888888 0.3156232050545663 0.0714285714285714 0.6446499339498019
0.3235294117647059 0.17924528301886788 0.1333333333333333 0.8888888888888888 0.3314187248707639 0.0714285714285714 0.6283575517393218
0.27941176470588236 0.17924528301886788 0.1333333333333333 0.8888888888888888 0.2917863296955773 0.0714285714285714 0.6741523557904008
0.3235294117647059 0.18867924528301883 0.1333333333333333 0.8888888888888888 0.33543940264215966 0.0714285714285714 0.6254953764861295
0.27941176470588236 0.17924528301886788 0.1333333333333333 0.8888888888888888 0.29149913842619185 0.0714285714285714 0.6743725231175693
0.29411764705882354 0.18867924528301883 0.1333333333333333 0.8888888888888888 0.30557151062607696 0.0714285714285714 0.6571994715984149
0.3235294117647059 0.18867924528301883 0.1333333333333333 0.8888888888888888 0.3351522113727743 0.0714285714285714 0.6257155438132982
0.3235294117647059 0.17924528301886788 0.1333333333333333 0.8888888888888888 0.3305571510626077 0.0714285714285714 0.6287978863936592
0.3088235294117647 0.17924528301886788 0.1333333333333333 0.8888888888888888 0.3147616312464101 0.0714285714285714 0.6450902686041391
0.27941176470588236 0.18867924528301883 0.1333333333333333 0.8888888888888888 0.29465824238943134 0.0714285714285714 0.6721708498458829
0.29411764705882354 0.18867924528301883 0.1333333333333333 0.8888888888888888 0.30528431935669154 0.0714285714285714 0.6574196389255835
0.3088235294117647 0.18867924528301883 0.1333333333333333 0.8888888888888888 0.31849511774842043 0.0714285714285714 0.6420079260237781
0.3235294117647059 0.17924528301886788 0.1333333333333333 0.8888888888888888 0.33026995979322227 0.0714285714285714 0.6290180537208279
0.3088235294117647 0.19811320754716977 0.1333333333333333 0.8888888888888888 0.32309017805858703 0.0714285714285714 0.6398062527520916
0.3088235294117647 0.17924528301886788 0.1333333333333333 0.8888888888888888 0.3144744399770247 0.0714285714285714 0.6453104359313078
0.3088235294117647 0.18867924528301883 0.1333333333333333 0.8888888888888888 0.31820792647903506 0.0714285714285714 0.6422280933509468
0.27941176470588236 0.17924528301886788 0.1333333333333333 0.8888888888888888 0.290924755887421 0.0714285714285714 0.6748128577719067
0.3235294117647059 0.18867924528301883 0.1333333333333333 0.8888888888888888 0.33457782883400344 0.0714285714285714 0.6261558784676354
0.29411764705882354 0.17924528301886788 0.1333333333333333 0.8888888888888888 0.3009764503159104 0.0714285714285714 0.6600616468516072
0.3235294117647059 0.17924528301886788 0.1333333333333333 0.8888888888888888 0.3299827685238369 0.0714285714285714 0.6294583883751651
0.29411764705882354 0.18867924528301883 0.1333333333333333 0.8888888888888888 0.30470993681792075 0.0714285714285714 0.6578599735799207
0.29411764705882354 0.17924528301886788 0.1333333333333333 0.8888888888888888 0.300689259046525 0.0714285714285714 0.6602818141787758
0.3088235294117647 0.18867924528301883 0.1333333333333333 0.8888888888888888 0.3176335439402642 0.0714285714285714 0.642668428005284
0.3235294117647059 0.19811320754716977 0.1333333333333333 0.8888888888888888 0.3394600804135554 0.0714285714285714 0.6241743725231176
0.27941176470588236 0.18867924528301883 0.1333333333333333 0.8888888888888888 0.2935094773118897 0.0714285714285714 0.6723910171730515
0.29411764705882354 0.18867924528301883 0.1333333333333333 0.8888888888888888 0.3044227455485353 0.0714285714285714 0.6580801409070893
0.3382352941176471 0.17924528301886788 0.1333333333333333 0.8888888888888888 0.34865020103388855 0.0714285714285714 0.6116248348745047
0.3235294117647059 0.17924528301886788 0.1333333333333333 0.8888888888888888 0.32912119471568063 0.0714285714285714 0.6294583883751652
0.3235294117647059 0.18867924528301883 0.1333333333333333 0.8888888888888888 0.3334290637564618 0.0714285714285714 0.626376045794804
0.29411764705882354 0.19811320754716977 0.1333333333333333 0.8888888888888888 0.30815623205054565 0.0714285714285714 0.6554381329810657
0.3088235294117647 0.18867924528301883 0.1333333333333333 0.8888888888888888 0.3173463526708788 0.0714285714285714 0.6428885953324527
0.3088235294117647 0.17924528301886788 0.1333333333333333 0.8888888888888888 0.31332567489948304 0.0714285714285714 0.6457507705856451
0.27941176470588236 0.18867924528301883 0.1333333333333333 0.8888888888888888 0.29322228604250433 0.0714285714285714 0.6726111845002202
0.3235294117647059 0.18867924528301883 0.1333333333333333 0.8888888888888888 0.3331418724870764 0.0714285714285714 0.6265962131219728
0.3088235294117647 0.18867924528301883 0.1333333333333333 0.8888888888888888 0.3170591614014934 0.0714285714285714 0.6431087626596212
0.3088235294117647 0.17924528301886788 0.1333333333333333 0.8888888888888888 0.3130384836300976 0.0714285714285714 0.6459709379128138
0.3382352941176471 0.17924528301886788 0.1333333333333333 0.8888888888888888 0.3475014359563469 0.0714285714285714 0.6118450022016733
0.3088235294117647 0.19811320754716977 0.1333333333333333 0.8888888888888888 0.3210798391728891 0.0714285714285714 0.6402465874064289
0.3088235294117647 0.18867924528301883 0.1333333333333333 0.8888888888888888 0.3164847788627226 0.0714285714285714 0.6433289299867899
0.27941176470588236 0.18867924528301883 0.1333333333333333 0.8888888888888888 0.2926479035037335 0.0714285714285714 0.6730515191545574
0.3235294117647059 0.18867924528301883 0.1333333333333333 0.8888888888888888 0.33228029867892017 0.0714285714285714 0.62703654777631
0.27941176470588236 0.19811320754716977 0.1333333333333333 0.8888888888888888 0.2960941987363584 0.0714285714285714 0.6706296785557023
0.3088235294117647 0.18867924528301883 0.1333333333333333 0.8888888888888888 0.31619758759333716 0.0714285714285714 0.6435490973139586
0.29411764705882354 0.18867924528301883 0.1333333333333333 0.8888888888888888 0.30269959793222284 0.0714285714285714 0.658300308234258
0.3235294117647059 0.18867924528301883 0.1333333333333333 0.8888888888888888 0.33199310740953475 0.0714285714285714 0.6272567151034787
0.3088235294117647 0.18867924528301883 0.1333333333333333 0.8888888888888888 0.31591039632395174 0.0714285714285714 0.6437692646411273
0.29411764705882354 0.18867924528301883 0.1333333333333333 0.8888888888888888 0.3024124066628375 0.0714285714285714 0.6585204755614267
0.29411764705882354 0.19811320754716977 0.1333333333333333 0.8888888888888888 0.30643308443423317 0.0714285714285714 0.6560986349625715
0.27941176470588236 0.17924528301886788 0.1333333333333333 0.8888888888888888 0.28805284319356694 0.0714285714285714 0.6752531924262439
0.29411764705882354 0.18867924528301883 0.1333333333333333 0.8888888888888888 0.30212521539345205 0.0714285714285714 0.6587406428885954
0.3235294117647059 0.17924528301886788 0.1333333333333333 0.8888888888888888 0.3271108558299828 0.0714285714285714 0.630779392338177
0.29411764705882354 0.19811320754716977 0.1333333333333333 0.8888888888888888 0.3061458931648478 0.0714285714285714 0.6563188022897402
0.3235294117647059 0.19811320754716977 0.1333333333333333 0.8888888888888888 0.3360137851809305 0.0714285714285714 0.6246147071774548
0.3088235294117647 0.19811320754716977 0.1333333333333333 0.8888888888888888 0.3193566915565767 0.0714285714285714 0.640907089387935
0.3088235294117647 0.18867924528301883 0.1333333333333333 0.8888888888888888 0.3150488225157955 0.0714285714285714 0.6439894319682959
0.3235294117647059 0.18867924528301883 0.1333333333333333 0.8888888888888888 0.3308443423319931 0.0714285714285714 0.6276970497578159
0.3088235294117647 0.19811320754716977 0.1333333333333333 0.8888888888888888 0.3190695002871913 0.0714285714285714 0.6411272567151034
0.3088235294117647 0.18867924528301883 0.1333333333333333 0.8888888888888888 0.3147616312464101 0.0714285714285714 0.6442095992954646
0.3235294117647059 0.18867924528301883 0.1333333333333333 0.8888888888888888 0.3305571510626077 0.0714285714285714 0.6279172170849845
0.29411764705882354 0.18867924528301883 0.1333333333333333 0.8888888888888888 0.3015508328546812 0.0714285714285714 0.6591809775429327
0.29411764705882354 0.19811320754716977 0.1333333333333333 0.8888888888888888 0.30528431935669154 0.0714285714285714 0.6565389696169088
0.3088235294117647 0.18867924528301883 0.1333333333333333 0.8888888888888888 0.3144744399770247 0.0714285714285714 0.6444297666226333
0.27941176470588236 0.19811320754716977 0.1333333333333333 0.8888888888888888 0.29437105112004597 0.0714285714285714 0.6712901805372082
0.29411764705882354 0.17924528301886788 0.1333333333333333 0.8888888888888888 0.2978173463526709 0.0714285714285714 0.662703654777631
0.27941176470588236 0.19811320754716977 0.1333333333333333 0.8888888888888888 0.29408385985066055 0.0714285714285714 0.6715103478643769
0.3235294117647059 0.18867924528301883 0.1333333333333333 0.8888888888888888 0.3296955772544515 0.0714285714285714 0.6285777190664905
0.3235294117647059 0.19811320754716977 0.1333333333333333 0.8888888888888888 0.334290637564618 0.0714285714285714 0.6252752091589608
0.3088235294117647 0.18867924528301883 0.1333333333333333 0.8888888888888888 0.3139000574382539 0.0714285714285714 0.6448701012769705
0.3088235294117647 0.19811320754716977 0.1333333333333333 0.8888888888888888 0.31792073520964964 0.0714285714285714 0.6417877586966094
0.29411764705882354 0.19811320754716977 0.1333333333333333 0.8888888888888888 0.3041355542791499 0.0714285714285714 0.6567591369440775
0.27941176470588236 0.18867924528301883 0.1333333333333333 0.8888888888888888 0.28948879954049395 0.0714285714285714 0.6737120211360634
0.3088235294117647 0.18867924528301883 0.1333333333333333 0.8888888888888888 0.31361286616886846 0.0714285714285714 0.6450902686041391
0.3235294117647059 0.17924528301886788 0.1333333333333333 0.8888888888888888 0.32596209075244115 0.0714285714285714 0.6334214002642009
0.3088235294117647 0.19811320754716977 0.1333333333333333 0.8888888888888888 0.3176335439402642 0.0714285714285714 0.6422280933509468
0.27941176470588236 0.18867924528301883 0.1333333333333333 0.8888888888888888 0.2892016082711086 0.0714285714285714 0.6739321884632321
0.3382352941176471 0.17924528301886788 0.1333333333333333 0.8888888888888888 0.34348075818495116 0.0714285714285714 0.6149273447820344
0.3235294117647059 0.19811320754716977 0.1333333333333333 0.8888888888888888 0.3334290637564618 0.0714285714285714 0.6259357111404669
0.3382352941176471 0.18867924528301883 0.1333333333333333 0.8888888888888888 0.3475014359563469 0.0714285714285714 0.6114046675473359
0.29411764705882354 0.19811320754716977 0.1333333333333333 0.8888888888888888 0.3032739804709937 0.0714285714285714 0.6574196389255835
0.27941176470588236 0.19811320754716977 0.1333333333333333 0.8888888888888888 0.29236071223434806 0.0714285714285714 0.6717305151915456
0.3088235294117647 0.17924528301886788 0.1333333333333333 0.8888888888888888 0.3245261344055141 0.0714285714285714 0.6413474240422722
0.3088235294117647 0.17924528301886788 0.1333333333333333 0.8888888888888888 0.3236645605973578 0.0714285714285714 0.6420079260237781
0.3088235294117647 0.17924528301886788 0.1333333333333333 0.8888888888888888 0.3225157955198162 0.0714285714285714 0.6422280933509468
0.3088235294117647 0.17924528301886788 0.1333333333333333 0.8888888888888888 0.31964388282596207 0.0714285714285714 0.642668428005284
0.3088235294117647 0.18867924528301883 0.1333333333333333 0.8888888888888888 0.3225157955198162 0.0714285714285714 0.6406869220607662
0.3088235294117647 0.18867924528301883 0.1333333333333333 0.8888888888888888 0.32222860425043076 0.0714285714285714 0.640907089387935
0.3382352941176471 0.17924528301886788 0.1333333333333333 0.8888888888888888 0.3495117748420448 0.0714285714285714 0.6109643328929988
0.3088235294117647 0.17924528301886788 0.1333333333333333 0.8888888888888888 0.31878230901780585 0.0714285714285714 0.6433289299867899
0.3382352941176471 0.18867924528301883 0.1333333333333333 0.8888888888888888 0.35037334865020103 0.0714285714285714 0.6098634962571554
0.3382352941176471 0.17924528301886788 0.1333333333333333 0.8888888888888888 0.3463526708788053 0.0714285714285714 0.6125055041831793
0.3382352941176471 0.17924528301886788 0.1333333333333333 0.8888888888888888 0.34606547960941986 0.0714285714285714 0.6129458388375164
0.3235294117647059 0.17924528301886788 0.1333333333333333 0.8888888888888888 0.3288340034462952 0.0714285714285714 0.6296785557023338
0.3382352941176471 0.17924528301886788 0.1333333333333333 0.8888888888888888 0.3449167145318782 0.0714285714285714 0.6131660061646853
0.3382352941176471 0.18867924528301883 0.1333333333333333 0.8888888888888888 0.3483630097645032 0.0714285714285714 0.6107441655658301
0.3235294117647059 0.17924528301886788 0.1333333333333333 0.8888888888888888 0.3282596209075244 0.0714285714285714 0.630118890356671
0.3235294117647059 0.17924528301886788 0.1333333333333333 0.8888888888888888 0.327972429638139 0.0714285714285714 0.6303390576838397
0.35294117647058826 0.17924528301886788 0.1333333333333333 0.8888888888888888 0.36444572085008614 0.0714285714285714 0.5953324526640247
0.3382352941176471 0.17924528301886788 0.1333333333333333 0.8888888888888888 0.344055140723722 0.0714285714285714 0.6138265081461911
0.3382352941176471 0.18867924528301883 0.1333333333333333 0.8888888888888888 0.34778862722573234 0.0714285714285714 0.6111845002201673
0.3235294117647059 0.18867924528301883 0.1333333333333333 0.8888888888888888 0.3299827685238369 0.0714285714285714 0.6283575517393218
0.3235294117647059 0.17924528301886788 0.1333333333333333 0.8888888888888888 0.32682366456059736 0.0714285714285714 0.6309995596653457
0.3235294117647059 0.18867924528301883 0.1333333333333333 0.8888888888888888 0.32940838598506605 0.0714285714285714 0.6287978863936592
0.3382352941176471 0.18867924528301883 0.1333333333333333 0.8888888888888888 0.3457782883400345 0.0714285714285714 0.6120651695288419
0.35294117647058826 0.17924528301886788 0.1333333333333333 0.8888888888888888 0.36186099942561745 0.0714285714285714 0.5966534566270366
0.3088235294117647 0.17924528301886788 0.1333333333333333 0.8888888888888888 0.3121769098219414 0.0714285714285714 0.6466314398943197
0.3235294117647059 0.18867924528301883 0.1333333333333333 0.8888888888888888 0.32854681217690984 0.0714285714285714 0.6292382210479965
0.3235294117647059 0.19811320754716977 0.1333333333333333 0.8888888888888888 0.3317059161401493 0.0714285714285714 0.6265962131219728