0.027777777777777776 0.0 0.0 0.48710306244370477 0.027338895792650454 0.0 0.9730775303963367
0.013888888888888888 0.13165266106442575 0.12307692307692308 0.4724452219034263 0.013136872004260607 0.0 0.9866966682456971
0.015873015873015872 0.07843137254901966 0.07692307692307687 0.47160165685707484 0.015444700869873956 0.0 0.9846044528659403
0.025793650793650792 0.0056022408963585235 0.00512820512820511 0.4842477563363488 0.02532694242262856 0.0 0.975090794252329
0.025793650793650792 0.0056022408963585235 0.00512820512820511 0.481652892479875 0.02511982957571454 0.0 0.9753671245855045
0.025793650793650792 0.0056022408963585235 0.00512820512820511 0.4840767263859071 0.02517900467483283 0.0 0.975090794252329
0.027777777777777776 0.0 0.0 0.48569007588502017 0.027043020297058996 0.0 0.9732749092057477
0.025793650793650792 0.0056022408963585235 0.00512820512820511 0.48411065358701694 0.02532694242262856 0.0 0.975090794252329
0.023809523809523808 0.011204481792717047 0.02051282051282055 0.47463843489385277 0.02269365051186461 0.0 0.9774593399652614
0.025793650793650792 0.0056022408963585235 0.00512820512820511 0.483669277081399 0.02517900467483283 0.0 0.975090794252329
0.025793650793650792 0.0056022408963585235 0.00512820512820511 0.48281064640465676 0.025267767323510267 0.0 0.9751697457760935
0.025793650793650792 0.0056022408963585235 0.00512820512820511 0.48314233441049337 0.025208592224391976 0.0 0.9754066003473867
0.025793650793650792 0.0056022408963585235 0.00512820512820511 0.4829518522347171 0.02485354162968223 0.0 0.9756829306805621
0.017857142857142856 0.0448179271708683 0.0461538461538461 0.475257171019555 0.01754541688857329 0.0 0.9825911890099479
0.023809523809523808 0.011204481792717047 0.02051282051282055 0.47608159957231155 0.02254571276406888 0.0 0.9774593399652614
0.01984126984126984 0.03081232492997199 0.02564102564102566 0.48346644850772824 0.01991242085330493 0.0 0.9805779251539555
0.021825396825396824 0.019607843137254943 0.01538461538461533 0.4804927597342459 0.021391798331262205 0.0 0.9787620401073741
0.027777777777777776 0.0 0.0 0.4872480810033969 0.02716137049529558 0.0 0.97295910311069
0.027777777777777776 0.0 0.0 0.48710148390301816 0.02701343274749985 0.0 0.97295910311069
0.027777777777777776 0.0 0.0 0.48779436460559533 0.02730930824309131 0.0 0.97295910311069