0.02976190476190476 0.0 0.0 0.48503092158222616 0.028729510621930292 0.0 0.9721301121111637
0.023809523809523808 0.019607843137254943 0.03076923076923077 0.47853561199149425 0.02254571276406888 0.0 0.9778935733459656
0.02976190476190476 0.0 0.0 0.4866925511463325 0.02887744836972602 0.0 0.9720511605873994
0.025793650793650792 0.0056022408963585235 0.01025641025641022 0.4814607516247784 0.024735191431445647 0.0 0.9759592610137375
0.025793650793650792 0.0056022408963585235 0.01025641025641022 0.4817933616576148 0.0247056038818865 0.0 0.97564345491868
0.027777777777777776 0.0028011204481792618 0.00512820512820511 0.47941559535774125 0.026332919107639505 0.0 0.9744197063003316
0.02976190476190476 0.0 0.0 0.4832205811617576 0.028256109828983963 0.0 0.972564345491868
0.027777777777777776 0.0028011204481792618 0.00512820512820511 0.48986360920367295 0.027131782945736434 0.0 0.9736696668245697
0.02976190476190476 0.0 0.0 0.4892042467009294 0.028847860820166875 0.0 0.9718537817779883
0.027777777777777776 0.0028011204481792618 0.00512820512820511 0.4908385740884122 0.026983845197940705 0.0 0.9737880941102164
0.025793650793650792 0.0056022408963585235 0.01025641025641022 0.48211857063666996 0.024735191431445647 0.0 0.97564345491868
0.02976190476190476 0.0 0.0 0.49378852800679407 0.02946919936090893 0.0 0.9709853150165798
0.02976190476190476 0.0 0.0 0.4845278547766384 0.028699923072371146 0.0 0.9718143060161061
0.027777777777777776 0.0028011204481792618 0.00512820512820511 0.4791179390888503 0.02630333155808036 0.0 0.9741039002052739
0.02976190476190476 0.0 0.0 0.49305821473888684 0.02946919936090893 0.0 0.9709853150165798
0.027777777777777776 0.0028011204481792618 0.00512820512820511 0.4891638016153206 0.027250133143973017 0.0 0.9732749092057477
0.027777777777777776 0.0028011204481792618 0.00512820512820511 0.4851308186515547 0.026658382152790105 0.0 0.9737880941102164
0.02976190476190476 0.0 0.0 0.49176982938924546 0.029054973667080892 0.0 0.9714984999210485
0.02976190476190476 0.0 0.0 0.48524266116703085 0.028581572874134563 0.0 0.971774830254224
0.027777777777777776 0.0028011204481792618 0.00512820512820511 0.4854120050387016 0.02662879460323096 0.0 0.9738670456339807
0.027777777777777776 0.0028011204481792618 0.00512820512820511 0.49095490267112746 0.027279720693532163 0.0 0.9735907153008053
0.02976190476190476 0.0 0.0 0.4852410056158396 0.028433635126338837 0.0 0.9720116848255171
0.02976190476190476 0.0 0.0 0.48686189950564107 0.02887744836972602 0.0 0.9719327333017528