0.027777777777777776 0.0 0.0 0.4878592109531447 0.02722054559441387 0.0 0.9734328122532765
0.021825396825396824 0.025210084033613467 0.01538461538461533 0.48761360242784385 0.021539736079057934 0.0 0.9788409916311385
0.021825396825396824 0.025210084033613467 0.02564102564102566 0.48575087365335023 0.021480560979939643 0.0 0.9789594189167851
0.023809523809523808 0.011204481792717047 0.02051282051282055 0.481950381060288 0.023167051304810934 0.0 0.9774988157271436
0.023809523809523808 0.011204481792717047 0.02051282051282055 0.48309060793580894 0.02293035090833777 0.0 0.9774198642033791
0.025793650793650792 0.0028011204481792618 0.00512820512820511 0.48987128866564417 0.025356529972187705 0.0 0.975090794252329
0.025793650793650792 0.0028011204481792618 0.00512820512820511 0.4891656217835067 0.025031066927037104 0.0 0.975090794252329
0.023809523809523808 0.011204481792717047 0.0 0.4938929455763819 0.023847564944671284 0.0 0.976827727775146
0.027777777777777776 0.0 0.0 0.4831561758929666 0.026954257648381563 0.0 0.9734722880151587
0.023809523809523808 0.011204481792717047 0.0 0.495347441516172 0.023906740043789572 0.0 0.9765513974419706
0.021825396825396824 0.025210084033613467 0.0461538461538461 0.47504013959896296 0.020652109592283568 0.0 0.979709458392547
0.027777777777777776 0.0 0.0 0.49000045206497395 0.027131782945736434 0.0 0.9732354334438654
0.027777777777777776 0.0 0.0 0.4900126431762364 0.027398070891768742 0.0 0.9729196273488079
0.027777777777777776 0.0 0.0 0.4880395592265764 0.027457245990887034 0.0 0.973511763777041
0.027777777777777776 0.0 0.0 0.4877534128984301 0.027338895792650454 0.0 0.9731959576819833
0.027777777777777776 0.0 0.0 0.4891376710551341 0.027190958044854725 0.0 0.9731170061582188
0.027777777777777776 0.0 0.0 0.49001532981094437 0.027190958044854725 0.0 0.9731170061582188
0.027777777777777776 0.0 0.0 0.48883137137908655 0.027279720693532163 0.0 0.9733933364913943
0.027777777777777776 0.0 0.0 0.4853861309913769 0.02689508254926327 0.0 0.973511763777041