0.027777777777777776 0.0 0.0 0.4821245658026524 0.026392094206757796 0.0 0.9737880941102164
0.017857142857142856 0.10084033613445376 0.12307692307692308 0.4827996440741539 0.016125214509734302 0.0 0.9836965103426496
0.01984126984126984 0.036414565826330514 0.03589743589743588 0.4819956187603246 0.019468607609917747 0.0 0.9811305858203063
0.021825396825396824 0.019607843137254943 0.02051282051282055 0.4758535582064993 0.020918397538315876 0.0 0.9795910311069004
0.023809523809523808 0.0056022408963585235 0.01025641025641022 0.47798172687878565 0.022782413160542043 0.0 0.9775382914890257
0.025793650793650792 0.0028011204481792618 0.00512820512820511 0.4799223798658187 0.024676016332327355 0.0 0.9756829306805621
0.025793650793650792 0.0028011204481792618 0.00512820512820511 0.4821946645193252 0.024498491034972484 0.0 0.97564345491868
0.027777777777777776 0.0 0.0 0.48403403767818765 0.026451269305876088 0.0 0.973511763777041
0.027777777777777776 0.0 0.0 0.47976234872647283 0.026658382152790105 0.0 0.9737880941102164
0.025793650793650792 0.0028011204481792618 0.00512820512820511 0.48526271723610365 0.025356529972187705 0.0 0.9752092215379757
0.027777777777777776 0.0 0.0 0.48950108643062745 0.02668796970234925 0.0 0.9731564819201011
0.027777777777777776 0.0 0.0 0.48535209215005437 0.026776732351026688 0.0 0.9734328122532765
0.025793650793650792 0.0028011204481792618 0.00512820512820511 0.48619130262229815 0.024735191431445647 0.0 0.9754855518711512
0.027777777777777776 0.0 0.0 0.48839307912514124 0.026806319900585834 0.0 0.9736301910626876
0.027777777777777776 0.0 0.0 0.4922368916423625 0.027368483342209596 0.0 0.9728012000631612
0.025793650793650792 0.0028011204481792618 0.00512820512820511 0.4828963028340856 0.02500147937747796 0.0 0.9753671245855046
0.025793650793650792 0.0028011204481792618 0.00512820512820511 0.4831544189010252 0.025060654476596247 0.0 0.9754066003473867
0.025793650793650792 0.0028011204481792618 0.00512820512820511 0.4824010549927434 0.0247056038818865 0.0 0.9753671245855045
0.027777777777777776 0.0 0.0 0.48340303577052124 0.026806319900585834 0.0 0.9735907153008053