0.02976190476190476 0.0 0.0 0.4868019637004598 0.0283448724776614 0.0 0.9721301121111637
0.017857142857142856 0.07563025210084029 0.09743589743589742 0.48356376738729673 0.01733830404165927 0.0 0.9831438496762988
0.02976190476190476 0.0 0.0 0.48680025905589797 0.028167347180306525 0.0 0.9724853939681036
0.021825396825396824 0.02801120448179273 0.04102564102564099 0.4790381909112559 0.02142138588082135 0.0 0.9790778462024318
0.01984126984126984 0.050420168067226934 0.08205128205128209 0.4775537679459247 0.01858098112314338 0.0 0.981643770724775
0.01984126984126984 0.050420168067226934 0.08205128205128209 0.4721120328473269 0.018965619267412272 0.0 0.9817227222485394
0.023809523809523808 0.019607843137254943 0.03076923076923077 0.477113632841187 0.022841588259660334 0.0 0.9778146218222011
0.025793650793650792 0.011204481792717047 0.01538461538461533 0.48099238371773495 0.024942304278359667 0.0 0.97564345491868
0.025793650793650792 0.011204481792717047 0.02051282051282055 0.47979966303972016 0.024764778981004792 0.0 0.9759592610137375
0.027777777777777776 0.0028011204481792618 0.00512820512820511 0.48312952399894865 0.025622817918220013 0.0 0.9744591820622138
0.023809523809523808 0.019607843137254943 0.03076923076923077 0.4788144646890776 0.022782413160542043 0.0 0.9778540975840834
0.027777777777777776 0.0028011204481792618 0.0 0.48591423748986756 0.026776732351026688 0.0 0.9734722880151587
0.02976190476190476 0.0 0.0 0.4878373180131248 0.028581572874134563 0.0 0.9719722090636349
0.02976190476190476 0.0 0.0 0.4873912506973098 0.02828569737854311 0.0 0.972169587873046
0.025793650793650792 0.011204481792717047 0.01538461538461533 0.47971765291811735 0.024646428782768213 0.0 0.9758408337280909
0.02976190476190476 0.0 0.0 0.4898872747479557 0.028640747973252854 0.0 0.9716958787304595
0.02976190476190476 0.0 0.0 0.4891459012754897 0.0283448724776614 0.0 0.9718932575398705
0.02976190476190476 0.0 0.0 0.4866530066817547 0.02849281022545713 0.0 0.9718932575398705
0.02976190476190476 0.0 0.0 0.4875429524036335 0.028847860820166875 0.0 0.9718932575398705
0.02976190476190476 0.0 0.0 0.4879446142338665 0.028463222675897983 0.0 0.9722880151586926
0.02976190476190476 0.0 0.0 0.4888610950453054 0.0283448724776614 0.0 0.9718932575398705
0.025793650793650792 0.011204481792717047 0.02051282051282055 0.4792917988157926 0.024557666134090776 0.0 0.9758013579662088
0.02976190476190476 0.0 0.0 0.48668446915019214 0.028966211018403454 0.0 0.9720511605873994
0.02976190476190476 0.0 0.0 0.48702758075380786 0.028522397775016275 0.0 0.9722485393968103