0.025793650793650792 0.0 0.0 0.4839607424166249 0.02517900467483283 0.0 0.9750118427285647
0.025793650793650792 0.0 0.0 0.4845906377014975 0.024971891827918813 0.0 0.9752881730617401
0.021825396825396824 0.01680672268907568 0.02564102564102566 0.47517812253106384 0.021125510385229897 0.0 0.9792357492499605
0.025793650793650792 0.0 0.0 0.4828988005458594 0.02511982957571454 0.0 0.9752881730617401
0.023809523809523808 0.0056022408963585235 0.01025641025641022 0.4824841767566227 0.023492514349961535 0.0 0.976827727775146
0.021825396825396824 0.01680672268907568 0.02564102564102566 0.48458118678706924 0.021598911178176222 0.0 0.978564661297963
0.025793650793650792 0.0 0.0 0.48559917894283205 0.02556364281910172 0.0 0.975090794252329
0.01984126984126984 0.02801120448179273 0.0461538461538461 0.46998920650881454 0.019113557015208 0.0 0.9812490131059529
0.021825396825396824 0.01680672268907568 0.02051282051282055 0.47700428656311017 0.021332623232143914 0.0 0.9789594189167851
0.025793650793650792 0.0 0.0 0.4857059983756818 0.025031066927037104 0.0 0.9750118427285647
0.023809523809523808 0.0056022408963585235 0.00512820512820511 0.481622620012713 0.023640452097757263 0.0 0.9769461550607926
0.021825396825396824 0.01680672268907568 0.03076923076923077 0.4787733671557201 0.021332623232143914 0.0 0.9791962734880784
0.021825396825396824 0.01680672268907568 0.02564102564102566 0.4760717223952519 0.021184685484348185 0.0 0.9789594189167851
0.023809523809523808 0.0056022408963585235 0.01025641025641022 0.4839979601009014 0.023314989052606663 0.0 0.9767487762513817
0.015873015873015872 0.07563025210084029 0.10256410256410253 0.46405728958249975 0.01529676312207823 0.0 0.9850781620085267
0.025793650793650792 0.0 0.0 0.48478033233778633 0.025415705071305996 0.0 0.975090794252329
0.025793650793650792 0.0 0.0 0.49009135385355906 0.025859518314693176 0.0 0.9744591820622138