0.027777777777777776 0.0 0.0 0.48867051180484655 0.027250133143973017 0.0 0.9733143849676299
0.015873015873015872 0.08123249299719892 0.10256410256410253 0.4634031311579962 0.01529676312207823 0.0 0.9853939681035844
0.01984126984126984 0.03361344537815125 0.05641025641025643 0.4790840978766675 0.01958695780815433 0.0 0.9809726827727775
0.017857142857142856 0.053221288515406195 0.08205128205128209 0.46938435255643707 0.017367891591218414 0.0 0.9833017527238276
0.021825396825396824 0.022408963585434205 0.03589743589743588 0.47837870763567364 0.021539736079057934 0.0 0.9793541765356072
0.023809523809523808 0.011204481792717047 0.02051282051282055 0.4769424160291032 0.023226226403929226 0.0 0.9774593399652614
0.025793650793650792 0.0056022408963585235 0.01025641025641022 0.4836532985110028 0.02523817977395112 0.0 0.9755645033949155
0.025793650793650792 0.0056022408963585235 0.01025641025641022 0.48403953937711985 0.02511982957571454 0.0 0.97564345491868
0.025793650793650792 0.0056022408963585235 0.01025641025641022 0.4848166597169336 0.025297354873069413 0.0 0.9752881730617401
0.027777777777777776 0.0 0.0 0.49224671961590616 0.02775312148647849 0.0 0.9728406758250434
0.027777777777777776 0.0 0.0 0.4881214460246883 0.027398070891768742 0.0 0.9733143849676299
0.021825396825396824 0.022408963585434205 0.03589743589743588 0.47592711897665463 0.02121427303390733 0.0 0.9792752250118427
0.027777777777777776 0.0 0.0 0.492821281424435 0.02763477128824191 0.0 0.9730380546344545
0.027777777777777776 0.0 0.0 0.49027817916328775 0.02730930824309131 0.0 0.9730380546344545
0.027777777777777776 0.0 0.0 0.4931691533667344 0.027841884135155925 0.0 0.972761724301279
0.025793650793650792 0.0056022408963585235 0.01025641025641022 0.48520268552419066 0.02517900467483283 0.0 0.9756039791567978
0.027777777777777776 0.0 0.0 0.49180227733156995 0.027102195396177288 0.0 0.9733143849676299
0.025793650793650792 0.0056022408963585235 0.01025641025641022 0.4860718086501011 0.024971891827918813 0.0 0.97564345491868
0.025793650793650792 0.0056022408963585235 0.01025641025641022 0.4874072787355712 0.025149417125273684 0.0 0.9752881730617401
0.025793650793650792 0.0056022408963585235 0.01025641025641022 0.48648251049269137 0.025415705071305996 0.0 0.9754460761092689
0.025793650793650792 0.0056022408963585235 0.01025641025641022 0.48529577511477956 0.02538611752174685 0.0 0.9753276488236223
0.027777777777777776 0.0 0.0 0.49118049015516085 0.027338895792650454 0.0 0.9732354334438654