0.027777777777777776 0.0 0.0 0.4884451159265741 0.027398070891768742 0.0 0.9733933364913943
0.01984126984126984 0.03081232492997199 0.0461538461538461 0.4751097189513082 0.019675720456831764 0.0 0.981051634296542
0.021825396825396824 0.022408963585434205 0.02564102564102566 0.48199240989488656 0.021658086277294514 0.0 0.9790383704405495
0.023809523809523808 0.011204481792717047 0.02051282051282055 0.47631624123497174 0.022782413160542043 0.0 0.9776567187746723
0.023809523809523808 0.011204481792717047 0.01538461538461533 0.4790108641501829 0.022959938457896917 0.0 0.9773803884414969
0.025793650793650792 0.0028011204481792618 0.00512820512820511 0.4819902253264362 0.025060654476596247 0.0 0.9754066003473867
0.023809523809523808 0.011204481792717047 0.01025641025641022 0.4892147612735848 0.0234037517012841 0.0 0.9765513974419706
0.027777777777777776 0.0 0.0 0.4892710873407807 0.02730930824309131 0.0 0.9733143849676299
0.027777777777777776 0.0 0.0 0.4895234959965507 0.027338895792650454 0.0 0.9730775303963367
0.027777777777777776 0.0 0.0 0.48911871870101714 0.02716137049529558 0.0 0.9733143849676299
0.021825396825396824 0.022408963585434205 0.03589743589743588 0.48063460017794385 0.021628498727735368 0.0 0.9790383704405495
0.023809523809523808 0.011204481792717047 0.01538461538461533 0.4780974665456088 0.022841588259660334 0.0 0.9776961945365545
0.021825396825396824 0.022408963585434205 0.03589743589743588 0.48095405196798385 0.02136221078170306 0.0 0.9791173219643139
0.027777777777777776 0.0 0.0 0.4867574783468874 0.027131782945736434 0.0 0.9733538607295121
0.021825396825396824 0.022408963585434205 0.03076923076923077 0.47818962083667976 0.020740872240961005 0.0 0.9790778462024317
0.025793650793650792 0.0028011204481792618 0.00512820512820511 0.4796561194289819 0.024794366530563938 0.0 0.9757224064424443
0.027777777777777776 0.0 0.0 0.489262878929211 0.02754600863956447 0.0 0.9733143849676299
0.027777777777777776 0.0 0.0 0.4906501004844997 0.027605183738682763 0.0 0.9731170061582188