0.025793650793650792 0.0 0.0 0.48524406444595786 0.025090242026155393 0.0 0.9750513184904469
0.025793650793650792 0.0 0.0 0.48750814861049446 0.02511982957571454 0.0 0.9750513184904469
0.025793650793650792 0.0 0.0 0.48879321677458154 0.02556364281910172 0.0 0.9750513184904469
0.017857142857142856 0.039215686274509776 0.04102564102564099 0.4841451395372965 0.018225930528433635 0.0 0.9820385283435971
0.025793650793650792 0.0 0.0 0.4921302620844178 0.02550446771998343 0.0 0.9747749881572715
0.021825396825396824 0.014005602240896309 0.02051282051282055 0.4821205591793828 0.02189478667376768 0.0 0.9785251855360808
0.015873015873015872 0.07843137254901966 0.06666666666666665 0.471828402413597 0.015622226167228831 0.0 0.9845649771040581
0.01984126984126984 0.025210084033613467 0.03589743589743588 0.4787035041937003 0.019675720456831764 0.0 0.9804989736301911
0.025793650793650792 0.0 0.0 0.48325891933298476 0.025060654476596247 0.0 0.9753276488236223
0.023809523809523808 0.0028011204481792618 0.0 0.48480069695239986 0.023610864548198118 0.0 0.9765908732038528
0.025793650793650792 0.0 0.0 0.4888390031087698 0.02538611752174685 0.0 0.9748144639191536
0.025793650793650792 0.0 0.0 0.4816482756810811 0.024735191431445647 0.0 0.9752092215379757
0.025793650793650792 0.0 0.0 0.4880559532024167 0.025267767323510267 0.0 0.9749328912048003
0.025793650793650792 0.0 0.0 0.4886021936197574 0.025415705071305996 0.0 0.9750513184904469
0.021825396825396824 0.014005602240896309 0.00512820512820511 0.4845473644003056 0.021628498727735368 0.0 0.9784067582504342
0.01984126984126984 0.025210084033613467 0.02564102564102566 0.4803044921672373 0.020060358601100656 0.0 0.9803410705826623
0.013888888888888888 0.10644257703081228 0.09230769230769231 0.47289927666973225 0.013787798094561808 0.0 0.9862624348649929