0.031746031746031744 0.0 0.0 0.4829454751474878 0.030149713000769275 0.0 0.9712616453497552
0.021825396825396824 0.03081232492997199 0.03076923076923077 0.475415267176455 0.020977572637434168 0.0 0.9798673614400758
0.031746031746031744 0.0 0.0 0.48122749555799105 0.029646724658263804 0.0 0.9711826938259909
0.023809523809523808 0.019607843137254943 0.03076923076923077 0.4767516356947823 0.022841588259660334 0.0 0.9781304279172588
0.025793650793650792 0.011204481792717047 0.02051282051282055 0.475086257823219 0.02426179063849932 0.0 0.9766698247276172
0.025793650793650792 0.011204481792717047 0.01025641025641022 0.4762571520370996 0.024409728386295047 0.0 0.9763540186325597
0.027777777777777776 0.0056022408963585235 0.01025641025641022 0.4757183942440637 0.02603704361204805 0.0 0.9749328912048003
0.02976190476190476 0.0028011204481792618 0.00512820512820511 0.4844571522634327 0.02840404757677969 0.0 0.9728012000631612
0.02976190476190476 0.0028011204481792618 0.00512820512820511 0.4806945611025664 0.028463222675897983 0.0 0.9727222485393968
0.031746031746031744 0.0 0.0 0.48400331630014304 0.03080063909107048 0.0 0.9702352755408179
0.02976190476190476 0.0028011204481792618 0.00512820512820511 0.48252009833500337 0.02828569737854311 0.0 0.9729985788725722
0.031746031746031744 0.0 0.0 0.4855646030955628 0.03050476359547902 0.0 0.9705905573977578
0.02976190476190476 0.0028011204481792618 0.00512820512820511 0.4799867638136102 0.027989821882951654 0.0 0.9728801515869256
0.031746031746031744 0.0 0.0 0.48624944800641406 0.030475176045919875 0.0 0.9707089846834044
0.02976190476190476 0.0028011204481792618 0.0 0.48621412467166575 0.0289957985679626 0.0 0.972366966682457
0.031746031746031744 0.0 0.0 0.48255892560168867 0.029883425054736967 0.0 0.971024790778462
0.02976190476190476 0.0028011204481792618 0.00512820512820511 0.48878369545994504 0.02861116042369371 0.0 0.9727222485393968
0.031746031746031744 0.0 0.0 0.48454840939361055 0.030475176045919875 0.0 0.9709458392546976
0.02976190476190476 0.0028011204481792618 0.00512820512820511 0.4792786069975367 0.027605183738682763 0.0 0.9733143849676299
0.031746031746031744 0.0 0.0 0.4848765310268794 0.030623113793715604 0.0 0.9709458392546976
0.02976190476190476 0.0028011204481792618 0.00512820512820511 0.48018596585160034 0.028256109828983963 0.0 0.9724459182062214
0.02976190476190476 0.0028011204481792618 0.00512820512820511 0.485138232776446 0.028759098171489438 0.0 0.9722485393968103
0.031746031746031744 0.0 0.0 0.4832456096320262 0.029972187703414404 0.0 0.9713011211116375
0.02976190476190476 0.0028011204481792618 0.00512820512820511 0.48195461483166036 0.028433635126338837 0.0 0.9723274909205748
0.031746031746031744 0.0 0.0 0.4850713919222045 0.030563938694597313 0.0 0.9703142270645824
0.02976190476190476 0.0028011204481792618 0.00512820512820511 0.48098538593452334 0.028108172081188237 0.0 0.97295910311069
0.031746031746031744 0.0 0.0 0.48340631608530205 0.03006095035209184 0.0 0.9705510816358756
0.027777777777777776 0.0056022408963585235 0.01025641025641022 0.4790084649791894 0.02636250665719865 0.0 0.974696036633507
0.02976190476190476 0.0028011204481792618 0.0 0.48489995122900914 0.028551985324575417 0.0 0.9720116848255171
0.031746031746031744 0.0 0.0 0.48255772850587103 0.03012012545121013 0.0 0.9713011211116375
0.031746031746031744 0.0 0.0 0.48868748382680266 0.03112610213622108 0.0 0.9699194694457604
0.02976190476190476 0.0028011204481792618 0.00512820512820511 0.4819291660556588 0.028433635126338837 0.0 0.9727222485393968
0.031746031746031744 0.0 0.0 0.48489263148415623 0.03012012545121013 0.0 0.971024790778462
0.02976190476190476 0.0028011204481792618 0.00512820512820511 0.47892942679873246 0.028137759630747383 0.0 0.972761724301279
0.02976190476190476 0.0028011204481792618 0.00512820512820511 0.4789954356584165 0.02781229658559678 0.0 0.972761724301279
0.031746031746031744 0.0 0.0 0.48614926965449407 0.03038641339724244 0.0 0.9707879362071689
0.02976190476190476 0.0028011204481792618 0.00512820512820511 0.48146961381370934 0.028374460027220546 0.0 0.9726432970156325
0.031746031746031744 0.0 0.0 0.4864268997686182 0.030889401739747913 0.0 0.9703142270645824
0.02976190476190476 0.0028011204481792618 0.00512820512820511 0.4813710296206979 0.027901059234274217 0.0 0.9731170061582188
0.02976190476190476 0.0028011204481792618 0.00512820512820511 0.481453812171415 0.02840404757677969 0.0 0.9726432970156325
0.031746031746031744 0.0 0.0 0.4884097418820716 0.03071187644239304 0.0 0.9701168482551713
0.027777777777777776 0.0056022408963585235 0.00512820512820511 0.4802575839561687 0.02662879460323096 0.0 0.9743802305384494
0.02976190476190476 0.0028011204481792618 0.00512820512820511 0.48080287928363985 0.028315284928102254 0.0 0.9726432970156325
0.031746031746031744 0.0 0.0 0.4829174978072036 0.03012012545121013 0.0 0.97063003315964
0.02976190476190476 0.0028011204481792618 0.00512820512820511 0.48040363186537455 0.028256109828983963 0.0 0.972564345491868
0.02976190476190476 0.0028011204481792618 0.00512820512820511 0.47745031378600605 0.02748683354044618 0.0 0.9732354334438654
0.027777777777777776 0.0056022408963585235 0.00512820512820511 0.4862186718066521 0.026865494999704125 0.0 0.9744591820622138
0.02976190476190476 0.0028011204481792618 0.00512820512820511 0.4783182421539343 0.02796023433339251 0.0 0.972761724301279
0.02976190476190476 0.0028011204481792618 0.00512820512820511 0.4820210831643826 0.028226522279424817 0.0 0.9726432970156325
0.031746031746031744 0.0 0.0 0.4813450468520128 0.030208888099887567 0.0 0.9707484604452866