0,0.0
0,0.0
0,0.0
0,0.0
0,0.0
0,0.0
0,0.0
0,0.0
0,0.0
0,0.0
0,0.0
0,0.0
0,0.0
0,0.0
0,0.0
0,0.0
0,0.0
0,0.0
0,0.0
0,0.0
0,0.0
0,0.0
0,0.0
0,0.0
0,0.0
0,0.0
0,0.0
0,0.0
0,0.0
0,0.0
0,0.0
0,0.0
0,0.0
0,0.0
0,0.0
0,0.0
0,0.0
0,0.0
0,0.0
0,0.0
0,0.0
0,0.0
0,0.0
0,0.0
0,0.0
0,0.0
0,0.0
0,0.0
0,0.0
0,0.0
0,0.0
0,0.0
0,0.0
0,0.0
0,0.0
0,0.0
0,0.0
0,0.0
0,0.0
0,0.0
0,0.0
0,0.0
0,0.0
0,0.0
0,0.0
0,0.0
0,0.0
8,0.47058823529411764
0,0.0
0,0.0
0,0.0
0,0.0
0,0.0
9,0.5294117647058824
1,0.058823529411764705
0,0.0
0,0.0
0,0.0
0,0.0
0,0.0
0,0.0
0,0.0
0,0.0
0,0.0
0,0.0
11,0.6470588235294118
0,0.0
1,0.058823529411764705
0,0.0
0,0.0
0,0.0
1,0.058823529411764705
0,0.0
0,0.0
0,0.0
0,0.0
0,0.0
0,0.0
0,0.0
0,0.0
0,0.0
0,0.0
0,0.0
0,0.0
0,0.0
0,0.0
0,0.0
0,0.0
0,0.0
0,0.0
0,0.0
14,0.8235294117647058
0,0.0
0,0.0
0,0.0
0,0.0
0,0.0
0,0.0
0,0.0
0,0.0
0,0.0
0,0.0
0,0.0
0,0.0
0,0.0
0,0.0
0,0.0
0,0.0
0,0.0
0,0.0
0,0.0
0,0.0
0,0.0
0,0.0
0,0.0
0,0.0
0,0.0
0,0.0
0,0.0
0,0.0
0,0.0
0,0.0
0,0.0
0,0.0
0,0.0
0,0.0
0,0.0
0,0.0
0,0.0
0,0.0
0,0.0
0,0.0
0,0.0
0,0.0
17,1.0
0,0.0
0,0.0
0,0.0
0,0.0
0,0.0
0,0.0
0,0.0
0,0.0
0,0.0
1,0.058823529411764705
2,0.11764705882352941
0,0.0
0,0.0
0,0.0
0,0.0
0,0.0
0,0.0
0,0.0
0,0.0
0,0.0
0,0.0
0,0.0
0,0.0
0,0.0
0,0.0
0,0.0
0,0.0
0,0.0
0,0.0
0,0.0
0,0.0
0,0.0
15,0.8823529411764706
0,0.0
0,0.0
0,0.0
0,0.0
0,0.0
0,0.0
0,0.0
0,0.0
0,0.0
0,0.0
0,0.0
0,0.0
0,0.0
0,0.0
0,0.0
0,0.0
0,0.0
0,0.0
0,0.0
0,0.0
0,0.0
17,1.0
0,0.0
0,0.0
0,0.0
0,0.0
0,0.0
0,0.0
0,0.0
0,0.0
0,0.0
0,0.0
17,1.0
0,0.0
0,0.0
0,0.0
0,0.0
0,0.0
0,0.0
0,0.0
0,0.0
0,0.0
0,0.0
0,0.0
0,0.0
0,0.0
0,0.0
0,0.0
0,0.0
0,0.0
0,0.0
0,0.0
0,0.0
0,0.0
0,0.0
0,0.0
0,0.0
0,0.0
0,0.0
0,0.0
0,0.0
0,0.0
0,0.0
0,0.0
0,0.0
0,0.0
0,0.0
0,0.0
0,0.0
0,0.0
0,0.0
0,0.0
0,0.0
0,0.0
0,0.0
0,0.0
0,0.0
0,0.0
0,0.0
0,0.0
0,0.0
0,0.0
0,0.0
0,0.0
0,0.0
0,0.0
0,0.0
0,0.0
0,0.0
0,0.0
0,0.0
0,0.0
0,0.0
0,0.0
0,0.0
0,0.0
0,0.0
0,0.0
0,0.0
0,0.0
0,0.0
0,0.0
0,0.0
0,0.0
0,0.0
0,0.0
0,0.0
0,0.0
0,0.0
0,0.0
0,0.0
0,0.0
0,0.0
0,0.0
0,0.0
0,0.0
0,0.0
0,0.0
0,0.0
0,0.0
0,0.0
0,0.0
0,0.0
0,0.0
0,0.0
0,0.0
0,0.0
0,0.0
17,1.0
0,0.0
0,0.0
0,0.0
0,0.0
0,0.0
0,0.0
0,0.0
0,0.0
0,0.0
0,0.0
0,0.0
0,0.0
0,0.0
0,0.0
0,0.0
0,0.0
0,0.0
0,0.0
0,0.0
17,1.0
0,0.0
0,0.0
0,0.0
0,0.0
0,0.0
0,0.0
0,0.0
0,0.0
0,0.0
0,0.0
0,0.0
0,0.0
0,0.0
0,0.0
0,0.0
0,0.0
0,0.0
0,0.0
0,0.0
0,0.0
0,0.0
0,0.0
0,0.0
0,0.0
0,0.0
0,0.0
0,0.0
0,0.0
0,0.0
0,0.0
0,0.0
0,0.0
0,0.0
0,0.0
0,0.0
0,0.0
0,0.0
0,0.0
0,0.0
0,0.0
0,0.0
0,0.0
0,0.0
0,0.0
0,0.0
0,0.0
0,0.0
0,0.0
0,0.0
0,0.0
0,0.0
0,0.0
0,0.0
0,0.0
0,0.0
0,0.0
0,0.0
0,0.0
0,0.0
0,0.0
0,0.0
0,0.0
0,0.0
0,0.0
0,0.0
0,0.0
0,0.0
0,0.0
0,0.0
0,0.0
0,0.0
0,0.0
0,0.0
0,0.0
0,0.0
0,0.0
0,0.0
1,0.058823529411764705
1,0.058823529411764705
0,0.0
0,0.0
0,0.0
0,0.0
0,0.0
0,0.0
0,0.0
0,0.0
0,0.0
0,0.0
0,0.0
0,0.0
0,0.0
0,0.0
0,0.0
0,0.0
0,0.0
0,0.0
0,0.0
0,0.0
0,0.0
0,0.0
0,0.0
0,0.0
0,0.0
0,0.0
0,0.0
0,0.0
0,0.0
9,0.5294117647058824
0,0.0
0,0.0
0,0.0
0,0.0
0,0.0
6,0.35294117647058826
0,0.0
0,0.0
0,0.0
0,0.0
0,0.0
0,0.0
0,0.0
0,0.0
0,0.0
0,0.0
0,0.0
0,0.0
0,0.0
0,0.0
0,0.0
0,0.0
17,1.0
0,0.0
0,0.0
0,0.0
0,0.0
0,0.0
0,0.0
0,0.0
0,0.0
0,0.0
0,0.0
0,0.0
0,0.0
0,0.0
0,0.0
0,0.0
0,0.0
0,0.0
0,0.0
1,0.058823529411764705
0,0.0
0,0.0
0,0.0
0,0.0
0,0.0
1,0.058823529411764705
0,0.0
0,0.0
0,0.0
0,0.0
0,0.0
9,0.5294117647058824
1,0.058823529411764705
1,0.058823529411764705
0,0.0
0,0.0
