0.027777777777777776 0.0028011204481792618 0.0 0.4830548138491357 0.026776732351026688 0.0 0.9740644244433918
0.011904761904761904 0.19327731092436973 0.2205128205128205 0.46053406832818594 0.010799455589088111 0.045454545454545414 0.989381020053687
0.031746031746031744 0.0 0.0 0.47775178525178547 0.029380436712231492 0.0 0.9713011211116375
0.011904761904761904 0.16806722689075626 0.19487179487179485 0.44749329646388464 0.010976980886442984 0.0 0.9893415442918049
0.013888888888888888 0.12605042016806722 0.15897435897435896 0.4522235389882449 0.013196047103378898 0.0 0.9876046107689879
0.021825396825396824 0.02801120448179273 0.04102564102564099 0.46618812559989026 0.02023788389845553 0.0 0.9801436917732512
0.017857142857142856 0.050420168067226934 0.06153846153846154 0.4607931987221203 0.01680572814959465 0.0 0.9836570345807674
0.013888888888888888 0.1428571428571429 0.16923076923076918 0.44941721443822286 0.012515533463518552 0.0 0.9879204168640455
0.013888888888888888 0.1204481792717087 0.1282051282051282 0.4583827975634699 0.013077696905142317 0.0 0.9873282804358124
0.015873015873015872 0.10924369747899154 0.14871794871794874 0.45390896743312714 0.014083673590153263 0.0 0.986104531817464
0.015873015873015872 0.08403361344537819 0.11282051282051286 0.4532385477501024 0.0144978992839813 0.0 0.985709774198642
0.015873015873015872 0.08123249299719892 0.09230769230769231 0.4595799571515516 0.015267175572519083 0.0 0.9850386862466446
0.015873015873015872 0.10364145658263302 0.14358974358974363 0.45022698181836834 0.01443872418486301 0.0 0.986104531817464
0.013888888888888888 0.14005602240896353 0.1384615384615384 0.46173601919400237 0.01266347121131428 0.0 0.9871309016264014
0.023809523809523808 0.025210084033613467 0.03589743589743588 0.4727658779129367 0.021717261376412805 0.0 0.9784067582504342
0.017857142857142856 0.0672268907563025 0.10256410256410253 0.45703403123746267 0.016125214509734302 0.0 0.9839333649139428
0.02976190476190476 0.0028011204481792618 0.00512820512820511 0.4764488207256894 0.027664358837801054 0.0 0.9728012000631612
0.011904761904761904 0.18487394957983194 0.17948717948717952 0.4613868538868539 0.010858630688206403 0.0 0.9891441654823938
0.015873015873015872 0.10644257703081228 0.1333333333333333 0.4627970418936806 0.014202023788389846 0.0 0.9856702984367598
0.025793650793650792 0.011204481792717047 0.01025641025641022 0.4795769293045429 0.024498491034972484 0.0 0.9761171640612664
0.01984126984126984 0.04761904761904767 0.06666666666666665 0.4614957264957265 0.018285105627551927 0.0 0.982235907153008
0.015873015873015872 0.07563025210084029 0.07179487179487176 0.4729214121546054 0.015592638617669685 0.0 0.9848018316753513
0.021825396825396824 0.03361344537815125 0.05128205128205132 0.46509865951042423 0.019823658204627493 0.0 0.9803410705826623
0.02976190476190476 0.0056022408963585235 0.01025641025641022 0.47507085584816694 0.02754600863956447 0.0 0.9731170061582188
0.01984126984126984 0.036414565826330514 0.05128205128205132 0.469158666315529 0.018936031717853127 0.0 0.9816832464866572
0.025793650793650792 0.008403361344537785 0.01025641025641022 0.4779643925288721 0.0247056038818865 0.0 0.9761566398231486
0.025793650793650792 0.01680672268907568 0.02051282051282055 0.47110426966196184 0.023640452097757263 0.0 0.9769066792989105
0.025793650793650792 0.014005602240896309 0.02051282051282055 0.4737338359227499 0.0237292147464347 0.0 0.9766698247276172
0.017857142857142856 0.07282913165266103 0.09743589743589742 0.45585594280447217 0.01653944020356234 0.0 0.9840912679614716
0.015873015873015872 0.1204481792717087 0.15897435897435896 0.4535725916240622 0.013817385644120954 0.0 0.9863808621506395
0.017857142857142856 0.05882352941176472 0.07179487179487176 0.46017226691246305 0.01668737795135807 0.0 0.9837754618664141
0.01984126984126984 0.039215686274509776 0.05641025641025643 0.46735318058847475 0.018551393573584235 0.0 0.9820385283435971
0.023809523809523808 0.01680672268907568 0.02051282051282055 0.4721844060079354 0.022841588259660334 0.0 0.9778146218222011
0.023809523809523808 0.022408963585434205 0.04102564102564099 0.4695653104075563 0.02189478667376768 0.0 0.9786041370598453
0.021825396825396824 0.036414565826330514 0.05641025641025643 0.46654463183874945 0.019794070655068347 0.0 0.9803410705826623
0.013888888888888888 0.1204481792717087 0.14871794871794874 0.4620889381393583 0.01266347121131428 0.0 0.9874072319595768
0.027777777777777776 0.008403361344537785 0.01025641025641022 0.47668995337062575 0.025622817918220013 0.0 0.9747749881572715
0.027777777777777776 0.0056022408963585235 0.01025641025641022 0.4761072108599582 0.026007456062488905 0.0 0.9746170851097427
0.01984126984126984 0.04201680672268904 0.06153846153846154 0.465620176845667 0.01858098112314338 0.0 0.981841149534186
0.017857142857142856 0.07002801120448177 0.09743589743589742 0.4563646933132227 0.016154802059293448 0.0 0.9841307437233539
0.025793650793650792 0.014005602240896309 0.02051282051282055 0.47342937982078254 0.0240546777915853 0.0 0.9763934943944418
0.023809523809523808 0.01680672268907568 0.02051282051282055 0.47371295643354466 0.02248653766495059 0.0 0.9777356702984368
0.017857142857142856 0.06442577030812324 0.09743589743589742 0.4604608898726547 0.01642109000532576 0.0 0.9837359861045318
0.023809523809523808 0.019607843137254943 0.02564102564102566 0.47051906797896087 0.021953961772885968 0.0 0.9782488552029054
0.023809523809523808 0.019607843137254943 0.03076923076923077 0.4699759292005281 0.02216107461979999 0.0 0.9783672824885521
0.01984126984126984 0.0448179271708683 0.05641025641025643 0.4669160741219565 0.018492218474465943 0.0 0.9815648192010106
0.017857142857142856 0.06442577030812324 0.08205128205128209 0.4596342133719584 0.016450677554884906 0.0 0.9838149376282962
0.027777777777777776 0.01680672268907568 0.03076923076923077 0.4705557397784288 0.02517900467483283 0.0 0.9754460761092689
0.025793650793650792 0.011204481792717047 0.01538461538461533 0.4754775693972527 0.024646428782768213 0.0 0.9759592610137375
0.027777777777777776 0.011204481792717047 0.01538461538461533 0.47216138203533164 0.025356529972187705 0.0 0.9748539396810358
0.015873015873015872 0.10644257703081228 0.11794871794871797 0.46240980366505585 0.014379549085744719 0.0 0.9857492499605243
0.027777777777777776 0.014005602240896309 0.02051282051282055 0.47202745810535085 0.02523817977395112 0.0 0.9751697457760935
0.027777777777777776 0.014005602240896309 0.02051282051282055 0.471186495039113 0.025297354873069413 0.0 0.9751302700142113
0.01984126984126984 0.0448179271708683 0.06666666666666665 0.4652710742416624 0.018551393573584235 0.0 0.981841149534186
0.027777777777777776 0.014005602240896309 0.02051282051282055 0.4730913451986496 0.025090242026155393 0.0 0.9751697457760935
0.023809523809523808 0.025210084033613467 0.02564102564102566 0.4702541654694764 0.02183561157464939 0.0 0.9783672824885521
0.017857142857142856 0.06162464985994398 0.07692307692307687 0.4615292436274118 0.016450677554884906 0.0 0.9836965103426496
0.027777777777777776 0.008403361344537785 0.01025641025641022 0.472825109064605 0.025770755666015742 0.0 0.9748934154429181
0.027777777777777776 0.008403361344537785 0.01538461538461533 0.4753442626826594 0.02571158056689745 0.0 0.9749328912048003
0.027777777777777776 0.008403361344537785 0.01025641025641022 0.47318397055792033 0.025741168116456596 0.0 0.9748934154429181