0.08823529411764706 0.0 0.0 0.5685148185148186 0.08788052843193567 0.0 0.9125935711140467
0.029411764705882353 0.46226415094339623 0.22666666666666668 0.35714285714285715 0.02871912693854107 0.0 0.9707177454865697
0.014705882352941176 0.7735849056603774 0.72 1.0 0.011200459506031017 0.4285714285714286 0.9878907970057244
0.014705882352941176 0.679245283018868 0.2666666666666667 1.0 0.01723147616312464 0.1428571428571429 0.9797446059004844
0.029411764705882353 0.6698113207547169 0.64 0.7777777777777778 0.022688110281447443 0.3571428571428571 0.9766622633201233
0.029411764705882353 0.6037735849056604 0.5733333333333333 0.6 0.022975301550832855 0.2857142857142857 0.9764420959929546
0.08823529411764706 0.028301886792452824 0.013333333333333308 0.5652214452214452 0.08213670304422746 0.0 0.916116248348745
0.058823529411764705 0.08490566037735847 0.013333333333333308 0.5384615384615384 0.05973578403216542 0.0 0.9390136503742844
0.07352941176470588 0.06603773584905659 0.053333333333333344 0.5501864801864802 0.06863871338311316 0.0 0.929326287978864
0.07352941176470588 0.037735849056603765 0.0 0.5634365634365632 0.07352096496266514 0.0 0.9273447820343461
0.058823529411764705 0.19811320754716977 0.16000000000000003 0.5242424242424243 0.05226881102814474 0.0 0.9484808454425363
0.029411764705882353 0.39622641509433965 0.12 0.5 0.03159103963239517 0.0 0.9674152355790401
0.04411764705882353 0.37735849056603776 0.29333333333333333 0.5303030303030303 0.03704767375071798 0.0714285714285714 0.9610303830911493
0.04411764705882353 0.23584905660377353 0.040000000000000036 0.5366300366300366 0.04738655944859276 0.0 0.9533245266402466
0.029411764705882353 0.41509433962264153 0.17333333333333334 0.42857142857142855 0.031016657093624354 0.0 0.9682959048877147
0.029411764705882353 0.5471698113207547 0.42666666666666664 0.4166666666666667 0.024124066628374498 0.1428571428571429 0.9749009247027741
0.029411764705882353 0.49056603773584906 0.33333333333333337 0.38461538461538464 0.028144744399770247 0.0714285714285714 0.9735799207397622
0.08823529411764706 0.018867924528301883 0.013333333333333308 0.5654234654234654 0.08500861573808156 0.0 0.91369440774989
0.07352941176470588 0.047169811320754707 0.040000000000000036 0.5703379953379953 0.07122343480758185 0.0 0.9266842800528402
0.029411764705882353 0.5094339622641509 0.31999999999999995 0.38461538461538464 0.025847214244686962 0.0714285714285714 0.973139586085425
0.014705882352941176 0.6886792452830188 0.4 1.0 0.014359563469270534 0.2142857142857143 0.9821664464993395
0.04411764705882353 0.339622641509434 0.24 0.4873737373737374 0.03934520390580126 0.0 0.9594892118009688
0.029411764705882353 0.5754716981132075 0.52 0.45454545454545453 0.023549684089603676 0.2142857142857143 0.9777630999559666
0.014705882352941176 0.7169811320754718 0.52 1.0 0.01263641585295807 0.2857142857142857 0.9839277851166887
0.029411764705882353 0.4339622641509434 0.16000000000000003 0.42857142857142855 0.02929350947731189 0.0 0.9698370761778952
0.058823529411764705 0.19811320754716977 0.16000000000000003 0.5238927738927739 0.053417576105686385 0.0 0.9476001761338617
0.014705882352941176 0.7452830188679245 0.6266666666666667 1.0 0.012062033314187249 0.3571428571428571 0.9867899603698811
0.029411764705882353 0.46226415094339623 0.28 0.46153846153846156 0.028144744399770247 0.0714285714285714 0.9693967415235579
0.04411764705882353 0.33018867924528306 0.17333333333333334 0.49980574980574977 0.040206777713957496 0.0 0.9594892118009687
0.058823529411764705 0.14150943396226412 0.09333333333333338 0.5225330225330226 0.05456634118322803 0.0 0.9438573315719947
0.058823529411764705 0.16981132075471694 0.1333333333333333 0.5214646464646465 0.056289488799540495 0.0 0.9451783355350066
0.058823529411764705 0.10377358490566035 0.026666666666666616 0.5193278943278944 0.05743825387708214 0.0 0.9414354909731396
0.04411764705882353 0.3584905660377359 0.2533333333333333 0.5429292929292929 0.03790924755887421 0.0714285714285714 0.959929546455306
0.04411764705882353 0.21698113207547165 0.06666666666666665 0.5405982905982906 0.04738655944859276 0.0 0.9533245266402466
0.014705882352941176 0.7075471698113207 0.52 1.0 0.013785180930499713 0.2857142857142857 0.9850286217525319
0.029411764705882353 0.5377358490566038 0.42666666666666664 0.4166666666666667 0.02527283170591614 0.1428571428571429 0.9760017613386174
0.029411764705882353 0.5660377358490566 0.48 0.5454545454545454 0.023549684089603676 0.2142857142857143 0.9735799207397622
0.07352941176470588 0.06603773584905659 0.053333333333333344 0.548917748917749 0.06892590465249857 0.0 0.9291061206516953
0.029411764705882353 0.4528301886792453 0.24 0.5384615384615384 0.02871912693854107 0.0714285714285714 0.9698370761778952
0.04411764705882353 0.3867924528301887 0.33333333333333337 0.5207070707070707 0.038770821367030445 0.0714285714285714 0.9623513870541611
0.08823529411764706 0.037735849056603765 0.013333333333333308 0.5610644910644911 0.08385985066053991 0.0 0.916776750330251
0.058823529411764705 0.09433962264150941 0.040000000000000036 0.5203962703962705 0.05743825387708214 0.0 0.9414354909731396
0.04411764705882353 0.30188679245283023 0.18666666666666665 0.5023310023310024 0.04221711659965537 0.0 0.9583883751651255
0.058823529411764705 0.160377358490566 0.12 0.5226301476301477 0.05399195864445721 0.0 0.9467195068251871
0.058823529411764705 0.12264150943396224 0.040000000000000036 0.5203962703962703 0.05686387133831131 0.0 0.944297666226332
0.029411764705882353 0.5188679245283019 0.3733333333333333 0.5 0.02527283170591614 0.1428571428571429 0.971818582122413
0.08823529411764706 0.009433962264150941 0.0 0.5678465978465979 0.08500861573808156 0.0 0.9150154117129018
0.04411764705882353 0.24528301886792447 0.10666666666666669 0.5256410256410255 0.04480183802412407 0.0 0.9566270365477763
0.04411764705882353 0.28301886792452835 0.10666666666666669 0.5256410256410257 0.04135554279149914 0.0 0.9546455306032585
0.029411764705882353 0.4811320754716981 0.28 0.46153846153846156 0.026421596783457783 0.0714285714285714 0.9722589167767504
0.07352941176470588 0.047169811320754707 0.013333333333333308 0.5567715617715617 0.07265939115450891 0.0 0.9273447820343461
0.04411764705882353 0.34905660377358494 0.22666666666666668 0.5555555555555555 0.03848363009764503 0.0714285714285714 0.9570673712021136
0.04411764705882353 0.2924528301886793 0.16000000000000003 0.514957264957265 0.040781160252728314 0.0 0.957507705856451
0.07352941176470588 0.05660377358490565 0.053333333333333344 0.5491258741258742 0.06892590465249857 0.0 0.9291061206516953
0.04411764705882353 0.3113207547169812 0.19999999999999996 0.5 0.03991958644457209 0.0 0.9586085424922941
0.04411764705882353 0.2735849056603774 0.1466666666666666 0.5128205128205128 0.0430786904078116 0.0 0.9583883751651255
0.04411764705882353 0.30188679245283023 0.1466666666666666 0.5128205128205128 0.040781160252728314 0.0 0.957507705856451
0.04411764705882353 0.34905660377358494 0.2533333333333333 0.5429292929292929 0.039058012636415854 0.0714285714285714 0.9592690444738001
0.04411764705882353 0.2547169811320755 0.10666666666666669 0.5256410256410255 0.043940264215967834 0.0 0.9559665345662703
0.04411764705882353 0.2924528301886793 0.19999999999999996 0.5 0.04250430786904078 0.0 0.9592690444738001
0.029411764705882353 0.5283018867924528 0.3733333333333333 0.5 0.02469844916714532 0.1428571428571429 0.9740202553940995
0.058823529411764705 0.1132075471698113 0.06666666666666665 0.5215617715617715 0.05686387133831131 0.0 0.944297666226332
0.08823529411764706 0.028301886792452824 0.013333333333333308 0.5651437451437452 0.0832854681217691 0.0 0.9154557463672391
0.029411764705882353 0.4716981132075472 0.28 0.46153846153846156 0.027570361860999426 0.0714285714285714 0.9715984147952443
0.029411764705882353 0.5 0.33333333333333337 0.38461538461538464 0.026995979322228605 0.0714285714285714 0.972479084103919
0.04411764705882353 0.23584905660377353 0.026666666666666616 0.5494505494505494 0.04623779437105112 0.0 0.9513430206957287
0.04411764705882353 0.3679245283018868 0.24 0.5404040404040403 0.03819643882825962 0.0714285714285714 0.9608102157639806
0.04411764705882353 0.26415094339622647 0.10666666666666669 0.5256410256410255 0.04279149913842619 0.0 0.9566270365477763