0.3012152777777778 0.0 0.0 0.6106435346211896 0.3163270478507705 0.0 0.6750899907106362
0.3020833333333333 0.0 0.0 0.593326597837969 0.30944596512570965 0.0 0.6831020668834183
0.3098958333333333 0.0 0.0 0.5983542722965751 0.32081305758313056 0.0 0.6714613330236879
0.3151041666666667 0.0 0.0 0.6167775581865391 0.3341190186536902 0.0 0.657803065490014
0.3151041666666667 0.0 0.0 0.5928398523903199 0.3189375506893755 0.0 0.6720564328843474
0.3289930555555556 0.0 0.0 0.5946772043434613 0.33816149635036497 0.0 0.6537679981421272
0.3185763888888889 0.0 0.0 0.5972838838498372 0.3288346512570965 0.0 0.6638992104040871
0.3168402777777778 0.0 0.0 0.5899438011037363 0.3237403690186537 0.0 0.6693857408267534
0.3038194444444444 0.0 0.0 0.6116932548262745 0.3189882400648824 0.0 0.6724628425452857
0.3055555555555556 0.0 0.0 0.6009774606320091 0.31707471613949717 0.0 0.6752351370181142
0.3177083333333333 0.0 0.0 0.6159939973102105 0.3365140916463909 0.0 0.6559451927542963
0.3151041666666667 0.0 0.0 0.6003964092878933 0.3252990673154907 0.0 0.6671214584300975
0.3159722222222222 0.0 0.0 0.6045481680088335 0.3284291362530414 0.0 0.6643056200650255
0.3064236111111111 0.0 0.0 0.5987719356988194 0.3172141119221411 0.0 0.6755980027868089
0.3038194444444444 0.0 0.0 0.6091998388860588 0.31891220600162207 0.0 0.6727966790524849
0.3211805555555556 0.0 0.0 0.6144170440663678 0.3382882197891322 0.0 0.6526213423130516
0.3203125 0.0 0.0 0.606454085804518 0.33405565693430656 0.0 0.6573676265675801
0.3116319444444444 0.0 0.0 0.5978757014755106 0.3204328872668289 0.0 0.6710694379934974
0.3090277777777778 0.0 0.0 0.5978049220817968 0.31981194241686944 0.0 0.6742626567580119
0.3203125 0.0 0.0 0.6097153656219698 0.3359058191403082 0.0 0.6561338829540175
0.3125 0.0 0.0 0.587468345200113 0.3160609286293593 0.0 0.6761060148629818
0.3151041666666667 0.0 0.0 0.6112593740665927 0.3319140308191403 0.0 0.660822108685555
0.3072916666666667 0.0 0.0 0.6058663083557535 0.32055961070559613 0.0 0.6717080817464003
0.3194444444444444 0.0 0.0 0.616519233542564 0.3380727899432279 0.0 0.6536228518346494
0.3072916666666667 0.0 0.0 0.6098607438520761 0.32166210462287104 0.0 0.6691970506270319
0.3133680555555556 0.0 0.0 0.6087672910626979 0.3286065490673155 0.0 0.6640443567115651
0.3055555555555556 0.0 0.0 0.5924358599054644 0.3129942214111922 0.0 0.6808668137482581
0.3237847222222222 0.0 0.0 0.6131722661468539 0.3404678629359286 0.0 0.650269972131909
0.3064236111111111 0.0 0.0 0.6050418751125399 0.31892487834549876 0.0 0.672782164421737
0.3177083333333333 0.0 0.0 0.5922359083947981 0.32219434306569344 0.0 0.6691389921040407
0.3151041666666667 0.0 0.0 0.6094050000782077 0.3294682684509327 0.0 0.6619687645146308
0.3116319444444444 0.0 0.0 0.602225109849324 0.3253497566909976 0.0 0.6677020436600093
0.2994791666666667 0.0 0.0 0.5918492195649614 0.3055682278994323 0.0 0.6883563632141196
0.3307291666666667 0.0 0.0 0.5897946419089324 0.3367168491484185 0.0 0.655887134231305
0.3055555555555556 0.0 0.0 0.6121335326906739 0.32080038523925386 0.0 0.6703582210868557
0.3142361111111111 0.0 0.0 0.6085742728479795 0.32885999594484994 0.0 0.6621139108221086
0.3116319444444444 0.0 0.0 0.6078796828839427 0.3261861313868613 0.0 0.6657861124013005
0.3289930555555556 0.0 0.0 0.6163272849037906 0.34739963503649635 0.0 0.643709359033906
0.2994791666666667 0.0 0.0 0.5988274287106871 0.30864760746147607 0.0 0.6835810496980955
0.3046875 0.0 0.0 0.6097292678103515 0.3195965125709651 0.0 0.6724483279145378
0.3151041666666667 0.0 0.0 0.5955616077462387 0.3236643349553934 0.0 0.668630980027868
0.3125 0.0 0.0 0.607248433921532 0.32707319545823194 0.0 0.6650748954946586
0.3090277777777778 0.0 0.0 0.5916062220878893 0.31594687753446876 0.0 0.6778042266604736
0.3177083333333333 0.0 0.0 0.6089262036558278 0.3326363544201135 0.0 0.6587174872271249
0.3090277777777778 0.0 0.0 0.5908189956070322 0.31613696269261965 0.0 0.6778332559219691
0.3098958333333333 0.0 0.0 0.6080256198247584 0.32496958637469586 0.0 0.6668166511843937
0.3081597222222222 0.0 0.0 0.6072379408673195 0.32139598540145986 0.0 0.6700098699489084
0.3098958333333333 0.0 0.0 0.5940200196295983 0.3183926399026764 0.0 0.6743932884347421
0.3237847222222222 0.0 0.0 0.5896727843639309 0.33041869424168696 0.0 0.6625638643752902
0.3090277777777778 0.0 0.0 0.6037945434291392 0.3223337388483374 0.0 0.6713161867162099
0.3220486111111111 0.0 0.0 0.590399719322097 0.3261354420113544 0.0 0.6658732001857872
0.3177083333333333 0.0 0.0 0.6027516866110121 0.3312550689375507 0.0 0.6614172085462144
0.3090277777777778 0.0 0.0 0.6076281175822945 0.32438665855636656 0.0 0.6679633070134694
0.3159722222222222 0.0 0.0 0.6033836610023163 0.3260340632603406 0.0 0.6650023223409195
0.3185763888888889 0.0 0.0 0.6140423444997984 0.33609590429845904 0.0 0.6560032512772875
0.3376736111111111 0.0 0.0 0.597245094095622 0.3495412611516626 0.0 0.6420401764979098
0.3194444444444444 0.0 0.0 0.5907644657565354 0.32674371451743717 0.0 0.6667731072921503
0.3046875 0.0 0.0 0.5900603081347872 0.31143552311435524 0.0 0.6825650255457499
0.3142361111111111 0.0 0.0 0.5977375711233219 0.32616078669910786 0.0 0.6668892243381326
0.3194444444444444 0.0 0.0 0.5906774362829876 0.3260087185725872 0.0 0.6668456804458893
0.3177083333333333 0.0 0.0 0.6018810660290778 0.32917680454176806 0.0 0.6634202275894101
0.3194444444444444 0.0 0.0 0.6133401837510478 0.33718572587185724 0.0 0.654696934509986
0.3272569444444444 0.0 0.0 0.6041634082109727 0.3379460665044607 0.0 0.6535357640501624
0.3029513888888889 0.0 0.0 0.598513776125904 0.31242396593673966 0.0 0.6801846261031118
0.3133680555555556 0.0 0.0 0.6068196563367823 0.32751672749391725 0.0 0.6642911054342777
0.3159722222222222 0.0 0.0 0.5969736908406345 0.3247034671532847 0.0 0.6670633999071063
0.3263888888888889 0.0 0.0 0.6078560700252413 0.34112682481751827 0.0 0.6503860891778912
0.2934027777777778 0.0 0.0 0.6009875877266186 0.3031351378751014 0.0 0.6888788899210405
0.3064236111111111 0.0 0.0 0.6079541215763493 0.3212819343065693 0.0 0.6722886669763122
0.3255208333333333 0.0 0.0 0.603583099168193 0.3365521086780211 0.0 0.655117858801672
0.3072916666666667 0.0 0.0 0.5904325113865293 0.31396999188969993 0.0 0.6800539944263816
0.3203125 0.0 0.0 0.5994558275657016 0.3310523114355231 0.0 0.6623461449140732
0.3046875 0.0 0.0 0.6117009265309995 0.3201921127331711 0.0 0.6711420111472364
0.3072916666666667 0.0 0.0 0.601327345891587 0.3187094484995945 0.0 0.6730434277751973
0.3133680555555556 0.0 0.0 0.6134164673379942 0.33121705190592055 0.0 0.6613591500232234
0.3237847222222222 0.0 0.0 0.5958638161381856 0.3324462692619627 0.0 0.6602415234556432
0.3142361111111111 0.0 0.0 0.6108801771186669 0.3309002433090024 0.0 0.6617800743149094