0.2994791666666667 0.0 0.0 0.6001606228886807 0.31062449310624496 0.0 0.6823182768230378
0.3229166666666667 0.0025380710659898 0.0 0.6035598040100493 0.3365140916463909 0.0 0.6550017417556899
0.3072916666666667 0.0 0.0 0.6031946455762061 0.32100314274128144 0.0 0.672027403622852
0.3116319444444444 0.0025380710659898 0.0 0.6234783221866472 0.33063412408759124 0.0 0.6587465164886207
0.3090277777777778 0.0025380710659898 0.0 0.6006572234214397 0.31960918491484186 0.0 0.6724628425452859
0.3029513888888889 0.0025380710659898 0.0 0.6182811093925012 0.3173154906731549 0.0 0.6727966790524853
0.3072916666666667 0.0 0.0 0.5962038001647754 0.31647911597729117 0.0 0.6764979098931725
0.3185763888888889 0.0 0.0 0.596810460289806 0.3281756893755069 0.0 0.6647120297259639
0.3116319444444444 0.0 0.0 0.5974762608947175 0.3212692619626926 0.0 0.671824198792383
0.3159722222222222 0.0025380710659898 0.0 0.6223671998166699 0.33463858475263586 0.0 0.6547404784022297
0.3072916666666667 0.0025380710659898 0.0 0.6127488920314947 0.3216367599351176 0.0 0.6700098699489088
0.3116319444444444 0.0 0.0 0.6094335137751563 0.32551449716139497 0.0 0.6664683000464471
0.3151041666666667 0.0025380710659898 0.0 0.6036140624432914 0.3278715531224655 0.0 0.664000812819322
0.3038194444444444 0.0025380710659898 0.0 0.6212605578409977 0.3194317721005677 0.0 0.6701840455178825
0.3107638888888889 0.0 0.0 0.6036606874513774 0.32393045417680455 0.0 0.6689357872735722
0.3133680555555556 0.0 0.0 0.5975808582298884 0.3235122668288727 0.0 0.6697921504876917
0.3012152777777778 0.0025380710659898 0.0 0.605242586548705 0.31435016220600165 0.0 0.6784718996748724
0.3142361111111111 0.0 0.0 0.6208722802070924 0.33252230332522303 0.0 0.657324082675337
0.3081597222222222 0.0 0.0 0.6070368105483955 0.322625202757502 0.0 0.669850209010683
0.3159722222222222 0.0 0.0 0.5943359600551354 0.32467812246553124 0.0 0.6683116581514168
0.3081597222222222 0.0025380710659898 0.0 0.6131950839034619 0.3228279602595296 0.0 0.6691389921040412
0.3107638888888889 0.0025380710659898 0.0 0.6142438638430692 0.32532441200324413 0.0 0.6651619832791456
0.3151041666666667 0.0 0.0 0.6133276700794673 0.32983576642335766 0.0 0.6602415234556436
0.3003472222222222 0.0 0.0 0.6057685680108146 0.31300689375506896 0.0 0.6790815141662798
0.3107638888888889 0.0025380710659898 0.0 0.6062481698508224 0.32514699918897 0.0 0.6678762192289831
0.3072916666666667 0.0 0.0 0.5959942190382591 0.3164664436334144 0.0 0.6774849047840223
0.3090277777777778 0.0 0.0 0.6192550083102991 0.3266423357664234 0.0 0.6631879934974458
0.3072916666666667 0.0 0.0 0.6114420958629597 0.3219282238442822 0.0 0.6702421040408735
0.3038194444444444 0.0025380710659898 0.0 0.6153170256820779 0.3197485806974858 0.0 0.6723902693915469
0.3098958333333333 0.0025380710659898 0.0 0.6085870540810618 0.32447536496350365 0.0 0.6671069437993499
0.3194444444444444 0.0 0.0 0.6053990641934004 0.3324462692619627 0.0 0.6593271017185325
0.3098958333333333 0.0 0.0 0.5988353134362338 0.3206229724249797 0.0 0.6728402229447286
0.2994791666666667 0.0 0.0 0.6046767927327635 0.31225922546634227 0.0 0.6802571992568511
0.3177083333333333 0.0 0.0 0.6012469025682678 0.3285178426601784 0.0 0.6634347422201582
0.3072916666666667 0.0 0.0 0.6107015210082299 0.3217254663422547 0.0 0.670764630747794
0.3133680555555556 0.0025380710659898 0.0 0.6011050271638784 0.32453872668288725 0.0 0.6676730143985139
0.3125 0.0025380710659898 0.0 0.6181548073287177 0.32949361313868614 0.0 0.6608801672085465
0.3125 0.0 0.0 0.5938492960309738 0.32071167883211676 0.0 0.6726515327450071
0.3081597222222222 0.0025380710659898 0.0 0.6210075067435101 0.3256412206001622 0.0 0.6650603808639111
0.3151041666666667 0.0 0.0 0.6041491610510412 0.3286699107866991 0.0 0.663652461681375
0.3038194444444444 0.0 0.0 0.6059527586435702 0.31625101378751014 0.0 0.6752641662796101
0.3020833333333333 0.0025380710659898 0.0 0.6126753281688128 0.3175816098945661 0.0 0.6737546446818395
0.3142361111111111 0.0 0.0 0.5939269771489376 0.3227772708840227 0.0 0.6703291918253601
0.3177083333333333 0.0 0.0 0.5949122144505299 0.3260720802919708 0.0 0.6666569902461683
0.2977430555555556 0.0 0.0 0.6171446754366756 0.3141347323600973 0.0 0.677731653506735
0.3020833333333333 0.0025380710659898 0.0 0.6053041689041516 0.31500912408759124 0.0 0.6774703901532746
0.3142361111111111 0.0 0.0 0.6158814147919638 0.3306594687753447 0.0 0.6599657454714355
0.3133680555555556 0.0025380710659898 0.0 0.6144282186636801 0.32702250608272504 0.0 0.663739549465862
0.3098958333333333 0.0025380710659898 0.0 0.6085706628970134 0.3242599351175994 0.0 0.6672230608453322
0.3081597222222222 0.0025380710659898 0.0 0.6138611754046763 0.322625202757502 0.0 0.6690954482117977
0.3159722222222222 0.0 0.0 0.6078857935629227 0.3284164639091646 0.0 0.6626509521597772
0.3107638888888889 0.0 0.0 0.6037685361495382 0.32452605433901055 0.0 0.6682245703669301
0.2977430555555556 0.0 0.0 0.6017936200377458 0.3093192416869424 0.0 0.6835665350673481
0.3211805555555556 0.0 0.0 0.610469901867745 0.33567771695052717 0.0 0.6547985369252209
0.3151041666666667 0.0 0.0 0.5940714871954691 0.3235122668288727 0.0 0.6695163725034836
0.3142361111111111 0.0025380710659898 0.0 0.6228544292354892 0.3333333333333333 0.0 0.6561483975847656
0.2942708333333333 0.0 0.0 0.6070735398788328 0.30697485806974856 0.0 0.685540524849048
0.3194444444444444 0.0025380710659898 0.0 0.6026594716148155 0.3319647201946472 0.0 0.6605173014398517
0.3046875 0.0025380710659898 0.0 0.6238064490741968 0.3218395174371452 0.0 0.668239084997678
0.3116319444444444 0.0025380710659898 0.0 0.601275738697842 0.32273925385239255 0.0 0.6691825359962845
0.3211805555555556 0.0 0.0 0.5934037813901171 0.3296583536090835 0.0 0.664000812819322
0.3064236111111111 0.0 0.0 0.6136979763238033 0.32134529602595296 0.0 0.6709097770552719
0.3159722222222222 0.0 0.0 0.5940554004670661 0.32502027575020276 0.0 0.6689793311658153
0.3168402777777778 0.0 0.0 0.6062156497609144 0.3302412814274128 0.0 0.6611124013005112
0.3125 0.0 0.0 0.6140823830072204 0.32820103406326034 0.0 0.6630863910822111
0.3194444444444444 0.0025380710659898 0.0 0.5966776972037294 0.3288346512570965 0.0 0.6639572689270787
0.3046875 0.0 0.0 0.5976585597867552 0.3153132603406326 0.0 0.6780945192754297
0.3159722222222222 0.0025380710659898 0.0 0.5980923702331384 0.32491889699918897 0.0 0.666961797491872
0.3125 0.0 0.0 0.6142334330954413 0.3290247364152474 0.0 0.6625493497445426
0.3142361111111111 0.0 0.0 0.6059249212622745 0.3268197485806975 0.0 0.6643201346957737
0.296875 0.0 0.0 0.5999185429374684 0.30716494322789945 0.0 0.6858888759869951