0.2916666666666667 0.0025380710659898 0.004950495049504955 0.6082405148582174 0.3025775547445255 0.0 0.6887337436135625
0.3125 0.0025380710659898 0.004950495049504955 0.6058324467671874 0.32308140713706407 0.0 0.6680649094287043
0.2960069444444444 0.0025380710659898 0.004950495049504955 0.599687930278378 0.30095549472830496 0.0 0.6882547607988854
0.2821180555555556 0.0025380710659898 0.004950495049504955 0.601579471621754 0.28886607866991076 0.0 0.7025516720854623
0.2838541666666667 0.0025380710659898 0.004950495049504955 0.6148411589964068 0.2960766423357664 0.0 0.6947282861124013
0.2873263888888889 0.0 0.0 0.6073877851220472 0.29652017437145173 0.0 0.6945831398049236
0.2977430555555556 0.0025380710659898 0.004950495049504955 0.5979864181938929 0.30215936739659366 0.0 0.6876016024152347
0.2873263888888889 0.0025380710659898 0.004950495049504955 0.6164533829919909 0.29911800486618007 0.0 0.6922898281467722
0.2907986111111111 0.0025380710659898 0.004950495049504955 0.6094944876928426 0.3019059205190592 0.0 0.6892417556897354
0.2977430555555556 0.0025380710659898 0.004950495049504955 0.6176711953912551 0.3118410381184104 0.0 0.6794443799349746
0.3055555555555556 0.0025380710659898 0.004950495049504955 0.5971690146530967 0.3094206204379562 0.0 0.679836274965165
0.2873263888888889 0.0025380710659898 0.004950495049504955 0.6138882575747344 0.29928274533657745 0.0 0.6912738039944265
0.2934027777777778 0.0 0.0 0.6112247752493505 0.3045164233576642 0.0 0.6858743613562472
0.2916666666666667 0.0 0.0 0.6025193953410937 0.2989659367396594 0.0 0.6935816302833258
0.296875 0.0 0.0 0.6079921119472144 0.3072536496350365 0.0 0.6846551323734326
0.296875 0.0025380710659898 0.004950495049504955 0.6177972291677465 0.31103000811030007 0.0 0.6804313748258245
0.2890625 0.0025380710659898 0.004950495049504955 0.6088734698414477 0.29997972424979724 0.0 0.6913173478866698
0.2934027777777778 0.0 0.0 0.6028528097286437 0.30081609894566097 0.0 0.6907222480260102
0.3090277777777778 0.0 0.0 0.6116819109381255 0.3204328872668289 0.0 0.6702711333023688
0.2864583333333333 0.0025380710659898 0.004950495049504955 0.614207929457267 0.29913067721005676 0.0 0.6920285647933118
0.3098958333333333 0.0025380710659898 0.004950495049504955 0.6091080061507111 0.32120590024330903 0.0 0.6709097770552719
0.2847222222222222 0.0 0.0 0.616664937950655 0.2955824209245742 0.0 0.6949895494658617
0.2916666666666667 0.0025380710659898 0.004950495049504955 0.610582066831419 0.30246350364963503 0.0 0.6889369484440317
0.2994791666666667 0.0 0.0 0.6057779634212832 0.30928122465531227 0.0 0.6828553181607062
0.2960069444444444 0.0 0.0 0.6078510945432983 0.30736770072992703 0.0 0.6844664421737113
0.2873263888888889 0.0 0.0 0.6134224149423639 0.2998403284671533 0.0 0.6917963307013472
0.2951388888888889 0.0025380710659898 0.004950495049504955 0.601366650042212 0.3033759124087591 0.0 0.6878918950301905
0.2899305555555556 0.0025380710659898 0.004950495049504955 0.6023275286391149 0.29749594484995945 0.0 0.6940751277287507
0.3012152777777778 0.0025380710659898 0.004950495049504955 0.6168538962813284 0.316073600973236 0.0 0.6759173246632607
0.2916666666666667 0.0 0.0 0.610740149927313 0.3025648824006488 0.0 0.6882547607988854
0.3046875 0.0 0.0 0.6120002546642145 0.31739152473641524 0.0 0.6739578495123086
0.2881944444444444 0.0 0.0 0.6154381753985434 0.3001824817518248 0.0 0.6899820018578728
0.2977430555555556 0.0 0.0 0.6025482305606419 0.3067467558799676 0.0 0.6851776590803531
0.2986111111111111 0.0025380710659898 0.004950495049504955 0.6114311203334879 0.3099655312246553 0.0 0.6817522062238739
0.2864583333333333 0.0 0.0 0.6084065076909125 0.2963427615571776 0.0 0.6951492104040875
0.2803819444444444 0.0 0.0 0.6047607552863612 0.2890941808596918 0.0 0.7030016256386439
0.2907986111111111 0.0025380710659898 0.004950495049504955 0.6113351656957965 0.30240014193025144 0.0 0.6889369484440317
0.2960069444444444 0.0025380710659898 0.004950495049504955 0.606720164717695 0.3050486618004866 0.0 0.6854679516953089
0.28125 0.0 0.0 0.6175133335619357 0.2923636455798865 0.0 0.6978634463539248
0.2960069444444444 0.0025380710659898 0.004950495049504955 0.6045979732147815 0.3059103811841038 0.0 0.6864259173246634
0.3116319444444444 0.0025380710659898 0.004950495049504955 0.602730981564666 0.31891220600162207 0.0 0.6724047840222944
0.2847222222222222 0.0025380710659898 0.004950495049504955 0.6022150004624861 0.2915652879156529 0.0 0.6996487459359035
0.3055555555555556 0.0 0.0 0.607973614350983 0.31832927818329276 0.0 0.6745819786344637
0.2786458333333333 0.005076142131979711 0.00990099009900991 0.6132121902188105 0.28941098945660987 0.0 0.7011437529029263
0.3064236111111111 0.0025380710659898 0.004950495049504955 0.6085136822246843 0.31729014598540145 0.0 0.6748577566186718
0.296875 0.0 0.0 0.599458566604321 0.30221005677210055 0.0 0.6870790757083142
0.2916666666666667 0.0 0.0 0.6072943934767583 0.3025268653690186 0.0 0.6898803994426383
0.2890625 0.0025380710659898 0.004950495049504955 0.6028365074227706 0.29710310218978103 0.0 0.6956427078495123
0.2899305555555556 0.0 0.0 0.61333130409222 0.30095549472830496 0.0 0.6892272410589876
0.2881944444444444 0.0025380710659898 0.004950495049504955 0.605851998447997 0.29814223438767234 0.0 0.6942057594054808
0.296875 0.0025380710659898 0.004950495049504955 0.6178217424072133 0.3111440592051906 0.0 0.6800975383186254
0.3003472222222222 0.0025380710659898 0.004950495049504955 0.6159171321624395 0.31424878345498786 0.0 0.6775284486762658
0.2942708333333333 0.0025380710659898 0.004950495049504955 0.6089322326647174 0.3049219383617194 0.0 0.6857292150487693
0.2951388888888889 0.0025380710659898 0.004950495049504955 0.5971087394261683 0.29943481346309814 0.0 0.690606130980028
0.2838541666666667 0.0025380710659898 0.004950495049504955 0.6023811655907803 0.29084296431467965 0.0 0.7003454482117977
0.2986111111111111 0.0025380710659898 0.004950495049504955 0.6180879423239974 0.3131969789132198 0.0 0.6779929168601952
0.3246527777777778 0.0025380710659898 0.004950495049504955 0.6016349674439997 0.3334220397404704 0.0 0.6576143752902928
0.2873263888888889 0.0025380710659898 0.004950495049504955 0.6149342007426659 0.29976429440389296 0.0 0.6909109382257317
0.2942708333333333 0.0 0.0 0.6142752261696419 0.30646796431467965 0.0 0.6852212029725966
0.3055555555555556 0.0 0.0 0.608895806746107 0.31886151662611517 0.0 0.6739288202508129
0.3012152777777778 0.0025380710659898 0.004950495049504955 0.607174787114117 0.31106802514193027 0.0 0.6803152577798421
0.2760416666666667 0.005076142131979711 0.00990099009900991 0.6130333697284324 0.2864963503649635 0.0 0.7043950301904323
0.2977430555555556 0.0025380710659898 0.004950495049504955 0.6128203559784154 0.30994018653690186 0.0 0.6814619136089177
0.2925347222222222 0.0025380710659898 0.004950495049504955 0.6012013193266738 0.3003979115977291 0.0 0.6908819089642361
0.2934027777777778 0.0025380710659898 0.004950495049504955 0.6126936269904066 0.30403487429034876 0.0 0.6875000000000002
0.2795138888888889 0.0025380710659898 0.004950495049504955 0.6130177904522336 0.29094434306569344 0.0 0.7007518578727359
0.2960069444444444 0.0025380710659898 0.004950495049504955 0.6090987889875124 0.3062525344687753 0.0 0.6851921737111009
0.3211805555555556 0.0025380710659898 0.004950495049504955 0.5968162231703532 0.32702250608272504 0.0 0.6627090106827683
0.2890625 0.0025380710659898 0.004950495049504955 0.6086053591060043 0.2997009326845093 0.0 0.6917092429168602
0.2934027777777778 0.0025380710659898 0.004950495049504955 0.6082045357460723 0.3038067721005677 0.0 0.6882692754296331
0.2847222222222222 0.0025380710659898 0.004950495049504955 0.6133036391417709 0.2968623276561233 0.0 0.6942783325592199