0.3350694444444444 0.0 0.0 0.6013178751548925 0.3459169708029197 0.0 0.6433610078959591
0.3402777777777778 0.0 0.0 0.5771061675983611 0.3355636658556367 0.0 0.6555097538318626
0.3350694444444444 0.0 0.0 0.5843338618194118 0.34065794809407945 0.0 0.6525487691593126
0.328125 0.0 0.0 0.5790797229081602 0.32665500811030007 0.0 0.6646249419414769
0.3272569444444444 0.0 0.0 0.5944596833676954 0.33216747769667476 0.0 0.6556549001393404
0.3515625 0.0 0.0 0.5806642043508502 0.3521390916463909 0.0 0.6386437529029261
0.3446180555555556 0.0 0.0 0.5822401318130813 0.3470194647201946 0.0 0.6446818392940082
0.3255208333333333 0.0 0.0 0.5820618678963226 0.3232714922952149 0.0 0.6659167440780306
0.3359375 0.0 0.0 0.5822482298400153 0.3400243309002433 0.0 0.6526648862052948
0.3385416666666667 0.0 0.0 0.6014515916205141 0.34893298864557987 0.0 0.6395146307477938
0.328125 0.0 0.0 0.5887848502843909 0.3327757502027575 0.0 0.6588336042731073
0.3359375 0.0 0.0 0.5873752694154621 0.3408733779399838 0.0 0.6506908964235949
0.3368055555555556 0.0 0.0 0.597395599997271 0.3452326642335766 0.0 0.6441593125870878
0.3489583333333333 0.0 0.0 0.5841817040701497 0.35189831711273317 0.0 0.6404871110078958
0.3298611111111111 0.0 0.0 0.585955982850023 0.3319520478507705 0.0 0.6589787505805854
0.3342013888888889 0.0 0.0 0.5857575134458718 0.3383515815085158 0.0 0.6534196470041802
0.3324652777777778 0.0 0.0 0.589623069905307 0.33667883211678834 0.0 0.6535502786809103
0.3177083333333333 0.0 0.0 0.5935422249787438 0.32225770478507704 0.0 0.6669763121226195
0.3342013888888889 0.0 0.0 0.5859907493081333 0.3379080494728305 0.0 0.6525632837900601
0.3359375 0.0 0.0 0.5951352518005726 0.3417984590429846 0.0 0.6466703437064562
0.3489583333333333 0.0 0.0 0.5803450497736389 0.35433140713706407 0.0 0.6401242452392011
0.3220486111111111 0.0 0.0 0.5868387412843836 0.3239684712084347 0.0 0.6660618903855084
0.3368055555555556 0.0 0.0 0.5870116291362917 0.341963199513382 0.0 0.6492829772410591
0.3411458333333333 0.0 0.0 0.5955574925814624 0.3505930656934307 0.0 0.6396162331630284
0.3550347222222222 0.0 0.0 0.5871714679021534 0.3634808394160584 0.0 0.6291511843938691
0.3289930555555556 0.0 0.0 0.5849589138880343 0.3307988645579886 0.0 0.6606769623780773
0.3298611111111111 0.0 0.0 0.5960416914720229 0.3385416666666667 0.0 0.6517359498374362
0.3368055555555556 0.0 0.0 0.5877970576853214 0.34091139497161393 0.0 0.6495297259637716
0.3333333333333333 0.0 0.0 0.5870962859006502 0.3383389091646391 0.0 0.6529987227124942
0.3298611111111111 0.0 0.0 0.584290054250793 0.3313057583130576 0.0 0.6601108917789134
0.3515625 0.0 0.0 0.5785600062525164 0.352823398215734 0.0 0.6400226428239668
0.3359375 0.0 0.0 0.5865363202515191 0.3405692416869424 0.0 0.6507489549465862
0.3394097222222222 0.0 0.0 0.5817899903674159 0.3398215733982157 0.0 0.6515037157454713
0.3246527777777778 0.0 0.0 0.5908780440828617 0.32849249797242497 0.0 0.6610543427775198
0.3463541666666667 0.0 0.0 0.5740858870148211 0.3426221613949716 0.0 0.6491958894565724
0.3376736111111111 0.0 0.0 0.5872790888246793 0.34306569343065696 0.0 0.6487894797956341
0.3359375 0.0 0.0 0.6003158998264633 0.3469941200324412 0.0 0.6428529958197864
0.3489583333333333 0.0 0.0 0.575889081284957 0.34549878345498786 0.0 0.6459446121690665
0.3289930555555556 0.0 0.0 0.58694958158653 0.33186334144363344 0.0 0.6587465164886206
0.3359375 0.0 0.0 0.5928390719381937 0.3424067315490673 0.0 0.6473525313516024
0.3342013888888889 0.0 0.0 0.5861805213026146 0.33732512165450124 0.0 0.6539566883418486
0.3255208333333333 0.0 0.0 0.5817751010432635 0.32329683698296835 0.0 0.6660183464932652
0.3394097222222222 0.0 0.0 0.5873374219626054 0.34508059610705594 0.0 0.6468880631676731
0.3359375 0.0 0.0 0.5848125035826311 0.33890916463909165 0.0 0.6529696934509988
0.3229166666666667 0.0 0.0 0.5891316776119486 0.32815034468775345 0.0 0.6644943102647467
0.3480902777777778 0.0 0.0 0.5985864990314028 0.35762621654501214 0.0 0.6315170692057595
0.3368055555555556 0.0 0.0 0.585356002267928 0.3394287307380373 0.0 0.6517069205759409
0.3359375 0.0 0.0 0.5882390280288182 0.34231802514193027 0.0 0.6498925917324663
0.3376736111111111 0.0 0.0 0.5931505393020507 0.3438640510948905 0.0 0.6452914537854157
0.3472222222222222 0.0 0.0 0.5750836196689363 0.3436486212489862 0.0 0.6478460287970275
0.3324652777777778 0.0 0.0 0.5783222802273363 0.3281756893755069 0.0 0.6614462378077102
0.3428819444444444 0.0 0.0 0.5783394182176768 0.3395427818329278 0.0 0.6512569670227591
0.3298611111111111 0.0 0.0 0.5864737933936537 0.33376419302514193 0.0 0.6564967487227124
0.3532986111111111 0.0 0.0 0.5750590969590134 0.3498073803730738 0.0 0.6425772178355784
0.3368055555555556 0.0 0.0 0.5988064783155362 0.34581559205190593 0.0 0.6430707152810033
0.3289930555555556 0.0 0.0 0.5779960965080404 0.3254511354420114 0.0 0.6644943102647469
0.3402777777777778 0.0 0.0 0.5783305561927746 0.3395427818329278 0.0 0.6521713887598699
0.34375 0.0 0.0 0.5802909570983995 0.3434585360908354 0.0 0.6483395262424522
0.3333333333333333 0.0 0.0 0.585149165617481 0.33619728304947283 0.0 0.6557855318160706
0.3376736111111111 0.0 0.0 0.5890958784815961 0.3424447485806975 0.0 0.64822340919647
0.3324652777777778 0.0 0.0 0.5831901068346159 0.3334727291159773 0.0 0.6582675336739436
0.3359375 0.0 0.0 0.5878881569152511 0.34117751419302517 0.0 0.6502264282396655
0.3359375 0.0 0.0 0.5793137030759119 0.3361719383617194 0.0 0.6554952392011146
0.3411458333333333 0.0 0.0 0.5836192655906672 0.34420620437956206 0.0 0.6475992800743151
0.3333333333333333 0.0 0.0 0.5957304206687909 0.33999898621248986 0.0 0.6487314212726429
0.3602430555555556 0.0 0.0 0.5746420028693043 0.3582851784266018 0.0 0.6348699489084999
0.3402777777777778 0.0 0.0 0.5952814027169444 0.3473616180048662 0.0 0.6425191593125871
0.3359375 0.0 0.0 0.5891727599192608 0.34125354825628545 0.0 0.6491378309335811
0.3394097222222222 0.0 0.0 0.5777462088278822 0.3386937347931874 0.0 0.654551788202508
0.3315972222222222 0.0 0.0 0.5890596347074964 0.33577909570154096 0.0 0.654914653971203
0.3480902777777778 0.0 0.0 0.5772241010588284 0.34750101378751014 0.0 0.64427542963307
0.34375 0.0 0.0 0.5989548127464603 0.3554212287104623 0.0 0.6351457268927079
0.3376736111111111 0.0 0.0 0.5841381188726162 0.3399229521492295 0.0 0.6504006038086392
0.3376736111111111 0.0 0.0 0.5838373582840812 0.34268552311435524 0.0 0.6495152113330237
0.3489583333333333 0.0 0.0 0.5750500129223972 0.34581559205190593 0.0 0.6460026706920576
0.328125 0.0 0.0 0.5798315828978353 0.32735198702351986 0.0 0.6640588713423129
0.3376736111111111 0.0 0.0 0.5832304601918563 0.3416210462287105 0.0 0.6509376451463074
0.3411458333333333 0.0 0.0 0.5775311447171138 0.33659012570965124 0.0 0.65414537854157