0.3038194444444444 0.0 0.0 0.6040499495805466 0.31647911597729117 0.0 0.6748577566186718
0.2960069444444444 0.0 0.0 0.5974540678267295 0.30229876317923765 0.0 0.6878773803994428
0.3107638888888889 0.0 0.0 0.5970742868635986 0.3145909367396594 0.0 0.6732321179749188
0.2960069444444444 0.0 0.0 0.6122071650481373 0.3074183901054339 0.0 0.6806055503947981
0.3246527777777778 0.0 0.0 0.6046912417779473 0.3342837591240876 0.0 0.6541453785415701
0.3072916666666667 0.0 0.0 0.617144002426023 0.3227772708840227 0.0 0.665481305155597
0.3125 0.0 0.0 0.6143029645332563 0.3281123276561233 0.0 0.6603866697631215
0.2986111111111111 0.0 0.0 0.6094845504479346 0.311308799675588 0.0 0.6781525777984212
0.3072916666666667 0.0 0.0 0.5940567813735395 0.3116129359286294 0.0 0.678080004644682
0.3081597222222222 0.0 0.0 0.6154394598318419 0.3241585563665856 0.0 0.6646684858337206
0.3029513888888889 0.0 0.0 0.6016971298378385 0.31192974452554745 0.0 0.6777316535067349
0.3046875 0.0 0.0 0.6121467915624837 0.3177083333333333 0.0 0.6703582210868558
0.3029513888888889 0.0 0.0 0.6132497063690288 0.31614963503649635 0.0 0.6718096841616352
0.3046875 0.0 0.0 0.6138967714865471 0.31912763584752635 0.0 0.669574431026475
0.3046875 0.0 0.0 0.6011685771127379 0.31236060421735606 0.0 0.6764398513701815
0.3237847222222222 0.0 0.0 0.6071907507803097 0.33623530008110303 0.0 0.6528390617742685
0.2916666666666667 0.0 0.0 0.6015505347947553 0.29982765612327655 0.0 0.6896771946121693
0.3029513888888889 0.0 0.0 0.6103078684557598 0.3166058394160584 0.0 0.6735949837436137
0.3116319444444444 0.0 0.0 0.6173109518075258 0.32690845498783455 0.0 0.6612430329772414
0.3159722222222222 0.0 0.0 0.5993038398631844 0.3235249391727494 0.0 0.6649878077101721
0.3125 0.0 0.0 0.5979455268130404 0.3186080697485807 0.0 0.6705178820250814
0.2986111111111111 0.0 0.0 0.6009452457228184 0.3078999391727494 0.0 0.6821441012540643
0.2986111111111111 0.0 0.0 0.6133240214466261 0.3117523317112733 0.0 0.6766575708313983
0.3107638888888889 0.0 0.0 0.6048731364452855 0.32409519464720193 0.0 0.6675133534602882
0.2994791666666667 0.0 0.0 0.5978331357507222 0.3066073600973236 0.0 0.6835084765443569
0.3064236111111111 0.0 0.0 0.5972290004104107 0.3088883819951338 0.0 0.6789073385973061
0.3194444444444444 0.0 0.0 0.6025255613486403 0.33032998783454987 0.0 0.6598931723176964
0.2977430555555556 0.0 0.0 0.610496746952543 0.3097754460665045 0.0 0.6792266604737578
0.3229166666666667 0.0 0.0 0.5988853191327186 0.3308115369018654 0.0 0.6577014630747795
0.3081597222222222 0.0 0.0 0.615276838012049 0.32387976480129765 0.0 0.664784602879703
0.3072916666666667 0.0 0.0 0.5962468803950731 0.3121831914030819 0.0 0.6760044124477476
0.3107638888888889 0.0 0.0 0.6009787834369048 0.31972323600973235 0.0 0.6689357872735721
0.3029513888888889 0.0 0.0 0.5976731852126427 0.31296887672343876 0.0 0.678921853228054
0.3038194444444444 0.0 0.0 0.6026012824418456 0.3117903487429035 0.0 0.6765704830469115
0.3098958333333333 0.0 0.0 0.5934636849651556 0.31426145579886455 0.0 0.6756125174175571
0.3194444444444444 0.0 0.0 0.6001411165019002 0.32875861719383614 0.0 0.6605318160705993
0.3098958333333333 0.0 0.0 0.5916106634427286 0.31322232360097324 0.0 0.6771220390153276
0.2994791666666667 0.0 0.0 0.6066374503324913 0.3126647404703974 0.0 0.6782832094751512
0.3133680555555556 0.0 0.0 0.6128182727931402 0.32700983373884834 0.0 0.6608511379470507
0.3107638888888889 0.0 0.0 0.6159572119391357 0.32697181670721814 0.0 0.6615913841151884
0.3098958333333333 0.0 0.0 0.6110715874945454 0.3254004460665045 0.0 0.6644217371110082
0.3116319444444444 0.0 0.0 0.6142683158915427 0.3279729318734793 0.0 0.6612140037157457
0.3055555555555556 0.0 0.0 0.6014303922685994 0.31360249391727496 0.0 0.6748722712494197
0.3003472222222222 0.0 0.0 0.6140161860413775 0.3148697283049473 0.0 0.6741610543427778
0.2994791666666667 0.0 0.0 0.5974209099765163 0.30393349553933496 0.0 0.6850760566651186
0.3038194444444444 0.0 0.0 0.6150849326134041 0.3182532441200324 0.0 0.6701695308871345
0.3107638888888889 0.0 0.0 0.5973270972234191 0.31946978913219787 0.0 0.6719112865768695
0.3098958333333333 0.0 0.0 0.6155265376929218 0.3255905312246553 0.0 0.6629122155132376
0.3003472222222222 0.0 0.0 0.6033012371983737 0.3089897607461476 0.0 0.6798798188574084
0.3151041666666667 0.0 0.0 0.5968125546214966 0.3217381386861314 0.0 0.6682245703669298
0.3168402777777778 0.0 0.0 0.5979433932775287 0.32431062449310627 0.0 0.6645523687877382
0.2951388888888889 0.0 0.0 0.6053212943849888 0.305948398215734 0.0 0.6837407106363217
0.3064236111111111 0.0 0.0 0.6015480806431169 0.31489507299270075 0.0 0.6742626567580123
0.3003472222222222 0.0 0.0 0.6088578932484885 0.3118410381184104 0.0 0.6766720854621461
0.3055555555555556 0.0 0.0 0.6089448307904098 0.31941909975669097 0.0 0.6706485137018114
0.3125 0.0 0.0 0.6079835266358979 0.32514699918897 0.0 0.6645523687877382
0.296875 0.0 0.0 0.6064590230933575 0.3074057177615572 0.0 0.6820424988388298
0.3046875 0.0 0.0 0.6141591697527722 0.31797445255474455 0.0 0.6697921504876918
0.3133680555555556 0.0 0.0 0.5955272882359929 0.31652980535279807 0.0 0.6715774500696703
0.3046875 0.0 0.0 0.6004838921596295 0.31253801703163014 0.0 0.6760044124477477
0.3220486111111111 0.0 0.0 0.6123044304515938 0.33574107866991076 0.0 0.6520697863446356
0.3098958333333333 0.0 0.0 0.6147853803153005 0.3259453568532036 0.0 0.6632025081281935
0.3116319444444444 0.0 0.0 0.6025124309893026 0.3243359691808597 0.0 0.66723757547608
0.2994791666666667 0.0 0.0 0.6010247991600658 0.30873631386861317 0.0 0.6812587087784487
0.2942708333333333 0.0 0.0 0.6079105103179131 0.30449107866991076 0.0 0.6844664421737113
0.3029513888888889 0.0 0.0 0.6165631595673491 0.31808850364963503 0.0 0.6704017649790992
0.3133680555555556 0.0 0.0 0.5966832910707264 0.3169860097323601 0.0 0.6707936600092894
0.2907986111111111 0.0 0.0 0.613330228843905 0.30304643146796434 0.0 0.6852792614955877
0.3090277777777778 0.0 0.0 0.6104999972620604 0.32275192619626925 0.0 0.6666860195076639
0.2942708333333333 0.0 0.0 0.6121940941634333 0.30613848337388483 0.0 0.6824053646075245
0.3133680555555556 0.0 0.0 0.6150163675920431 0.32950628548256283 0.0 0.6593416163492802
0.3055555555555556 0.0 0.0 0.5992455943627669 0.31198043390105434 0.0 0.6766285415699027
0.3098958333333333 0.0 0.0 0.6143491430509402 0.3262368207623682 0.0 0.6634057129586626
0.3046875 0.0 0.0 0.6117317734760095 0.31917832522303324 0.0 0.6701985601486301
0.2986111111111111 0.0 0.0 0.6012216907525014 0.30792528386050283 0.0 0.6817957501161171
0.3055555555555556 0.0 0.0 0.6103175655073949 0.3188995336577453 0.0 0.6704598235020904
0.3116319444444444 0.0 0.0 0.5986745588116079 0.31965987429034876 0.0 0.6705759405480727