0.3177083333333333 0.0 0.0 0.6033810635392963 0.3289867193836172 0.0 0.6627525545750117
0.3177083333333333 0.0025380710659898 0.004950495049504955 0.6217437616239239 0.3349173763179238 0.0 0.6542760102183003
0.3263888888888889 0.0 0.0 0.6047228666805807 0.33781934306569344 0.0 0.6520988156061311
0.3237847222222222 0.0 0.0 0.6118710249588933 0.33972019464720193 0.0 0.6517504644681839
0.3394097222222222 0.0025380710659898 0.004950495049504955 0.609404464049293 0.35268400243309 0.0 0.6372793776126335
0.3289930555555556 0.0 0.0 0.6228448322662125 0.34923712489862124 0.0 0.6410676962378077
0.3324652777777778 0.0 0.0 0.6243376379307016 0.3538245133819951 0.0 0.6364955875522528
0.3229166666666667 0.0 0.0 0.6226189312179959 0.3420265612327656 0.0 0.6479621458430098
0.3107638888888889 0.0 0.0 0.6100683013636179 0.32472881184103813 0.0 0.6662070366929866
0.328125 0.0 0.0 0.6110838415248181 0.34362327656123276 0.0 0.6473380167208547
0.3324652777777778 0.0 0.0 0.6154098356870951 0.3505043592862936 0.0 0.6409515791918253
0.3263888888888889 0.0 0.0 0.6037566579532259 0.33707167477696676 0.0 0.6534196470041802
0.3333333333333333 0.0 0.0 0.6233110816880323 0.3540652879156529 0.0 0.6359585462145843
0.3255208333333333 0.0 0.0 0.6195692703846511 0.3434458637469586 0.0 0.6469896655829075
0.3333333333333333 0.0 0.0 0.6049886707995438 0.3447257704785077 0.0 0.6455672317696239
0.3411458333333333 0.0 0.0 0.6023128652995529 0.3506564274128143 0.0 0.6392533673943335
0.3142361111111111 0.0 0.0 0.6169128015516016 0.3314831711273317 0.0 0.659356130980028
0.3203125 0.0 0.0 0.6201283448728448 0.3378573600973236 0.0 0.6523455643288435
0.3324652777777778 0.0 0.0 0.6025181039647578 0.3427742295214923 0.0 0.648862052949373
0.328125 0.0025380710659898 0.004950495049504955 0.6180336706287763 0.3443962895377129 0.0 0.6456398049233629
0.3376736111111111 0.0 0.0 0.6233570895131589 0.35841190186536903 0.0 0.6314590106827682
0.3220486111111111 0.0 0.0 0.6096856268110247 0.33637469586374696 0.0 0.6548420808174642
0.3272569444444444 0.0 0.0 0.6145315755569178 0.3430023317112733 0.0 0.6474831630283326
0.3263888888888889 0.0 0.0 0.6083076847980362 0.3408226885644769 0.0 0.6498345332094753
0.3211805555555556 0.0 0.0 0.6091315380126033 0.33560168288726683 0.0 0.6556839294008361
0.3394097222222222 0.0 0.0 0.6053359366484311 0.3537104622871046 0.0 0.6389195308871345
0.3255208333333333 0.0 0.0 0.6195383024291153 0.3434838807785888 0.0 0.6470041802136552
0.3263888888888889 0.0 0.0 0.6199289944193407 0.3447004257907543 0.0 0.6458575243845797
0.3307291666666667 0.0 0.0 0.620663995986246 0.3500988442822384 0.0 0.6403709939619135
0.3151041666666667 0.0 0.0 0.6103292397643263 0.3297597323600973 0.0 0.6615623548536925
0.3359375 0.0 0.0 0.6225218649903566 0.3558647607461476 0.0 0.6337958662331631
0.3342013888888889 0.0 0.0 0.601530177592845 0.34481447688564476 0.0 0.6456978634463539
0.3229166666666667 0.0 0.0 0.6175367979667388 0.34117751419302517 0.0 0.6492249187180681
0.3229166666666667 0.0 0.0 0.6197864924588659 0.3410254460665045 0.0 0.6493120065025546
0.3255208333333333 0.0 0.0 0.6124858132403113 0.34125354825628545 0.0 0.6493990942870415
0.3168402777777778 0.0 0.0 0.6129943820953742 0.33167325628548255 0.0 0.659428704133767
0.3315972222222222 0.0 0.0 0.6056506743150551 0.3437626723438767 0.0 0.6458430097538319
0.3098958333333333 0.0 0.0 0.6146203606788865 0.32572992700729925 0.0 0.6650168369716675
0.3315972222222222 0.0 0.0 0.6227833546958152 0.3522911597729116 0.0 0.6379760798885277
0.3272569444444444 0.0 0.0 0.6169005116412664 0.34590429845904297 0.0 0.6451753367394335
0.3324652777777778 0.0 0.0 0.6156054663705371 0.35046634225466344 0.0 0.6409660938225731
0.3289930555555556 0.0 0.0 0.6111065694871322 0.34292629764801297 0.0 0.6469461216906642
0.3298611111111111 0.0 0.0 0.6037070932563007 0.3408733779399838 0.0 0.6490071992568509
0.3324652777777778 0.0 0.0 0.6224924828289985 0.35279805352798055 0.0 0.6381067115652578
0.3350694444444444 0.0 0.0 0.6095352811277955 0.3502002230332522 0.0 0.6408209475150952
0.3246527777777778 0.0 0.0 0.6041310098642821 0.33579176804541766 0.0 0.6550743149094289
0.328125 0.0 0.0 0.619926193541162 0.3463985198702352 0.0 0.6426062470970739
0.3359375 0.0 0.0 0.615414391644599 0.3517842660178427 0.0 0.6389921040408731
0.3315972222222222 0.0 0.0 0.6217849903542306 0.3516448702351987 0.0 0.6388324431026473
0.3342013888888889 0.0 0.0 0.6094692851340007 0.3482360097323601 0.0 0.6424175568973526
0.3203125 0.0025380710659898 0.004950495049504955 0.6217804792843691 0.3377052919708029 0.0 0.6523455643288436
0.3272569444444444 0.0 0.0 0.6065159028672825 0.34054389699918897 0.0 0.6507924988388296
0.3298611111111111 0.0 0.0 0.6017698883414969 0.3405185523114355 0.0 0.6500667673014399
0.3289930555555556 0.0 0.0 0.6089073007774068 0.3444089618815896 0.0 0.647178355782629
0.3298611111111111 0.0 0.0 0.6167323519311974 0.34815997566909973 0.0 0.643085229911751
0.3211805555555556 0.0 0.0 0.6047598157738259 0.33245894160583944 0.0 0.6588190896423596
0.3368055555555556 0.0 0.0 0.6062838084119577 0.35087185725871856 0.0 0.6413725034835116
0.3211805555555556 0.0 0.0 0.6095140451326767 0.3354242700729927 0.0 0.6561338829540178
0.3203125 0.0 0.0 0.620879743531585 0.3392386455798865 0.0 0.651460171853228
0.3298611111111111 0.0 0.0 0.6010229087759305 0.33940338605028386 0.0 0.6512569670227589
0.3350694444444444 0.0 0.0 0.6093978076193517 0.3523418491484185 0.0 0.6400952159777056
0.3350694444444444 0.0 0.0 0.6112162111272741 0.3496553122465531 0.0 0.6409225499303298
0.3133680555555556 0.0 0.0 0.6124668388594536 0.3286572384428224 0.0 0.6629993032977243
0.3194444444444444 0.0 0.0 0.6209036064208923 0.3380347729115977 0.0 0.6518665815141664
0.3368055555555556 0.0 0.0 0.6212686291869918 0.3578923357664234 0.0 0.6326492104040873