0.3064236111111111 0.005076142131979711 0.004950495049504955 0.5969757815243236 0.31257603406326034 0.0 0.6779203437064562
0.2977430555555556 0.005076142131979711 0.004950495049504955 0.6198057892872268 0.3132096512570965 0.0 0.6780945192754295
0.3072916666666667 0.0025380710659898 0.0 0.6017821288917936 0.3209904703974047 0.0 0.6733917789131445
0.3307291666666667 0.0025380710659898 0.004950495049504955 0.6036751167928972 0.3412155312246553 0.0 0.6498635624709705
0.3090277777777778 0.0025380710659898 0.004950495049504955 0.6203578789995257 0.32765612327656124 0.0 0.6645668834184858
0.2934027777777778 0.0025380710659898 0.0 0.5975415211943632 0.30068937550689373 0.0 0.6905771017185325
0.3168402777777778 0.0 0.0 0.6002403767036144 0.32458941605839414 0.0 0.6685148629818858
0.2925347222222222 0.005076142131979711 0.004950495049504955 0.6106427843023627 0.30588503649635035 0.0 0.6860920808174641
0.2994791666666667 0.0 0.0 0.617125051288035 0.3150978304947283 0.0 0.6770059219693451
0.3107638888888889 0.0 0.0 0.6116519241287328 0.3248301905920519 0.0 0.667150487691593
0.3125 0.005076142131979711 0.004950495049504955 0.6099320318908634 0.3240064882400649 0.0 0.6655248490478403
0.3116319444444444 0.0 0.0 0.6207487609470326 0.3306721411192214 0.0 0.6614317231769622
0.2977430555555556 0.005076142131979711 0.004950495049504955 0.6176464304470592 0.3147176601784266 0.0 0.6777751973989781
0.3003472222222222 0.0025380710659898 0.004950495049504955 0.6038430869908867 0.3117523317112733 0.0 0.6817086623316303
0.3237847222222222 0.0 0.0 0.6157636391075769 0.3429896593673966 0.0 0.6501538550859265
0.3020833333333333 0.0 0.0 0.6037660703745071 0.31613696269261965 0.0 0.6786460752438458
0.3046875 0.0025380710659898 0.004950495049504955 0.6021063899136184 0.3143881792376318 0.0 0.6778332559219694
0.2890625 0.0 0.0 0.5997887989836124 0.29863645579886455 0.0 0.6935961449140735
0.3116319444444444 0.0 0.0 0.6056859875085241 0.3230307177615572 0.0 0.6687180678123548
0.3220486111111111 0.0 0.0 0.6173192845699164 0.33941605839416056 0.0 0.652868091035764
0.3072916666666667 0.0 0.0 0.6146652330637699 0.3234235604217356 0.0 0.6690664189503018
0.3020833333333333 0.0 0.0 0.6145511051869136 0.31673256285482565 0.0 0.6755544588945657
0.3064236111111111 0.0 0.0 0.6236059064109292 0.3265029399837794 0.0 0.6661780074314908
0.3003472222222222 0.0 0.0 0.6138561564638966 0.31598489456609896 0.0 0.6762076172782165
0.2916666666666667 0.0 0.0 0.6093056481646718 0.3046684914841849 0.0 0.6885595680445891
0.3046875 0.0025380710659898 0.0 0.5991744354382873 0.3129308596918086 0.0 0.6782251509521598
0.3098958333333333 0.0 0.0 0.6075861457908336 0.32496958637469586 0.0 0.6698792382721783
0.3098958333333333 0.0 0.0 0.6092042101323286 0.3249442416869424 0.0 0.6684132605666511
0.3064236111111111 0.0 0.0 0.6206897931038511 0.3257932887266829 0.0 0.6666860195076636
0.2925347222222222 0.0 0.0 0.6118082102760999 0.3081153690186537 0.0 0.6849744542498838
0.3151041666666667 0.0 0.0 0.620482559725095 0.33642538523925386 0.0 0.6563225731537389
0.3020833333333333 0.005076142131979711 0.004950495049504955 0.6195029184394427 0.3188488442822384 0.0 0.6728982814677192
0.3194444444444444 0.0 0.0 0.6036585586972 0.33171127331711275 0.0 0.6615623548536925
0.2994791666666667 0.0 0.0 0.6079860614616057 0.3147303325223033 0.0 0.6795604969809568
0.3029513888888889 0.0 0.0 0.6046721376471761 0.313691200324412 0.0 0.6791250580585231
0.3012152777777778 0.0 0.0 0.6189167224515397 0.31807583130575834 0.0 0.6739288202508128
0.3090277777777778 0.0 0.0 0.6187972243739968 0.32784620843471207 0.0 0.6643201346957732
0.3116319444444444 0.0 0.0 0.6197066343396794 0.3307608475263585 0.0 0.6613446353924755
0.3107638888888889 0.0 0.0 0.6070283077073889 0.32550182481751827 0.0 0.6693857408267534
0.3029513888888889 0.0 0.0 0.5994223526696664 0.3115875912408759 0.0 0.6804168601950769
0.3081597222222222 0.0 0.0 0.6179198807986169 0.3274280210867802 0.0 0.6653942173711099
0.3125 0.005076142131979711 0.004950495049504955 0.604963375499857 0.32225770478507704 0.0 0.6686454946586158
0.3055555555555556 0.0 0.0 0.6089840024254164 0.3184940186536902 0.0 0.6741320250812819
0.3142361111111111 0.0 0.0 0.619801373584831 0.33349807380373075 0.0 0.6581949605202042
0.3003472222222222 0.0 0.0 0.614704700604312 0.31570610300081103 0.0 0.6766866000928935
0.3107638888888889 0.0025380710659898 0.004950495049504955 0.6189295048687611 0.32765612327656124 0.0 0.6640153274500696
0.3064236111111111 0.0 0.0 0.6140105022112695 0.3215353811841038 0.0 0.6706339990710636
0.3098958333333333 0.0025380710659898 0.0 0.6059233991392744 0.3212819343065693 0.0 0.6699663260566651
0.2925347222222222 0.0 0.0 0.600254603775466 0.3028183292781833 0.0 0.6908819089642358
0.2986111111111111 0.005076142131979711 0.004950495049504955 0.6171321497867819 0.31560472424979724 0.0 0.6771075243845796
0.3064236111111111 0.0025380710659898 0.0 0.6045463278974377 0.31742954176804544 0.0 0.6753222248026011
0.3177083333333333 0.0025380710659898 0.004950495049504955 0.6206369129992081 0.3358551297648013 0.0 0.6560032512772874
0.3107638888888889 0.0025380710659898 0.0 0.6024149694212746 0.3248048459042985 0.0 0.6697050627032048
0.2925347222222222 0.0 0.0 0.6104650749806948 0.3068354622871046 0.0 0.6866291221551324
0.3012152777777778 0.0025380710659898 0.0 0.5920555751632953 0.307139598540146 0.0 0.6854824663260568
0.296875 0.0 0.0 0.6163467843153421 0.3127027575020276 0.0 0.6792992336274964
0.3159722222222222 0.0 0.0 0.6195144429018505 0.33533556366585565 0.0 0.6568741291221549
0.3029513888888889 0.0025380710659898 0.004950495049504955 0.6003462174391359 0.31272810218978103 0.0 0.6800685090571297
0.3098958333333333 0.0 0.0 0.6144891786413136 0.3247161394971614 0.0 0.6670633999071063
0.3168402777777778 0.0 0.0 0.5948736802817979 0.3237023519870235 0.0 0.668863214119833
0.2916666666666667 0.0 0.0 0.606913495722899 0.30578365774533656 0.0 0.6883128193218765
0.3142361111111111 0.0025380710659898 0.004950495049504955 0.6226755066712993 0.3330418694241687 0.0 0.6587320018578726
0.3090277777777778 0.0 0.0 0.6059019556609497 0.32367700729927007 0.0 0.6714323037621923
0.3133680555555556 0.0 0.0 0.6137420471796491 0.3288726682887267 0.0 0.6630138179284718
0.3090277777777778 0.0 0.0 0.6196697002318824 0.3280616382806164 0.0 0.6637976079888526
0.2934027777777778 0.0 0.0 0.6074258787384079 0.30796330089213303 0.0 0.6856856711565258
0.3098958333333333 0.0 0.0 0.617109889778859 0.32651561232765614 0.0 0.6646249419414769
0.3081597222222222 0.0 0.0 0.6061447581940629 0.32199158556366586 0.0 0.6720709475150952
0.3090277777777778 0.0025380710659898 0.0 0.6007026977496862 0.3225618410381184 0.0 0.6720999767765908
0.3072916666666667 0.0 0.0 0.6042215844817455 0.3164284266017843 0.0 0.6752351370181142
0.3116319444444444 0.0025380710659898 0.0 0.5984241481267254 0.3212312449310625 0.0 0.6726805620065026
0.3116319444444444 0.0025380710659898 0.004950495049504955 0.5973430642540186 0.31826591646390917 0.0 0.674770668834185
0.3107638888888889 0.0025380710659898 0.0 0.6018318894219519 0.32457674371451745 0.0 0.6701114723641431