0.3229166666666667 0.0 0.0 0.5922035288705233 0.3309002433090024 0.0 0.6622590571295865
0.3298611111111111 0.0 0.0 0.5991368789539581 0.3428882806163828 0.0 0.6506473525313516
0.3463541666666667 0.0 0.0 0.59491412474813 0.3561815693430657 0.0 0.6351457268927079
0.3324652777777778 0.0025380710659898 0.0 0.6141940103888103 0.3499974655312247 0.0 0.6405306549001394
0.3342013888888889 0.0 0.0 0.5891070029987224 0.3367675385239254 0.0 0.6542614955875522
0.3177083333333333 0.0025380710659898 0.0 0.6125267315406091 0.3314578264395783 0.0 0.6579917556897352
0.3333333333333333 0.0 0.0 0.6027735724883855 0.3447004257907543 0.0 0.645117278216442
0.3376736111111111 0.0 0.0 0.5893428724997236 0.34035381184103813 0.0 0.6500377380399442
0.3177083333333333 0.0025380710659898 0.0 0.6059642523577231 0.32988645579886455 0.0 0.6615333255921969
0.3272569444444444 0.0 0.0 0.5934568792863156 0.3348793592862936 0.0 0.6562354853692522
0.3506944444444444 0.0 0.0 0.587846165392523 0.3548636455798865 0.0 0.6379615652577799
0.3428819444444444 0.0025380710659898 0.0 0.6129894798505277 0.36057887266828875 0.0 0.6297607988852764
0.3255208333333333 0.0025380710659898 0.0 0.60152878927092 0.3386683901054339 0.0 0.6540728053878309
0.3333333333333333 0.0 0.0 0.5921127711476647 0.33728710462287104 0.0 0.6533761031119367
0.3472222222222222 0.0 0.0 0.5980007907941314 0.35837388483373883 0.0 0.6325621226196008
0.3324652777777778 0.0 0.0 0.6168260224558874 0.3501875506893755 0.0 0.6396452624245239
0.3255208333333333 0.0 0.0 0.5955432078462201 0.3346132400648824 0.0 0.6567289828146772
0.3359375 0.0025380710659898 0.0 0.6169956388124851 0.3542680454176805 0.0 0.6353199024616814
0.3237847222222222 0.0 0.0 0.592306455483876 0.3317366180048662 0.0 0.6619107059916396
0.3368055555555556 0.0 0.0 0.5962138352741129 0.34614507299270075 0.0 0.645480143985137
0.3229166666666667 0.0 0.0 0.6001790038290317 0.3321928223844282 0.0 0.6584707385044124
0.3324652777777778 0.0025380710659898 0.0 0.6021877210356353 0.34556214517437145 0.0 0.6462058755225266
0.3376736111111111 0.0 0.0 0.5984603034886294 0.3437373276561233 0.0 0.6464235949837437
0.3428819444444444 0.0 0.0 0.5921774791526845 0.34745032441200324 0.0 0.6437819321876452
0.3263888888888889 0.0 0.0 0.5954636799964111 0.3347779805352798 0.0 0.6573240826753367
0.3289930555555556 0.0025380710659898 0.0 0.6141931290591943 0.3440668085969181 0.0 0.6457704366000929
0.3324652777777778 0.0025380710659898 0.0 0.6075449036078517 0.3465632603406326 0.0 0.6447979563399908
0.3359375 0.0 0.0 0.5916341649812182 0.3410254460665045 0.0 0.6501103111936832
0.3376736111111111 0.0 0.0 0.6010827384155636 0.3471081711273317 0.0 0.6434916395726893
0.3263888888888889 0.0 0.0 0.6062801551574004 0.3386050283860503 0.0 0.6514311425917323
0.3298611111111111 0.0 0.0 0.5861965398444939 0.33069748580697483 0.0 0.6613010915002322
0.3402777777777778 0.0 0.0 0.6104018483904475 0.35653639497161393 0.0 0.6343474222015792
0.3333333333333333 0.0025380710659898 0.0 0.610521301639783 0.34903436739659366 0.0 0.6416192522062238
0.3255208333333333 0.0025380710659898 0.0 0.6145892089841541 0.34077199918897 0.0 0.6489636553646074
0.3420138888888889 0.0 0.0 0.6003208641889102 0.35388787510137876 0.0 0.6368874825824431
0.3298611111111111 0.0025380710659898 0.0 0.5988238991245723 0.3422039740470397 0.0 0.6506763817928471
0.3385416666666667 0.0 0.0 0.5916729554444545 0.34241940389294406 0.0 0.6483830701346958
0.3524305555555556 0.0025380710659898 0.0 0.5940207987855085 0.36140257502027573 0.0 0.6310090571295868
0.3385416666666667 0.0025380710659898 0.0 0.6124199198972318 0.3571066504460665 0.0 0.6345651416627962
0.3289930555555556 0.0025380710659898 0.0 0.6016534124669645 0.3420265612327656 0.0 0.6501683697166744
0.3472222222222222 0.0 0.0 0.587029535646086 0.3530768450932685 0.0 0.6412128425452857
0.3307291666666667 0.0025380710659898 0.0 0.5977386016256473 0.34269819545823194 0.0 0.6503860891778913
0.3255208333333333 0.0 0.0 0.5938441854984262 0.3334220397404704 0.0 0.6581514166279608
0.3394097222222222 0.0 0.0 0.6162074857780174 0.35718268450932683 0.0 0.6324750348351138
0.3368055555555556 0.0 0.0 0.6118984785291662 0.35405261557177614 0.0 0.6373519507663726
0.34375 0.0 0.0 0.596671574696451 0.34938919302514193 0.0 0.6413870181142592
0.3125 0.0 0.0 0.602601737409632 0.3250963098134631 0.0 0.667223060845332
0.3237847222222222 0.0025380710659898 0.0 0.600111475174127 0.3338148824006488 0.0 0.6572369948908499
0.3324652777777778 0.0 0.0 0.595073541451232 0.34059458637469586 0.0 0.6509231305155596
0.3307291666666667 0.0025380710659898 0.0 0.6009505841481537 0.34173509732360097 0.0 0.6491523455643288
0.3359375 0.0025380710659898 0.0 0.6163595859442987 0.35395123682076235 0.0 0.6358859730608454
0.3472222222222222 0.0 0.0 0.5969684798989607 0.3585259529602595 0.0 0.6333023687877382
0.3255208333333333 0.0025380710659898 0.0 0.6145111140568835 0.34100010137875103 0.0 0.6488620529493729
0.3359375 0.0025380710659898 0.0 0.6113683354427539 0.35296279399837793 0.0 0.6379615652577799
0.3489583333333333 0.0025380710659898 0.0 0.606570326587256 0.36430454176804544 0.0 0.6257112169066419
0.328125 0.0 0.0 0.5938424626620634 0.33548763179237634 0.0 0.6554226660473756
0.3376736111111111 0.0025380710659898 0.0 0.6004719649166892 0.35022556772100566 0.0 0.6419821179749188
0.3550347222222222 0.0 0.0 0.5929018858088173 0.3637596309813463 0.0 0.6289189503019044
0.3350694444444444 0.0 0.0 0.6117690066761549 0.35211374695863745 0.0 0.6387453553181608
0.3350694444444444 0.0 0.0 0.5973704432046679 0.3482993714517437 0.0 0.6459155829075709
0.3237847222222222 0.0 0.0 0.5958209722297251 0.3319140308191403 0.0 0.6599657454714352
0.3298611111111111 0.0 0.0 0.5996234664465404 0.3422039740470397 0.0 0.6508070134695774
0.3368055555555556 0.0 0.0 0.5974451404505532 0.34425689375506896 0.0 0.6466993729679518