87,1.0
0,0.0
1,0.011494252873563218
0,0.0
7,0.08045977011494253
0,0.0
0,0.0
7,0.08045977011494253
1,0.011494252873563218
8,0.09195402298850575
1,0.011494252873563218
2,0.022988505747126436
1,0.011494252873563218
4,0.04597701149425287
5,0.05747126436781609
82,0.9425287356321839
6,0.06896551724137931
0,0.0
0,0.0
86,0.9885057471264368
2,0.022988505747126436
4,0.04597701149425287
0,0.0
1,0.011494252873563218
1,0.011494252873563218
4,0.04597701149425287
1,0.011494252873563218
4,0.04597701149425287
86,0.9885057471264368
2,0.022988505747126436
0,0.0
29,0.3333333333333333
13,0.14942528735632185
1,0.011494252873563218
1,0.011494252873563218
80,0.9195402298850575
85,0.9770114942528736
2,0.022988505747126436
2,0.022988505747126436
82,0.9425287356321839
10,0.11494252873563218
0,0.0
3,0.034482758620689655
0,0.0
15,0.1724137931034483
0,0.0
5,0.05747126436781609
0,0.0
86,0.9885057471264368
0,0.0
54,0.6206896551724138
87,1.0
1,0.011494252873563218
9,0.10344827586206896
26,0.2988505747126437
34,0.39080459770114945
0,0.0
0,0.0
86,0.9885057471264368
0,0.0
0,0.0
0,0.0
1,0.011494252873563218
87,1.0
2,0.022988505747126436
6,0.06896551724137931
1,0.011494252873563218
1,0.011494252873563218
84,0.9655172413793104
71,0.8160919540229885
2,0.022988505747126436
86,0.9885057471264368
72,0.8275862068965517
0,0.0
87,1.0
2,0.022988505747126436
0,0.0
5,0.05747126436781609
2,0.022988505747126436
1,0.011494252873563218
0,0.0
3,0.034482758620689655
0,0.0
2,0.022988505747126436
2,0.022988505747126436
7,0.08045977011494253
14,0.16091954022988506
0,0.0
1,0.011494252873563218
0,0.0
0,0.0
13,0.14942528735632185
3,0.034482758620689655
4,0.04597701149425287
1,0.011494252873563218
59,0.6781609195402298
2,0.022988505747126436
0,0.0
5,0.05747126436781609
26,0.2988505747126437
87,1.0
0,0.0
26,0.2988505747126437
2,0.022988505747126436
10,0.11494252873563218
1,0.011494252873563218
7,0.08045977011494253
0,0.0
0,0.0
28,0.3218390804597701
3,0.034482758620689655
80,0.9195402298850575
5,0.05747126436781609
41,0.47126436781609193
1,0.011494252873563218
0,0.0
0,0.0
83,0.9540229885057471
6,0.06896551724137931
6,0.06896551724137931
82,0.9425287356321839
83,0.9540229885057471
0,0.0
62,0.7126436781609196
0,0.0
82,0.9425287356321839
0,0.0
87,1.0
1,0.011494252873563218
83,0.9540229885057471
4,0.04597701149425287
4,0.04597701149425287
0,0.0
81,0.9310344827586207
1,0.011494252873563218
20,0.22988505747126436
2,0.022988505747126436
85,0.9770114942528736
80,0.9195402298850575
52,0.5977011494252874
20,0.22988505747126436
82,0.9425287356321839
85,0.9770114942528736
0,0.0
1,0.011494252873563218
0,0.0
0,0.0
0,0.0
0,0.0
0,0.0
1,0.011494252873563218
9,0.10344827586206896
1,0.011494252873563218
7,0.08045977011494253
85,0.9770114942528736
16,0.1839080459770115
6,0.06896551724137931
1,0.011494252873563218
8,0.09195402298850575
0,0.0
39,0.4482758620689655
78,0.896551724137931
74,0.8505747126436781
6,0.06896551724137931
6,0.06896551724137931
54,0.6206896551724138
3,0.034482758620689655
87,1.0
8,0.09195402298850575
82,0.9425287356321839
55,0.632183908045977
1,0.011494252873563218
33,0.3793103448275862
3,0.034482758620689655
0,0.0
80,0.9195402298850575
47,0.5402298850574713
1,0.011494252873563218
0,0.0
7,0.08045977011494253
9,0.10344827586206896
80,0.9195402298850575
1,0.011494252873563218
54,0.6206896551724138
67,0.7701149425287356
7,0.08045977011494253
81,0.9310344827586207
46,0.5287356321839081
55,0.632183908045977
39,0.4482758620689655
48,0.5517241379310345
85,0.9770114942528736
0,0.0
1,0.011494252873563218
12,0.13793103448275862
3,0.034482758620689655
86,0.9885057471264368
54,0.6206896551724138
0,0.0
75,0.8620689655172413
16,0.1839080459770115
0,0.0
1,0.011494252873563218
3,0.034482758620689655
41,0.47126436781609193
0,0.0
83,0.9540229885057471
1,0.011494252873563218
76,0.8735632183908046
2,0.022988505747126436
30,0.3448275862068966
76,0.8735632183908046
2,0.022988505747126436
1,0.011494252873563218
36,0.41379310344827586
7,0.08045977011494253
84,0.9655172413793104
0,0.0
0,0.0
16,0.1839080459770115
0,0.0
44,0.5057471264367817
4,0.04597701149425287
72,0.8275862068965517
28,0.3218390804597701
70,0.8045977011494253
87,1.0
71,0.8160919540229885
2,0.022988505747126436
15,0.1724137931034483
82,0.9425287356321839
87,1.0
0,0.0
71,0.8160919540229885
87,1.0
18,0.20689655172413793
0,0.0
83,0.9540229885057471
12,0.13793103448275862
75,0.8620689655172413
37,0.42528735632183906
1,0.011494252873563218
2,0.022988505747126436
68,0.7816091954022989
0,0.0
71,0.8160919540229885
39,0.4482758620689655
15,0.1724137931034483
1,0.011494252873563218
0,0.0
52,0.5977011494252874
15,0.1724137931034483
0,0.0
72,0.8275862068965517
24,0.27586206896551724
4,0.04597701149425287
77,0.8850574712643678
83,0.9540229885057471
31,0.3563218390804598
32,0.367816091954023
0,0.0
2,0.022988505747126436
6,0.06896551724137931
71,0.8160919540229885
0,0.0
40,0.45977011494252873
4,0.04597701149425287
37,0.42528735632183906
44,0.5057471264367817
34,0.39080459770114945
0,0.0
7,0.08045977011494253
36,0.41379310344827586
0,0.0
1,0.011494252873563218
0,0.0
3,0.034482758620689655
1,0.011494252873563218
53,0.6091954022988506
81,0.9310344827586207
5,0.05747126436781609
87,1.0
0,0.0
4,0.04597701149425287
87,1.0
3,0.034482758620689655
2,0.022988505747126436
0,0.0
87,1.0
0,0.0
87,1.0
78,0.896551724137931
2,0.022988505747126436
86,0.9885057471264368
4,0.04597701149425287
44,0.5057471264367817
4,0.04597701149425287
3,0.034482758620689655
6,0.06896551724137931
9,0.10344827586206896
2,0.022988505747126436
4,0.04597701149425287
0,0.0
84,0.9655172413793104
1,0.011494252873563218
85,0.9770114942528736
31,0.3563218390804598
1,0.011494252873563218
5,0.05747126436781609
6,0.06896551724137931
4,0.04597701149425287
1,0.011494252873563218
86,0.9885057471264368
80,0.9195402298850575
80,0.9195402298850575
2,0.022988505747126436
87,1.0
65,0.7471264367816092
0,0.0
1,0.011494252873563218
75,0.8620689655172413
1,0.011494252873563218
3,0.034482758620689655
4,0.04597701149425287
6,0.06896551724137931
85,0.9770114942528736
7,0.08045977011494253
64,0.735632183908046
0,0.0
80,0.9195402298850575
86,0.9885057471264368
1,0.011494252873563218
1,0.011494252873563218
78,0.896551724137931
87,1.0
86,0.9885057471264368
50,0.5747126436781609
36,0.41379310344827586
2,0.022988505747126436
2,0.022988505747126436
5,0.05747126436781609
17,0.19540229885057472
2,0.022988505747126436
64,0.735632183908046
48,0.5517241379310345
79,0.9080459770114943
0,0.0
0,0.0
86,0.9885057471264368
0,0.0
86,0.9885057471264368
44,0.5057471264367817
0,0.0
17,0.19540229885057472
86,0.9885057471264368
83,0.9540229885057471
67,0.7701149425287356
41,0.47126436781609193
77,0.8850574712643678
87,1.0
85,0.9770114942528736
87,1.0
6,0.06896551724137931
85,0.9770114942528736
10,0.11494252873563218
2,0.022988505747126436
86,0.9885057471264368
0,0.0
4,0.04597701149425287
1,0.011494252873563218
84,0.9655172413793104
4,0.04597701149425287
82,0.9425287356321839
5,0.05747126436781609
66,0.7586206896551724
87,1.0
0,0.0
1,0.011494252873563218
2,0.022988505747126436
12,0.13793103448275862
0,0.0
86,0.9885057471264368
1,0.011494252873563218
3,0.034482758620689655
0,0.0
24,0.27586206896551724
87,1.0
6,0.06896551724137931
4,0.04597701149425287
22,0.25287356321839083
6,0.06896551724137931
21,0.2413793103448276
0,0.0
84,0.9655172413793104
2,0.022988505747126436
2,0.022988505747126436
68,0.7816091954022989
1,0.011494252873563218
0,0.0
2,0.022988505747126436
78,0.896551724137931
5,0.05747126436781609
17,0.19540229885057472
1,0.011494252873563218
0,0.0
66,0.7586206896551724
0,0.0
21,0.2413793103448276
81,0.9310344827586207
87,1.0
7,0.08045977011494253
7,0.08045977011494253
2,0.022988505747126436
14,0.16091954022988506
11,0.12643678160919541
5,0.05747126436781609
54,0.6206896551724138
50,0.5747126436781609
0,0.0
5,0.05747126436781609
14,0.16091954022988506
0,0.0
16,0.1839080459770115
0,0.0
7,0.08045977011494253
73,0.8390804597701149
14,0.16091954022988506
1,0.011494252873563218
15,0.1724137931034483
78,0.896551724137931
5,0.05747126436781609
26,0.2988505747126437
0,0.0
0,0.0
1,0.011494252873563218
87,1.0
0,0.0
34,0.39080459770114945
7,0.08045977011494253
0,0.0
1,0.011494252873563218
0,0.0
8,0.09195402298850575
35,0.40229885057471265
1,0.011494252873563218
77,0.8850574712643678
4,0.04597701149425287
1,0.011494252873563218
0,0.0
1,0.011494252873563218
85,0.9770114942528736
87,1.0
67,0.7701149425287356
21,0.2413793103448276
4,0.04597701149425287
86,0.9885057471264368
82,0.9425287356321839
66,0.7586206896551724
87,1.0
84,0.9655172413793104
2,0.022988505747126436
1,0.011494252873563218
56,0.6436781609195402
73,0.8390804597701149
2,0.022988505747126436
0,0.0
0,0.0
43,0.4942528735632184
0,0.0
18,0.20689655172413793
14,0.16091954022988506
1,0.011494252873563218
2,0.022988505747126436
1,0.011494252873563218
86,0.9885057471264368
0,0.0
8,0.09195402298850575
87,1.0
1,0.011494252873563218
38,0.4367816091954023
54,0.6206896551724138
5,0.05747126436781609
1,0.011494252873563218
0,0.0
12,0.13793103448275862
1,0.011494252873563218
80,0.9195402298850575
2,0.022988505747126436
77,0.8850574712643678
67,0.7701149425287356
2,0.022988505747126436
78,0.896551724137931
0,0.0
15,0.1724137931034483
87,1.0
10,0.11494252873563218
0,0.0
85,0.9770114942528736
77,0.8850574712643678
0,0.0
70,0.8045977011494253
0,0.0
0,0.0
0,0.0
1,0.011494252873563218
58,0.6666666666666666
1,0.011494252873563218
13,0.14942528735632185
0,0.0
12,0.13793103448275862
5,0.05747126436781609
10,0.11494252873563218
86,0.9885057471264368
10,0.11494252873563218
87,1.0
0,0.0
87,1.0
79,0.9080459770114943
72,0.8275862068965517
81,0.9310344827586207
19,0.21839080459770116
59,0.6781609195402298
0,0.0
10,0.11494252873563218
23,0.26436781609195403
1,0.011494252873563218
0,0.0
16,0.1839080459770115
0,0.0
0,0.0
12,0.13793103448275862
81,0.9310344827586207
2,0.022988505747126436
55,0.632183908045977
87,1.0
0,0.0
2,0.022988505747126436
3,0.034482758620689655
70,0.8045977011494253
1,0.011494252873563218
17,0.19540229885057472
69,0.7931034482758621
10,0.11494252873563218
10,0.11494252873563218
2,0.022988505747126436
5,0.05747126436781609
15,0.1724137931034483
31,0.3563218390804598
60,0.6896551724137931
18,0.20689655172413793
1,0.011494252873563218
8,0.09195402298850575
0,0.0
7,0.08045977011494253
0,0.0
0,0.0
18,0.20689655172413793
56,0.6436781609195402
1,0.011494252873563218
57,0.6551724137931034
85,0.9770114942528736
2,0.022988505747126436
18,0.20689655172413793
1,0.011494252873563218
2,0.022988505747126436
43,0.4942528735632184
9,0.10344827586206896
65,0.7471264367816092
9,0.10344827586206896
0,0.0
1,0.011494252873563218
2,0.022988505747126436
75,0.8620689655172413
2,0.022988505747126436
0,0.0
34,0.39080459770114945
11,0.12643678160919541
87,1.0
11,0.12643678160919541
44,0.5057471264367817
4,0.04597701149425287
44,0.5057471264367817
11,0.12643678160919541
1,0.011494252873563218
0,0.0
73,0.8390804597701149
18,0.20689655172413793
18,0.20689655172413793
13,0.14942528735632185
75,0.8620689655172413
2,0.022988505747126436
2,0.022988505747126436
13,0.14942528735632185
0,0.0
45,0.5172413793103449
60,0.6896551724137931
1,0.011494252873563218
78,0.896551724137931
10,0.11494252873563218
51,0.5862068965517241
74,0.8505747126436781
87,1.0
0,0.0
80,0.9195402298850575
33,0.3793103448275862
86,0.9885057471264368
1,0.011494252873563218
12,0.13793103448275862
0,0.0
2,0.022988505747126436
8,0.09195402298850575
87,1.0
10,0.11494252873563218
79,0.9080459770114943
84,0.9655172413793104
0,0.0
25,0.28735632183908044
87,1.0
3,0.034482758620689655
7,0.08045977011494253
34,0.39080459770114945
31,0.3563218390804598
2,0.022988505747126436
83,0.9540229885057471
60,0.6896551724137931
1,0.011494252873563218
42,0.4827586206896552
12,0.13793103448275862
0,0.0
5,0.05747126436781609
55,0.632183908045977
1,0.011494252873563218
0,0.0
7,0.08045977011494253
25,0.28735632183908044
2,0.022988505747126436
33,0.3793103448275862
2,0.022988505747126436
45,0.5172413793103449
3,0.034482758620689655
42,0.4827586206896552
84,0.9655172413793104
0,0.0
0,0.0
40,0.45977011494252873
41,0.47126436781609193
1,0.011494252873563218
0,0.0
0,0.0
53,0.6091954022988506
0,0.0
13,0.14942528735632185
54,0.6206896551724138
51,0.5862068965517241
34,0.39080459770114945
41,0.47126436781609193
0,0.0
5,0.05747126436781609
6,0.06896551724137931
73,0.8390804597701149
6,0.06896551724137931
0,0.0
0,0.0
1,0.011494252873563218
0,0.0
2,0.022988505747126436
0,0.0
5,0.05747126436781609
4,0.04597701149425287
28,0.3218390804597701
67,0.7701149425287356
12,0.13793103448275862
20,0.22988505747126436
86,0.9885057471264368
36,0.41379310344827586
0,0.0
6,0.06896551724137931
87,1.0
8,0.09195402298850575
2,0.022988505747126436
3,0.034482758620689655
5,0.05747126436781609
54,0.6206896551724138
36,0.41379310344827586
2,0.022988505747126436
10,0.11494252873563218
80,0.9195402298850575
36,0.41379310344827586
2,0.022988505747126436
15,0.1724137931034483
1,0.011494252873563218
15,0.1724137931034483
86,0.9885057471264368
0,0.0
71,0.8160919540229885
7,0.08045977011494253
84,0.9655172413793104
10,0.11494252873563218
86,0.9885057471264368
51,0.5862068965517241
51,0.5862068965517241
0,0.0
53,0.6091954022988506
1,0.011494252873563218
4,0.04597701149425287
87,1.0
5,0.05747126436781609
54,0.6206896551724138
80,0.9195402298850575
4,0.04597701149425287
2,0.022988505747126436
86,0.9885057471264368
80,0.9195402298850575
14,0.16091954022988506
14,0.16091954022988506
14,0.16091954022988506
76,0.8735632183908046
1,0.011494252873563218
35,0.40229885057471265
0,0.0
3,0.034482758620689655
2,0.022988505747126436
14,0.16091954022988506
81,0.9310344827586207
87,1.0
84,0.9655172413793104
86,0.9885057471264368
37,0.42528735632183906
11,0.12643678160919541
62,0.7126436781609196
18,0.20689655172413793
76,0.8735632183908046
75,0.8620689655172413
0,0.0
1,0.011494252873563218
2,0.022988505747126436
10,0.11494252873563218
14,0.16091954022988506
73,0.8390804597701149
30,0.3448275862068966
35,0.40229885057471265
80,0.9195402298850575
5,0.05747126436781609
1,0.011494252873563218
82,0.9425287356321839
85,0.9770114942528736
6,0.06896551724137931
13,0.14942528735632185
58,0.6666666666666666
5,0.05747126436781609
15,0.1724137931034483
0,0.0
10,0.11494252873563218
2,0.022988505747126436
25,0.28735632183908044
3,0.034482758620689655
19,0.21839080459770116
2,0.022988505747126436
10,0.11494252873563218
5,0.05747126436781609
3,0.034482758620689655
26,0.2988505747126437
83,0.9540229885057471
2,0.022988505747126436
5,0.05747126436781609
87,1.0
87,1.0
1,0.011494252873563218
58,0.6666666666666666
0,0.0
3,0.034482758620689655
3,0.034482758620689655
87,1.0
3,0.034482758620689655
16,0.1839080459770115
22,0.25287356321839083
85,0.9770114942528736
0,0.0
73,0.8390804597701149
5,0.05747126436781609
0,0.0
87,1.0
3,0.034482758620689655
86,0.9885057471264368
11,0.12643678160919541
7,0.08045977011494253
74,0.8505747126436781
5,0.05747126436781609
27,0.3103448275862069
34,0.39080459770114945
86,0.9885057471264368
4,0.04597701149425287
1,0.011494252873563218
1,0.011494252873563218
61,0.7011494252873564
10,0.11494252873563218
0,0.0
2,0.022988505747126436
14,0.16091954022988506
83,0.9540229885057471
76,0.8735632183908046
78,0.896551724137931
67,0.7701149425287356
29,0.3333333333333333
1,0.011494252873563218
0,0.0
83,0.9540229885057471
7,0.08045977011494253
14,0.16091954022988506
14,0.16091954022988506
0,0.0
0,0.0
1,0.011494252873563218
77,0.8850574712643678
85,0.9770114942528736
16,0.1839080459770115
21,0.2413793103448276
0,0.0
3,0.034482758620689655
0,0.0
11,0.12643678160919541
87,1.0
51,0.5862068965517241
66,0.7586206896551724
0,0.0
0,0.0
11,0.12643678160919541
19,0.21839080459770116
27,0.3103448275862069
28,0.3218390804597701
58,0.6666666666666666
83,0.9540229885057471
3,0.034482758620689655
7,0.08045977011494253
84,0.9655172413793104
12,0.13793103448275862
12,0.13793103448275862
10,0.11494252873563218
0,0.0
23,0.26436781609195403
66,0.7586206896551724
5,0.05747126436781609
1,0.011494252873563218
76,0.8735632183908046
1,0.011494252873563218
4,0.04597701149425287
0,0.0
1,0.011494252873563218
0,0.0
22,0.25287356321839083
0,0.0
2,0.022988505747126436
12,0.13793103448275862
79,0.9080459770114943
15,0.1724137931034483
0,0.0
10,0.11494252873563218
2,0.022988505747126436
10,0.11494252873563218
9,0.10344827586206896
0,0.0
10,0.11494252873563218
3,0.034482758620689655
87,1.0
87,1.0
6,0.06896551724137931
73,0.8390804597701149
87,1.0
87,1.0
0,0.0
0,0.0
0,0.0
2,0.022988505747126436
2,0.022988505747126436
0,0.0
72,0.8275862068965517
85,0.9770114942528736
0,0.0
0,0.0
86,0.9885057471264368
0,0.0
0,0.0
5,0.05747126436781609
1,0.011494252873563218
41,0.47126436781609193
1,0.011494252873563218
54,0.6206896551724138
3,0.034482758620689655
9,0.10344827586206896
26,0.2988505747126437
80,0.9195402298850575
17,0.19540229885057472
1,0.011494252873563218
42,0.4827586206896552
9,0.10344827586206896
86,0.9885057471264368
15,0.1724137931034483
21,0.2413793103448276
52,0.5977011494252874
6,0.06896551724137931
87,1.0
14,0.16091954022988506
21,0.2413793103448276
53,0.6091954022988506
0,0.0
20,0.22988505747126436
78,0.896551724137931
87,1.0
84,0.9655172413793104
12,0.13793103448275862
51,0.5862068965517241
0,0.0
85,0.9770114942528736
1,0.011494252873563218
86,0.9885057471264368
27,0.3103448275862069
87,1.0
6,0.06896551724137931
87,1.0
1,0.011494252873563218
4,0.04597701149425287
3,0.034482758620689655
0,0.0
0,0.0
8,0.09195402298850575
7,0.08045977011494253
1,0.011494252873563218
2,0.022988505747126436
0,0.0
1,0.011494252873563218
61,0.7011494252873564
11,0.12643678160919541
5,0.05747126436781609
8,0.09195402298850575
82,0.9425287356321839
0,0.0
2,0.022988505747126436
2,0.022988505747126436
8,0.09195402298850575
5,0.05747126436781609
1,0.011494252873563218
0,0.0
3,0.034482758620689655
4,0.04597701149425287
74,0.8505747126436781
82,0.9425287356321839
44,0.5057471264367817
2,0.022988505747126436
38,0.4367816091954023
86,0.9885057471264368
87,1.0
5,0.05747126436781609
0,0.0
2,0.022988505747126436
21,0.2413793103448276
43,0.4942528735632184
67,0.7701149425287356
4,0.04597701149425287
32,0.367816091954023
85,0.9770114942528736
15,0.1724137931034483
67,0.7701149425287356
24,0.27586206896551724
1,0.011494252873563218
20,0.22988505747126436
41,0.47126436781609193
7,0.08045977011494253
82,0.9425287356321839
51,0.5862068965517241
50,0.5747126436781609
68,0.7816091954022989
3,0.034482758620689655
40,0.45977011494252873
58,0.6666666666666666
66,0.7586206896551724
1,0.011494252873563218
0,0.0
80,0.9195402298850575
7,0.08045977011494253
15,0.1724137931034483
85,0.9770114942528736
44,0.5057471264367817
32,0.367816091954023
0,0.0
0,0.0
80,0.9195402298850575
23,0.26436781609195403
6,0.06896551724137931
36,0.41379310344827586
9,0.10344827586206896
79,0.9080459770114943
62,0.7126436781609196
0,0.0
1,0.011494252873563218
55,0.632183908045977
86,0.9885057471264368
87,1.0
0,0.0
7,0.08045977011494253
21,0.2413793103448276
5,0.05747126436781609
4,0.04597701149425287
1,0.011494252873563218
3,0.034482758620689655
1,0.011494252873563218
37,0.42528735632183906
61,0.7011494252873564
87,1.0
80,0.9195402298850575
41,0.47126436781609193
6,0.06896551724137931
50,0.5747126436781609
82,0.9425287356321839
36,0.41379310344827586
12,0.13793103448275862
42,0.4827586206896552
0,0.0
3,0.034482758620689655
48,0.5517241379310345
60,0.6896551724137931
56,0.6436781609195402
22,0.25287356321839083
40,0.45977011494252873
1,0.011494252873563218
6,0.06896551724137931
6,0.06896551724137931
5,0.05747126436781609
15,0.1724137931034483
2,0.022988505747126436
6,0.06896551724137931
0,0.0
8,0.09195402298850575
32,0.367816091954023
73,0.8390804597701149
1,0.011494252873563218
37,0.42528735632183906
11,0.12643678160919541
73,0.8390804597701149
2,0.022988505747126436
31,0.3563218390804598
0,0.0
77,0.8850574712643678
15,0.1724137931034483
60,0.6896551724137931
34,0.39080459770114945
0,0.0
81,0.9310344827586207
0,0.0
22,0.25287356321839083
0,0.0
79,0.9080459770114943
86,0.9885057471264368
33,0.3793103448275862
9,0.10344827586206896
52,0.5977011494252874
45,0.5172413793103449
41,0.47126436781609193
2,0.022988505747126436
39,0.4482758620689655
87,1.0
52,0.5977011494252874
60,0.6896551724137931
7,0.08045977011494253
8,0.09195402298850575
87,1.0
32,0.367816091954023
46,0.5287356321839081
84,0.9655172413793104
20,0.22988505747126436
32,0.367816091954023
0,0.0
33,0.3793103448275862
51,0.5862068965517241
1,0.011494252873563218
32,0.367816091954023
1,0.011494252873563218
38,0.4367816091954023
1,0.011494252873563218
13,0.14942528735632185
28,0.3218390804597701
0,0.0
6,0.06896551724137931
13,0.14942528735632185
0,0.0
6,0.06896551724137931
83,0.9540229885057471
37,0.42528735632183906
0,0.0
87,1.0
2,0.022988505747126436
84,0.9655172413793104
16,0.1839080459770115
0,0.0
6,0.06896551724137931
59,0.6781609195402298
8,0.09195402298850575
0,0.0
0,0.0
2,0.022988505747126436
0,0.0
39,0.4482758620689655
1,0.011494252873563218
0,0.0
5,0.05747126436781609
46,0.5287356321839081
79,0.9080459770114943
83,0.9540229885057471
10,0.11494252873563218
3,0.034482758620689655
11,0.12643678160919541
23,0.26436781609195403
4,0.04597701149425287
62,0.7126436781609196
42,0.4827586206896552
7,0.08045977011494253
50,0.5747126436781609
26,0.2988505747126437
19,0.21839080459770116
87,1.0
23,0.26436781609195403
0,0.0
25,0.28735632183908044
1,0.011494252873563218
10,0.11494252873563218
14,0.16091954022988506
27,0.3103448275862069
43,0.4942528735632184
0,0.0
43,0.4942528735632184
25,0.28735632183908044
41,0.47126436781609193
1,0.011494252873563218
87,1.0
26,0.2988505747126437
6,0.06896551724137931
55,0.632183908045977
4,0.04597701149425287
0,0.0
5,0.05747126436781609
87,1.0
0,0.0
1,0.011494252873563218
17,0.19540229885057472
15,0.1724137931034483
1,0.011494252873563218
82,0.9425287356321839
87,1.0
2,0.022988505747126436
0,0.0
1,0.011494252873563218
2,0.022988505747126436
0,0.0
