1,0.012987012987012988
0,0.0
8,0.1038961038961039
72,0.935064935064935
3,0.03896103896103896
10,0.12987012987012986
8,0.1038961038961039
2,0.025974025974025976
10,0.12987012987012986
6,0.07792207792207792
1,0.012987012987012988
27,0.35064935064935066
2,0.025974025974025976
72,0.935064935064935
2,0.025974025974025976
24,0.3116883116883117
11,0.14285714285714285
0,0.0
0,0.0
0,0.0
0,0.0
0,0.0
0,0.0
5,0.06493506493506493
0,0.0
8,0.1038961038961039
2,0.025974025974025976
3,0.03896103896103896
1,0.012987012987012988
5,0.06493506493506493
48,0.6233766233766234
77,1.0
0,0.0
4,0.05194805194805195
11,0.14285714285714285
8,0.1038961038961039
0,0.0
38,0.4935064935064935
0,0.0
5,0.06493506493506493
0,0.0
77,1.0
2,0.025974025974025976
3,0.03896103896103896
53,0.6883116883116883
0,0.0
5,0.06493506493506493
1,0.012987012987012988
5,0.06493506493506493
4,0.05194805194805195
2,0.025974025974025976
71,0.922077922077922
0,0.0
1,0.012987012987012988
1,0.012987012987012988
2,0.025974025974025976
0,0.0
77,1.0
6,0.07792207792207792
23,0.2987012987012987
2,0.025974025974025976
1,0.012987012987012988
5,0.06493506493506493
76,0.987012987012987
0,0.0
0,0.0
7,0.09090909090909091
0,0.0
53,0.6883116883116883
0,0.0
67,0.8701298701298701
0,0.0
0,0.0
0,0.0
0,0.0
1,0.012987012987012988
71,0.922077922077922
1,0.012987012987012988
0,0.0
4,0.05194805194805195
0,0.0
0,0.0
71,0.922077922077922
5,0.06493506493506493
6,0.07792207792207792
72,0.935064935064935
0,0.0
5,0.06493506493506493
1,0.012987012987012988
0,0.0
58,0.7532467532467533
4,0.05194805194805195
0,0.0
10,0.12987012987012986
15,0.19480519480519481
72,0.935064935064935
75,0.974025974025974
0,0.0
27,0.35064935064935066
0,0.0
6,0.07792207792207792
5,0.06493506493506493
52,0.6753246753246753
0,0.0
4,0.05194805194805195
0,0.0
0,0.0
77,1.0
0,0.0
0,0.0
66,0.8571428571428571
77,1.0
77,1.0
3,0.03896103896103896
1,0.012987012987012988
2,0.025974025974025976
77,1.0
0,0.0
2,0.025974025974025976
0,0.0
4,0.05194805194805195
5,0.06493506493506493
0,0.0
7,0.09090909090909091
3,0.03896103896103896
0,0.0
4,0.05194805194805195
1,0.012987012987012988
67,0.8701298701298701
0,0.0
0,0.0
8,0.1038961038961039
0,0.0
6,0.07792207792207792
77,1.0
77,1.0
2,0.025974025974025976
77,1.0
57,0.7402597402597403
77,1.0
1,0.012987012987012988
63,0.8181818181818182
75,0.974025974025974
62,0.8051948051948052
6,0.07792207792207792
10,0.12987012987012986
0,0.0
73,0.948051948051948
77,1.0
0,0.0
68,0.8831168831168831
1,0.012987012987012988
3,0.03896103896103896
0,0.0
3,0.03896103896103896
58,0.7532467532467533
75,0.974025974025974
4,0.05194805194805195
4,0.05194805194805195
77,1.0
3,0.03896103896103896
0,0.0
0,0.0
7,0.09090909090909091
0,0.0
1,0.012987012987012988
1,0.012987012987012988
5,0.06493506493506493
1,0.012987012987012988
58,0.7532467532467533
0,0.0
67,0.8701298701298701
0,0.0
0,0.0
2,0.025974025974025976
0,0.0
4,0.05194805194805195
1,0.012987012987012988
0,0.0
0,0.0
2,0.025974025974025976
0,0.0
1,0.012987012987012988
20,0.2597402597402597
0,0.0
77,1.0
77,1.0
6,0.07792207792207792
66,0.8571428571428571
9,0.11688311688311688
73,0.948051948051948
77,1.0
0,0.0
0,0.0
3,0.03896103896103896
0,0.0
3,0.03896103896103896
57,0.7402597402597403
1,0.012987012987012988
75,0.974025974025974
0,0.0
0,0.0
1,0.012987012987012988
62,0.8051948051948052
0,0.0
5,0.06493506493506493
10,0.12987012987012986
2,0.025974025974025976
3,0.03896103896103896
0,0.0
0,0.0
1,0.012987012987012988
7,0.09090909090909091
77,1.0
1,0.012987012987012988
12,0.15584415584415584
76,0.987012987012987
0,0.0
0,0.0
77,1.0
1,0.012987012987012988
0,0.0
1,0.012987012987012988
73,0.948051948051948
0,0.0
5,0.06493506493506493
0,0.0
70,0.9090909090909091
0,0.0
69,0.8961038961038961
77,1.0
75,0.974025974025974
0,0.0
1,0.012987012987012988
77,1.0
1,0.012987012987012988
0,0.0
0,0.0
1,0.012987012987012988
66,0.8571428571428571
0,0.0
76,0.987012987012987
11,0.14285714285714285
63,0.8181818181818182
2,0.025974025974025976
77,1.0
0,0.0
75,0.974025974025974
5,0.06493506493506493
9,0.11688311688311688
0,0.0
4,0.05194805194805195
0,0.0
0,0.0
74,0.961038961038961
2,0.025974025974025976
0,0.0
1,0.012987012987012988
69,0.8961038961038961
73,0.948051948051948
69,0.8961038961038961
77,1.0
0,0.0
67,0.8701298701298701
1,0.012987012987012988
8,0.1038961038961039
0,0.0
0,0.0
5,0.06493506493506493
77,1.0
0,0.0
8,0.1038961038961039
1,0.012987012987012988
0,0.0
1,0.012987012987012988
69,0.8961038961038961
0,0.0
16,0.2077922077922078
1,0.012987012987012988
0,0.0
1,0.012987012987012988
13,0.16883116883116883
2,0.025974025974025976
11,0.14285714285714285
0,0.0
69,0.8961038961038961
0,0.0
5,0.06493506493506493
1,0.012987012987012988
60,0.7792207792207793
61,0.7922077922077922
74,0.961038961038961
9,0.11688311688311688
0,0.0
12,0.15584415584415584
16,0.2077922077922078
3,0.03896103896103896
1,0.012987012987012988
15,0.19480519480519481
14,0.18181818181818182
7,0.09090909090909091
6,0.07792207792207792
8,0.1038961038961039
7,0.09090909090909091
0,0.0
5,0.06493506493506493
8,0.1038961038961039
1,0.012987012987012988
39,0.5064935064935064
69,0.8961038961038961
0,0.0
0,0.0
0,0.0
19,0.24675324675324675
10,0.12987012987012986
1,0.012987012987012988
72,0.935064935064935
30,0.38961038961038963
0,0.0
4,0.05194805194805195
6,0.07792207792207792
0,0.0
0,0.0
9,0.11688311688311688
0,0.0
8,0.1038961038961039
9,0.11688311688311688
51,0.6623376623376623
8,0.1038961038961039
60,0.7792207792207793
75,0.974025974025974
7,0.09090909090909091
60,0.7792207792207793
69,0.8961038961038961
0,0.0
1,0.012987012987012988
0,0.0
77,1.0
13,0.16883116883116883
4,0.05194805194805195
77,1.0
0,0.0
69,0.8961038961038961
3,0.03896103896103896
75,0.974025974025974
3,0.03896103896103896
0,0.0
2,0.025974025974025976
0,0.0
0,0.0
62,0.8051948051948052
68,0.8831168831168831
10,0.12987012987012986
0,0.0
7,0.09090909090909091
74,0.961038961038961
0,0.0
8,0.1038961038961039
69,0.8961038961038961
8,0.1038961038961039
0,0.0
3,0.03896103896103896
77,1.0
2,0.025974025974025976
14,0.18181818181818182
10,0.12987012987012986
8,0.1038961038961039
74,0.961038961038961
0,0.0
12,0.15584415584415584
11,0.14285714285714285
0,0.0
40,0.5194805194805194
0,0.0
0,0.0
1,0.012987012987012988
1,0.012987012987012988
0,0.0
0,0.0
0,0.0
1,0.012987012987012988
2,0.025974025974025976
0,0.0
1,0.012987012987012988
1,0.012987012987012988
9,0.11688311688311688
1,0.012987012987012988
0,0.0
0,0.0
72,0.935064935064935
31,0.4025974025974026
6,0.07792207792207792
0,0.0
51,0.6623376623376623
2,0.025974025974025976
52,0.6753246753246753
74,0.961038961038961
10,0.12987012987012986
9,0.11688311688311688
35,0.45454545454545453
0,0.0
62,0.8051948051948052
7,0.09090909090909091
12,0.15584415584415584
0,0.0
13,0.16883116883116883
27,0.35064935064935066
9,0.11688311688311688
40,0.5194805194805194
69,0.8961038961038961
11,0.14285714285714285
0,0.0
75,0.974025974025974
1,0.012987012987012988
0,0.0
77,1.0
24,0.3116883116883117
24,0.3116883116883117
1,0.012987012987012988
77,1.0
12,0.15584415584415584
57,0.7402597402597403
0,0.0
53,0.6883116883116883
55,0.7142857142857143
5,0.06493506493506493
0,0.0
11,0.14285714285714285
0,0.0
20,0.2597402597402597
18,0.23376623376623376
54,0.7012987012987013
0,0.0
40,0.5194805194805194
3,0.03896103896103896
0,0.0
14,0.18181818181818182
4,0.05194805194805195
0,0.0
65,0.8441558441558441
26,0.33766233766233766
1,0.012987012987012988
15,0.19480519480519481
2,0.025974025974025976
4,0.05194805194805195
1,0.012987012987012988
77,1.0
3,0.03896103896103896
65,0.8441558441558441
0,0.0
77,1.0
77,1.0
0,0.0
4,0.05194805194805195
9,0.11688311688311688
67,0.8701298701298701
3,0.03896103896103896
66,0.8571428571428571
16,0.2077922077922078
0,0.0
14,0.18181818181818182
71,0.922077922077922
72,0.935064935064935
19,0.24675324675324675
2,0.025974025974025976
5,0.06493506493506493
6,0.07792207792207792
6,0.07792207792207792
32,0.4155844155844156
1,0.012987012987012988
0,0.0
69,0.8961038961038961
1,0.012987012987012988
0,0.0
2,0.025974025974025976
1,0.012987012987012988
0,0.0
0,0.0
2,0.025974025974025976
5,0.06493506493506493
0,0.0
0,0.0
6,0.07792207792207792
9,0.11688311688311688
0,0.0
3,0.03896103896103896
3,0.03896103896103896
71,0.922077922077922
15,0.19480519480519481
11,0.14285714285714285
0,0.0
74,0.961038961038961
76,0.987012987012987
0,0.0
77,1.0
0,0.0
6,0.07792207792207792
68,0.8831168831168831
1,0.012987012987012988
6,0.07792207792207792
0,0.0
1,0.012987012987012988
77,1.0
3,0.03896103896103896
0,0.0
75,0.974025974025974
6,0.07792207792207792
70,0.9090909090909091
1,0.012987012987012988
67,0.8701298701298701
0,0.0
0,0.0
4,0.05194805194805195
4,0.05194805194805195
76,0.987012987012987
4,0.05194805194805195
73,0.948051948051948
4,0.05194805194805195
5,0.06493506493506493
0,0.0
3,0.03896103896103896
0,0.0
74,0.961038961038961
1,0.012987012987012988
0,0.0
2,0.025974025974025976
6,0.07792207792207792
3,0.03896103896103896
3,0.03896103896103896
0,0.0
4,0.05194805194805195
0,0.0
7,0.09090909090909091
75,0.974025974025974
3,0.03896103896103896
13,0.16883116883116883
68,0.8831168831168831
24,0.3116883116883117
3,0.03896103896103896
0,0.0
12,0.15584415584415584
0,0.0
0,0.0
1,0.012987012987012988
68,0.8831168831168831
74,0.961038961038961
1,0.012987012987012988
1,0.012987012987012988
15,0.19480519480519481
0,0.0
75,0.974025974025974
0,0.0
45,0.5844155844155844
7,0.09090909090909091
67,0.8701298701298701
1,0.012987012987012988
6,0.07792207792207792
0,0.0
6,0.07792207792207792
76,0.987012987012987
5,0.06493506493506493
0,0.0
71,0.922077922077922
61,0.7922077922077922
71,0.922077922077922
45,0.5844155844155844
5,0.06493506493506493
0,0.0
68,0.8831168831168831
0,0.0
2,0.025974025974025976
2,0.025974025974025976
0,0.0
1,0.012987012987012988
1,0.012987012987012988
0,0.0
7,0.09090909090909091
77,1.0
39,0.5064935064935064
3,0.03896103896103896
6,0.07792207792207792
46,0.5974025974025974
1,0.012987012987012988
76,0.987012987012987
4,0.05194805194805195
31,0.4025974025974026
19,0.24675324675324675
56,0.7272727272727273
51,0.6623376623376623
25,0.3246753246753247
2,0.025974025974025976
2,0.025974025974025976
0,0.0
63,0.8181818181818182
50,0.6493506493506493
17,0.22077922077922077
15,0.19480519480519481
6,0.07792207792207792
24,0.3116883116883117
0,0.0
3,0.03896103896103896
1,0.012987012987012988
69,0.8961038961038961
26,0.33766233766233766
8,0.1038961038961039
0,0.0
0,0.0
8,0.1038961038961039
1,0.012987012987012988
65,0.8441558441558441
5,0.06493506493506493
72,0.935064935064935
8,0.1038961038961039
5,0.06493506493506493
1,0.012987012987012988
0,0.0
69,0.8961038961038961
27,0.35064935064935066
7,0.09090909090909091
4,0.05194805194805195
58,0.7532467532467533
56,0.7272727272727273
75,0.974025974025974
0,0.0
73,0.948051948051948
3,0.03896103896103896
75,0.974025974025974
1,0.012987012987012988
26,0.33766233766233766
5,0.06493506493506493
15,0.19480519480519481
4,0.05194805194805195
19,0.24675324675324675
21,0.2727272727272727
31,0.4025974025974026
76,0.987012987012987
8,0.1038961038961039
64,0.8311688311688312
7,0.09090909090909091
1,0.012987012987012988
0,0.0
69,0.8961038961038961
4,0.05194805194805195
57,0.7402597402597403
12,0.15584415584415584
8,0.1038961038961039
0,0.0
0,0.0
1,0.012987012987012988
23,0.2987012987012987
3,0.03896103896103896
0,0.0
69,0.8961038961038961
2,0.025974025974025976
0,0.0
74,0.961038961038961
6,0.07792207792207792
66,0.8571428571428571
5,0.06493506493506493
0,0.0
0,0.0
11,0.14285714285714285
77,1.0
12,0.15584415584415584
7,0.09090909090909091
0,0.0
1,0.012987012987012988
0,0.0
0,0.0
75,0.974025974025974
0,0.0
2,0.025974025974025976
57,0.7402597402597403
0,0.0
77,1.0
71,0.922077922077922
2,0.025974025974025976
76,0.987012987012987
4,0.05194805194805195
75,0.974025974025974
0,0.0
0,0.0
75,0.974025974025974
1,0.012987012987012988
0,0.0
40,0.5194805194805194
2,0.025974025974025976
1,0.012987012987012988
7,0.09090909090909091
0,0.0
7,0.09090909090909091
2,0.025974025974025976
5,0.06493506493506493
73,0.948051948051948
0,0.0
44,0.5714285714285714
77,1.0
50,0.6493506493506493
77,1.0
28,0.36363636363636365
72,0.935064935064935
76,0.987012987012987
77,1.0
2,0.025974025974025976
2,0.025974025974025976
24,0.3116883116883117
18,0.23376623376623376
76,0.987012987012987
77,1.0
60,0.7792207792207793
23,0.2987012987012987
34,0.44155844155844154
0,0.0
42,0.5454545454545454
56,0.7272727272727273
77,1.0
7,0.09090909090909091
1,0.012987012987012988
64,0.8311688311688312
0,0.0
3,0.03896103896103896
0,0.0
69,0.8961038961038961
50,0.6493506493506493
40,0.5194805194805194
4,0.05194805194805195
75,0.974025974025974
12,0.15584415584415584
47,0.6103896103896104
48,0.6233766233766234
0,0.0
55,0.7142857142857143
1,0.012987012987012988
0,0.0
77,1.0
1,0.012987012987012988
47,0.6103896103896104
0,0.0
30,0.38961038961038963
2,0.025974025974025976
8,0.1038961038961039
0,0.0
47,0.6103896103896104
0,0.0
15,0.19480519480519481
72,0.935064935064935
64,0.8311688311688312
41,0.5324675324675324
62,0.8051948051948052
4,0.05194805194805195
15,0.19480519480519481
9,0.11688311688311688
4,0.05194805194805195
77,1.0
77,1.0
3,0.03896103896103896
0,0.0
2,0.025974025974025976
3,0.03896103896103896
1,0.012987012987012988
0,0.0
3,0.03896103896103896
20,0.2597402597402597
0,0.0
1,0.012987012987012988
20,0.2597402597402597
19,0.24675324675324675
76,0.987012987012987
58,0.7532467532467533
55,0.7142857142857143
20,0.2597402597402597
20,0.2597402597402597
0,0.0
77,1.0
3,0.03896103896103896
21,0.2727272727272727
49,0.6363636363636364
34,0.44155844155844154
22,0.2857142857142857
64,0.8311688311688312
0,0.0
68,0.8831168831168831
11,0.14285714285714285
22,0.2857142857142857
0,0.0
20,0.2597402597402597
77,1.0
0,0.0
15,0.19480519480519481
21,0.2727272727272727
58,0.7532467532467533
69,0.8961038961038961
20,0.2597402597402597
2,0.025974025974025976
57,0.7402597402597403
0,0.0
0,0.0
43,0.5584415584415584
0,0.0
20,0.2597402597402597
0,0.0
17,0.22077922077922077
62,0.8051948051948052
20,0.2597402597402597
73,0.948051948051948
1,0.012987012987012988
1,0.012987012987012988
13,0.16883116883116883
1,0.012987012987012988
19,0.24675324675324675
0,0.0
12,0.15584415584415584
0,0.0
56,0.7272727272727273
73,0.948051948051948
55,0.7142857142857143
75,0.974025974025974
1,0.012987012987012988
54,0.7012987012987013
77,1.0
22,0.2857142857142857
0,0.0
73,0.948051948051948
61,0.7922077922077922
48,0.6233766233766234
1,0.012987012987012988
3,0.03896103896103896
0,0.0
58,0.7532467532467533
18,0.23376623376623376
0,0.0
0,0.0
1,0.012987012987012988
0,0.0
1,0.012987012987012988
0,0.0
33,0.42857142857142855
6,0.07792207792207792
0,0.0
2,0.025974025974025976
12,0.15584415584415584
8,0.1038961038961039
0,0.0
2,0.025974025974025976
77,1.0
42,0.5454545454545454
2,0.025974025974025976
3,0.03896103896103896
24,0.3116883116883117
47,0.6103896103896104
0,0.0
4,0.05194805194805195
50,0.6493506493506493
77,1.0
0,0.0
61,0.7922077922077922
42,0.5454545454545454
1,0.012987012987012988
74,0.961038961038961
20,0.2597402597402597
77,1.0
0,0.0
15,0.19480519480519481
10,0.12987012987012986
76,0.987012987012987
2,0.025974025974025976
0,0.0
75,0.974025974025974
76,0.987012987012987
75,0.974025974025974
70,0.9090909090909091
27,0.35064935064935066
7,0.09090909090909091
38,0.4935064935064935
76,0.987012987012987
9,0.11688311688311688
0,0.0
0,0.0
0,0.0
2,0.025974025974025976
61,0.7922077922077922
76,0.987012987012987
2,0.025974025974025976
9,0.11688311688311688
39,0.5064935064935064
0,0.0
36,0.4675324675324675
4,0.05194805194805195
3,0.03896103896103896
0,0.0
5,0.06493506493506493
0,0.0
1,0.012987012987012988
0,0.0
0,0.0
5,0.06493506493506493
77,1.0
4,0.05194805194805195
2,0.025974025974025976
1,0.012987012987012988
38,0.4935064935064935
3,0.03896103896103896
40,0.5194805194805194
32,0.4155844155844156
77,1.0
28,0.36363636363636365
0,0.0
73,0.948051948051948
2,0.025974025974025976
1,0.012987012987012988
42,0.5454545454545454
77,1.0
72,0.935064935064935
1,0.012987012987012988
69,0.8961038961038961
7,0.09090909090909091
73,0.948051948051948
75,0.974025974025974
77,1.0
53,0.6883116883116883
77,1.0
0,0.0
4,0.05194805194805195
0,0.0
2,0.025974025974025976
0,0.0
0,0.0
22,0.2857142857142857
46,0.5974025974025974
2,0.025974025974025976
8,0.1038961038961039
0,0.0
0,0.0
0,0.0
0,0.0
4,0.05194805194805195
2,0.025974025974025976
2,0.025974025974025976
0,0.0
1,0.012987012987012988
0,0.0
0,0.0
76,0.987012987012987
76,0.987012987012987
77,1.0
77,1.0
1,0.012987012987012988
76,0.987012987012987
40,0.5194805194805194
0,0.0
77,1.0
76,0.987012987012987
1,0.012987012987012988
0,0.0
0,0.0
4,0.05194805194805195
3,0.03896103896103896
74,0.961038961038961
0,0.0
11,0.14285714285714285
0,0.0
23,0.2987012987012987
0,0.0
1,0.012987012987012988
0,0.0
40,0.5194805194805194
1,0.012987012987012988
4,0.05194805194805195
77,1.0
36,0.4675324675324675
37,0.4805194805194805
40,0.5194805194805194
1,0.012987012987012988
22,0.2857142857142857
0,0.0
0,0.0
0,0.0
2,0.025974025974025976
40,0.5194805194805194
1,0.012987012987012988
0,0.0
0,0.0
37,0.4805194805194805
40,0.5194805194805194
64,0.8311688311688312
76,0.987012987012987
37,0.4805194805194805
58,0.7532467532467533
71,0.922077922077922
37,0.4805194805194805
76,0.987012987012987
36,0.4675324675324675
35,0.45454545454545453
1,0.012987012987012988
77,1.0
40,0.5194805194805194
75,0.974025974025974
1,0.012987012987012988
0,0.0
3,0.03896103896103896
2,0.025974025974025976
1,0.012987012987012988
2,0.025974025974025976
31,0.4025974025974026
47,0.6103896103896104
46,0.5974025974025974
33,0.42857142857142855
44,0.5714285714285714
31,0.4025974025974026
30,0.38961038961038963
1,0.012987012987012988
11,0.14285714285714285
76,0.987012987012987
47,0.6103896103896104
47,0.6103896103896104
1,0.012987012987012988
0,0.0
1,0.012987012987012988
8,0.1038961038961039
0,0.0
66,0.8571428571428571
4,0.05194805194805195
29,0.37662337662337664
2,0.025974025974025976
73,0.948051948051948
72,0.935064935064935
75,0.974025974025974
28,0.36363636363636365
52,0.6753246753246753
0,0.0
0,0.0
28,0.36363636363636365
12,0.15584415584415584
5,0.06493506493506493
0,0.0
77,1.0
28,0.36363636363636365
76,0.987012987012987
0,0.0
47,0.6103896103896104
45,0.5844155844155844
75,0.974025974025974
29,0.37662337662337664
74,0.961038961038961
29,0.37662337662337664
26,0.33766233766233766
77,1.0
1,0.012987012987012988
29,0.37662337662337664
50,0.6493506493506493
77,1.0
0,0.0
0,0.0
28,0.36363636363636365
0,0.0
5,0.06493506493506493
1,0.012987012987012988
5,0.06493506493506493
69,0.8961038961038961
0,0.0
0,0.0
0,0.0
23,0.2987012987012987
7,0.09090909090909091
30,0.38961038961038963
5,0.06493506493506493
0,0.0
29,0.37662337662337664
0,0.0
32,0.4155844155844156
23,0.2987012987012987
0,0.0
77,1.0
4,0.05194805194805195
0,0.0
0,0.0
51,0.6623376623376623
0,0.0
6,0.07792207792207792
7,0.09090909090909091
2,0.025974025974025976
0,0.0
30,0.38961038961038963
0,0.0
49,0.6363636363636364
2,0.025974025974025976
2,0.025974025974025976
0,0.0
30,0.38961038961038963
0,0.0
1,0.012987012987012988
75,0.974025974025974
0,0.0
0,0.0
51,0.6623376623376623
0,0.0
77,1.0
3,0.03896103896103896
43,0.5584415584415584
77,1.0
0,0.0
77,1.0
1,0.012987012987012988
75,0.974025974025974
30,0.38961038961038963
73,0.948051948051948
77,1.0
30,0.38961038961038963
52,0.6753246753246753
5,0.06493506493506493
28,0.36363636363636365
2,0.025974025974025976
76,0.987012987012987
77,1.0
30,0.38961038961038963
48,0.6233766233766234
2,0.025974025974025976
1,0.012987012987012988
3,0.03896103896103896
2,0.025974025974025976
0,0.0
30,0.38961038961038963
2,0.025974025974025976
0,0.0
47,0.6103896103896104
6,0.07792207792207792
0,0.0
74,0.961038961038961
27,0.35064935064935066
1,0.012987012987012988
0,0.0
0,0.0
1,0.012987012987012988
0,0.0
0,0.0
46,0.5974025974025974
0,0.0
0,0.0
5,0.06493506493506493
71,0.922077922077922
0,0.0
3,0.03896103896103896
5,0.06493506493506493
0,0.0
0,0.0
3,0.03896103896103896
0,0.0
1,0.012987012987012988
60,0.7792207792207793
1,0.012987012987012988
77,1.0
0,0.0
