20,0.25
6,0.075
4,0.05
0,0.0
8,0.1
7,0.0875
2,0.025
0,0.0
14,0.175
8,0.1
1,0.0125
2,0.025
3,0.0375
1,0.0125
59,0.7375
59,0.7375
23,0.2875
1,0.0125
13,0.1625
1,0.0125
0,0.0
4,0.05
1,0.0125
57,0.7125
0,0.0
79,0.9875
14,0.175
0,0.0
25,0.3125
80,1.0
47,0.5875
66,0.825
14,0.175
34,0.425
0,0.0
66,0.825
1,0.0125
12,0.15
6,0.075
0,0.0
3,0.0375
0,0.0
13,0.1625
33,0.4125
17,0.2125
34,0.425
2,0.025
2,0.025
9,0.1125
1,0.0125
0,0.0
13,0.1625
0,0.0
61,0.7625
13,0.1625
0,0.0
32,0.4
3,0.0375
0,0.0
31,0.3875
12,0.15
0,0.0
3,0.0375
33,0.4125
1,0.0125
0,0.0
16,0.2
31,0.3875
47,0.5875
46,0.575
49,0.6125
3,0.0375
0,0.0
67,0.8375
0,0.0
49,0.6125
0,0.0
0,0.0
0,0.0
70,0.875
17,0.2125
61,0.7625
2,0.025
18,0.225
80,1.0
0,0.0
14,0.175
1,0.0125
4,0.05
42,0.525
7,0.0875
10,0.125
3,0.0375
1,0.0125
2,0.025
0,0.0
80,1.0
0,0.0
1,0.0125
1,0.0125
33,0.4125
1,0.0125
40,0.5
0,0.0
2,0.025
2,0.025
80,1.0
1,0.0125
0,0.0
9,0.1125
0,0.0
2,0.025
0,0.0
79,0.9875
80,1.0
53,0.6625
27,0.3375
2,0.025
69,0.8625
21,0.2625
3,0.0375
45,0.5625
0,0.0
17,0.2125
0,0.0
3,0.0375
50,0.625
7,0.0875
11,0.1375
80,1.0
4,0.05
34,0.425
19,0.2375
62,0.775
1,0.0125
0,0.0
0,0.0
1,0.0125
34,0.425
12,0.15
47,0.5875
34,0.425
37,0.4625
35,0.4375
56,0.7
23,0.2875
0,0.0
33,0.4125
45,0.5625
2,0.025
79,0.9875
0,0.0
13,0.1625
19,0.2375
34,0.425
64,0.8
45,0.5625
80,1.0
14,0.175
34,0.425
25,0.3125
43,0.5375
41,0.5125
21,0.2625
75,0.9375
14,0.175
33,0.4125
13,0.1625
67,0.8375
31,0.3875
0,0.0
15,0.1875
13,0.1625
1,0.0125
34,0.425
16,0.2
9,0.1125
0,0.0
15,0.1875
33,0.4125
0,0.0
13,0.1625
32,0.4
0,0.0
79,0.9875
39,0.4875
22,0.275
0,0.0
64,0.8
43,0.5375
12,0.15
33,0.4125
46,0.575
17,0.2125
0,0.0
9,0.1125
65,0.8125
46,0.575
80,1.0
0,0.0
0,0.0
11,0.1375
32,0.4
4,0.05
0,0.0
80,1.0
0,0.0
0,0.0
30,0.375
3,0.0375
12,0.15
0,0.0
0,0.0
0,0.0
42,0.525
8,0.1
64,0.8
43,0.5375
44,0.55
3,0.0375
78,0.975
3,0.0375
2,0.025
0,0.0
16,0.2
80,1.0
3,0.0375
43,0.5375
43,0.5375
73,0.9125
36,0.45
80,1.0
44,0.55
0,0.0
44,0.55
30,0.375
70,0.875
44,0.55
36,0.45
0,0.0
45,0.5625
4,0.05
80,1.0
1,0.0125
3,0.0375
73,0.9125
79,0.9875
69,0.8625
0,0.0
36,0.45
1,0.0125
80,1.0
79,0.9875
21,0.2625
44,0.55
4,0.05
2,0.025
1,0.0125
34,0.425
80,1.0
37,0.4625
80,1.0
45,0.5625
44,0.55
53,0.6625
36,0.45
72,0.9
64,0.8
3,0.0375
8,0.1
46,0.575
34,0.425
37,0.4625
34,0.425
7,0.0875
8,0.1
80,1.0
76,0.95
54,0.675
15,0.1875
0,0.0
0,0.0
42,0.525
44,0.55
3,0.0375
45,0.5625
1,0.0125
0,0.0
2,0.025
29,0.3625
16,0.2
13,0.1625
39,0.4875
72,0.9
0,0.0
10,0.125
2,0.025
74,0.925
0,0.0
46,0.575
76,0.95
0,0.0
35,0.4375
11,0.1375
0,0.0
46,0.575
2,0.025
80,1.0
0,0.0
1,0.0125
37,0.4625
18,0.225
72,0.9
0,0.0
34,0.425
62,0.775
10,0.125
29,0.3625
47,0.5875
33,0.4125
6,0.075
11,0.1375
0,0.0
77,0.9625
1,0.0125
1,0.0125
70,0.875
78,0.975
2,0.025
35,0.4375
3,0.0375
45,0.5625
73,0.9125
40,0.5
12,0.15
67,0.8375
0,0.0
36,0.45
42,0.525
0,0.0
2,0.025
80,1.0
11,0.1375
72,0.9
11,0.1375
2,0.025
0,0.0
0,0.0
13,0.1625
0,0.0
10,0.125
70,0.875
38,0.475
1,0.0125
1,0.0125
16,0.2
1,0.0125
0,0.0
68,0.85
1,0.0125
3,0.0375
0,0.0
0,0.0
80,1.0
0,0.0
0,0.0
0,0.0
65,0.8125
75,0.9375
63,0.7875
80,1.0
79,0.9875
24,0.3
1,0.0125
80,1.0
80,1.0
0,0.0
1,0.0125
3,0.0375
1,0.0125
3,0.0375
8,0.1
0,0.0
32,0.4
65,0.8125
0,0.0
10,0.125
0,0.0
74,0.925
18,0.225
61,0.7625
0,0.0
11,0.1375
78,0.975
0,0.0
12,0.15
63,0.7875
44,0.55
10,0.125
65,0.8125
1,0.0125
30,0.375
1,0.0125
2,0.025
0,0.0
22,0.275
59,0.7375
15,0.1875
16,0.2
3,0.0375
1,0.0125
19,0.2375
1,0.0125
1,0.0125
44,0.55
57,0.7125
2,0.025
1,0.0125
18,0.225
0,0.0
0,0.0
18,0.225
1,0.0125
0,0.0
0,0.0
1,0.0125
73,0.9125
2,0.025
2,0.025
66,0.825
8,0.1
80,1.0
1,0.0125
0,0.0
0,0.0
46,0.575
6,0.075
49,0.6125
0,0.0
1,0.0125
0,0.0
0,0.0
67,0.8375
11,0.1375
64,0.8
2,0.025
2,0.025
80,1.0
0,0.0
0,0.0
49,0.6125
80,1.0
0,0.0
0,0.0
0,0.0
48,0.6
2,0.025
47,0.5875
80,1.0
33,0.4125
0,0.0
0,0.0
28,0.35
78,0.975
31,0.3875
3,0.0375
4,0.05
1,0.0125
2,0.025
0,0.0
0,0.0
1,0.0125
1,0.0125
64,0.8
1,0.0125
3,0.0375
78,0.975
20,0.25
0,0.0
1,0.0125
0,0.0
1,0.0125
1,0.0125
79,0.9875
16,0.2
11,0.1375
4,0.05
8,0.1
48,0.6
67,0.8375
5,0.0625
1,0.0125
1,0.0125
0,0.0
80,1.0
9,0.1125
0,0.0
74,0.925
2,0.025
66,0.825
25,0.3125
0,0.0
2,0.025
0,0.0
0,0.0
75,0.9375
2,0.025
79,0.9875
0,0.0
1,0.0125
5,0.0625
80,1.0
1,0.0125
2,0.025
1,0.0125
72,0.9
59,0.7375
0,0.0
42,0.525
1,0.0125
3,0.0375
0,0.0
0,0.0
33,0.4125
68,0.85
5,0.0625
79,0.9875
54,0.675
3,0.0375
43,0.5375
22,0.275
12,0.15
77,0.9625
56,0.7
75,0.9375
25,0.3125
1,0.0125
0,0.0
1,0.0125
1,0.0125
7,0.0875
0,0.0
0,0.0
21,0.2625
18,0.225
4,0.05
36,0.45
8,0.1
12,0.15
10,0.125
80,1.0
0,0.0
1,0.0125
53,0.6625
1,0.0125
1,0.0125
3,0.0375
55,0.6875
80,1.0
1,0.0125
12,0.15
77,0.9625
2,0.025
76,0.95
12,0.15
80,1.0
80,1.0
1,0.0125
80,1.0
75,0.9375
80,1.0
80,1.0
1,0.0125
68,0.85
73,0.9125
78,0.975
0,0.0
40,0.5
11,0.1375
13,0.1625
0,0.0
5,0.0625
66,0.825
80,1.0
78,0.975
67,0.8375
4,0.05
80,1.0
13,0.1625
74,0.925
1,0.0125
33,0.4125
2,0.025
78,0.975
6,0.075
0,0.0
1,0.0125
18,0.225
0,0.0
2,0.025
62,0.775
79,0.9875
49,0.6125
58,0.725
48,0.6
64,0.8
79,0.9875
7,0.0875
6,0.075
1,0.0125
5,0.0625
75,0.9375
3,0.0375
0,0.0
36,0.45
23,0.2875
4,0.05
58,0.725
6,0.075
7,0.0875
23,0.2875
24,0.3
67,0.8375
80,1.0
6,0.075
2,0.025
80,1.0
34,0.425
80,1.0
31,0.3875
1,0.0125
79,0.9875
31,0.3875
2,0.025
0,0.0
51,0.6375
1,0.0125
0,0.0
27,0.3375
14,0.175
1,0.0125
78,0.975
2,0.025
10,0.125
8,0.1
49,0.6125
0,0.0
1,0.0125
1,0.0125
2,0.025
0,0.0
49,0.6125
56,0.7
5,0.0625
24,0.3
4,0.05
6,0.075
80,1.0
14,0.175
67,0.8375
11,0.1375
0,0.0
0,0.0
0,0.0
46,0.575
27,0.3375
0,0.0
26,0.325
24,0.3
11,0.1375
57,0.7125
1,0.0125
25,0.3125
79,0.9875
11,0.1375
75,0.9375
78,0.975
25,0.3125
24,0.3
2,0.025
52,0.65
1,0.0125
0,0.0
4,0.05
80,1.0
2,0.025
79,0.9875
1,0.0125
48,0.6
2,0.025
1,0.0125
1,0.0125
1,0.0125
1,0.0125
1,0.0125
0,0.0
79,0.9875
80,1.0
1,0.0125
80,1.0
80,1.0
1,0.0125
48,0.6
31,0.3875
2,0.025
0,0.0
80,1.0
80,1.0
0,0.0
0,0.0
24,0.3
4,0.05
47,0.5875
0,0.0
47,0.5875
52,0.65
1,0.0125
1,0.0125
1,0.0125
5,0.0625
67,0.8375
0,0.0
0,0.0
80,1.0
70,0.875
0,0.0
79,0.9875
17,0.2125
1,0.0125
19,0.2375
28,0.35
52,0.65
33,0.4125
0,0.0
79,0.9875
17,0.2125
80,1.0
52,0.65
80,1.0
80,1.0
11,0.1375
5,0.0625
0,0.0
2,0.025
51,0.6375
0,0.0
51,0.6375
0,0.0
0,0.0
2,0.025
21,0.2625
2,0.025
0,0.0
25,0.3125
2,0.025
1,0.0125
10,0.125
2,0.025
6,0.075
24,0.3
80,1.0
74,0.925
79,0.9875
0,0.0
62,0.775
24,0.3
9,0.1125
79,0.9875
3,0.0375
56,0.7
43,0.5375
18,0.225
3,0.0375
60,0.75
0,0.0
24,0.3
80,1.0
10,0.125
37,0.4625
2,0.025
75,0.9375
38,0.475
78,0.975
79,0.9875
2,0.025
71,0.8875
2,0.025
24,0.3
0,0.0
42,0.525
8,0.1
19,0.2375
0,0.0
9,0.1125
6,0.075
1,0.0125
0,0.0
79,0.9875
78,0.975
23,0.2875
48,0.6
79,0.9875
6,0.075
0,0.0
80,1.0
0,0.0
50,0.625
17,0.2125
1,0.0125
80,1.0
24,0.3
0,0.0
0,0.0
57,0.7125
80,1.0
0,0.0
80,1.0
4,0.05
0,0.0
0,0.0
4,0.05
3,0.0375
80,1.0
80,1.0
80,1.0
1,0.0125
14,0.175
1,0.0125
0,0.0
2,0.025
1,0.0125
14,0.175
7,0.0875
0,0.0
2,0.025
38,0.475
5,0.0625
3,0.0375
80,1.0
8,0.1
18,0.225
2,0.025
62,0.775
79,0.9875
0,0.0
20,0.25
34,0.425
17,0.2125
19,0.2375
10,0.125
0,0.0
46,0.575
1,0.0125
0,0.0
1,0.0125
23,0.2875
60,0.75
6,0.075
23,0.2875
0,0.0
30,0.375
59,0.7375
37,0.4625
5,0.0625
80,1.0
74,0.925
51,0.6375
51,0.6375
25,0.3125
79,0.9875
0,0.0
2,0.025
77,0.9625
80,1.0
0,0.0
18,0.225
78,0.975
76,0.95
12,0.15
64,0.8
0,0.0
5,0.0625
0,0.0
55,0.6875
4,0.05
70,0.875
2,0.025
80,1.0
1,0.0125
41,0.5125
0,0.0
16,0.2
0,0.0
23,0.2875
0,0.0
26,0.325
0,0.0
30,0.375
24,0.3
0,0.0
74,0.925
0,0.0
23,0.2875
1,0.0125
2,0.025
80,1.0
20,0.25
80,1.0
0,0.0
12,0.15
7,0.0875
1,0.0125
10,0.125
0,0.0
49,0.6125
2,0.025
0,0.0
24,0.3
56,0.7
80,1.0
76,0.95
0,0.0
54,0.675
2,0.025
2,0.025
3,0.0375
1,0.0125
0,0.0
0,0.0
0,0.0
12,0.15
12,0.15
4,0.05
51,0.6375
1,0.0125
80,1.0
74,0.925
1,0.0125
12,0.15
79,0.9875
26,0.325
60,0.75
4,0.05
73,0.9125
0,0.0
1,0.0125
41,0.5125
78,0.975
80,1.0
5,0.0625
12,0.15
0,0.0
27,0.3375
15,0.1875
27,0.3375
13,0.1625
14,0.175
41,0.5125
26,0.325
14,0.175
80,1.0
78,0.975
80,1.0
0,0.0
0,0.0
33,0.4125
66,0.825
1,0.0125
28,0.35
2,0.025
4,0.05
6,0.075
74,0.925
21,0.2625
2,0.025
0,0.0
1,0.0125
0,0.0
79,0.9875
58,0.725
0,0.0
45,0.5625
0,0.0
3,0.0375
2,0.025
16,0.2
79,0.9875
79,0.9875
20,0.25
11,0.1375
66,0.825
0,0.0
0,0.0
21,0.2625
80,1.0
40,0.5
24,0.3
2,0.025
72,0.9
0,0.0
3,0.0375
5,0.0625
8,0.1
0,0.0
15,0.1875
9,0.1125
66,0.825
8,0.1
14,0.175
16,0.2
18,0.225
26,0.325
0,0.0
80,1.0
1,0.0125
27,0.3375
14,0.175
52,0.65
16,0.2
3,0.0375
0,0.0
41,0.5125
7,0.0875
1,0.0125
13,0.1625
66,0.825
80,1.0
1,0.0125
2,0.025
6,0.075
0,0.0
28,0.35
55,0.6875
4,0.05
0,0.0
51,0.6375
3,0.0375
0,0.0
13,0.1625
0,0.0
0,0.0
0,0.0
18,0.225
0,0.0
27,0.3375
76,0.95
80,1.0
27,0.3375
3,0.0375
75,0.9375
68,0.85
0,0.0
4,0.05
1,0.0125
79,0.9875
66,0.825
0,0.0
0,0.0
76,0.95
0,0.0
79,0.9875
0,0.0
1,0.0125
1,0.0125
0,0.0
64,0.8
65,0.8125
0,0.0
0,0.0
14,0.175
6,0.075
76,0.95
22,0.275
7,0.0875
0,0.0
5,0.0625
1,0.0125
1,0.0125
2,0.025
16,0.2
1,0.0125
80,1.0
0,0.0
1,0.0125
6,0.075
0,0.0
1,0.0125
13,0.1625
8,0.1
51,0.6375
1,0.0125
0,0.0
12,0.15
5,0.0625
25,0.3125
11,0.1375
51,0.6375
0,0.0
0,0.0
0,0.0
1,0.0125
0,0.0
70,0.875
79,0.9875
80,1.0
26,0.325
4,0.05
11,0.1375
79,0.9875
80,1.0
2,0.025
72,0.9
0,0.0
4,0.05
2,0.025
50,0.625
11,0.1375
0,0.0
2,0.025
11,0.1375
13,0.1625
76,0.95
0,0.0
1,0.0125
74,0.925
1,0.0125
1,0.0125
79,0.9875
51,0.6375
8,0.1
6,0.075
1,0.0125
31,0.3875
0,0.0
17,0.2125
0,0.0
10,0.125
1,0.0125
0,0.0
71,0.8875
1,0.0125
1,0.0125
1,0.0125
3,0.0375
0,0.0
0,0.0
8,0.1
74,0.925
1,0.0125
62,0.775
0,0.0
72,0.9
