0,0.0
15,0.19736842105263158
6,0.07894736842105263
26,0.34210526315789475
3,0.039473684210526314
0,0.0
9,0.11842105263157894
19,0.25
73,0.9605263157894737
7,0.09210526315789473
28,0.3684210526315789
1,0.013157894736842105
0,0.0
0,0.0
0,0.0
0,0.0
2,0.02631578947368421
1,0.013157894736842105
55,0.7236842105263158
3,0.039473684210526314
4,0.05263157894736842
14,0.18421052631578946
12,0.15789473684210525
2,0.02631578947368421
57,0.75
1,0.013157894736842105
28,0.3684210526315789
0,0.0
26,0.34210526315789475
0,0.0
0,0.0
1,0.013157894736842105
50,0.6578947368421053
0,0.0
2,0.02631578947368421
0,0.0
1,0.013157894736842105
2,0.02631578947368421
9,0.11842105263157894
0,0.0
3,0.039473684210526314
25,0.32894736842105265
6,0.07894736842105263
0,0.0
0,0.0
1,0.013157894736842105
2,0.02631578947368421
0,0.0
21,0.27631578947368424
75,0.9868421052631579
24,0.3157894736842105
23,0.3026315789473684
1,0.013157894736842105
76,1.0
0,0.0
52,0.6842105263157895
11,0.14473684210526316
75,0.9868421052631579
72,0.9473684210526315
51,0.6710526315789473
0,0.0
0,0.0
1,0.013157894736842105
4,0.05263157894736842
0,0.0
30,0.39473684210526316
9,0.11842105263157894
2,0.02631578947368421
10,0.13157894736842105
1,0.013157894736842105
1,0.013157894736842105
2,0.02631578947368421
2,0.02631578947368421
0,0.0
7,0.09210526315789473
0,0.0
1,0.013157894736842105
12,0.15789473684210525
17,0.2236842105263158
0,0.0
0,0.0
0,0.0
66,0.868421052631579
17,0.2236842105263158
63,0.8289473684210527
25,0.32894736842105265
0,0.0
0,0.0
64,0.8421052631578947
26,0.34210526315789475
2,0.02631578947368421
0,0.0
2,0.02631578947368421
0,0.0
0,0.0
0,0.0
75,0.9868421052631579
25,0.32894736842105265
39,0.5131578947368421
0,0.0
1,0.013157894736842105
0,0.0
0,0.0
0,0.0
2,0.02631578947368421
1,0.013157894736842105
1,0.013157894736842105
1,0.013157894736842105
5,0.06578947368421052
35,0.4605263157894737
0,0.0
25,0.32894736842105265
0,0.0
3,0.039473684210526314
76,1.0
29,0.3815789473684211
0,0.0
1,0.013157894736842105
0,0.0
76,1.0
67,0.881578947368421
12,0.15789473684210525
13,0.17105263157894737
10,0.13157894736842105
3,0.039473684210526314
33,0.4342105263157895
34,0.4473684210526316
75,0.9868421052631579
76,1.0
33,0.4342105263157895
41,0.5394736842105263
15,0.19736842105263158
1,0.013157894736842105
0,0.0
71,0.9342105263157895
75,0.9868421052631579
72,0.9473684210526315
37,0.4868421052631579
76,1.0
0,0.0
0,0.0
60,0.7894736842105263
13,0.17105263157894737
75,0.9868421052631579
40,0.5263157894736842
0,0.0
76,1.0
75,0.9868421052631579
0,0.0
4,0.05263157894736842
0,0.0
23,0.3026315789473684
0,0.0
0,0.0
0,0.0
62,0.8157894736842105
16,0.21052631578947367
37,0.4868421052631579
3,0.039473684210526314
0,0.0
68,0.8947368421052632
1,0.013157894736842105
0,0.0
43,0.5657894736842105
1,0.013157894736842105
2,0.02631578947368421
60,0.7894736842105263
2,0.02631578947368421
5,0.06578947368421052
75,0.9868421052631579
2,0.02631578947368421
75,0.9868421052631579
0,0.0
75,0.9868421052631579
18,0.23684210526315788
0,0.0
14,0.18421052631578946
0,0.0
76,1.0
0,0.0
0,0.0
7,0.09210526315789473
62,0.8157894736842105
76,1.0
0,0.0
10,0.13157894736842105
0,0.0
2,0.02631578947368421
3,0.039473684210526314
62,0.8157894736842105
1,0.013157894736842105
54,0.7105263157894737
17,0.2236842105263158
0,0.0
0,0.0
0,0.0
5,0.06578947368421052
4,0.05263157894736842
2,0.02631578947368421
1,0.013157894736842105
14,0.18421052631578946
15,0.19736842105263158
71,0.9342105263157895
3,0.039473684210526314
1,0.013157894736842105
76,1.0
0,0.0
67,0.881578947368421
0,0.0
0,0.0
0,0.0
0,0.0
76,1.0
0,0.0
76,1.0
3,0.039473684210526314
52,0.6842105263157895
1,0.013157894736842105
0,0.0
0,0.0
75,0.9868421052631579
73,0.9605263157894737
1,0.013157894736842105
0,0.0
74,0.9736842105263158
1,0.013157894736842105
0,0.0
48,0.631578947368421
9,0.11842105263157894
13,0.17105263157894737
73,0.9605263157894737
55,0.7236842105263158
0,0.0
9,0.11842105263157894
2,0.02631578947368421
6,0.07894736842105263
28,0.3684210526315789
0,0.0
29,0.3815789473684211
0,0.0
1,0.013157894736842105
0,0.0
32,0.42105263157894735
5,0.06578947368421052
0,0.0
76,1.0
17,0.2236842105263158
53,0.6973684210526315
46,0.6052631578947368
14,0.18421052631578946
14,0.18421052631578946
0,0.0
0,0.0
1,0.013157894736842105
1,0.013157894736842105
0,0.0
3,0.039473684210526314
1,0.013157894736842105
1,0.013157894736842105
76,1.0
76,1.0
20,0.2631578947368421
4,0.05263157894736842
29,0.3815789473684211
2,0.02631578947368421
20,0.2631578947368421
64,0.8421052631578947
31,0.40789473684210525
0,0.0
4,0.05263157894736842
0,0.0
0,0.0
22,0.2894736842105263
48,0.631578947368421
0,0.0
0,0.0
21,0.27631578947368424
20,0.2631578947368421
11,0.14473684210526316
1,0.013157894736842105
12,0.15789473684210525
76,1.0
1,0.013157894736842105
0,0.0
1,0.013157894736842105
1,0.013157894736842105
0,0.0
23,0.3026315789473684
2,0.02631578947368421
1,0.013157894736842105
74,0.9736842105263158
1,0.013157894736842105
74,0.9736842105263158
1,0.013157894736842105
75,0.9868421052631579
2,0.02631578947368421
3,0.039473684210526314
53,0.6973684210526315
2,0.02631578947368421
35,0.4605263157894737
76,1.0
0,0.0
12,0.15789473684210525
0,0.0
75,0.9868421052631579
2,0.02631578947368421
1,0.013157894736842105
73,0.9605263157894737
75,0.9868421052631579
22,0.2894736842105263
76,1.0
76,1.0
0,0.0
0,0.0
0,0.0
76,1.0
38,0.5
64,0.8421052631578947
76,1.0
12,0.15789473684210525
13,0.17105263157894737
0,0.0
10,0.13157894736842105
65,0.8552631578947368
47,0.618421052631579
76,1.0
53,0.6973684210526315
76,1.0
0,0.0
0,0.0
1,0.013157894736842105
0,0.0
1,0.013157894736842105
65,0.8552631578947368
63,0.8289473684210527
4,0.05263157894736842
36,0.47368421052631576
4,0.05263157894736842
76,1.0
0,0.0
0,0.0
54,0.7105263157894737
76,1.0
2,0.02631578947368421
1,0.013157894736842105
49,0.6447368421052632
53,0.6973684210526315
2,0.02631578947368421
74,0.9736842105263158
4,0.05263157894736842
65,0.8552631578947368
65,0.8552631578947368
0,0.0
13,0.17105263157894737
65,0.8552631578947368
75,0.9868421052631579
76,1.0
75,0.9868421052631579
52,0.6842105263157895
0,0.0
1,0.013157894736842105
35,0.4605263157894737
42,0.5526315789473685
75,0.9868421052631579
1,0.013157894736842105
75,0.9868421052631579
27,0.35526315789473684
63,0.8289473684210527
63,0.8289473684210527
48,0.631578947368421
74,0.9736842105263158
65,0.8552631578947368
71,0.9342105263157895
40,0.5263157894736842
76,1.0
56,0.7368421052631579
1,0.013157894736842105
0,0.0
4,0.05263157894736842
3,0.039473684210526314
6,0.07894736842105263
7,0.09210526315789473
0,0.0
2,0.02631578947368421
0,0.0
24,0.3157894736842105
4,0.05263157894736842
13,0.17105263157894737
73,0.9605263157894737
76,1.0
5,0.06578947368421052
67,0.881578947368421
43,0.5657894736842105
4,0.05263157894736842
1,0.013157894736842105
0,0.0
3,0.039473684210526314
2,0.02631578947368421
9,0.11842105263157894
24,0.3157894736842105
72,0.9473684210526315
8,0.10526315789473684
0,0.0
37,0.4868421052631579
1,0.013157894736842105
3,0.039473684210526314
76,1.0
73,0.9605263157894737
5,0.06578947368421052
11,0.14473684210526316
0,0.0
17,0.2236842105263158
0,0.0
0,0.0
36,0.47368421052631576
1,0.013157894736842105
0,0.0
70,0.9210526315789473
59,0.7763157894736842
7,0.09210526315789473
19,0.25
22,0.2894736842105263
0,0.0
24,0.3157894736842105
3,0.039473684210526314
0,0.0
11,0.14473684210526316
20,0.2631578947368421
3,0.039473684210526314
55,0.7236842105263158
26,0.34210526315789475
12,0.15789473684210525
10,0.13157894736842105
76,1.0
44,0.5789473684210527
41,0.5394736842105263
4,0.05263157894736842
39,0.5131578947368421
3,0.039473684210526314
1,0.013157894736842105
0,0.0
69,0.9078947368421053
2,0.02631578947368421
3,0.039473684210526314
12,0.15789473684210525
40,0.5263157894736842
20,0.2631578947368421
4,0.05263157894736842
1,0.013157894736842105
1,0.013157894736842105
76,1.0
3,0.039473684210526314
8,0.10526315789473684
1,0.013157894736842105
62,0.8157894736842105
20,0.2631578947368421
0,0.0
58,0.7631578947368421
0,0.0
19,0.25
0,0.0
1,0.013157894736842105
74,0.9736842105263158
68,0.8947368421052632
11,0.14473684210526316
76,1.0
0,0.0
0,0.0
46,0.6052631578947368
0,0.0
75,0.9868421052631579
0,0.0
72,0.9473684210526315
3,0.039473684210526314
0,0.0
8,0.10526315789473684
10,0.13157894736842105
43,0.5657894736842105
45,0.5921052631578947
72,0.9473684210526315
4,0.05263157894736842
45,0.5921052631578947
5,0.06578947368421052
46,0.6052631578947368
31,0.40789473684210525
15,0.19736842105263158
0,0.0
62,0.8157894736842105
45,0.5921052631578947
10,0.13157894736842105
46,0.6052631578947368
76,1.0
0,0.0
0,0.0
0,0.0
9,0.11842105263157894
42,0.5526315789473685
3,0.039473684210526314
65,0.8552631578947368
0,0.0
3,0.039473684210526314
76,1.0
1,0.013157894736842105
3,0.039473684210526314
7,0.09210526315789473
5,0.06578947368421052
0,0.0
0,0.0
1,0.013157894736842105
10,0.13157894736842105
0,0.0
0,0.0
59,0.7763157894736842
0,0.0
16,0.21052631578947367
0,0.0
0,0.0
1,0.013157894736842105
20,0.2631578947368421
41,0.5394736842105263
33,0.4342105263157895
2,0.02631578947368421
23,0.3026315789473684
0,0.0
0,0.0
65,0.8552631578947368
11,0.14473684210526316
31,0.40789473684210525
1,0.013157894736842105
0,0.0
8,0.10526315789473684
0,0.0
0,0.0
76,1.0
1,0.013157894736842105
3,0.039473684210526314
1,0.013157894736842105
4,0.05263157894736842
29,0.3815789473684211
0,0.0
10,0.13157894736842105
30,0.39473684210526316
65,0.8552631578947368
0,0.0
0,0.0
65,0.8552631578947368
0,0.0
0,0.0
45,0.5921052631578947
56,0.7368421052631579
2,0.02631578947368421
0,0.0
16,0.21052631578947367
4,0.05263157894736842
74,0.9736842105263158
0,0.0
1,0.013157894736842105
0,0.0
76,1.0
16,0.21052631578947367
16,0.21052631578947367
31,0.40789473684210525
3,0.039473684210526314
2,0.02631578947368421
3,0.039473684210526314
4,0.05263157894736842
8,0.10526315789473684
0,0.0
0,0.0
30,0.39473684210526316
0,0.0
61,0.8026315789473685
3,0.039473684210526314
1,0.013157894736842105
1,0.013157894736842105
16,0.21052631578947367
36,0.47368421052631576
10,0.13157894736842105
0,0.0
57,0.75
75,0.9868421052631579
29,0.3815789473684211
2,0.02631578947368421
31,0.40789473684210525
76,1.0
59,0.7763157894736842
40,0.5263157894736842
48,0.631578947368421
0,0.0
17,0.2236842105263158
76,1.0
73,0.9605263157894737
0,0.0
16,0.21052631578947367
6,0.07894736842105263
44,0.5789473684210527
68,0.8947368421052632
76,1.0
8,0.10526315789473684
0,0.0
60,0.7894736842105263
76,1.0
60,0.7894736842105263
66,0.868421052631579
8,0.10526315789473684
48,0.631578947368421
0,0.0
52,0.6842105263157895
14,0.18421052631578946
2,0.02631578947368421
76,1.0
63,0.8289473684210527
5,0.06578947368421052
10,0.13157894736842105
2,0.02631578947368421
11,0.14473684210526316
0,0.0
33,0.4342105263157895
73,0.9605263157894737
61,0.8026315789473685
20,0.2631578947368421
63,0.8289473684210527
61,0.8026315789473685
61,0.8026315789473685
76,1.0
20,0.2631578947368421
15,0.19736842105263158
52,0.6842105263157895
7,0.09210526315789473
16,0.21052631578947367
35,0.4605263157894737
17,0.2236842105263158
29,0.3815789473684211
37,0.4868421052631579
4,0.05263157894736842
2,0.02631578947368421
0,0.0
34,0.4473684210526316
20,0.2631578947368421
17,0.2236842105263158
16,0.21052631578947367
76,1.0
36,0.47368421052631576
17,0.2236842105263158
0,0.0
16,0.21052631578947367
0,0.0
1,0.013157894736842105
68,0.8947368421052632
2,0.02631578947368421
0,0.0
67,0.881578947368421
0,0.0
45,0.5921052631578947
66,0.868421052631579
75,0.9868421052631579
55,0.7236842105263158
60,0.7894736842105263
22,0.2894736842105263
19,0.25
20,0.2631578947368421
1,0.013157894736842105
1,0.013157894736842105
1,0.013157894736842105
0,0.0
25,0.32894736842105265
41,0.5394736842105263
42,0.5526315789473685
44,0.5789473684210527
26,0.34210526315789475
24,0.3157894736842105
23,0.3026315789473684
22,0.2894736842105263
12,0.15789473684210525
25,0.32894736842105265
19,0.25
12,0.15789473684210525
11,0.14473684210526316
54,0.7105263157894737
17,0.2236842105263158
0,0.0
33,0.4342105263157895
0,0.0
22,0.2894736842105263
49,0.6447368421052632
9,0.11842105263157894
15,0.19736842105263158
1,0.013157894736842105
0,0.0
1,0.013157894736842105
56,0.7368421052631579
57,0.75
15,0.19736842105263158
39,0.5131578947368421
1,0.013157894736842105
33,0.4342105263157895
60,0.7894736842105263
48,0.631578947368421
41,0.5394736842105263
3,0.039473684210526314
39,0.5131578947368421
20,0.2631578947368421
73,0.9605263157894737
75,0.9868421052631579
18,0.23684210526315788
16,0.21052631578947367
22,0.2894736842105263
0,0.0
1,0.013157894736842105
61,0.8026315789473685
23,0.3026315789473684
3,0.039473684210526314
57,0.75
14,0.18421052631578946
15,0.19736842105263158
76,1.0
20,0.2631578947368421
72,0.9473684210526315
3,0.039473684210526314
17,0.2236842105263158
74,0.9736842105263158
5,0.06578947368421052
1,0.013157894736842105
0,0.0
18,0.23684210526315788
17,0.2236842105263158
71,0.9342105263157895
17,0.2236842105263158
18,0.23684210526315788
7,0.09210526315789473
17,0.2236842105263158
17,0.2236842105263158
59,0.7763157894736842
1,0.013157894736842105
61,0.8026315789473685
3,0.039473684210526314
15,0.19736842105263158
2,0.02631578947368421
5,0.06578947368421052
16,0.21052631578947367
0,0.0
1,0.013157894736842105
17,0.2236842105263158
61,0.8026315789473685
2,0.02631578947368421
2,0.02631578947368421
19,0.25
0,0.0
16,0.21052631578947367
15,0.19736842105263158
73,0.9605263157894737
59,0.7763157894736842
60,0.7894736842105263
59,0.7763157894736842
72,0.9473684210526315
15,0.19736842105263158
76,1.0
4,0.05263157894736842
61,0.8026315789473685
1,0.013157894736842105
60,0.7894736842105263
60,0.7894736842105263
18,0.23684210526315788
33,0.4342105263157895
41,0.5394736842105263
3,0.039473684210526314
42,0.5526315789473685
1,0.013157894736842105
0,0.0
58,0.7631578947368421
21,0.27631578947368424
45,0.5921052631578947
13,0.17105263157894737
22,0.2894736842105263
74,0.9736842105263158
59,0.7763157894736842
73,0.9605263157894737
3,0.039473684210526314
7,0.09210526315789473
44,0.5789473684210527
69,0.9078947368421053
0,0.0
15,0.19736842105263158
76,1.0
4,0.05263157894736842
1,0.013157894736842105
1,0.013157894736842105
0,0.0
3,0.039473684210526314
72,0.9473684210526315
70,0.9210526315789473
10,0.13157894736842105
15,0.19736842105263158
3,0.039473684210526314
15,0.19736842105263158
18,0.23684210526315788
58,0.7631578947368421
0,0.0
1,0.013157894736842105
56,0.7368421052631579
36,0.47368421052631576
0,0.0
75,0.9868421052631579
0,0.0
4,0.05263157894736842
20,0.2631578947368421
55,0.7236842105263158
2,0.02631578947368421
20,0.2631578947368421
0,0.0
22,0.2894736842105263
0,0.0
42,0.5526315789473685
23,0.3026315789473684
13,0.17105263157894737
20,0.2631578947368421
0,0.0
0,0.0
11,0.14473684210526316
76,1.0
21,0.27631578947368424
65,0.8552631578947368
73,0.9605263157894737
54,0.7105263157894737
20,0.2631578947368421
9,0.11842105263157894
22,0.2894736842105263
22,0.2894736842105263
76,1.0
1,0.013157894736842105
11,0.14473684210526316
58,0.7631578947368421
3,0.039473684210526314
5,0.06578947368421052
57,0.75
19,0.25
0,0.0
1,0.013157894736842105
2,0.02631578947368421
76,1.0
0,0.0
6,0.07894736842105263
74,0.9736842105263158
44,0.5789473684210527
3,0.039473684210526314
44,0.5789473684210527
7,0.09210526315789473
0,0.0
20,0.2631578947368421
70,0.9210526315789473
0,0.0
2,0.02631578947368421
3,0.039473684210526314
0,0.0
7,0.09210526315789473
11,0.14473684210526316
50,0.6578947368421053
16,0.21052631578947367
0,0.0
0,0.0
9,0.11842105263157894
42,0.5526315789473685
0,0.0
4,0.05263157894736842
26,0.34210526315789475
26,0.34210526315789475
75,0.9868421052631579
26,0.34210526315789475
2,0.02631578947368421
24,0.3157894736842105
24,0.3157894736842105
0,0.0
0,0.0
20,0.2631578947368421
0,0.0
22,0.2894736842105263
7,0.09210526315789473
0,0.0
1,0.013157894736842105
1,0.013157894736842105
10,0.13157894736842105
4,0.05263157894736842
9,0.11842105263157894
12,0.15789473684210525
76,1.0
26,0.34210526315789475
22,0.2894736842105263
60,0.7894736842105263
22,0.2894736842105263
14,0.18421052631578946
1,0.013157894736842105
74,0.9736842105263158
4,0.05263157894736842
24,0.3157894736842105
0,0.0
0,0.0
23,0.3026315789473684
51,0.6710526315789473
26,0.34210526315789475
11,0.14473684210526316
0,0.0
5,0.06578947368421052
1,0.013157894736842105
76,1.0
22,0.2894736842105263
2,0.02631578947368421
68,0.8947368421052632
73,0.9605263157894737
22,0.2894736842105263
0,0.0
73,0.9605263157894737
61,0.8026315789473685
76,1.0
1,0.013157894736842105
3,0.039473684210526314
2,0.02631578947368421
69,0.9078947368421053
25,0.32894736842105265
28,0.3684210526315789
68,0.8947368421052632
0,0.0
1,0.013157894736842105
3,0.039473684210526314
1,0.013157894736842105
7,0.09210526315789473
4,0.05263157894736842
3,0.039473684210526314
5,0.06578947368421052
0,0.0
0,0.0
54,0.7105263157894737
1,0.013157894736842105
39,0.5131578947368421
53,0.6973684210526315
4,0.05263157894736842
0,0.0
9,0.11842105263157894
3,0.039473684210526314
2,0.02631578947368421
2,0.02631578947368421
4,0.05263157894736842
7,0.09210526315789473
0,0.0
3,0.039473684210526314
0,0.0
0,0.0
0,0.0
28,0.3684210526315789
75,0.9868421052631579
74,0.9736842105263158
0,0.0
53,0.6973684210526315
5,0.06578947368421052
20,0.2631578947368421
27,0.35526315789473684
58,0.7631578947368421
25,0.32894736842105265
0,0.0
0,0.0
76,1.0
26,0.34210526315789475
21,0.27631578947368424
73,0.9605263157894737
23,0.3026315789473684
8,0.10526315789473684
75,0.9868421052631579
25,0.32894736842105265
21,0.27631578947368424
21,0.27631578947368424
1,0.013157894736842105
0,0.0
21,0.27631578947368424
7,0.09210526315789473
21,0.27631578947368424
66,0.868421052631579
0,0.0
21,0.27631578947368424
10,0.13157894736842105
47,0.618421052631579
3,0.039473684210526314
65,0.8552631578947368
7,0.09210526315789473
0,0.0
57,0.75
0,0.0
66,0.868421052631579
72,0.9473684210526315
76,1.0
1,0.013157894736842105
3,0.039473684210526314
24,0.3157894736842105
8,0.10526315789473684
76,1.0
1,0.013157894736842105
76,1.0
1,0.013157894736842105
67,0.881578947368421
1,0.013157894736842105
1,0.013157894736842105
2,0.02631578947368421
1,0.013157894736842105
2,0.02631578947368421
0,0.0
0,0.0
2,0.02631578947368421
12,0.15789473684210525
1,0.013157894736842105
0,0.0
0,0.0
7,0.09210526315789473
3,0.039473684210526314
3,0.039473684210526314
0,0.0
7,0.09210526315789473
2,0.02631578947368421
0,0.0
7,0.09210526315789473
8,0.10526315789473684
0,0.0
0,0.0
1,0.013157894736842105
0,0.0
0,0.0
0,0.0
75,0.9868421052631579
74,0.9736842105263158
37,0.4868421052631579
66,0.868421052631579
0,0.0
0,0.0
0,0.0
76,1.0
69,0.9078947368421053
0,0.0
1,0.013157894736842105
2,0.02631578947368421
1,0.013157894736842105
69,0.9078947368421053
1,0.013157894736842105
1,0.013157894736842105
20,0.2631578947368421
0,0.0
0,0.0
1,0.013157894736842105
5,0.06578947368421052
0,0.0
52,0.6842105263157895
73,0.9605263157894737
0,0.0
0,0.0
4,0.05263157894736842
75,0.9868421052631579
33,0.4342105263157895
0,0.0
48,0.631578947368421
67,0.881578947368421
76,1.0
10,0.13157894736842105
2,0.02631578947368421
55,0.7236842105263158
72,0.9473684210526315
74,0.9736842105263158
67,0.881578947368421
20,0.2631578947368421
76,1.0
68,0.8947368421052632
76,1.0
71,0.9342105263157895
74,0.9736842105263158
21,0.27631578947368424
35,0.4605263157894737
49,0.6447368421052632
3,0.039473684210526314
2,0.02631578947368421
1,0.013157894736842105
0,0.0
3,0.039473684210526314
0,0.0
0,0.0
0,0.0
19,0.25
3,0.039473684210526314
75,0.9868421052631579
1,0.013157894736842105
3,0.039473684210526314
22,0.2894736842105263
1,0.013157894736842105
76,1.0
3,0.039473684210526314
0,0.0
0,0.0
0,0.0
5,0.06578947368421052
0,0.0
0,0.0
0,0.0
1,0.013157894736842105
11,0.14473684210526316
25,0.32894736842105265
74,0.9736842105263158
5,0.06578947368421052
0,0.0
0,0.0
68,0.8947368421052632
52,0.6842105263157895
69,0.9078947368421053
19,0.25
0,0.0
23,0.3026315789473684
1,0.013157894736842105
3,0.039473684210526314
76,1.0
54,0.7105263157894737
2,0.02631578947368421
21,0.27631578947368424
1,0.013157894736842105
3,0.039473684210526314
1,0.013157894736842105
5,0.06578947368421052
72,0.9473684210526315
67,0.881578947368421
21,0.27631578947368424
18,0.23684210526315788
58,0.7631578947368421
1,0.013157894736842105
1,0.013157894736842105
1,0.013157894736842105
73,0.9605263157894737
71,0.9342105263157895
2,0.02631578947368421
0,0.0
1,0.013157894736842105
0,0.0
1,0.013157894736842105
0,0.0
4,0.05263157894736842
4,0.05263157894736842
33,0.4342105263157895
0,0.0
0,0.0
0,0.0
0,0.0
4,0.05263157894736842
0,0.0
6,0.07894736842105263
1,0.013157894736842105
0,0.0
0,0.0
0,0.0
76,1.0
1,0.013157894736842105
0,0.0
