6,0.07692307692307693
27,0.34615384615384615
6,0.07692307692307693
6,0.07692307692307693
6,0.07692307692307693
0,0.0
78,1.0
5,0.0641025641025641
5,0.0641025641025641
27,0.34615384615384615
2,0.02564102564102564
78,1.0
0,0.0
1,0.01282051282051282
0,0.0
6,0.07692307692307693
0,0.0
27,0.34615384615384615
27,0.34615384615384615
1,0.01282051282051282
1,0.01282051282051282
8,0.10256410256410256
0,0.0
3,0.038461538461538464
0,0.0
0,0.0
7,0.08974358974358974
1,0.01282051282051282
7,0.08974358974358974
0,0.0
0,0.0
78,1.0
4,0.05128205128205128
0,0.0
0,0.0
0,0.0
1,0.01282051282051282
0,0.0
0,0.0
4,0.05128205128205128
0,0.0
1,0.01282051282051282
0,0.0
78,1.0
0,0.0
0,0.0
0,0.0
39,0.5
8,0.10256410256410256
1,0.01282051282051282
0,0.0
13,0.16666666666666666
8,0.10256410256410256
1,0.01282051282051282
78,1.0
37,0.47435897435897434
12,0.15384615384615385
40,0.5128205128205128
0,0.0
11,0.14102564102564102
1,0.01282051282051282
42,0.5384615384615384
0,0.0
10,0.1282051282051282
10,0.1282051282051282
39,0.5
0,0.0
78,1.0
4,0.05128205128205128
28,0.358974358974359
37,0.47435897435897434
6,0.07692307692307693
45,0.5769230769230769
3,0.038461538461538464
30,0.38461538461538464
1,0.01282051282051282
75,0.9615384615384616
32,0.41025641025641024
37,0.47435897435897434
0,0.0
0,0.0
41,0.5256410256410257
36,0.46153846153846156
72,0.9230769230769231
37,0.47435897435897434
78,1.0
0,0.0
74,0.9487179487179487
36,0.46153846153846156
3,0.038461538461538464
0,0.0
0,0.0
39,0.5
78,1.0
16,0.20512820512820512
0,0.0
2,0.02564102564102564
36,0.46153846153846156
36,0.46153846153846156
9,0.11538461538461539
0,0.0
33,0.4230769230769231
0,0.0
35,0.44871794871794873
2,0.02564102564102564
77,0.9871794871794872
34,0.4358974358974359
40,0.5128205128205128
39,0.5
1,0.01282051282051282
5,0.0641025641025641
47,0.6025641025641025
1,0.01282051282051282
37,0.47435897435897434
18,0.23076923076923078
35,0.44871794871794873
0,0.0
0,0.0
67,0.8589743589743589
13,0.16666666666666666
0,0.0
78,1.0
36,0.46153846153846156
18,0.23076923076923078
67,0.8589743589743589
77,0.9871794871794872
1,0.01282051282051282
5,0.0641025641025641
36,0.46153846153846156
76,0.9743589743589743
5,0.0641025641025641
42,0.5384615384615384
36,0.46153846153846156
6,0.07692307692307693
7,0.08974358974358974
35,0.44871794871794873
39,0.5
77,0.9871794871794872
70,0.8974358974358975
78,1.0
23,0.2948717948717949
76,0.9743589743589743
12,0.15384615384615385
11,0.14102564102564102
42,0.5384615384615384
0,0.0
74,0.9487179487179487
1,0.01282051282051282
4,0.05128205128205128
0,0.0
0,0.0
0,0.0
0,0.0
0,0.0
0,0.0
0,0.0
59,0.7564102564102564
16,0.20512820512820512
42,0.5384615384615384
75,0.9615384615384616
1,0.01282051282051282
75,0.9615384615384616
75,0.9615384615384616
61,0.782051282051282
73,0.9358974358974359
20,0.2564102564102564
74,0.9487179487179487
9,0.11538461538461539
0,0.0
43,0.5512820512820513
40,0.5128205128205128
76,0.9743589743589743
7,0.08974358974358974
14,0.1794871794871795
41,0.5256410256410257
0,0.0
0,0.0
75,0.9615384615384616
78,1.0
77,0.9871794871794872
2,0.02564102564102564
0,0.0
42,0.5384615384615384
17,0.21794871794871795
3,0.038461538461538464
3,0.038461538461538464
0,0.0
7,0.08974358974358974
7,0.08974358974358974
14,0.1794871794871795
0,0.0
78,1.0
73,0.9358974358974359
4,0.05128205128205128
75,0.9615384615384616
25,0.32051282051282054
2,0.02564102564102564
2,0.02564102564102564
75,0.9615384615384616
15,0.19230769230769232
76,0.9743589743589743
0,0.0
6,0.07692307692307693
0,0.0
1,0.01282051282051282
0,0.0
25,0.32051282051282054
2,0.02564102564102564
0,0.0
78,1.0
2,0.02564102564102564
77,0.9871794871794872
0,0.0
78,1.0
0,0.0
0,0.0
2,0.02564102564102564
0,0.0
1,0.01282051282051282
26,0.3333333333333333
1,0.01282051282051282
0,0.0
7,0.08974358974358974
6,0.07692307692307693
1,0.01282051282051282
54,0.6923076923076923
1,0.01282051282051282
1,0.01282051282051282
0,0.0
1,0.01282051282051282
0,0.0
0,0.0
11,0.14102564102564102
1,0.01282051282051282
73,0.9358974358974359
70,0.8974358974358975
46,0.5897435897435898
1,0.01282051282051282
78,1.0
9,0.11538461538461539
49,0.6282051282051282
3,0.038461538461538464
46,0.5897435897435898
77,0.9871794871794872
3,0.038461538461538464
64,0.8205128205128205
5,0.0641025641025641
76,0.9743589743589743
27,0.34615384615384615
0,0.0
26,0.3333333333333333
1,0.01282051282051282
24,0.3076923076923077
3,0.038461538461538464
27,0.34615384615384615
78,1.0
27,0.34615384615384615
9,0.11538461538461539
0,0.0
52,0.6666666666666666
3,0.038461538461538464
0,0.0
52,0.6666666666666666
5,0.0641025641025641
71,0.9102564102564102
0,0.0
3,0.038461538461538464
1,0.01282051282051282
11,0.14102564102564102
3,0.038461538461538464
0,0.0
15,0.19230769230769232
32,0.41025641025641024
3,0.038461538461538464
2,0.02564102564102564
5,0.0641025641025641
35,0.44871794871794873
37,0.47435897435897434
74,0.9487179487179487
1,0.01282051282051282
76,0.9743589743589743
0,0.0
4,0.05128205128205128
0,0.0
5,0.0641025641025641
0,0.0
0,0.0
3,0.038461538461538464
46,0.5897435897435898
76,0.9743589743589743
49,0.6282051282051282
16,0.20512820512820512
60,0.7692307692307693
78,1.0
60,0.7692307692307693
16,0.20512820512820512
3,0.038461538461538464
29,0.3717948717948718
20,0.2564102564102564
59,0.7564102564102564
5,0.0641025641025641
0,0.0
0,0.0
68,0.8717948717948718
11,0.14102564102564102
66,0.8461538461538461
18,0.23076923076923078
17,0.21794871794871795
2,0.02564102564102564
11,0.14102564102564102
11,0.14102564102564102
77,0.9871794871794872
0,0.0
3,0.038461538461538464
3,0.038461538461538464
10,0.1282051282051282
4,0.05128205128205128
11,0.14102564102564102
53,0.6794871794871795
67,0.8589743589743589
3,0.038461538461538464
64,0.8205128205128205
13,0.16666666666666666
38,0.48717948717948717
67,0.8589743589743589
0,0.0
3,0.038461538461538464
77,0.9871794871794872
3,0.038461538461538464
1,0.01282051282051282
0,0.0
0,0.0
12,0.15384615384615385
16,0.20512820512820512
38,0.48717948717948717
21,0.2692307692307692
77,0.9871794871794872
23,0.2948717948717949
55,0.7051282051282052
66,0.8461538461538461
0,0.0
64,0.8205128205128205
56,0.717948717948718
10,0.1282051282051282
23,0.2948717948717949
22,0.28205128205128205
2,0.02564102564102564
75,0.9615384615384616
35,0.44871794871794873
2,0.02564102564102564
56,0.717948717948718
72,0.9230769230769231
36,0.46153846153846156
1,0.01282051282051282
56,0.717948717948718
38,0.48717948717948717
0,0.0
0,0.0
5,0.0641025641025641
0,0.0
48,0.6153846153846154
78,1.0
78,1.0
36,0.46153846153846156
22,0.28205128205128205
10,0.1282051282051282
2,0.02564102564102564
52,0.6666666666666666
37,0.47435897435897434
42,0.5384615384615384
0,0.0
33,0.4230769230769231
4,0.05128205128205128
45,0.5769230769230769
65,0.8333333333333334
39,0.5
0,0.0
2,0.02564102564102564
20,0.2564102564102564
11,0.14102564102564102
3,0.038461538461538464
1,0.01282051282051282
0,0.0
2,0.02564102564102564
1,0.01282051282051282
0,0.0
2,0.02564102564102564
4,0.05128205128205128
0,0.0
0,0.0
20,0.2564102564102564
78,1.0
2,0.02564102564102564
2,0.02564102564102564
0,0.0
3,0.038461538461538464
57,0.7307692307692307
2,0.02564102564102564
0,0.0
0,0.0
0,0.0
0,0.0
44,0.5641025641025641
7,0.08974358974358974
1,0.01282051282051282
78,1.0
0,0.0
0,0.0
12,0.15384615384615385
20,0.2564102564102564
1,0.01282051282051282
66,0.8461538461538461
70,0.8974358974358975
0,0.0
1,0.01282051282051282
0,0.0
1,0.01282051282051282
5,0.0641025641025641
2,0.02564102564102564
2,0.02564102564102564
21,0.2692307692307692
16,0.20512820512820512
6,0.07692307692307693
2,0.02564102564102564
19,0.24358974358974358
27,0.34615384615384615
0,0.0
0,0.0
33,0.4230769230769231
13,0.16666666666666666
1,0.01282051282051282
1,0.01282051282051282
78,1.0
78,1.0
12,0.15384615384615385
19,0.24358974358974358
42,0.5384615384615384
1,0.01282051282051282
2,0.02564102564102564
78,1.0
40,0.5128205128205128
4,0.05128205128205128
4,0.05128205128205128
0,0.0
1,0.01282051282051282
1,0.01282051282051282
74,0.9487179487179487
1,0.01282051282051282
74,0.9487179487179487
0,0.0
1,0.01282051282051282
45,0.5769230769230769
2,0.02564102564102564
4,0.05128205128205128
77,0.9871794871794872
1,0.01282051282051282
13,0.16666666666666666
74,0.9487179487179487
11,0.14102564102564102
31,0.3974358974358974
16,0.20512820512820512
0,0.0
78,1.0
0,0.0
15,0.19230769230769232
21,0.2692307692307692
19,0.24358974358974358
78,1.0
1,0.01282051282051282
3,0.038461538461538464
12,0.15384615384615385
17,0.21794871794871795
50,0.6410256410256411
78,1.0
18,0.23076923076923078
3,0.038461538461538464
0,0.0
0,0.0
1,0.01282051282051282
78,1.0
0,0.0
76,0.9743589743589743
30,0.38461538461538464
17,0.21794871794871795
77,0.9871794871794872
66,0.8461538461538461
0,0.0
0,0.0
2,0.02564102564102564
2,0.02564102564102564
3,0.038461538461538464
0,0.0
16,0.20512820512820512
0,0.0
5,0.0641025641025641
3,0.038461538461538464
77,0.9871794871794872
12,0.15384615384615385
0,0.0
0,0.0
2,0.02564102564102564
1,0.01282051282051282
0,0.0
1,0.01282051282051282
0,0.0
66,0.8461538461538461
65,0.8333333333333334
78,1.0
0,0.0
78,1.0
0,0.0
0,0.0
30,0.38461538461538464
77,0.9871794871794872
1,0.01282051282051282
0,0.0
77,0.9871794871794872
45,0.5769230769230769
0,0.0
1,0.01282051282051282
3,0.038461538461538464
4,0.05128205128205128
1,0.01282051282051282
0,0.0
16,0.20512820512820512
0,0.0
0,0.0
78,1.0
4,0.05128205128205128
16,0.20512820512820512
3,0.038461538461538464
1,0.01282051282051282
78,1.0
0,0.0
0,0.0
4,0.05128205128205128
78,1.0
76,0.9743589743589743
0,0.0
0,0.0
2,0.02564102564102564
1,0.01282051282051282
0,0.0
78,1.0
75,0.9615384615384616
3,0.038461538461538464
12,0.15384615384615385
18,0.23076923076923078
47,0.6025641025641025
47,0.6025641025641025
12,0.15384615384615385
78,1.0
78,1.0
78,1.0
0,0.0
0,0.0
0,0.0
0,0.0
1,0.01282051282051282
78,1.0
7,0.08974358974358974
78,1.0
47,0.6025641025641025
19,0.24358974358974358
12,0.15384615384615385
5,0.0641025641025641
47,0.6025641025641025
0,0.0
1,0.01282051282051282
77,0.9871794871794872
65,0.8333333333333334
77,0.9871794871794872
2,0.02564102564102564
0,0.0
0,0.0
0,0.0
0,0.0
1,0.01282051282051282
32,0.41025641025641024
22,0.28205128205128205
12,0.15384615384615385
4,0.05128205128205128
5,0.0641025641025641
55,0.7051282051282052
0,0.0
1,0.01282051282051282
78,1.0
78,1.0
1,0.01282051282051282
0,0.0
33,0.4230769230769231
77,0.9871794871794872
0,0.0
77,0.9871794871794872
1,0.01282051282051282
33,0.4230769230769231
59,0.7564102564102564
44,0.5641025641025641
44,0.5641025641025641
55,0.7051282051282052
78,1.0
73,0.9358974358974359
56,0.717948717948718
78,1.0
39,0.5
44,0.5641025641025641
56,0.717948717948718
1,0.01282051282051282
22,0.28205128205128205
1,0.01282051282051282
78,1.0
0,0.0
1,0.01282051282051282
73,0.9358974358974359
0,0.0
42,0.5384615384615384
35,0.44871794871794873
0,0.0
1,0.01282051282051282
78,1.0
65,0.8333333333333334
0,0.0
1,0.01282051282051282
43,0.5512820512820513
68,0.8717948717948718
1,0.01282051282051282
23,0.2948717948717949
35,0.44871794871794873
43,0.5512820512820513
1,0.01282051282051282
1,0.01282051282051282
3,0.038461538461538464
31,0.3974358974358974
0,0.0
16,0.20512820512820512
77,0.9871794871794872
78,1.0
0,0.0
78,1.0
4,0.05128205128205128
66,0.8461538461538461
0,0.0
76,0.9743589743589743
78,1.0
25,0.32051282051282054
0,0.0
15,0.19230769230769232
24,0.3076923076923077
29,0.3717948717948718
0,0.0
0,0.0
20,0.2564102564102564
0,0.0
77,0.9871794871794872
4,0.05128205128205128
3,0.038461538461538464
74,0.9487179487179487
35,0.44871794871794873
3,0.038461538461538464
2,0.02564102564102564
14,0.1794871794871795
78,1.0
2,0.02564102564102564
0,0.0
78,1.0
3,0.038461538461538464
0,0.0
2,0.02564102564102564
36,0.46153846153846156
35,0.44871794871794873
42,0.5384615384615384
12,0.15384615384615385
4,0.05128205128205128
19,0.24358974358974358
0,0.0
27,0.34615384615384615
35,0.44871794871794873
77,0.9871794871794872
19,0.24358974358974358
0,0.0
3,0.038461538461538464
76,0.9743589743589743
43,0.5512820512820513
1,0.01282051282051282
37,0.47435897435897434
35,0.44871794871794873
31,0.3974358974358974
78,1.0
73,0.9358974358974359
0,0.0
1,0.01282051282051282
0,0.0
3,0.038461538461538464
1,0.01282051282051282
0,0.0
76,0.9743589743589743
0,0.0
1,0.01282051282051282
1,0.01282051282051282
1,0.01282051282051282
1,0.01282051282051282
2,0.02564102564102564
0,0.0
1,0.01282051282051282
20,0.2564102564102564
0,0.0
78,1.0
78,1.0
45,0.5769230769230769
1,0.01282051282051282
3,0.038461538461538464
34,0.4358974358974359
34,0.4358974358974359
0,0.0
0,0.0
0,0.0
1,0.01282051282051282
78,1.0
0,0.0
0,0.0
72,0.9230769230769231
1,0.01282051282051282
77,0.9871794871794872
61,0.782051282051282
0,0.0
62,0.7948717948717948
61,0.782051282051282
63,0.8076923076923077
17,0.21794871794871795
10,0.1282051282051282
18,0.23076923076923078
5,0.0641025641025641
12,0.15384615384615385
76,0.9743589743589743
1,0.01282051282051282
5,0.0641025641025641
78,1.0
17,0.21794871794871795
76,0.9743589743589743
0,0.0
0,0.0
4,0.05128205128205128
16,0.20512820512820512
2,0.02564102564102564
0,0.0
2,0.02564102564102564
2,0.02564102564102564
0,0.0
77,0.9871794871794872
50,0.6410256410256411
76,0.9743589743589743
1,0.01282051282051282
35,0.44871794871794873
0,0.0
19,0.24358974358974358
1,0.01282051282051282
1,0.01282051282051282
6,0.07692307692307693
77,0.9871794871794872
1,0.01282051282051282
2,0.02564102564102564
1,0.01282051282051282
2,0.02564102564102564
10,0.1282051282051282
78,1.0
2,0.02564102564102564
8,0.10256410256410256
18,0.23076923076923078
2,0.02564102564102564
20,0.2564102564102564
0,0.0
44,0.5641025641025641
77,0.9871794871794872
78,1.0
0,0.0
60,0.7692307692307693
73,0.9358974358974359
0,0.0
6,0.07692307692307693
78,1.0
0,0.0
0,0.0
5,0.0641025641025641
0,0.0
0,0.0
1,0.01282051282051282
72,0.9230769230769231
2,0.02564102564102564
75,0.9615384615384616
77,0.9871794871794872
28,0.358974358974359
78,1.0
6,0.07692307692307693
0,0.0
1,0.01282051282051282
0,0.0
78,1.0
1,0.01282051282051282
51,0.6538461538461539
78,1.0
48,0.6153846153846154
28,0.358974358974359
68,0.8717948717948718
68,0.8717948717948718
75,0.9615384615384616
10,0.1282051282051282
28,0.358974358974359
1,0.01282051282051282
6,0.07692307692307693
19,0.24358974358974358
0,0.0
0,0.0
27,0.34615384615384615
0,0.0
77,0.9871794871794872
0,0.0
0,0.0
2,0.02564102564102564
0,0.0
17,0.21794871794871795
3,0.038461538461538464
2,0.02564102564102564
49,0.6282051282051282
78,1.0
78,1.0
50,0.6410256410256411
77,0.9871794871794872
33,0.4230769230769231
0,0.0
38,0.48717948717948717
4,0.05128205128205128
6,0.07692307692307693
10,0.1282051282051282
63,0.8076923076923077
0,0.0
0,0.0
0,0.0
0,0.0
1,0.01282051282051282
0,0.0
3,0.038461538461538464
2,0.02564102564102564
10,0.1282051282051282
12,0.15384615384615385
7,0.08974358974358974
14,0.1794871794871795
77,0.9871794871794872
77,0.9871794871794872
10,0.1282051282051282
10,0.1282051282051282
78,1.0
0,0.0
0,0.0
0,0.0
54,0.6923076923076923
46,0.5897435897435898
0,0.0
6,0.07692307692307693
77,0.9871794871794872
15,0.19230769230769232
0,0.0
66,0.8461538461538461
12,0.15384615384615385
4,0.05128205128205128
2,0.02564102564102564
14,0.1794871794871795
4,0.05128205128205128
77,0.9871794871794872
0,0.0
14,0.1794871794871795
50,0.6410256410256411
0,0.0
3,0.038461538461538464
14,0.1794871794871795
0,0.0
0,0.0
0,0.0
1,0.01282051282051282
73,0.9358974358974359
5,0.0641025641025641
4,0.05128205128205128
23,0.2948717948717949
61,0.782051282051282
78,1.0
71,0.9102564102564102
3,0.038461538461538464
0,0.0
74,0.9487179487179487
0,0.0
2,0.02564102564102564
24,0.3076923076923077
78,1.0
1,0.01282051282051282
1,0.01282051282051282
0,0.0
5,0.0641025641025641
2,0.02564102564102564
28,0.358974358974359
25,0.32051282051282054
78,1.0
77,0.9871794871794872
32,0.41025641025641024
27,0.34615384615384615
50,0.6410256410256411
30,0.38461538461538464
72,0.9230769230769231
14,0.1794871794871795
39,0.5
0,0.0
70,0.8974358974358975
5,0.0641025641025641
29,0.3717948717948718
21,0.2692307692307692
0,0.0
74,0.9487179487179487
57,0.7307692307692307
26,0.3333333333333333
74,0.9487179487179487
58,0.7435897435897436
65,0.8333333333333334
33,0.4230769230769231
0,0.0
9,0.11538461538461539
1,0.01282051282051282
50,0.6410256410256411
31,0.3974358974358974
2,0.02564102564102564
1,0.01282051282051282
0,0.0
0,0.0
61,0.782051282051282
76,0.9743589743589743
0,0.0
0,0.0
4,0.05128205128205128
2,0.02564102564102564
66,0.8461538461538461
66,0.8461538461538461
12,0.15384615384615385
6,0.07692307692307693
0,0.0
0,0.0
1,0.01282051282051282
65,0.8333333333333334
56,0.717948717948718
8,0.10256410256410256
77,0.9871794871794872
47,0.6025641025641025
0,0.0
1,0.01282051282051282
0,0.0
4,0.05128205128205128
6,0.07692307692307693
0,0.0
14,0.1794871794871795
11,0.14102564102564102
71,0.9102564102564102
0,0.0
1,0.01282051282051282
67,0.8589743589743589
1,0.01282051282051282
19,0.24358974358974358
73,0.9358974358974359
0,0.0
13,0.16666666666666666
77,0.9871794871794872
65,0.8333333333333334
10,0.1282051282051282
9,0.11538461538461539
78,1.0
48,0.6153846153846154
76,0.9743589743589743
78,1.0
32,0.41025641025641024
0,0.0
9,0.11538461538461539
5,0.0641025641025641
0,0.0
78,1.0
77,0.9871794871794872
78,1.0
68,0.8717948717948718
1,0.01282051282051282
49,0.6282051282051282
10,0.1282051282051282
76,0.9743589743589743
68,0.8717948717948718
19,0.24358974358974358
48,0.6153846153846154
73,0.9358974358974359
77,0.9871794871794872
68,0.8717948717948718
68,0.8717948717948718
2,0.02564102564102564
4,0.05128205128205128
59,0.7564102564102564
6,0.07692307692307693
0,0.0
5,0.0641025641025641
29,0.3717948717948718
11,0.14102564102564102
0,0.0
0,0.0
57,0.7307692307692307
1,0.01282051282051282
1,0.01282051282051282
59,0.7564102564102564
0,0.0
48,0.6153846153846154
11,0.14102564102564102
6,0.07692307692307693
1,0.01282051282051282
34,0.4358974358974359
5,0.0641025641025641
0,0.0
29,0.3717948717948718
8,0.10256410256410256
78,1.0
1,0.01282051282051282
77,0.9871794871794872
76,0.9743589743589743
42,0.5384615384615384
0,0.0
78,1.0
0,0.0
77,0.9871794871794872
0,0.0
1,0.01282051282051282
1,0.01282051282051282
2,0.02564102564102564
6,0.07692307692307693
67,0.8589743589743589
1,0.01282051282051282
78,1.0
32,0.41025641025641024
19,0.24358974358974358
1,0.01282051282051282
19,0.24358974358974358
0,0.0
69,0.8846153846153846
0,0.0
44,0.5641025641025641
1,0.01282051282051282
1,0.01282051282051282
76,0.9743589743589743
0,0.0
74,0.9487179487179487
24,0.3076923076923077
1,0.01282051282051282
0,0.0
35,0.44871794871794873
1,0.01282051282051282
1,0.01282051282051282
1,0.01282051282051282
2,0.02564102564102564
0,0.0
29,0.3717948717948718
78,1.0
31,0.3974358974358974
26,0.3333333333333333
22,0.28205128205128205
22,0.28205128205128205
0,0.0
0,0.0
1,0.01282051282051282
78,1.0
0,0.0
0,0.0
73,0.9358974358974359
39,0.5
54,0.6923076923076923
69,0.8846153846153846
23,0.2948717948717949
78,1.0
0,0.0
22,0.28205128205128205
1,0.01282051282051282
54,0.6923076923076923
22,0.28205128205128205
1,0.01282051282051282
0,0.0
5,0.0641025641025641
1,0.01282051282051282
53,0.6794871794871795
23,0.2948717948717949
9,0.11538461538461539
0,0.0
0,0.0
78,1.0
3,0.038461538461538464
1,0.01282051282051282
0,0.0
53,0.6794871794871795
0,0.0
0,0.0
7,0.08974358974358974
1,0.01282051282051282
77,0.9871794871794872
1,0.01282051282051282
77,0.9871794871794872
22,0.28205128205128205
78,1.0
1,0.01282051282051282
17,0.21794871794871795
77,0.9871794871794872
62,0.7948717948717948
0,0.0
0,0.0
0,0.0
37,0.47435897435897434
78,1.0
54,0.6923076923076923
3,0.038461538461538464
39,0.5
0,0.0
31,0.3974358974358974
41,0.5256410256410257
78,1.0
25,0.32051282051282054
24,0.3076923076923077
77,0.9871794871794872
56,0.717948717948718
24,0.3076923076923077
54,0.6923076923076923
33,0.4230769230769231
24,0.3076923076923077
34,0.4358974358974359
78,1.0
25,0.32051282051282054
40,0.5128205128205128
66,0.8461538461538461
0,0.0
0,0.0
11,0.14102564102564102
0,0.0
24,0.3076923076923077
9,0.11538461538461539
0,0.0
2,0.02564102564102564
3,0.038461538461538464
2,0.02564102564102564
0,0.0
2,0.02564102564102564
2,0.02564102564102564
29,0.3717948717948718
3,0.038461538461538464
29,0.3717948717948718
0,0.0
0,0.0
78,1.0
0,0.0
77,0.9871794871794872
