0,0.0
1,0.012987012987012988
1,0.012987012987012988
0,0.0
0,0.0
6,0.07792207792207792
0,0.0
67,0.8701298701298701
0,0.0
59,0.7662337662337663
4,0.05194805194805195
2,0.025974025974025976
0,0.0
0,0.0
0,0.0
0,0.0
6,0.07792207792207792
0,0.0
0,0.0
0,0.0
2,0.025974025974025976
1,0.012987012987012988
43,0.5584415584415584
4,0.05194805194805195
29,0.37662337662337664
0,0.0
1,0.012987012987012988
0,0.0
2,0.025974025974025976
15,0.19480519480519481
73,0.948051948051948
75,0.974025974025974
4,0.05194805194805195
0,0.0
67,0.8701298701298701
1,0.012987012987012988
0,0.0
2,0.025974025974025976
1,0.012987012987012988
2,0.025974025974025976
0,0.0
10,0.12987012987012986
0,0.0
1,0.012987012987012988
2,0.025974025974025976
6,0.07792207792207792
2,0.025974025974025976
1,0.012987012987012988
2,0.025974025974025976
71,0.922077922077922
2,0.025974025974025976
1,0.012987012987012988
1,0.012987012987012988
0,0.0
3,0.03896103896103896
10,0.12987012987012986
0,0.0
8,0.1038961038961039
72,0.935064935064935
0,0.0
67,0.8701298701298701
0,0.0
3,0.03896103896103896
6,0.07792207792207792
10,0.12987012987012986
0,0.0
9,0.11688311688311688
0,0.0
1,0.012987012987012988
0,0.0
0,0.0
1,0.012987012987012988
6,0.07792207792207792
0,0.0
52,0.6753246753246753
1,0.012987012987012988
1,0.012987012987012988
77,1.0
57,0.7402597402597403
1,0.012987012987012988
0,0.0
1,0.012987012987012988
0,0.0
0,0.0
0,0.0
2,0.025974025974025976
0,0.0
1,0.012987012987012988
4,0.05194805194805195
1,0.012987012987012988
77,1.0
77,1.0
0,0.0
2,0.025974025974025976
4,0.05194805194805195
4,0.05194805194805195
77,1.0
0,0.0
75,0.974025974025974
46,0.5974025974025974
0,0.0
65,0.8441558441558441
25,0.3246753246753247
1,0.012987012987012988
0,0.0
1,0.012987012987012988
1,0.012987012987012988
1,0.012987012987012988
2,0.025974025974025976
64,0.8311688311688312
0,0.0
2,0.025974025974025976
71,0.922077922077922
2,0.025974025974025976
0,0.0
3,0.03896103896103896
1,0.012987012987012988
0,0.0
74,0.961038961038961
77,1.0
70,0.9090909090909091
77,1.0
36,0.4675324675324675
0,0.0
0,0.0
12,0.15584415584415584
0,0.0
75,0.974025974025974
73,0.948051948051948
76,0.987012987012987
75,0.974025974025974
77,1.0
6,0.07792207792207792
76,0.987012987012987
11,0.14285714285714285
76,0.987012987012987
1,0.012987012987012988
1,0.012987012987012988
23,0.2987012987012987
0,0.0
1,0.012987012987012988
0,0.0
76,0.987012987012987
8,0.1038961038961039
11,0.14285714285714285
1,0.012987012987012988
3,0.03896103896103896
6,0.07792207792207792
10,0.12987012987012986
1,0.012987012987012988
0,0.0
76,0.987012987012987
1,0.012987012987012988
29,0.37662337662337664
14,0.18181818181818182
2,0.025974025974025976
52,0.6753246753246753
71,0.922077922077922
0,0.0
1,0.012987012987012988
18,0.23376623376623376
0,0.0
77,1.0
2,0.025974025974025976
1,0.012987012987012988
0,0.0
0,0.0
0,0.0
76,0.987012987012987
63,0.8181818181818182
0,0.0
77,1.0
2,0.025974025974025976
1,0.012987012987012988
0,0.0
0,0.0
0,0.0
77,1.0
0,0.0
0,0.0
4,0.05194805194805195
74,0.961038961038961
77,1.0
1,0.012987012987012988
2,0.025974025974025976
1,0.012987012987012988
12,0.15584415584415584
2,0.025974025974025976
77,1.0
17,0.22077922077922077
21,0.2727272727272727
71,0.922077922077922
1,0.012987012987012988
35,0.45454545454545453
73,0.948051948051948
0,0.0
74,0.961038961038961
1,0.012987012987012988
36,0.4675324675324675
34,0.44155844155844154
0,0.0
1,0.012987012987012988
2,0.025974025974025976
0,0.0
1,0.012987012987012988
11,0.14285714285714285
0,0.0
65,0.8441558441558441
0,0.0
5,0.06493506493506493
0,0.0
1,0.012987012987012988
0,0.0
3,0.03896103896103896
2,0.025974025974025976
0,0.0
0,0.0
0,0.0
0,0.0
74,0.961038961038961
1,0.012987012987012988
2,0.025974025974025976
2,0.025974025974025976
77,1.0
0,0.0
77,1.0
3,0.03896103896103896
75,0.974025974025974
12,0.15584415584415584
0,0.0
44,0.5714285714285714
0,0.0
57,0.7402597402597403
1,0.012987012987012988
74,0.961038961038961
77,1.0
0,0.0
24,0.3116883116883117
1,0.012987012987012988
68,0.8831168831168831
77,1.0
77,1.0
2,0.025974025974025976
0,0.0
3,0.03896103896103896
1,0.012987012987012988
0,0.0
0,0.0
7,0.09090909090909091
0,0.0
0,0.0
0,0.0
75,0.974025974025974
2,0.025974025974025976
0,0.0
1,0.012987012987012988
64,0.8311688311688312
0,0.0
6,0.07792207792207792
2,0.025974025974025976
7,0.09090909090909091
76,0.987012987012987
77,1.0
74,0.961038961038961
61,0.7922077922077922
0,0.0
9,0.11688311688311688
76,0.987012987012987
1,0.012987012987012988
1,0.012987012987012988
0,0.0
0,0.0
36,0.4675324675324675
2,0.025974025974025976
39,0.5064935064935064
1,0.012987012987012988
0,0.0
45,0.5844155844155844
33,0.42857142857142855
34,0.44155844155844154
13,0.16883116883116883
11,0.14285714285714285
1,0.012987012987012988
0,0.0
0,0.0
75,0.974025974025974
0,0.0
33,0.42857142857142855
0,0.0
33,0.42857142857142855
69,0.8961038961038961
71,0.922077922077922
77,1.0
46,0.5974025974025974
77,1.0
43,0.5584415584415584
0,0.0
1,0.012987012987012988
76,0.987012987012987
2,0.025974025974025976
4,0.05194805194805195
11,0.14285714285714285
0,0.0
0,0.0
21,0.2727272727272727
75,0.974025974025974
69,0.8961038961038961
56,0.7272727272727273
77,1.0
51,0.6623376623376623
75,0.974025974025974
77,1.0
52,0.6753246753246753
3,0.03896103896103896
6,0.07792207792207792
74,0.961038961038961
71,0.922077922077922
14,0.18181818181818182
25,0.3246753246753247
77,1.0
1,0.012987012987012988
1,0.012987012987012988
0,0.0
0,0.0
0,0.0
1,0.012987012987012988
77,1.0
70,0.9090909090909091
61,0.7922077922077922
66,0.8571428571428571
15,0.19480519480519481
0,0.0
7,0.09090909090909091
77,1.0
69,0.8961038961038961
24,0.3116883116883117
1,0.012987012987012988
0,0.0
0,0.0
8,0.1038961038961039
0,0.0
77,1.0
2,0.025974025974025976
50,0.6493506493506493
2,0.025974025974025976
0,0.0
77,1.0
1,0.012987012987012988
0,0.0
0,0.0
2,0.025974025974025976
61,0.7922077922077922
0,0.0
77,1.0
4,0.05194805194805195
0,0.0
31,0.4025974025974026
1,0.012987012987012988
19,0.24675324675324675
0,0.0
3,0.03896103896103896
1,0.012987012987012988
0,0.0
29,0.37662337662337664
76,0.987012987012987
76,0.987012987012987
1,0.012987012987012988
77,1.0
0,0.0
0,0.0
77,1.0
70,0.9090909090909091
73,0.948051948051948
77,1.0
48,0.6233766233766234
1,0.012987012987012988
0,0.0
2,0.025974025974025976
1,0.012987012987012988
0,0.0
7,0.09090909090909091
16,0.2077922077922078
6,0.07792207792207792
0,0.0
8,0.1038961038961039
9,0.11688311688311688
10,0.12987012987012986
0,0.0
10,0.12987012987012986
0,0.0
13,0.16883116883116883
10,0.12987012987012986
31,0.4025974025974026
77,1.0
3,0.03896103896103896
0,0.0
0,0.0
1,0.012987012987012988
77,1.0
0,0.0
0,0.0
11,0.14285714285714285
0,0.0
2,0.025974025974025976
30,0.38961038961038963
2,0.025974025974025976
7,0.09090909090909091
0,0.0
30,0.38961038961038963
15,0.19480519480519481
2,0.025974025974025976
1,0.012987012987012988
8,0.1038961038961039
68,0.8831168831168831
8,0.1038961038961039
0,0.0
11,0.14285714285714285
0,0.0
15,0.19480519480519481
2,0.025974025974025976
22,0.2857142857142857
9,0.11688311688311688
2,0.025974025974025976
0,0.0
7,0.09090909090909091
48,0.6233766233766234
4,0.05194805194805195
1,0.012987012987012988
73,0.948051948051948
0,0.0
8,0.1038961038961039
77,1.0
10,0.12987012987012986
0,0.0
5,0.06493506493506493
7,0.09090909090909091
0,0.0
0,0.0
51,0.6623376623376623
67,0.8701298701298701
77,1.0
1,0.012987012987012988
8,0.1038961038961039
5,0.06493506493506493
2,0.025974025974025976
3,0.03896103896103896
0,0.0
2,0.025974025974025976
2,0.025974025974025976
77,1.0
1,0.012987012987012988
76,0.987012987012987
4,0.05194805194805195
5,0.06493506493506493
50,0.6493506493506493
0,0.0
4,0.05194805194805195
62,0.8051948051948052
0,0.0
0,0.0
2,0.025974025974025976
72,0.935064935064935
0,0.0
0,0.0
1,0.012987012987012988
8,0.1038961038961039
1,0.012987012987012988
0,0.0
0,0.0
0,0.0
0,0.0
76,0.987012987012987
0,0.0
0,0.0
1,0.012987012987012988
28,0.36363636363636365
9,0.11688311688311688
67,0.8701298701298701
2,0.025974025974025976
73,0.948051948051948
0,0.0
0,0.0
0,0.0
77,1.0
73,0.948051948051948
77,1.0
77,1.0
7,0.09090909090909091
0,0.0
73,0.948051948051948
51,0.6623376623376623
77,1.0
0,0.0
0,0.0
64,0.8311688311688312
0,0.0
2,0.025974025974025976
70,0.9090909090909091
1,0.012987012987012988
4,0.05194805194805195
1,0.012987012987012988
77,1.0
77,1.0
4,0.05194805194805195
73,0.948051948051948
0,0.0
1,0.012987012987012988
77,1.0
0,0.0
0,0.0
3,0.03896103896103896
16,0.2077922077922078
65,0.8441558441558441
1,0.012987012987012988
75,0.974025974025974
12,0.15584415584415584
40,0.5194805194805194
73,0.948051948051948
9,0.11688311688311688
77,1.0
0,0.0
4,0.05194805194805195
1,0.012987012987012988
0,0.0
71,0.922077922077922
10,0.12987012987012986
6,0.07792207792207792
0,0.0
4,0.05194805194805195
76,0.987012987012987
0,0.0
56,0.7272727272727273
7,0.09090909090909091
77,1.0
71,0.922077922077922
0,0.0
0,0.0
1,0.012987012987012988
0,0.0
2,0.025974025974025976
11,0.14285714285714285
0,0.0
3,0.03896103896103896
15,0.19480519480519481
76,0.987012987012987
0,0.0
0,0.0
2,0.025974025974025976
77,1.0
1,0.012987012987012988
0,0.0
76,0.987012987012987
8,0.1038961038961039
0,0.0
10,0.12987012987012986
0,0.0
0,0.0
13,0.16883116883116883
0,0.0
1,0.012987012987012988
2,0.025974025974025976
74,0.961038961038961
71,0.922077922077922
6,0.07792207792207792
0,0.0
72,0.935064935064935
65,0.8441558441558441
0,0.0
77,1.0
4,0.05194805194805195
1,0.012987012987012988
37,0.4805194805194805
0,0.0
73,0.948051948051948
77,1.0
14,0.18181818181818182
1,0.012987012987012988
0,0.0
0,0.0
7,0.09090909090909091
76,0.987012987012987
0,0.0
0,0.0
12,0.15584415584415584
62,0.8051948051948052
0,0.0
1,0.012987012987012988
0,0.0
0,0.0
38,0.4935064935064935
1,0.012987012987012988
71,0.922077922077922
1,0.012987012987012988
2,0.025974025974025976
10,0.12987012987012986
77,1.0
0,0.0
7,0.09090909090909091
76,0.987012987012987
2,0.025974025974025976
53,0.6883116883116883
64,0.8311688311688312
76,0.987012987012987
10,0.12987012987012986
68,0.8831168831168831
75,0.974025974025974
1,0.012987012987012988
75,0.974025974025974
9,0.11688311688311688
19,0.24675324675324675
0,0.0
77,1.0
2,0.025974025974025976
76,0.987012987012987
0,0.0
0,0.0
77,1.0
1,0.012987012987012988
0,0.0
1,0.012987012987012988
2,0.025974025974025976
0,0.0
0,0.0
77,1.0
0,0.0
0,0.0
0,0.0
4,0.05194805194805195
2,0.025974025974025976
0,0.0
5,0.06493506493506493
0,0.0
1,0.012987012987012988
76,0.987012987012987
6,0.07792207792207792
75,0.974025974025974
6,0.07792207792207792
4,0.05194805194805195
4,0.05194805194805195
0,0.0
0,0.0
60,0.7792207792207793
1,0.012987012987012988
2,0.025974025974025976
1,0.012987012987012988
0,0.0
1,0.012987012987012988
0,0.0
0,0.0
1,0.012987012987012988
77,1.0
74,0.961038961038961
4,0.05194805194805195
1,0.012987012987012988
77,1.0
74,0.961038961038961
77,1.0
77,1.0
0,0.0
2,0.025974025974025976
73,0.948051948051948
0,0.0
0,0.0
10,0.12987012987012986
75,0.974025974025974
4,0.05194805194805195
2,0.025974025974025976
0,0.0
3,0.03896103896103896
0,0.0
77,1.0
2,0.025974025974025976
75,0.974025974025974
76,0.987012987012987
14,0.18181818181818182
0,0.0
10,0.12987012987012986
77,1.0
36,0.4675324675324675
0,0.0
4,0.05194805194805195
10,0.12987012987012986
0,0.0
77,1.0
77,1.0
0,0.0
4,0.05194805194805195
5,0.06493506493506493
70,0.9090909090909091
10,0.12987012987012986
1,0.012987012987012988
75,0.974025974025974
0,0.0
0,0.0
1,0.012987012987012988
77,1.0
3,0.03896103896103896
77,1.0
0,0.0
0,0.0
1,0.012987012987012988
0,0.0
5,0.06493506493506493
65,0.8441558441558441
77,1.0
5,0.06493506493506493
77,1.0
77,1.0
1,0.012987012987012988
71,0.922077922077922
0,0.0
75,0.974025974025974
76,0.987012987012987
0,0.0
14,0.18181818181818182
0,0.0
0,0.0
0,0.0
75,0.974025974025974
75,0.974025974025974
35,0.45454545454545453
0,0.0
70,0.9090909090909091
77,1.0
0,0.0
77,1.0
77,1.0
4,0.05194805194805195
76,0.987012987012987
77,1.0
43,0.5584415584415584
77,1.0
4,0.05194805194805195
61,0.7922077922077922
70,0.9090909090909091
0,0.0
0,0.0
6,0.07792207792207792
76,0.987012987012987
5,0.06493506493506493
69,0.8961038961038961
73,0.948051948051948
0,0.0
72,0.935064935064935
3,0.03896103896103896
0,0.0
4,0.05194805194805195
12,0.15584415584415584
21,0.2727272727272727
20,0.2597402597402597
2,0.025974025974025976
65,0.8441558441558441
8,0.1038961038961039
59,0.7662337662337663
0,0.0
77,1.0
2,0.025974025974025976
70,0.9090909090909091
0,0.0
13,0.16883116883116883
64,0.8311688311688312
13,0.16883116883116883
11,0.14285714285714285
6,0.07792207792207792
15,0.19480519480519481
1,0.012987012987012988
3,0.03896103896103896
59,0.7662337662337663
2,0.025974025974025976
18,0.23376623376623376
4,0.05194805194805195
2,0.025974025974025976
11,0.14285714285714285
77,1.0
1,0.012987012987012988
1,0.012987012987012988
4,0.05194805194805195
70,0.9090909090909091
0,0.0
8,0.1038961038961039
35,0.45454545454545453
0,0.0
18,0.23376623376623376
1,0.012987012987012988
16,0.2077922077922078
0,0.0
66,0.8571428571428571
17,0.22077922077922077
63,0.8181818181818182
77,1.0
48,0.6233766233766234
61,0.7922077922077922
0,0.0
0,0.0
0,0.0
16,0.2077922077922078
59,0.7662337662337663
77,1.0
12,0.15584415584415584
77,1.0
17,0.22077922077922077
18,0.23376623376623376
1,0.012987012987012988
1,0.012987012987012988
77,1.0
0,0.0
60,0.7792207792207793
57,0.7402597402597403
2,0.025974025974025976
7,0.09090909090909091
1,0.012987012987012988
0,0.0
0,0.0
76,0.987012987012987
77,1.0
11,0.14285714285714285
2,0.025974025974025976
1,0.012987012987012988
0,0.0
0,0.0
0,0.0
1,0.012987012987012988
65,0.8441558441558441
6,0.07792207792207792
77,1.0
0,0.0
0,0.0
12,0.15584415584415584
3,0.03896103896103896
4,0.05194805194805195
15,0.19480519480519481
0,0.0
25,0.3246753246753247
48,0.6233766233766234
0,0.0
3,0.03896103896103896
0,0.0
0,0.0
0,0.0
2,0.025974025974025976
77,1.0
18,0.23376623376623376
2,0.025974025974025976
1,0.012987012987012988
18,0.23376623376623376
9,0.11688311688311688
74,0.961038961038961
58,0.7532467532467533
1,0.012987012987012988
9,0.11688311688311688
8,0.1038961038961039
59,0.7662337662337663
12,0.15584415584415584
59,0.7662337662337663
20,0.2597402597402597
19,0.24675324675324675
64,0.8311688311688312
6,0.07792207792207792
71,0.922077922077922
0,0.0
1,0.012987012987012988
18,0.23376623376623376
18,0.23376623376623376
73,0.948051948051948
55,0.7142857142857143
0,0.0
41,0.5324675324675324
28,0.36363636363636365
13,0.16883116883116883
61,0.7922077922077922
17,0.22077922077922077
2,0.025974025974025976
11,0.14285714285714285
70,0.9090909090909091
0,0.0
67,0.8701298701298701
10,0.12987012987012986
4,0.05194805194805195
10,0.12987012987012986
0,0.0
11,0.14285714285714285
0,0.0
0,0.0
9,0.11688311688311688
33,0.42857142857142855
1,0.012987012987012988
73,0.948051948051948
47,0.6103896103896104
3,0.03896103896103896
2,0.025974025974025976
0,0.0
33,0.42857142857142855
0,0.0
1,0.012987012987012988
0,0.0
36,0.4675324675324675
51,0.6623376623376623
53,0.6883116883116883
23,0.2987012987012987
54,0.7012987012987013
76,0.987012987012987
77,1.0
2,0.025974025974025976
49,0.6363636363636364
6,0.07792207792207792
0,0.0
1,0.012987012987012988
21,0.2727272727272727
32,0.4155844155844156
57,0.7402597402597403
0,0.0
49,0.6363636363636364
26,0.33766233766233766
51,0.6623376623376623
51,0.6623376623376623
51,0.6623376623376623
76,0.987012987012987
77,1.0
76,0.987012987012987
74,0.961038961038961
23,0.2987012987012987
0,0.0
28,0.36363636363636365
1,0.012987012987012988
1,0.012987012987012988
0,0.0
4,0.05194805194805195
5,0.06493506493506493
27,0.35064935064935066
4,0.05194805194805195
52,0.6753246753246753
1,0.012987012987012988
0,0.0
1,0.012987012987012988
0,0.0
27,0.35064935064935066
2,0.025974025974025976
27,0.35064935064935066
27,0.35064935064935066
3,0.03896103896103896
0,0.0
76,0.987012987012987
27,0.35064935064935066
2,0.025974025974025976
54,0.7012987012987013
43,0.5584415584415584
0,0.0
3,0.03896103896103896
46,0.5974025974025974
27,0.35064935064935066
77,1.0
0,0.0
45,0.5844155844155844
28,0.36363636363636365
44,0.5714285714285714
43,0.5584415584415584
0,0.0
0,0.0
23,0.2987012987012987
0,0.0
44,0.5714285714285714
1,0.012987012987012988
35,0.45454545454545453
43,0.5584415584415584
16,0.2077922077922078
64,0.8311688311688312
14,0.18181818181818182
63,0.8181818181818182
77,1.0
74,0.961038961038961
74,0.961038961038961
70,0.9090909090909091
1,0.012987012987012988
6,0.07792207792207792
74,0.961038961038961
13,0.16883116883116883
1,0.012987012987012988
1,0.012987012987012988
2,0.025974025974025976
49,0.6363636363636364
32,0.4155844155844156
70,0.9090909090909091
13,0.16883116883116883
52,0.6753246753246753
9,0.11688311688311688
66,0.8571428571428571
14,0.18181818181818182
27,0.35064935064935066
13,0.16883116883116883
3,0.03896103896103896
77,1.0
19,0.24675324675324675
66,0.8571428571428571
61,0.7922077922077922
11,0.14285714285714285
17,0.22077922077922077
39,0.5064935064935064
5,0.06493506493506493
63,0.8181818181818182
11,0.14285714285714285
62,0.8051948051948052
77,1.0
23,0.2987012987012987
16,0.2077922077922078
75,0.974025974025974
1,0.012987012987012988
0,0.0
66,0.8571428571428571
5,0.06493506493506493
5,0.06493506493506493
66,0.8571428571428571
17,0.22077922077922077
11,0.14285714285714285
11,0.14285714285714285
0,0.0
16,0.2077922077922078
67,0.8701298701298701
17,0.22077922077922077
60,0.7792207792207793
60,0.7792207792207793
76,0.987012987012987
20,0.2597402597402597
0,0.0
35,0.45454545454545453
2,0.025974025974025976
67,0.8701298701298701
77,1.0
1,0.012987012987012988
26,0.33766233766233766
0,0.0
0,0.0
51,0.6623376623376623
2,0.025974025974025976
62,0.8051948051948052
0,0.0
54,0.7012987012987013
37,0.4805194805194805
32,0.4155844155844156
46,0.5974025974025974
45,0.5844155844155844
0,0.0
14,0.18181818181818182
27,0.35064935064935066
28,0.36363636363636365
8,0.1038961038961039
26,0.33766233766233766
27,0.35064935064935066
28,0.36363636363636365
14,0.18181818181818182
49,0.6363636363636364
0,0.0
28,0.36363636363636365
14,0.18181818181818182
26,0.33766233766233766
26,0.33766233766233766
26,0.33766233766233766
29,0.37662337662337664
1,0.012987012987012988
77,1.0
46,0.5974025974025974
32,0.4155844155844156
71,0.922077922077922
26,0.33766233766233766
17,0.22077922077922077
1,0.012987012987012988
26,0.33766233766233766
0,0.0
0,0.0
44,0.5714285714285714
3,0.03896103896103896
0,0.0
51,0.6623376623376623
1,0.012987012987012988
0,0.0
1,0.012987012987012988
4,0.05194805194805195
2,0.025974025974025976
1,0.012987012987012988
39,0.5064935064935064
0,0.0
10,0.12987012987012986
31,0.4025974025974026
25,0.3246753246753247
22,0.2857142857142857
3,0.03896103896103896
0,0.0
5,0.06493506493506493
0,0.0
1,0.012987012987012988
0,0.0
70,0.9090909090909091
1,0.012987012987012988
1,0.012987012987012988
9,0.11688311688311688
1,0.012987012987012988
0,0.0
1,0.012987012987012988
0,0.0
0,0.0
28,0.36363636363636365
2,0.025974025974025976
50,0.6493506493506493
27,0.35064935064935066
0,0.0
76,0.987012987012987
50,0.6493506493506493
77,1.0
5,0.06493506493506493
0,0.0
0,0.0
76,0.987012987012987
6,0.07792207792207792
2,0.025974025974025976
0,0.0
0,0.0
1,0.012987012987012988
0,0.0
1,0.012987012987012988
16,0.2077922077922078
28,0.36363636363636365
5,0.06493506493506493
34,0.44155844155844154
2,0.025974025974025976
24,0.3116883116883117
45,0.5844155844155844
0,0.0
42,0.5454545454545454
75,0.974025974025974
35,0.45454545454545453
3,0.03896103896103896
15,0.19480519480519481
1,0.012987012987012988
0,0.0
16,0.2077922077922078
52,0.6753246753246753
10,0.12987012987012986
0,0.0
5,0.06493506493506493
6,0.07792207792207792
8,0.1038961038961039
18,0.23376623376623376
36,0.4675324675324675
0,0.0
70,0.9090909090909091
0,0.0
1,0.012987012987012988
26,0.33766233766233766
10,0.12987012987012986
33,0.42857142857142855
0,0.0
0,0.0
10,0.12987012987012986
