20,0.28169014084507044
4,0.056338028169014086
18,0.2535211267605634
0,0.0
0,0.0
1,0.014084507042253521
4,0.056338028169014086
8,0.11267605633802817
0,0.0
12,0.16901408450704225
71,1.0
71,1.0
0,0.0
7,0.09859154929577464
1,0.014084507042253521
0,0.0
0,0.0
0,0.0
0,0.0
5,0.07042253521126761
0,0.0
0,0.0
0,0.0
1,0.014084507042253521
3,0.04225352112676056
8,0.11267605633802817
1,0.014084507042253521
6,0.08450704225352113
0,0.0
1,0.014084507042253521
69,0.971830985915493
0,0.0
0,0.0
7,0.09859154929577464
1,0.014084507042253521
14,0.19718309859154928
1,0.014084507042253521
71,1.0
2,0.028169014084507043
17,0.23943661971830985
0,0.0
3,0.04225352112676056
71,1.0
0,0.0
0,0.0
1,0.014084507042253521
0,0.0
2,0.028169014084507043
6,0.08450704225352113
69,0.971830985915493
0,0.0
4,0.056338028169014086
0,0.0
0,0.0
0,0.0
0,0.0
0,0.0
6,0.08450704225352113
71,1.0
3,0.04225352112676056
0,0.0
0,0.0
2,0.028169014084507043
2,0.028169014084507043
6,0.08450704225352113
2,0.028169014084507043
8,0.11267605633802817
65,0.9154929577464789
1,0.014084507042253521
0,0.0
0,0.0
71,1.0
0,0.0
65,0.9154929577464789
0,0.0
50,0.704225352112676
0,0.0
8,0.11267605633802817
1,0.014084507042253521
1,0.014084507042253521
0,0.0
6,0.08450704225352113
6,0.08450704225352113
1,0.014084507042253521
71,1.0
65,0.9154929577464789
63,0.8873239436619719
1,0.014084507042253521
1,0.014084507042253521
2,0.028169014084507043
0,0.0
0,0.0
0,0.0
1,0.014084507042253521
44,0.6197183098591549
5,0.07042253521126761
0,0.0
0,0.0
66,0.9295774647887324
70,0.9859154929577465
5,0.07042253521126761
1,0.014084507042253521
3,0.04225352112676056
1,0.014084507042253521
0,0.0
71,1.0
1,0.014084507042253521
0,0.0
0,0.0
69,0.971830985915493
11,0.15492957746478872
0,0.0
70,0.9859154929577465
1,0.014084507042253521
70,0.9859154929577465
0,0.0
7,0.09859154929577464
0,0.0
0,0.0
70,0.9859154929577465
2,0.028169014084507043
70,0.9859154929577465
7,0.09859154929577464
66,0.9295774647887324
2,0.028169014084507043
64,0.9014084507042254
14,0.19718309859154928
71,1.0
0,0.0
69,0.971830985915493
71,1.0
71,1.0
0,0.0
0,0.0
60,0.8450704225352113
67,0.9436619718309859
65,0.9154929577464789
7,0.09859154929577464
0,0.0
67,0.9436619718309859
20,0.28169014084507044
1,0.014084507042253521
0,0.0
1,0.014084507042253521
7,0.09859154929577464
66,0.9295774647887324
68,0.9577464788732394
61,0.8591549295774648
0,0.0
4,0.056338028169014086
4,0.056338028169014086
0,0.0
0,0.0
0,0.0
0,0.0
3,0.04225352112676056
1,0.014084507042253521
0,0.0
0,0.0
62,0.8732394366197183
71,1.0
1,0.014084507042253521
0,0.0
0,0.0
22,0.30985915492957744
71,1.0
5,0.07042253521126761
64,0.9014084507042254
71,1.0
66,0.9295774647887324
70,0.9859154929577465
52,0.7323943661971831
0,0.0
41,0.5774647887323944
5,0.07042253521126761
6,0.08450704225352113
1,0.014084507042253521
4,0.056338028169014086
4,0.056338028169014086
0,0.0
0,0.0
3,0.04225352112676056
0,0.0
71,1.0
7,0.09859154929577464
2,0.028169014084507043
70,0.9859154929577465
0,0.0
2,0.028169014084507043
4,0.056338028169014086
7,0.09859154929577464
59,0.8309859154929577
71,1.0
0,0.0
0,0.0
68,0.9577464788732394
0,0.0
70,0.9859154929577465
18,0.2535211267605634
1,0.014084507042253521
1,0.014084507042253521
2,0.028169014084507043
3,0.04225352112676056
1,0.014084507042253521
31,0.43661971830985913
2,0.028169014084507043
3,0.04225352112676056
71,1.0
0,0.0
1,0.014084507042253521
2,0.028169014084507043
64,0.9014084507042254
70,0.9859154929577465
0,0.0
0,0.0
4,0.056338028169014086
3,0.04225352112676056
0,0.0
0,0.0
4,0.056338028169014086
71,1.0
0,0.0
68,0.9577464788732394
0,0.0
4,0.056338028169014086
0,0.0
2,0.028169014084507043
0,0.0
2,0.028169014084507043
71,1.0
1,0.014084507042253521
0,0.0
2,0.028169014084507043
5,0.07042253521126761
4,0.056338028169014086
17,0.23943661971830985
1,0.014084507042253521
1,0.014084507042253521
69,0.971830985915493
0,0.0
1,0.014084507042253521
21,0.29577464788732394
20,0.28169014084507044
6,0.08450704225352113
71,1.0
65,0.9154929577464789
71,1.0
11,0.15492957746478872
0,0.0
44,0.6197183098591549
0,0.0
2,0.028169014084507043
0,0.0
42,0.5915492957746479
4,0.056338028169014086
71,1.0
2,0.028169014084507043
8,0.11267605633802817
0,0.0
2,0.028169014084507043
2,0.028169014084507043
68,0.9577464788732394
65,0.9154929577464789
0,0.0
0,0.0
27,0.38028169014084506
0,0.0
12,0.16901408450704225
67,0.9436619718309859
46,0.647887323943662
12,0.16901408450704225
4,0.056338028169014086
8,0.11267605633802817
0,0.0
2,0.028169014084507043
71,1.0
71,1.0
46,0.647887323943662
26,0.36619718309859156
1,0.014084507042253521
1,0.014084507042253521
49,0.6901408450704225
57,0.8028169014084507
6,0.08450704225352113
0,0.0
0,0.0
0,0.0
3,0.04225352112676056
71,1.0
0,0.0
12,0.16901408450704225
60,0.8450704225352113
53,0.7464788732394366
57,0.8028169014084507
0,0.0
69,0.971830985915493
17,0.23943661971830985
53,0.7464788732394366
0,0.0
59,0.8309859154929577
68,0.9577464788732394
4,0.056338028169014086
67,0.9436619718309859
57,0.8028169014084507
71,1.0
53,0.7464788732394366
67,0.9436619718309859
37,0.5211267605633803
71,1.0
30,0.4225352112676056
66,0.9295774647887324
4,0.056338028169014086
71,1.0
53,0.7464788732394366
67,0.9436619718309859
43,0.6056338028169014
0,0.0
3,0.04225352112676056
0,0.0
3,0.04225352112676056
71,1.0
54,0.7605633802816901
67,0.9436619718309859
71,1.0
55,0.7746478873239436
55,0.7746478873239436
0,0.0
2,0.028169014084507043
39,0.5492957746478874
16,0.22535211267605634
21,0.29577464788732394
5,0.07042253521126761
0,0.0
19,0.2676056338028169
0,0.0
0,0.0
2,0.028169014084507043
0,0.0
4,0.056338028169014086
0,0.0
68,0.9577464788732394
2,0.028169014084507043
0,0.0
0,0.0
0,0.0
71,1.0
67,0.9436619718309859
2,0.028169014084507043
3,0.04225352112676056
2,0.028169014084507043
64,0.9014084507042254
50,0.704225352112676
2,0.028169014084507043
0,0.0
66,0.9295774647887324
0,0.0
3,0.04225352112676056
11,0.15492957746478872
71,1.0
71,1.0
11,0.15492957746478872
50,0.704225352112676
71,1.0
0,0.0
52,0.7323943661971831
56,0.7887323943661971
70,0.9859154929577465
0,0.0
71,1.0
20,0.28169014084507044
0,0.0
9,0.1267605633802817
71,1.0
48,0.676056338028169
1,0.014084507042253521
0,0.0
0,0.0
18,0.2535211267605634
10,0.14084507042253522
10,0.14084507042253522
0,0.0
48,0.676056338028169
31,0.43661971830985913
0,0.0
23,0.323943661971831
1,0.014084507042253521
0,0.0
69,0.971830985915493
5,0.07042253521126761
39,0.5492957746478874
67,0.9436619718309859
70,0.9859154929577465
26,0.36619718309859156
0,0.0
3,0.04225352112676056
4,0.056338028169014086
11,0.15492957746478872
0,0.0
16,0.22535211267605634
3,0.04225352112676056
1,0.014084507042253521
71,1.0
33,0.4647887323943662
1,0.014084507042253521
1,0.014084507042253521
71,1.0
0,0.0
71,1.0
1,0.014084507042253521
71,1.0
27,0.38028169014084506
1,0.014084507042253521
0,0.0
26,0.36619718309859156
16,0.22535211267605634
58,0.8169014084507042
4,0.056338028169014086
0,0.0
22,0.30985915492957744
0,0.0
0,0.0
1,0.014084507042253521
10,0.14084507042253522
0,0.0
0,0.0
47,0.6619718309859155
4,0.056338028169014086
0,0.0
0,0.0
49,0.6901408450704225
71,1.0
13,0.18309859154929578
3,0.04225352112676056
24,0.3380281690140845
21,0.29577464788732394
7,0.09859154929577464
0,0.0
6,0.08450704225352113
1,0.014084507042253521
12,0.16901408450704225
1,0.014084507042253521
17,0.23943661971830985
63,0.8873239436619719
38,0.5352112676056338
11,0.15492957746478872
7,0.09859154929577464
0,0.0
0,0.0
0,0.0
59,0.8309859154929577
4,0.056338028169014086
2,0.028169014084507043
14,0.19718309859154928
12,0.16901408450704225
0,0.0
0,0.0
0,0.0
0,0.0
17,0.23943661971830985
0,0.0
20,0.28169014084507044
0,0.0
0,0.0
63,0.8873239436619719
18,0.2535211267605634
69,0.971830985915493
5,0.07042253521126761
0,0.0
55,0.7746478873239436
0,0.0
0,0.0
15,0.2112676056338028
24,0.3380281690140845
3,0.04225352112676056
44,0.6197183098591549
71,1.0
20,0.28169014084507044
4,0.056338028169014086
0,0.0
1,0.014084507042253521
0,0.0
38,0.5352112676056338
1,0.014084507042253521
1,0.014084507042253521
56,0.7887323943661971
1,0.014084507042253521
1,0.014084507042253521
35,0.49295774647887325
5,0.07042253521126761
58,0.8169014084507042
71,1.0
65,0.9154929577464789
6,0.08450704225352113
0,0.0
0,0.0
0,0.0
30,0.4225352112676056
14,0.19718309859154928
2,0.028169014084507043
5,0.07042253521126761
0,0.0
69,0.971830985915493
29,0.4084507042253521
16,0.22535211267605634
14,0.19718309859154928
0,0.0
70,0.9859154929577465
2,0.028169014084507043
6,0.08450704225352113
0,0.0
71,1.0
0,0.0
0,0.0
5,0.07042253521126761
15,0.2112676056338028
28,0.39436619718309857
71,1.0
16,0.22535211267605634
58,0.8169014084507042
70,0.9859154929577465
0,0.0
44,0.6197183098591549
0,0.0
0,0.0
0,0.0
70,0.9859154929577465
54,0.7605633802816901
64,0.9014084507042254
15,0.2112676056338028
57,0.8028169014084507
1,0.014084507042253521
0,0.0
22,0.30985915492957744
3,0.04225352112676056
14,0.19718309859154928
33,0.4647887323943662
21,0.29577464788732394
0,0.0
21,0.29577464788732394
7,0.09859154929577464
55,0.7746478873239436
0,0.0
0,0.0
14,0.19718309859154928
14,0.19718309859154928
14,0.19718309859154928
2,0.028169014084507043
30,0.4225352112676056
17,0.23943661971830985
9,0.1267605633802817
69,0.971830985915493
14,0.19718309859154928
5,0.07042253521126761
57,0.8028169014084507
55,0.7746478873239436
1,0.014084507042253521
0,0.0
0,0.0
1,0.014084507042253521
0,0.0
2,0.028169014084507043
71,1.0
0,0.0
70,0.9859154929577465
0,0.0
57,0.8028169014084507
14,0.19718309859154928
30,0.4225352112676056
0,0.0
71,1.0
0,0.0
23,0.323943661971831
62,0.8732394366197183
8,0.11267605633802817
68,0.9577464788732394
14,0.19718309859154928
0,0.0
22,0.30985915492957744
0,0.0
0,0.0
3,0.04225352112676056
0,0.0
25,0.352112676056338
71,1.0
1,0.014084507042253521
36,0.5070422535211268
0,0.0
0,0.0
7,0.09859154929577464
68,0.9577464788732394
2,0.028169014084507043
12,0.16901408450704225
1,0.014084507042253521
0,0.0
1,0.014084507042253521
6,0.08450704225352113
6,0.08450704225352113
64,0.9014084507042254
1,0.014084507042253521
38,0.5352112676056338
1,0.014084507042253521
0,0.0
7,0.09859154929577464
7,0.09859154929577464
66,0.9295774647887324
32,0.4507042253521127
0,0.0
71,1.0
2,0.028169014084507043
2,0.028169014084507043
0,0.0
14,0.19718309859154928
6,0.08450704225352113
58,0.8169014084507042
71,1.0
0,0.0
47,0.6619718309859155
57,0.8028169014084507
0,0.0
0,0.0
70,0.9859154929577465
0,0.0
70,0.9859154929577465
3,0.04225352112676056
31,0.43661971830985913
0,0.0
70,0.9859154929577465
16,0.22535211267605634
0,0.0
1,0.014084507042253521
6,0.08450704225352113
1,0.014084507042253521
0,0.0
4,0.056338028169014086
7,0.09859154929577464
4,0.056338028169014086
0,0.0
70,0.9859154929577465
57,0.8028169014084507
4,0.056338028169014086
0,0.0
70,0.9859154929577465
6,0.08450704225352113
3,0.04225352112676056
17,0.23943661971830985
0,0.0
1,0.014084507042253521
71,1.0
63,0.8873239436619719
1,0.014084507042253521
3,0.04225352112676056
64,0.9014084507042254
1,0.014084507042253521
1,0.014084507042253521
3,0.04225352112676056
64,0.9014084507042254
71,1.0
9,0.1267605633802817
2,0.028169014084507043
0,0.0
69,0.971830985915493
5,0.07042253521126761
0,0.0
0,0.0
5,0.07042253521126761
70,0.9859154929577465
63,0.8873239436619719
0,0.0
7,0.09859154929577464
1,0.014084507042253521
0,0.0
0,0.0
67,0.9436619718309859
64,0.9014084507042254
0,0.0
10,0.14084507042253522
67,0.9436619718309859
71,1.0
0,0.0
0,0.0
17,0.23943661971830985
0,0.0
70,0.9859154929577465
3,0.04225352112676056
0,0.0
0,0.0
0,0.0
0,0.0
2,0.028169014084507043
71,1.0
2,0.028169014084507043
64,0.9014084507042254
20,0.28169014084507044
2,0.028169014084507043
71,1.0
67,0.9436619718309859
9,0.1267605633802817
4,0.056338028169014086
18,0.2535211267605634
1,0.014084507042253521
1,0.014084507042253521
5,0.07042253521126761
70,0.9859154929577465
71,1.0
0,0.0
0,0.0
5,0.07042253521126761
70,0.9859154929577465
64,0.9014084507042254
69,0.971830985915493
12,0.16901408450704225
67,0.9436619718309859
69,0.971830985915493
49,0.6901408450704225
0,0.0
1,0.014084507042253521
70,0.9859154929577465
1,0.014084507042253521
15,0.2112676056338028
71,1.0
0,0.0
7,0.09859154929577464
71,1.0
30,0.4225352112676056
11,0.15492957746478872
71,1.0
70,0.9859154929577465
69,0.971830985915493
0,0.0
4,0.056338028169014086
2,0.028169014084507043
1,0.014084507042253521
33,0.4647887323943662
2,0.028169014084507043
71,1.0
60,0.8450704225352113
1,0.014084507042253521
70,0.9859154929577465
1,0.014084507042253521
68,0.9577464788732394
1,0.014084507042253521
0,0.0
50,0.704225352112676
5,0.07042253521126761
10,0.14084507042253522
1,0.014084507042253521
2,0.028169014084507043
70,0.9859154929577465
60,0.8450704225352113
10,0.14084507042253522
0,0.0
71,1.0
0,0.0
1,0.014084507042253521
0,0.0
11,0.15492957746478872
1,0.014084507042253521
5,0.07042253521126761
11,0.15492957746478872
61,0.8591549295774648
7,0.09859154929577464
2,0.028169014084507043
6,0.08450704225352113
1,0.014084507042253521
28,0.39436619718309857
3,0.04225352112676056
4,0.056338028169014086
71,1.0
0,0.0
3,0.04225352112676056
3,0.04225352112676056
0,0.0
71,1.0
59,0.8309859154929577
13,0.18309859154929578
57,0.8028169014084507
69,0.971830985915493
12,0.16901408450704225
0,0.0
70,0.9859154929577465
71,1.0
17,0.23943661971830985
18,0.2535211267605634
0,0.0
5,0.07042253521126761
40,0.5633802816901409
71,1.0
6,0.08450704225352113
0,0.0
3,0.04225352112676056
0,0.0
13,0.18309859154929578
2,0.028169014084507043
0,0.0
13,0.18309859154929578
1,0.014084507042253521
64,0.9014084507042254
0,0.0
71,1.0
71,1.0
10,0.14084507042253522
71,1.0
11,0.15492957746478872
61,0.8591549295774648
0,0.0
2,0.028169014084507043
1,0.014084507042253521
0,0.0
10,0.14084507042253522
10,0.14084507042253522
2,0.028169014084507043
3,0.04225352112676056
6,0.08450704225352113
69,0.971830985915493
1,0.014084507042253521
64,0.9014084507042254
17,0.23943661971830985
1,0.014084507042253521
9,0.1267605633802817
71,1.0
2,0.028169014084507043
0,0.0
70,0.9859154929577465
0,0.0
67,0.9436619718309859
0,0.0
2,0.028169014084507043
0,0.0
0,0.0
1,0.014084507042253521
0,0.0
0,0.0
2,0.028169014084507043
4,0.056338028169014086
0,0.0
0,0.0
0,0.0
0,0.0
0,0.0
68,0.9577464788732394
0,0.0
0,0.0
1,0.014084507042253521
5,0.07042253521126761
0,0.0
2,0.028169014084507043
0,0.0
2,0.028169014084507043
10,0.14084507042253522
0,0.0
1,0.014084507042253521
68,0.9577464788732394
71,1.0
10,0.14084507042253522
15,0.2112676056338028
0,0.0
0,0.0
0,0.0
0,0.0
1,0.014084507042253521
10,0.14084507042253522
19,0.2676056338028169
71,1.0
10,0.14084507042253522
2,0.028169014084507043
18,0.2535211267605634
1,0.014084507042253521
0,0.0
17,0.23943661971830985
10,0.14084507042253522
0,0.0
69,0.971830985915493
1,0.014084507042253521
4,0.056338028169014086
0,0.0
11,0.15492957746478872
1,0.014084507042253521
71,1.0
0,0.0
67,0.9436619718309859
71,1.0
0,0.0
56,0.7887323943661971
68,0.9577464788732394
36,0.5070422535211268
13,0.18309859154929578
2,0.028169014084507043
60,0.8450704225352113
3,0.04225352112676056
0,0.0
7,0.09859154929577464
69,0.971830985915493
3,0.04225352112676056
0,0.0
0,0.0
1,0.014084507042253521
1,0.014084507042253521
38,0.5352112676056338
0,0.0
0,0.0
3,0.04225352112676056
0,0.0
18,0.2535211267605634
6,0.08450704225352113
27,0.38028169014084506
58,0.8169014084507042
11,0.15492957746478872
67,0.9436619718309859
1,0.014084507042253521
0,0.0
59,0.8309859154929577
71,1.0
70,0.9859154929577465
0,0.0
1,0.014084507042253521
71,1.0
33,0.4647887323943662
71,1.0
5,0.07042253521126761
71,1.0
11,0.15492957746478872
0,0.0
0,0.0
2,0.028169014084507043
1,0.014084507042253521
57,0.8028169014084507
1,0.014084507042253521
1,0.014084507042253521
8,0.11267605633802817
0,0.0
2,0.028169014084507043
0,0.0
0,0.0
62,0.8732394366197183
19,0.2676056338028169
4,0.056338028169014086
7,0.09859154929577464
26,0.36619718309859156
2,0.028169014084507043
8,0.11267605633802817
23,0.323943661971831
16,0.22535211267605634
57,0.8028169014084507
1,0.014084507042253521
71,1.0
11,0.15492957746478872
0,0.0
0,0.0
9,0.1267605633802817
12,0.16901408450704225
10,0.14084507042253522
7,0.09859154929577464
0,0.0
33,0.4647887323943662
2,0.028169014084507043
44,0.6197183098591549
2,0.028169014084507043
1,0.014084507042253521
10,0.14084507042253522
11,0.15492957746478872
0,0.0
0,0.0
4,0.056338028169014086
60,0.8450704225352113
0,0.0
0,0.0
71,1.0
10,0.14084507042253522
54,0.7605633802816901
14,0.19718309859154928
1,0.014084507042253521
21,0.29577464788732394
0,0.0
64,0.9014084507042254
42,0.5915492957746479
0,0.0
71,1.0
68,0.9577464788732394
3,0.04225352112676056
0,0.0
70,0.9859154929577465
70,0.9859154929577465
7,0.09859154929577464
29,0.4084507042253521
0,0.0
6,0.08450704225352113
71,1.0
1,0.014084507042253521
55,0.7746478873239436
0,0.0
71,1.0
71,1.0
51,0.7183098591549296
1,0.014084507042253521
71,1.0
9,0.1267605633802817
64,0.9014084507042254
2,0.028169014084507043
15,0.2112676056338028
0,0.0
3,0.04225352112676056
0,0.0
1,0.014084507042253521
0,0.0
1,0.014084507042253521
0,0.0
1,0.014084507042253521
1,0.014084507042253521
0,0.0
2,0.028169014084507043
0,0.0
0,0.0
1,0.014084507042253521
1,0.014084507042253521
0,0.0
1,0.014084507042253521
4,0.056338028169014086
71,1.0
2,0.028169014084507043
1,0.014084507042253521
8,0.11267605633802817
0,0.0
0,0.0
44,0.6197183098591549
0,0.0
0,0.0
4,0.056338028169014086
1,0.014084507042253521
3,0.04225352112676056
70,0.9859154929577465
1,0.014084507042253521
68,0.9577464788732394
0,0.0
0,0.0
4,0.056338028169014086
3,0.04225352112676056
1,0.014084507042253521
15,0.2112676056338028
3,0.04225352112676056
4,0.056338028169014086
69,0.971830985915493
4,0.056338028169014086
3,0.04225352112676056
9,0.1267605633802817
0,0.0
63,0.8873239436619719
3,0.04225352112676056
1,0.014084507042253521
67,0.9436619718309859
3,0.04225352112676056
11,0.15492957746478872
1,0.014084507042253521
0,0.0
3,0.04225352112676056
1,0.014084507042253521
3,0.04225352112676056
70,0.9859154929577465
2,0.028169014084507043
68,0.9577464788732394
12,0.16901408450704225
54,0.7605633802816901
55,0.7746478873239436
36,0.5070422535211268
67,0.9436619718309859
65,0.9154929577464789
67,0.9436619718309859
0,0.0
15,0.2112676056338028
0,0.0
0,0.0
6,0.08450704225352113
63,0.8873239436619719
71,1.0
0,0.0
60,0.8450704225352113
0,0.0
66,0.9295774647887324
7,0.09859154929577464
1,0.014084507042253521
0,0.0
0,0.0
0,0.0
1,0.014084507042253521
0,0.0
65,0.9154929577464789
0,0.0
0,0.0
0,0.0
0,0.0
1,0.014084507042253521
0,0.0
0,0.0
1,0.014084507042253521
2,0.028169014084507043
67,0.9436619718309859
1,0.014084507042253521
70,0.9859154929577465
0,0.0
5,0.07042253521126761
3,0.04225352112676056
69,0.971830985915493
1,0.014084507042253521
71,1.0
3,0.04225352112676056
71,1.0
66,0.9295774647887324
0,0.0
71,1.0
0,0.0
1,0.014084507042253521
71,1.0
13,0.18309859154929578
10,0.14084507042253522
70,0.9859154929577465
0,0.0
71,1.0
69,0.971830985915493
1,0.014084507042253521
2,0.028169014084507043
0,0.0
0,0.0
0,0.0
70,0.9859154929577465
0,0.0
3,0.04225352112676056
1,0.014084507042253521
53,0.7464788732394366
41,0.5774647887323944
0,0.0
3,0.04225352112676056
1,0.014084507042253521
2,0.028169014084507043
5,0.07042253521126761
0,0.0
1,0.014084507042253521
0,0.0
10,0.14084507042253522
4,0.056338028169014086
0,0.0
2,0.028169014084507043
1,0.014084507042253521
0,0.0
3,0.04225352112676056
0,0.0
3,0.04225352112676056
41,0.5774647887323944
0,0.0
1,0.014084507042253521
1,0.014084507042253521
5,0.07042253521126761
0,0.0
14,0.19718309859154928
