0,0.0
0,0.0
0,0.0
12,0.15384615384615385
5,0.0641025641025641
71,0.9102564102564102
76,0.9743589743589743
0,0.0
0,0.0
11,0.14102564102564102
0,0.0
0,0.0
8,0.10256410256410256
1,0.01282051282051282
0,0.0
54,0.6923076923076923
2,0.02564102564102564
0,0.0
0,0.0
3,0.038461538461538464
19,0.24358974358974358
53,0.6794871794871795
68,0.8717948717948718
3,0.038461538461538464
0,0.0
1,0.01282051282051282
64,0.8205128205128205
44,0.5641025641025641
0,0.0
23,0.2948717948717949
26,0.3333333333333333
8,0.10256410256410256
0,0.0
1,0.01282051282051282
1,0.01282051282051282
0,0.0
0,0.0
0,0.0
0,0.0
53,0.6794871794871795
0,0.0
2,0.02564102564102564
6,0.07692307692307693
3,0.038461538461538464
2,0.02564102564102564
9,0.11538461538461539
0,0.0
53,0.6794871794871795
63,0.8076923076923077
9,0.11538461538461539
54,0.6923076923076923
0,0.0
2,0.02564102564102564
4,0.05128205128205128
0,0.0
0,0.0
43,0.5512820512820513
16,0.20512820512820512
42,0.5384615384615384
77,0.9871794871794872
34,0.4358974358974359
3,0.038461538461538464
10,0.1282051282051282
3,0.038461538461538464
0,0.0
0,0.0
0,0.0
0,0.0
4,0.05128205128205128
0,0.0
27,0.34615384615384615
16,0.20512820512820512
1,0.01282051282051282
2,0.02564102564102564
1,0.01282051282051282
17,0.21794871794871795
76,0.9743589743589743
75,0.9615384615384616
1,0.01282051282051282
14,0.1794871794871795
18,0.23076923076923078
0,0.0
11,0.14102564102564102
0,0.0
6,0.07692307692307693
76,0.9743589743589743
0,0.0
22,0.28205128205128205
78,1.0
6,0.07692307692307693
55,0.7051282051282052
7,0.08974358974358974
4,0.05128205128205128
78,1.0
77,0.9871794871794872
78,1.0
3,0.038461538461538464
0,0.0
0,0.0
0,0.0
75,0.9615384615384616
1,0.01282051282051282
0,0.0
67,0.8589743589743589
3,0.038461538461538464
1,0.01282051282051282
60,0.7692307692307693
24,0.3076923076923077
5,0.0641025641025641
0,0.0
63,0.8076923076923077
0,0.0
61,0.782051282051282
0,0.0
0,0.0
51,0.6538461538461539
0,0.0
78,1.0
30,0.38461538461538464
3,0.038461538461538464
61,0.782051282051282
63,0.8076923076923077
77,0.9871794871794872
10,0.1282051282051282
57,0.7307692307692307
76,0.9743589743589743
77,0.9871794871794872
12,0.15384615384615385
15,0.19230769230769232
1,0.01282051282051282
75,0.9615384615384616
19,0.24358974358974358
0,0.0
5,0.0641025641025641
78,1.0
72,0.9230769230769231
0,0.0
0,0.0
60,0.7692307692307693
69,0.8846153846153846
0,0.0
40,0.5128205128205128
22,0.28205128205128205
9,0.11538461538461539
20,0.2564102564102564
69,0.8846153846153846
14,0.1794871794871795
77,0.9871794871794872
54,0.6923076923076923
0,0.0
1,0.01282051282051282
4,0.05128205128205128
3,0.038461538461538464
69,0.8846153846153846
78,1.0
19,0.24358974358974358
78,1.0
24,0.3076923076923077
0,0.0
4,0.05128205128205128
1,0.01282051282051282
4,0.05128205128205128
11,0.14102564102564102
27,0.34615384615384615
0,0.0
69,0.8846153846153846
2,0.02564102564102564
15,0.19230769230769232
5,0.0641025641025641
78,1.0
30,0.38461538461538464
1,0.01282051282051282
69,0.8846153846153846
9,0.11538461538461539
8,0.10256410256410256
9,0.11538461538461539
11,0.14102564102564102
0,0.0
1,0.01282051282051282
5,0.0641025641025641
1,0.01282051282051282
60,0.7692307692307693
18,0.23076923076923078
78,1.0
4,0.05128205128205128
3,0.038461538461538464
11,0.14102564102564102
53,0.6794871794871795
64,0.8205128205128205
67,0.8589743589743589
29,0.3717948717948718
2,0.02564102564102564
51,0.6538461538461539
2,0.02564102564102564
14,0.1794871794871795
12,0.15384615384615385
63,0.8076923076923077
63,0.8076923076923077
0,0.0
40,0.5128205128205128
50,0.6410256410256411
3,0.038461538461538464
0,0.0
25,0.32051282051282054
77,0.9871794871794872
1,0.01282051282051282
0,0.0
10,0.1282051282051282
51,0.6538461538461539
78,1.0
9,0.11538461538461539
62,0.7948717948717948
15,0.19230769230769232
48,0.6153846153846154
53,0.6794871794871795
3,0.038461538461538464
0,0.0
1,0.01282051282051282
53,0.6794871794871795
15,0.19230769230769232
0,0.0
14,0.1794871794871795
38,0.48717948717948717
0,0.0
6,0.07692307692307693
47,0.6025641025641025
31,0.3974358974358974
37,0.47435897435897434
19,0.24358974358974358
0,0.0
1,0.01282051282051282
70,0.8974358974358975
9,0.11538461538461539
40,0.5128205128205128
46,0.5897435897435898
46,0.5897435897435898
11,0.14102564102564102
66,0.8461538461538461
28,0.358974358974359
46,0.5897435897435898
65,0.8333333333333334
11,0.14102564102564102
2,0.02564102564102564
9,0.11538461538461539
9,0.11538461538461539
3,0.038461538461538464
4,0.05128205128205128
32,0.41025641025641024
71,0.9102564102564102
5,0.0641025641025641
1,0.01282051282051282
12,0.15384615384615385
77,0.9871794871794872
4,0.05128205128205128
65,0.8333333333333334
0,0.0
30,0.38461538461538464
0,0.0
10,0.1282051282051282
0,0.0
1,0.01282051282051282
11,0.14102564102564102
0,0.0
10,0.1282051282051282
10,0.1282051282051282
1,0.01282051282051282
70,0.8974358974358975
1,0.01282051282051282
53,0.6794871794871795
0,0.0
10,0.1282051282051282
1,0.01282051282051282
10,0.1282051282051282
57,0.7307692307692307
49,0.6282051282051282
0,0.0
1,0.01282051282051282
32,0.41025641025641024
67,0.8589743589743589
77,0.9871794871794872
31,0.3974358974358974
28,0.358974358974359
32,0.41025641025641024
28,0.358974358974359
0,0.0
5,0.0641025641025641
2,0.02564102564102564
0,0.0
0,0.0
13,0.16666666666666666
39,0.5
29,0.3717948717948718
0,0.0
14,0.1794871794871795
34,0.4358974358974359
69,0.8846153846153846
1,0.01282051282051282
1,0.01282051282051282
39,0.5
0,0.0
4,0.05128205128205128
32,0.41025641025641024
0,0.0
28,0.358974358974359
77,0.9871794871794872
0,0.0
71,0.9102564102564102
51,0.6538461538461539
39,0.5
64,0.8205128205128205
78,1.0
32,0.41025641025641024
40,0.5128205128205128
11,0.14102564102564102
69,0.8846153846153846
49,0.6282051282051282
72,0.9230769230769231
8,0.10256410256410256
31,0.3974358974358974
28,0.358974358974359
48,0.6153846153846154
9,0.11538461538461539
0,0.0
69,0.8846153846153846
9,0.11538461538461539
46,0.5897435897435898
46,0.5897435897435898
60,0.7692307692307693
0,0.0
39,0.5
50,0.6410256410256411
11,0.14102564102564102
60,0.7692307692307693
78,1.0
38,0.48717948717948717
28,0.358974358974359
1,0.01282051282051282
8,0.10256410256410256
0,0.0
20,0.2564102564102564
58,0.7435897435897436
58,0.7435897435897436
64,0.8205128205128205
39,0.5
69,0.8846153846153846
0,0.0
40,0.5128205128205128
0,0.0
57,0.7307692307692307
50,0.6410256410256411
6,0.07692307692307693
15,0.19230769230769232
29,0.3717948717948718
19,0.24358974358974358
50,0.6410256410256411
2,0.02564102564102564
39,0.5
28,0.358974358974359
20,0.2564102564102564
39,0.5
0,0.0
0,0.0
43,0.5512820512820513
1,0.01282051282051282
39,0.5
38,0.48717948717948717
2,0.02564102564102564
0,0.0
1,0.01282051282051282
2,0.02564102564102564
13,0.16666666666666666
30,0.38461538461538464
19,0.24358974358974358
16,0.20512820512820512
52,0.6666666666666666
77,0.9871794871794872
39,0.5
1,0.01282051282051282
16,0.20512820512820512
0,0.0
48,0.6153846153846154
34,0.4358974358974359
4,0.05128205128205128
4,0.05128205128205128
13,0.16666666666666666
35,0.44871794871794873
10,0.1282051282051282
71,0.9102564102564102
39,0.5
50,0.6410256410256411
9,0.11538461538461539
49,0.6282051282051282
37,0.47435897435897434
18,0.23076923076923078
12,0.15384615384615385
1,0.01282051282051282
78,1.0
43,0.5512820512820513
25,0.32051282051282054
47,0.6025641025641025
9,0.11538461538461539
0,0.0
25,0.32051282051282054
17,0.21794871794871795
25,0.32051282051282054
61,0.782051282051282
45,0.5769230769230769
53,0.6794871794871795
78,1.0
3,0.038461538461538464
11,0.14102564102564102
24,0.3076923076923077
0,0.0
0,0.0
25,0.32051282051282054
28,0.358974358974359
25,0.32051282051282054
43,0.5512820512820513
34,0.4358974358974359
36,0.46153846153846156
42,0.5384615384615384
59,0.7564102564102564
73,0.9358974358974359
8,0.10256410256410256
37,0.47435897435897434
21,0.2692307692307692
8,0.10256410256410256
53,0.6794871794871795
1,0.01282051282051282
0,0.0
36,0.46153846153846156
35,0.44871794871794873
42,0.5384615384615384
27,0.34615384615384615
0,0.0
0,0.0
60,0.7692307692307693
43,0.5512820512820513
0,0.0
43,0.5512820512820513
78,1.0
1,0.01282051282051282
40,0.5128205128205128
17,0.21794871794871795
42,0.5384615384615384
41,0.5256410256410257
29,0.3717948717948718
0,0.0
48,0.6153846153846154
15,0.19230769230769232
3,0.038461538461538464
24,0.3076923076923077
70,0.8974358974358975
0,0.0
2,0.02564102564102564
44,0.5641025641025641
35,0.44871794871794873
74,0.9487179487179487
34,0.4358974358974359
50,0.6410256410256411
78,1.0
0,0.0
49,0.6282051282051282
77,0.9871794871794872
35,0.44871794871794873
12,0.15384615384615385
4,0.05128205128205128
19,0.24358974358974358
60,0.7692307692307693
0,0.0
70,0.8974358974358975
3,0.038461538461538464
5,0.0641025641025641
15,0.19230769230769232
19,0.24358974358974358
20,0.2564102564102564
4,0.05128205128205128
77,0.9871794871794872
0,0.0
6,0.07692307692307693
17,0.21794871794871795
78,1.0
66,0.8461538461538461
4,0.05128205128205128
3,0.038461538461538464
78,1.0
4,0.05128205128205128
0,0.0
49,0.6282051282051282
74,0.9487179487179487
1,0.01282051282051282
18,0.23076923076923078
1,0.01282051282051282
0,0.0
41,0.5256410256410257
1,0.01282051282051282
72,0.9230769230769231
12,0.15384615384615385
0,0.0
28,0.358974358974359
27,0.34615384615384615
35,0.44871794871794873
16,0.20512820512820512
71,0.9102564102564102
17,0.21794871794871795
60,0.7692307692307693
23,0.2948717948717949
7,0.08974358974358974
0,0.0
0,0.0
5,0.0641025641025641
1,0.01282051282051282
22,0.28205128205128205
78,1.0
0,0.0
0,0.0
7,0.08974358974358974
7,0.08974358974358974
1,0.01282051282051282
53,0.6794871794871795
1,0.01282051282051282
18,0.23076923076923078
29,0.3717948717948718
19,0.24358974358974358
13,0.16666666666666666
0,0.0
14,0.1794871794871795
1,0.01282051282051282
58,0.7435897435897436
16,0.20512820512820512
55,0.7051282051282052
1,0.01282051282051282
0,0.0
75,0.9615384615384616
0,0.0
0,0.0
20,0.2564102564102564
0,0.0
2,0.02564102564102564
25,0.32051282051282054
13,0.16666666666666666
76,0.9743589743589743
29,0.3717948717948718
57,0.7307692307692307
40,0.5128205128205128
0,0.0
0,0.0
27,0.34615384615384615
50,0.6410256410256411
78,1.0
0,0.0
51,0.6538461538461539
1,0.01282051282051282
48,0.6153846153846154
60,0.7692307692307693
0,0.0
30,0.38461538461538464
0,0.0
24,0.3076923076923077
1,0.01282051282051282
21,0.2692307692307692
31,0.3974358974358974
1,0.01282051282051282
31,0.3974358974358974
8,0.10256410256410256
31,0.3974358974358974
30,0.38461538461538464
28,0.358974358974359
58,0.7435897435897436
52,0.6666666666666666
25,0.32051282051282054
38,0.48717948717948717
0,0.0
38,0.48717948717948717
3,0.038461538461538464
59,0.7564102564102564
1,0.01282051282051282
6,0.07692307692307693
2,0.02564102564102564
7,0.08974358974358974
39,0.5
0,0.0
0,0.0
35,0.44871794871794873
1,0.01282051282051282
60,0.7692307692307693
27,0.34615384615384615
76,0.9743589743589743
7,0.08974358974358974
17,0.21794871794871795
1,0.01282051282051282
0,0.0
1,0.01282051282051282
63,0.8076923076923077
3,0.038461538461538464
77,0.9871794871794872
23,0.2948717948717949
56,0.717948717948718
42,0.5384615384615384
19,0.24358974358974358
7,0.08974358974358974
41,0.5256410256410257
59,0.7564102564102564
26,0.3333333333333333
0,0.0
19,0.24358974358974358
1,0.01282051282051282
23,0.2948717948717949
26,0.3333333333333333
1,0.01282051282051282
7,0.08974358974358974
76,0.9743589743589743
24,0.3076923076923077
58,0.7435897435897436
0,0.0
23,0.2948717948717949
0,0.0
0,0.0
76,0.9743589743589743
48,0.6153846153846154
66,0.8461538461538461
0,0.0
27,0.34615384615384615
68,0.8717948717948718
19,0.24358974358974358
1,0.01282051282051282
32,0.41025641025641024
11,0.14102564102564102
44,0.5641025641025641
1,0.01282051282051282
21,0.2692307692307692
0,0.0
20,0.2564102564102564
77,0.9871794871794872
45,0.5769230769230769
14,0.1794871794871795
9,0.11538461538461539
76,0.9743589743589743
32,0.41025641025641024
67,0.8589743589743589
0,0.0
1,0.01282051282051282
17,0.21794871794871795
0,0.0
64,0.8205128205128205
44,0.5641025641025641
22,0.28205128205128205
0,0.0
61,0.782051282051282
1,0.01282051282051282
8,0.10256410256410256
54,0.6923076923076923
0,0.0
11,0.14102564102564102
1,0.01282051282051282
70,0.8974358974358975
12,0.15384615384615385
46,0.5897435897435898
24,0.3076923076923077
2,0.02564102564102564
32,0.41025641025641024
51,0.6538461538461539
11,0.14102564102564102
8,0.10256410256410256
45,0.5769230769230769
0,0.0
69,0.8846153846153846
16,0.20512820512820512
11,0.14102564102564102
14,0.1794871794871795
12,0.15384615384615385
0,0.0
37,0.47435897435897434
0,0.0
2,0.02564102564102564
11,0.14102564102564102
0,0.0
0,0.0
26,0.3333333333333333
8,0.10256410256410256
3,0.038461538461538464
62,0.7948717948717948
61,0.782051282051282
12,0.15384615384615385
11,0.14102564102564102
0,0.0
41,0.5256410256410257
65,0.8333333333333334
77,0.9871794871794872
78,1.0
16,0.20512820512820512
77,0.9871794871794872
53,0.6794871794871795
1,0.01282051282051282
16,0.20512820512820512
8,0.10256410256410256
76,0.9743589743589743
63,0.8076923076923077
6,0.07692307692307693
22,0.28205128205128205
78,1.0
2,0.02564102564102564
54,0.6923076923076923
2,0.02564102564102564
28,0.358974358974359
4,0.05128205128205128
65,0.8333333333333334
25,0.32051282051282054
7,0.08974358974358974
21,0.2692307692307692
69,0.8846153846153846
25,0.32051282051282054
78,1.0
16,0.20512820512820512
72,0.9230769230769231
0,0.0
43,0.5512820512820513
10,0.1282051282051282
3,0.038461538461538464
18,0.23076923076923078
72,0.9230769230769231
0,0.0
7,0.08974358974358974
8,0.10256410256410256
74,0.9487179487179487
10,0.1282051282051282
60,0.7692307692307693
0,0.0
27,0.34615384615384615
66,0.8461538461538461
4,0.05128205128205128
68,0.8717948717948718
66,0.8461538461538461
1,0.01282051282051282
78,1.0
77,0.9871794871794872
2,0.02564102564102564
22,0.28205128205128205
57,0.7307692307692307
3,0.038461538461538464
0,0.0
10,0.1282051282051282
77,0.9871794871794872
17,0.21794871794871795
0,0.0
76,0.9743589743589743
0,0.0
66,0.8461538461538461
77,0.9871794871794872
77,0.9871794871794872
58,0.7435897435897436
25,0.32051282051282054
67,0.8589743589743589
11,0.14102564102564102
1,0.01282051282051282
78,1.0
5,0.0641025641025641
65,0.8333333333333334
8,0.10256410256410256
16,0.20512820512820512
20,0.2564102564102564
50,0.6410256410256411
67,0.8589743589743589
0,0.0
0,0.0
12,0.15384615384615385
1,0.01282051282051282
56,0.717948717948718
9,0.11538461538461539
35,0.44871794871794873
60,0.7692307692307693
21,0.2692307692307692
74,0.9487179487179487
50,0.6410256410256411
0,0.0
58,0.7435897435897436
7,0.08974358974358974
56,0.717948717948718
10,0.1282051282051282
0,0.0
45,0.5769230769230769
2,0.02564102564102564
51,0.6538461538461539
4,0.05128205128205128
34,0.4358974358974359
65,0.8333333333333334
1,0.01282051282051282
2,0.02564102564102564
35,0.44871794871794873
5,0.0641025641025641
34,0.4358974358974359
0,0.0
12,0.15384615384615385
0,0.0
1,0.01282051282051282
39,0.5
9,0.11538461538461539
24,0.3076923076923077
7,0.08974358974358974
25,0.32051282051282054
63,0.8076923076923077
8,0.10256410256410256
75,0.9615384615384616
11,0.14102564102564102
37,0.47435897435897434
0,0.0
14,0.1794871794871795
1,0.01282051282051282
2,0.02564102564102564
67,0.8589743589743589
11,0.14102564102564102
0,0.0
15,0.19230769230769232
42,0.5384615384615384
31,0.3974358974358974
38,0.48717948717948717
38,0.48717948717948717
21,0.2692307692307692
14,0.1794871794871795
27,0.34615384615384615
59,0.7564102564102564
44,0.5641025641025641
78,1.0
0,0.0
77,0.9871794871794872
78,1.0
2,0.02564102564102564
0,0.0
0,0.0
69,0.8846153846153846
0,0.0
1,0.01282051282051282
3,0.038461538461538464
3,0.038461538461538464
1,0.01282051282051282
14,0.1794871794871795
2,0.02564102564102564
14,0.1794871794871795
0,0.0
2,0.02564102564102564
2,0.02564102564102564
3,0.038461538461538464
18,0.23076923076923078
0,0.0
0,0.0
61,0.782051282051282
71,0.9102564102564102
8,0.10256410256410256
0,0.0
17,0.21794871794871795
56,0.717948717948718
72,0.9230769230769231
17,0.21794871794871795
5,0.0641025641025641
21,0.2692307692307692
1,0.01282051282051282
64,0.8205128205128205
5,0.0641025641025641
35,0.44871794871794873
68,0.8717948717948718
78,1.0
53,0.6794871794871795
1,0.01282051282051282
0,0.0
0,0.0
73,0.9358974358974359
69,0.8846153846153846
6,0.07692307692307693
23,0.2948717948717949
55,0.7051282051282052
57,0.7307692307692307
32,0.41025641025641024
78,1.0
64,0.8205128205128205
52,0.6666666666666666
16,0.20512820512820512
28,0.358974358974359
4,0.05128205128205128
2,0.02564102564102564
18,0.23076923076923078
13,0.16666666666666666
14,0.1794871794871795
10,0.1282051282051282
0,0.0
1,0.01282051282051282
42,0.5384615384615384
77,0.9871794871794872
3,0.038461538461538464
1,0.01282051282051282
19,0.24358974358974358
0,0.0
19,0.24358974358974358
70,0.8974358974358975
7,0.08974358974358974
9,0.11538461538461539
9,0.11538461538461539
0,0.0
5,0.0641025641025641
2,0.02564102564102564
7,0.08974358974358974
25,0.32051282051282054
49,0.6282051282051282
50,0.6410256410256411
1,0.01282051282051282
10,0.1282051282051282
0,0.0
19,0.24358974358974358
23,0.2948717948717949
62,0.7948717948717948
0,0.0
57,0.7307692307692307
70,0.8974358974358975
41,0.5256410256410257
65,0.8333333333333334
38,0.48717948717948717
78,1.0
40,0.5128205128205128
50,0.6410256410256411
31,0.3974358974358974
75,0.9615384615384616
2,0.02564102564102564
3,0.038461538461538464
62,0.7948717948717948
16,0.20512820512820512
48,0.6153846153846154
7,0.08974358974358974
0,0.0
3,0.038461538461538464
27,0.34615384615384615
1,0.01282051282051282
1,0.01282051282051282
8,0.10256410256410256
76,0.9743589743589743
9,0.11538461538461539
47,0.6025641025641025
11,0.14102564102564102
12,0.15384615384615385
71,0.9102564102564102
19,0.24358974358974358
43,0.5512820512820513
0,0.0
63,0.8076923076923077
29,0.3717948717948718
11,0.14102564102564102
78,1.0
24,0.3076923076923077
44,0.5641025641025641
54,0.6923076923076923
73,0.9358974358974359
23,0.2948717948717949
54,0.6923076923076923
66,0.8461538461538461
19,0.24358974358974358
73,0.9358974358974359
64,0.8205128205128205
38,0.48717948717948717
10,0.1282051282051282
24,0.3076923076923077
26,0.3333333333333333
60,0.7692307692307693
32,0.41025641025641024
39,0.5
61,0.782051282051282
36,0.46153846153846156
13,0.16666666666666666
78,1.0
9,0.11538461538461539
5,0.0641025641025641
1,0.01282051282051282
0,0.0
3,0.038461538461538464
0,0.0
40,0.5128205128205128
33,0.4230769230769231
74,0.9487179487179487
31,0.3974358974358974
59,0.7564102564102564
0,0.0
9,0.11538461538461539
29,0.3717948717948718
41,0.5256410256410257
15,0.19230769230769232
31,0.3974358974358974
78,1.0
36,0.46153846153846156
0,0.0
73,0.9358974358974359
5,0.0641025641025641
34,0.4358974358974359
2,0.02564102564102564
74,0.9487179487179487
33,0.4230769230769231
76,0.9743589743589743
61,0.782051282051282
38,0.48717948717948717
10,0.1282051282051282
54,0.6923076923076923
5,0.0641025641025641
0,0.0
59,0.7564102564102564
0,0.0
1,0.01282051282051282
0,0.0
24,0.3076923076923077
3,0.038461538461538464
0,0.0
14,0.1794871794871795
1,0.01282051282051282
0,0.0
15,0.19230769230769232
63,0.8076923076923077
21,0.2692307692307692
78,1.0
10,0.1282051282051282
71,0.9102564102564102
58,0.7435897435897436
10,0.1282051282051282
63,0.8076923076923077
66,0.8461538461538461
43,0.5512820512820513
0,0.0
51,0.6538461538461539
16,0.20512820512820512
12,0.15384615384615385
11,0.14102564102564102
24,0.3076923076923077
0,0.0
2,0.02564102564102564
2,0.02564102564102564
5,0.0641025641025641
18,0.23076923076923078
11,0.14102564102564102
56,0.717948717948718
20,0.2564102564102564
12,0.15384615384615385
73,0.9358974358974359
4,0.05128205128205128
3,0.038461538461538464
10,0.1282051282051282
0,0.0
1,0.01282051282051282
78,1.0
22,0.28205128205128205
10,0.1282051282051282
4,0.05128205128205128
1,0.01282051282051282
0,0.0
0,0.0
0,0.0
2,0.02564102564102564
0,0.0
0,0.0
0,0.0
0,0.0
22,0.28205128205128205
5,0.0641025641025641
74,0.9487179487179487
4,0.05128205128205128
45,0.5769230769230769
78,1.0
34,0.4358974358974359
7,0.08974358974358974
0,0.0
0,0.0
52,0.6666666666666666
40,0.5128205128205128
77,0.9871794871794872
73,0.9358974358974359
22,0.28205128205128205
22,0.28205128205128205
19,0.24358974358974358
62,0.7948717948717948
39,0.5
1,0.01282051282051282
30,0.38461538461538464
43,0.5512820512820513
17,0.21794871794871795
26,0.3333333333333333
9,0.11538461538461539
2,0.02564102564102564
13,0.16666666666666666
1,0.01282051282051282
2,0.02564102564102564
0,0.0
1,0.01282051282051282
19,0.24358974358974358
0,0.0
18,0.23076923076923078
28,0.358974358974359
3,0.038461538461538464
2,0.02564102564102564
18,0.23076923076923078
15,0.19230769230769232
5,0.0641025641025641
1,0.01282051282051282
22,0.28205128205128205
23,0.2948717948717949
0,0.0
13,0.16666666666666666
12,0.15384615384615385
33,0.4230769230769231
18,0.23076923076923078
5,0.0641025641025641
0,0.0
78,1.0
0,0.0
18,0.23076923076923078
74,0.9487179487179487
10,0.1282051282051282
53,0.6794871794871795
0,0.0
0,0.0
0,0.0
69,0.8846153846153846
58,0.7435897435897436
78,1.0
76,0.9743589743589743
10,0.1282051282051282
0,0.0
78,1.0
54,0.6923076923076923
0,0.0
1,0.01282051282051282
11,0.14102564102564102
0,0.0
5,0.0641025641025641
78,1.0
68,0.8717948717948718
7,0.08974358974358974
0,0.0
1,0.01282051282051282
0,0.0
73,0.9358974358974359
69,0.8846153846153846
63,0.8076923076923077
1,0.01282051282051282
2,0.02564102564102564
3,0.038461538461538464
5,0.0641025641025641
19,0.24358974358974358
1,0.01282051282051282
22,0.28205128205128205
5,0.0641025641025641
1,0.01282051282051282
17,0.21794871794871795
4,0.05128205128205128
10,0.1282051282051282
68,0.8717948717948718
0,0.0
38,0.48717948717948717
0,0.0
16,0.20512820512820512
