1,0.013513513513513514
61,0.8243243243243243
71,0.9594594594594594
0,0.0
3,0.04054054054054054
0,0.0
1,0.013513513513513514
0,0.0
1,0.013513513513513514
0,0.0
0,0.0
25,0.33783783783783783
13,0.17567567567567569
24,0.32432432432432434
4,0.05405405405405406
6,0.08108108108108109
0,0.0
0,0.0
1,0.013513513513513514
51,0.6891891891891891
1,0.013513513513513514
1,0.013513513513513514
0,0.0
9,0.12162162162162163
0,0.0
0,0.0
0,0.0
1,0.013513513513513514
0,0.0
1,0.013513513513513514
5,0.06756756756756757
15,0.20270270270270271
20,0.2702702702702703
9,0.12162162162162163
0,0.0
1,0.013513513513513514
0,0.0
0,0.0
28,0.3783783783783784
11,0.14864864864864866
2,0.02702702702702703
74,1.0
9,0.12162162162162163
1,0.013513513513513514
0,0.0
18,0.24324324324324326
74,1.0
69,0.9324324324324325
0,0.0
15,0.20270270270270271
4,0.05405405405405406
16,0.21621621621621623
1,0.013513513513513514
73,0.9864864864864865
74,1.0
1,0.013513513513513514
71,0.9594594594594594
63,0.8513513513513513
22,0.2972972972972973
73,0.9864864864864865
5,0.06756756756756757
1,0.013513513513513514
2,0.02702702702702703
13,0.17567567567567569
0,0.0
8,0.10810810810810811
5,0.06756756756756757
3,0.04054054054054054
7,0.0945945945945946
67,0.9054054054054054
10,0.13513513513513514
72,0.972972972972973
4,0.05405405405405406
17,0.22972972972972974
11,0.14864864864864866
74,1.0
62,0.8378378378378378
26,0.35135135135135137
6,0.08108108108108109
3,0.04054054054054054
0,0.0
3,0.04054054054054054
0,0.0
55,0.7432432432432432
74,1.0
66,0.8918918918918919
73,0.9864864864864865
1,0.013513513513513514
0,0.0
74,1.0
1,0.013513513513513514
24,0.32432432432432434
3,0.04054054054054054
63,0.8513513513513513
0,0.0
0,0.0
59,0.7972972972972973
3,0.04054054054054054
0,0.0
0,0.0
69,0.9324324324324325
1,0.013513513513513514
4,0.05405405405405406
12,0.16216216216216217
24,0.32432432432432434
32,0.43243243243243246
10,0.13513513513513514
71,0.9594594594594594
42,0.5675675675675675
71,0.9594594594594594
71,0.9594594594594594
73,0.9864864864864865
4,0.05405405405405406
48,0.6486486486486487
10,0.13513513513513514
0,0.0
0,0.0
25,0.33783783783783783
47,0.6351351351351351
64,0.8648648648648649
3,0.04054054054054054
72,0.972972972972973
67,0.9054054054054054
0,0.0
3,0.04054054054054054
7,0.0945945945945946
2,0.02702702702702703
72,0.972972972972973
3,0.04054054054054054
71,0.9594594594594594
74,1.0
67,0.9054054054054054
1,0.013513513513513514
1,0.013513513513513514
4,0.05405405405405406
20,0.2702702702702703
0,0.0
72,0.972972972972973
63,0.8513513513513513
69,0.9324324324324325
6,0.08108108108108109
68,0.918918918918919
0,0.0
6,0.08108108108108109
6,0.08108108108108109
1,0.013513513513513514
0,0.0
1,0.013513513513513514
35,0.47297297297297297
8,0.10810810810810811
7,0.0945945945945946
1,0.013513513513513514
0,0.0
19,0.25675675675675674
4,0.05405405405405406
0,0.0
46,0.6216216216216216
1,0.013513513513513514
2,0.02702702702702703
7,0.0945945945945946
0,0.0
5,0.06756756756756757
3,0.04054054054054054
72,0.972972972972973
1,0.013513513513513514
73,0.9864864864864865
68,0.918918918918919
3,0.04054054054054054
3,0.04054054054054054
66,0.8918918918918919
45,0.6081081081081081
74,1.0
4,0.05405405405405406
1,0.013513513513513514
0,0.0
1,0.013513513513513514
0,0.0
0,0.0
0,0.0
1,0.013513513513513514
2,0.02702702702702703
70,0.9459459459459459
34,0.4594594594594595
53,0.7162162162162162
24,0.32432432432432434
9,0.12162162162162163
1,0.013513513513513514
74,1.0
53,0.7162162162162162
56,0.7567567567567568
20,0.2702702702702703
69,0.9324324324324325
38,0.5135135135135135
19,0.25675675675675674
0,0.0
38,0.5135135135135135
36,0.4864864864864865
74,1.0
55,0.7432432432432432
54,0.7297297297297297
18,0.24324324324324326
20,0.2702702702702703
6,0.08108108108108109
2,0.02702702702702703
0,0.0
2,0.02702702702702703
14,0.1891891891891892
0,0.0
23,0.3108108108108108
2,0.02702702702702703
0,0.0
21,0.28378378378378377
23,0.3108108108108108
19,0.25675675675675674
19,0.25675675675675674
38,0.5135135135135135
54,0.7297297297297297
0,0.0
51,0.6891891891891891
0,0.0
0,0.0
71,0.9594594594594594
0,0.0
54,0.7297297297297297
0,0.0
0,0.0
0,0.0
0,0.0
11,0.14864864864864866
3,0.04054054054054054
60,0.8108108108108109
0,0.0
0,0.0
17,0.22972972972972974
0,0.0
19,0.25675675675675674
36,0.4864864864864865
0,0.0
71,0.9594594594594594
38,0.5135135135135135
2,0.02702702702702703
12,0.16216216216216217
0,0.0
7,0.0945945945945946
3,0.04054054054054054
39,0.527027027027027
57,0.7702702702702703
71,0.9594594594594594
24,0.32432432432432434
19,0.25675675675675674
0,0.0
1,0.013513513513513514
42,0.5675675675675675
74,1.0
33,0.44594594594594594
18,0.24324324324324326
0,0.0
0,0.0
1,0.013513513513513514
26,0.35135135135135137
0,0.0
0,0.0
43,0.581081081081081
11,0.14864864864864866
0,0.0
1,0.013513513513513514
19,0.25675675675675674
5,0.06756756756756757
0,0.0
19,0.25675675675675674
1,0.013513513513513514
20,0.2702702702702703
18,0.24324324324324326
54,0.7297297297297297
0,0.0
73,0.9864864864864865
1,0.013513513513513514
18,0.24324324324324326
74,1.0
33,0.44594594594594594
19,0.25675675675675674
0,0.0
1,0.013513513513513514
74,1.0
0,0.0
73,0.9864864864864865
1,0.013513513513513514
28,0.3783783783783784
1,0.013513513513513514
22,0.2972972972972973
13,0.17567567567567569
48,0.6486486486486487
21,0.28378378378378377
55,0.7432432432432432
0,0.0
0,0.0
1,0.013513513513513514
29,0.3918918918918919
35,0.47297297297297297
21,0.28378378378378377
0,0.0
0,0.0
34,0.4594594594594595
3,0.04054054054054054
38,0.5135135135135135
0,0.0
9,0.12162162162162163
5,0.06756756756756757
43,0.581081081081081
74,1.0
74,1.0
38,0.5135135135135135
71,0.9594594594594594
60,0.8108108108108109
24,0.32432432432432434
38,0.5135135135135135
7,0.0945945945945946
5,0.06756756756756757
25,0.33783783783783783
35,0.47297297297297297
0,0.0
10,0.13513513513513514
39,0.527027027027027
70,0.9459459459459459
39,0.527027027027027
29,0.3918918918918919
3,0.04054054054054054
2,0.02702702702702703
17,0.22972972972972974
20,0.2702702702702703
0,0.0
0,0.0
30,0.40540540540540543
67,0.9054054054054054
4,0.05405405405405406
32,0.43243243243243246
44,0.5945945945945946
1,0.013513513513513514
3,0.04054054054054054
1,0.013513513513513514
9,0.12162162162162163
19,0.25675675675675674
66,0.8918918918918919
74,1.0
6,0.08108108108108109
0,0.0
1,0.013513513513513514
32,0.43243243243243246
24,0.32432432432432434
4,0.05405405405405406
16,0.21621621621621623
3,0.04054054054054054
22,0.2972972972972973
31,0.4189189189189189
31,0.4189189189189189
37,0.5
13,0.17567567567567569
70,0.9459459459459459
2,0.02702702702702703
2,0.02702702702702703
61,0.8243243243243243
0,0.0
73,0.9864864864864865
0,0.0
42,0.5675675675675675
27,0.36486486486486486
0,0.0
0,0.0
59,0.7972972972972973
0,0.0
74,1.0
60,0.8108108108108109
70,0.9459459459459459
4,0.05405405405405406
1,0.013513513513513514
73,0.9864864864864865
40,0.5405405405405406
0,0.0
0,0.0
7,0.0945945945945946
1,0.013513513513513514
61,0.8243243243243243
3,0.04054054054054054
73,0.9864864864864865
1,0.013513513513513514
0,0.0
0,0.0
1,0.013513513513513514
5,0.06756756756756757
9,0.12162162162162163
0,0.0
40,0.5405405405405406
0,0.0
67,0.9054054054054054
9,0.12162162162162163
27,0.36486486486486486
51,0.6891891891891891
4,0.05405405405405406
7,0.0945945945945946
0,0.0
6,0.08108108108108109
6,0.08108108108108109
7,0.0945945945945946
0,0.0
4,0.05405405405405406
8,0.10810810810810811
0,0.0
45,0.6081081081081081
55,0.7432432432432432
1,0.013513513513513514
8,0.10810810810810811
67,0.9054054054054054
7,0.0945945945945946
52,0.7027027027027027
16,0.21621621621621623
6,0.08108108108108109
60,0.8108108108108109
30,0.40540540540540543
31,0.4189189189189189
67,0.9054054054054054
29,0.3918918918918919
2,0.02702702702702703
0,0.0
14,0.1891891891891892
4,0.05405405405405406
1,0.013513513513513514
3,0.04054054054054054
14,0.1891891891891892
11,0.14864864864864866
0,0.0
7,0.0945945945945946
45,0.6081081081081081
0,0.0
7,0.0945945945945946
0,0.0
30,0.40540540540540543
71,0.9594594594594594
60,0.8108108108108109
0,0.0
4,0.05405405405405406
0,0.0
3,0.04054054054054054
65,0.8783783783783784
0,0.0
6,0.08108108108108109
73,0.9864864864864865
44,0.5945945945945946
2,0.02702702702702703
40,0.5405405405405406
28,0.3783783783783784
1,0.013513513513513514
74,1.0
6,0.08108108108108109
9,0.12162162162162163
64,0.8648648648648649
45,0.6081081081081081
70,0.9459459459459459
74,1.0
0,0.0
73,0.9864864864864865
27,0.36486486486486486
0,0.0
42,0.5675675675675675
1,0.013513513513513514
74,1.0
54,0.7297297297297297
16,0.21621621621621623
12,0.16216216216216217
7,0.0945945945945946
9,0.12162162162162163
0,0.0
0,0.0
74,1.0
0,0.0
1,0.013513513513513514
15,0.20270270270270271
1,0.013513513513513514
0,0.0
56,0.7567567567567568
41,0.5540540540540541
14,0.1891891891891892
74,1.0
0,0.0
0,0.0
3,0.04054054054054054
8,0.10810810810810811
17,0.22972972972972974
10,0.13513513513513514
53,0.7162162162162162
16,0.21621621621621623
1,0.013513513513513514
1,0.013513513513513514
6,0.08108108108108109
5,0.06756756756756757
66,0.8918918918918919
15,0.20270270270270271
3,0.04054054054054054
8,0.10810810810810811
19,0.25675675675675674
0,0.0
5,0.06756756756756757
62,0.8378378378378378
65,0.8783783783783784
73,0.9864864864864865
2,0.02702702702702703
9,0.12162162162162163
48,0.6486486486486487
0,0.0
10,0.13513513513513514
68,0.918918918918919
1,0.013513513513513514
0,0.0
68,0.918918918918919
15,0.20270270270270271
15,0.20270270270270271
44,0.5945945945945946
5,0.06756756756756757
16,0.21621621621621623
6,0.08108108108108109
0,0.0
74,1.0
4,0.05405405405405406
3,0.04054054054054054
0,0.0
36,0.4864864864864865
6,0.08108108108108109
0,0.0
6,0.08108108108108109
7,0.0945945945945946
6,0.08108108108108109
69,0.9324324324324325
1,0.013513513513513514
1,0.013513513513513514
15,0.20270270270270271
20,0.2702702702702703
0,0.0
12,0.16216216216216217
7,0.0945945945945946
36,0.4864864864864865
68,0.918918918918919
0,0.0
17,0.22972972972972974
7,0.0945945945945946
16,0.21621621621621623
1,0.013513513513513514
0,0.0
6,0.08108108108108109
68,0.918918918918919
0,0.0
26,0.35135135135135137
74,1.0
74,1.0
60,0.8108108108108109
0,0.0
2,0.02702702702702703
0,0.0
8,0.10810810810810811
19,0.25675675675675674
6,0.08108108108108109
74,1.0
9,0.12162162162162163
5,0.06756756756756757
0,0.0
23,0.3108108108108108
26,0.35135135135135137
63,0.8513513513513513
60,0.8108108108108109
9,0.12162162162162163
4,0.05405405405405406
0,0.0
46,0.6216216216216216
15,0.20270270270270271
9,0.12162162162162163
55,0.7432432432432432
1,0.013513513513513514
74,1.0
74,1.0
25,0.33783783783783783
0,0.0
25,0.33783783783783783
11,0.14864864864864866
18,0.24324324324324326
15,0.20270270270270271
8,0.10810810810810811
59,0.7972972972972973
11,0.14864864864864866
47,0.6351351351351351
70,0.9459459459459459
6,0.08108108108108109
59,0.7972972972972973
25,0.33783783783783783
4,0.05405405405405406
0,0.0
0,0.0
70,0.9459459459459459
26,0.35135135135135137
4,0.05405405405405406
73,0.9864864864864865
1,0.013513513513513514
0,0.0
58,0.7837837837837838
9,0.12162162162162163
19,0.25675675675675674
39,0.527027027027027
0,0.0
73,0.9864864864864865
73,0.9864864864864865
16,0.21621621621621623
0,0.0
16,0.21621621621621623
0,0.0
52,0.7027027027027027
9,0.12162162162162163
0,0.0
46,0.6216216216216216
34,0.4594594594594595
0,0.0
23,0.3108108108108108
2,0.02702702702702703
3,0.04054054054054054
0,0.0
51,0.6891891891891891
50,0.6756756756756757
24,0.32432432432432434
19,0.25675675675675674
2,0.02702702702702703
24,0.32432432432432434
3,0.04054054054054054
41,0.5540540540540541
23,0.3108108108108108
24,0.32432432432432434
18,0.24324324324324326
65,0.8783783783783784
27,0.36486486486486486
1,0.013513513513513514
4,0.05405405405405406
0,0.0
18,0.24324324324324326
47,0.6351351351351351
57,0.7702702702702703
2,0.02702702702702703
0,0.0
48,0.6486486486486487
13,0.17567567567567569
9,0.12162162162162163
69,0.9324324324324325
0,0.0
7,0.0945945945945946
1,0.013513513513513514
4,0.05405405405405406
9,0.12162162162162163
10,0.13513513513513514
0,0.0
47,0.6351351351351351
74,1.0
0,0.0
18,0.24324324324324326
13,0.17567567567567569
62,0.8378378378378378
36,0.4864864864864865
3,0.04054054054054054
2,0.02702702702702703
23,0.3108108108108108
41,0.5540540540540541
3,0.04054054054054054
2,0.02702702702702703
36,0.4864864864864865
1,0.013513513513513514
0,0.0
74,1.0
74,1.0
11,0.14864864864864866
62,0.8378378378378378
8,0.10810810810810811
1,0.013513513513513514
6,0.08108108108108109
56,0.7567567567567568
15,0.20270270270270271
3,0.04054054054054054
0,0.0
1,0.013513513513513514
7,0.0945945945945946
1,0.013513513513513514
2,0.02702702702702703
53,0.7162162162162162
0,0.0
74,1.0
71,0.9594594594594594
17,0.22972972972972974
12,0.16216216216216217
74,1.0
40,0.5405405405405406
28,0.3783783783783784
8,0.10810810810810811
18,0.24324324324324326
0,0.0
0,0.0
0,0.0
21,0.28378378378378377
1,0.013513513513513514
0,0.0
41,0.5540540540540541
29,0.3918918918918919
10,0.13513513513513514
9,0.12162162162162163
73,0.9864864864864865
65,0.8783783783783784
0,0.0
73,0.9864864864864865
59,0.7972972972972973
7,0.0945945945945946
1,0.013513513513513514
2,0.02702702702702703
9,0.12162162162162163
48,0.6486486486486487
62,0.8378378378378378
0,0.0
0,0.0
0,0.0
44,0.5945945945945946
6,0.08108108108108109
3,0.04054054054054054
65,0.8783783783783784
4,0.05405405405405406
49,0.6621621621621622
65,0.8783783783783784
59,0.7972972972972973
0,0.0
63,0.8513513513513513
65,0.8783783783783784
67,0.9054054054054054
58,0.7837837837837838
73,0.9864864864864865
0,0.0
61,0.8243243243243243
26,0.35135135135135137
1,0.013513513513513514
9,0.12162162162162163
66,0.8918918918918919
68,0.918918918918919
65,0.8783783783783784
1,0.013513513513513514
2,0.02702702702702703
6,0.08108108108108109
22,0.2972972972972973
4,0.05405405405405406
0,0.0
4,0.05405405405405406
65,0.8783783783783784
59,0.7972972972972973
68,0.918918918918919
24,0.32432432432432434
73,0.9864864864864865
74,1.0
35,0.47297297297297297
45,0.6081081081081081
2,0.02702702702702703
73,0.9864864864864865
0,0.0
1,0.013513513513513514
10,0.13513513513513514
0,0.0
74,1.0
63,0.8513513513513513
0,0.0
21,0.28378378378378377
1,0.013513513513513514
72,0.972972972972973
51,0.6891891891891891
1,0.013513513513513514
0,0.0
5,0.06756756756756757
69,0.9324324324324325
6,0.08108108108108109
10,0.13513513513513514
1,0.013513513513513514
0,0.0
5,0.06756756756756757
27,0.36486486486486486
19,0.25675675675675674
5,0.06756756756756757
10,0.13513513513513514
0,0.0
7,0.0945945945945946
9,0.12162162162162163
0,0.0
74,1.0
12,0.16216216216216217
12,0.16216216216216217
74,1.0
12,0.16216216216216217
65,0.8783783783783784
0,0.0
0,0.0
0,0.0
0,0.0
60,0.8108108108108109
68,0.918918918918919
62,0.8378378378378378
6,0.08108108108108109
0,0.0
10,0.13513513513513514
64,0.8648648648648649
5,0.06756756756756757
1,0.013513513513513514
10,0.13513513513513514
61,0.8243243243243243
3,0.04054054054054054
10,0.13513513513513514
2,0.02702702702702703
6,0.08108108108108109
0,0.0
13,0.17567567567567569
72,0.972972972972973
32,0.43243243243243246
3,0.04054054054054054
0,0.0
10,0.13513513513513514
0,0.0
60,0.8108108108108109
5,0.06756756756756757
74,1.0
74,1.0
52,0.7027027027027027
0,0.0
2,0.02702702702702703
0,0.0
12,0.16216216216216217
73,0.9864864864864865
15,0.20270270270270271
8,0.10810810810810811
0,0.0
2,0.02702702702702703
16,0.21621621621621623
10,0.13513513513513514
6,0.08108108108108109
22,0.2972972972972973
38,0.5135135135135135
55,0.7432432432432432
74,1.0
0,0.0
2,0.02702702702702703
23,0.3108108108108108
64,0.8648648648648649
0,0.0
0,0.0
0,0.0
73,0.9864864864864865
11,0.14864864864864866
74,1.0
24,0.32432432432432434
73,0.9864864864864865
50,0.6756756756756757
0,0.0
68,0.918918918918919
0,0.0
3,0.04054054054054054
63,0.8513513513513513
3,0.04054054054054054
0,0.0
12,0.16216216216216217
3,0.04054054054054054
74,1.0
74,1.0
74,1.0
2,0.02702702702702703
52,0.7027027027027027
70,0.9459459459459459
71,0.9594594594594594
71,0.9594594594594594
62,0.8378378378378378
4,0.05405405405405406
35,0.47297297297297297
20,0.2702702702702703
9,0.12162162162162163
0,0.0
6,0.08108108108108109
68,0.918918918918919
1,0.013513513513513514
0,0.0
6,0.08108108108108109
3,0.04054054054054054
3,0.04054054054054054
4,0.05405405405405406
36,0.4864864864864865
50,0.6756756756756757
73,0.9864864864864865
4,0.05405405405405406
57,0.7702702702702703
6,0.08108108108108109
0,0.0
32,0.43243243243243246
0,0.0
74,1.0
4,0.05405405405405406
5,0.06756756756756757
0,0.0
1,0.013513513513513514
9,0.12162162162162163
0,0.0
11,0.14864864864864866
0,0.0
11,0.14864864864864866
13,0.17567567567567569
1,0.013513513513513514
66,0.8918918918918919
67,0.9054054054054054
65,0.8783783783783784
1,0.013513513513513514
4,0.05405405405405406
63,0.8513513513513513
53,0.7162162162162162
4,0.05405405405405406
0,0.0
30,0.40540540540540543
1,0.013513513513513514
71,0.9594594594594594
65,0.8783783783783784
72,0.972972972972973
0,0.0
56,0.7567567567567568
4,0.05405405405405406
15,0.20270270270270271
3,0.04054054054054054
0,0.0
5,0.06756756756756757
0,0.0
3,0.04054054054054054
20,0.2702702702702703
22,0.2972972972972973
50,0.6756756756756757
63,0.8513513513513513
0,0.0
0,0.0
0,0.0
52,0.7027027027027027
1,0.013513513513513514
45,0.6081081081081081
21,0.28378378378378377
0,0.0
1,0.013513513513513514
1,0.013513513513513514
74,1.0
2,0.02702702702702703
1,0.013513513513513514
74,1.0
74,1.0
74,1.0
74,1.0
0,0.0
3,0.04054054054054054
2,0.02702702702702703
74,1.0
2,0.02702702702702703
1,0.013513513513513514
9,0.12162162162162163
72,0.972972972972973
0,0.0
63,0.8513513513513513
0,0.0
70,0.9459459459459459
67,0.9054054054054054
0,0.0
0,0.0
1,0.013513513513513514
1,0.013513513513513514
1,0.013513513513513514
1,0.013513513513513514
74,1.0
0,0.0
74,1.0
52,0.7027027027027027
0,0.0
1,0.013513513513513514
6,0.08108108108108109
3,0.04054054054054054
7,0.0945945945945946
74,1.0
4,0.05405405405405406
0,0.0
51,0.6891891891891891
1,0.013513513513513514
2,0.02702702702702703
73,0.9864864864864865
74,1.0
0,0.0
2,0.02702702702702703
18,0.24324324324324326
73,0.9864864864864865
74,1.0
57,0.7702702702702703
68,0.918918918918919
72,0.972972972972973
74,1.0
30,0.40540540540540543
2,0.02702702702702703
0,0.0
0,0.0
6,0.08108108108108109
6,0.08108108108108109
73,0.9864864864864865
73,0.9864864864864865
72,0.972972972972973
58,0.7837837837837838
0,0.0
1,0.013513513513513514
0,0.0
3,0.04054054054054054
0,0.0
8,0.10810810810810811
0,0.0
2,0.02702702702702703
5,0.06756756756756757
0,0.0
6,0.08108108108108109
12,0.16216216216216217
1,0.013513513513513514
41,0.5540540540540541
2,0.02702702702702703
4,0.05405405405405406
0,0.0
12,0.16216216216216217
72,0.972972972972973
0,0.0
0,0.0
74,1.0
74,1.0
0,0.0
17,0.22972972972972974
73,0.9864864864864865
0,0.0
0,0.0
0,0.0
1,0.013513513513513514
6,0.08108108108108109
4,0.05405405405405406
17,0.22972972972972974
2,0.02702702702702703
74,1.0
0,0.0
0,0.0
0,0.0
0,0.0
3,0.04054054054054054
32,0.43243243243243246
30,0.40540540540540543
30,0.40540540540540543
30,0.40540540540540543
0,0.0
0,0.0
9,0.12162162162162163
0,0.0
28,0.3783783783783784
29,0.3918918918918919
0,0.0
14,0.1891891891891892
71,0.9594594594594594
9,0.12162162162162163
2,0.02702702702702703
4,0.05405405405405406
67,0.9054054054054054
28,0.3783783783783784
20,0.2702702702702703
3,0.04054054054054054
0,0.0
0,0.0
72,0.972972972972973
27,0.36486486486486486
73,0.9864864864864865
34,0.4594594594594595
69,0.9324324324324325
12,0.16216216216216217
68,0.918918918918919
0,0.0
4,0.05405405405405406
2,0.02702702702702703
0,0.0
0,0.0
1,0.013513513513513514
28,0.3783783783783784
2,0.02702702702702703
2,0.02702702702702703
0,0.0
5,0.06756756756756757
7,0.0945945945945946
1,0.013513513513513514
4,0.05405405405405406
14,0.1891891891891892
70,0.9459459459459459
9,0.12162162162162163
0,0.0
7,0.0945945945945946
2,0.02702702702702703
3,0.04054054054054054
4,0.05405405405405406
68,0.918918918918919
0,0.0
4,0.05405405405405406
6,0.08108108108108109
8,0.10810810810810811
29,0.3918918918918919
22,0.2972972972972973
0,0.0
70,0.9459459459459459
58,0.7837837837837838
0,0.0
73,0.9864864864864865
0,0.0
51,0.6891891891891891
52,0.7027027027027027
27,0.36486486486486486
25,0.33783783783783783
0,0.0
21,0.28378378378378377
0,0.0
66,0.8918918918918919
4,0.05405405405405406
0,0.0
34,0.4594594594594595
23,0.3108108108108108
46,0.6216216216216216
73,0.9864864864864865
1,0.013513513513513514
22,0.2972972972972973
13,0.17567567567567569
0,0.0
33,0.44594594594594594
22,0.2972972972972973
23,0.3108108108108108
21,0.28378378378378377
53,0.7162162162162162
72,0.972972972972973
23,0.3108108108108108
0,0.0
2,0.02702702702702703
1,0.013513513513513514
4,0.05405405405405406
48,0.6486486486486487
2,0.02702702702702703
0,0.0
50,0.6756756756756757
3,0.04054054054054054
0,0.0
15,0.20270270270270271
2,0.02702702702702703
55,0.7432432432432432
0,0.0
62,0.8378378378378378
71,0.9594594594594594
21,0.28378378378378377
52,0.7027027027027027
41,0.5540540540540541
