0,0.0
17,0.2125
9,0.1125
0,0.0
5,0.0625
5,0.0625
20,0.25
8,0.1
5,0.0625
1,0.0125
41,0.5125
0,0.0
1,0.0125
0,0.0
67,0.8375
7,0.0875
20,0.25
4,0.05
78,0.975
6,0.075
6,0.075
73,0.9125
1,0.0125
5,0.0625
3,0.0375
0,0.0
1,0.0125
3,0.0375
71,0.8875
0,0.0
26,0.325
1,0.0125
1,0.0125
40,0.5
1,0.0125
17,0.2125
6,0.075
11,0.1375
0,0.0
1,0.0125
59,0.7375
0,0.0
2,0.025
61,0.7625
1,0.0125
2,0.025
79,0.9875
1,0.0125
0,0.0
0,0.0
4,0.05
35,0.4375
0,0.0
77,0.9625
3,0.0375
80,1.0
64,0.8
0,0.0
1,0.0125
0,0.0
0,0.0
0,0.0
0,0.0
56,0.7
0,0.0
1,0.0125
2,0.025
73,0.9125
0,0.0
1,0.0125
79,0.9875
0,0.0
15,0.1875
11,0.1375
80,1.0
1,0.0125
11,0.1375
4,0.05
64,0.8
12,0.15
2,0.025
55,0.6875
0,0.0
1,0.0125
0,0.0
5,0.0625
4,0.05
0,0.0
1,0.0125
4,0.05
67,0.8375
10,0.125
12,0.15
79,0.9875
1,0.0125
0,0.0
0,0.0
1,0.0125
80,1.0
5,0.0625
0,0.0
70,0.875
76,0.95
6,0.075
3,0.0375
0,0.0
2,0.025
1,0.0125
2,0.025
19,0.2375
0,0.0
0,0.0
80,1.0
79,0.9875
73,0.9125
0,0.0
20,0.25
77,0.9625
3,0.0375
12,0.15
1,0.0125
0,0.0
29,0.3625
3,0.0375
65,0.8125
1,0.0125
1,0.0125
5,0.0625
0,0.0
78,0.975
0,0.0
1,0.0125
6,0.075
29,0.3625
77,0.9625
62,0.775
0,0.0
4,0.05
1,0.0125
2,0.025
1,0.0125
78,0.975
0,0.0
0,0.0
0,0.0
0,0.0
1,0.0125
0,0.0
78,0.975
70,0.875
1,0.0125
16,0.2
48,0.6
0,0.0
0,0.0
12,0.15
4,0.05
78,0.975
14,0.175
80,1.0
78,0.975
77,0.9625
0,0.0
0,0.0
0,0.0
1,0.0125
9,0.1125
0,0.0
79,0.9875
1,0.0125
2,0.025
80,1.0
4,0.05
1,0.0125
1,0.0125
7,0.0875
12,0.15
1,0.0125
1,0.0125
1,0.0125
73,0.9125
0,0.0
74,0.925
12,0.15
0,0.0
66,0.825
0,0.0
48,0.6
69,0.8625
54,0.675
20,0.25
50,0.625
75,0.9375
68,0.85
79,0.9875
0,0.0
68,0.85
77,0.9625
10,0.125
7,0.0875
14,0.175
1,0.0125
0,0.0
0,0.0
0,0.0
3,0.0375
4,0.05
1,0.0125
1,0.0125
9,0.1125
0,0.0
0,0.0
0,0.0
4,0.05
0,0.0
16,0.2
0,0.0
1,0.0125
2,0.025
1,0.0125
0,0.0
0,0.0
67,0.8375
3,0.0375
14,0.175
0,0.0
79,0.9875
2,0.025
0,0.0
79,0.9875
79,0.9875
0,0.0
0,0.0
1,0.0125
1,0.0125
0,0.0
12,0.15
80,1.0
11,0.1375
78,0.975
19,0.2375
5,0.0625
1,0.0125
7,0.0875
15,0.1875
3,0.0375
53,0.6625
2,0.025
2,0.025
14,0.175
2,0.025
1,0.0125
80,1.0
68,0.85
80,1.0
12,0.15
0,0.0
21,0.2625
0,0.0
1,0.0125
69,0.8625
15,0.1875
11,0.1375
0,0.0
6,0.075
2,0.025
0,0.0
79,0.9875
18,0.225
68,0.85
78,0.975
1,0.0125
68,0.85
1,0.0125
68,0.85
6,0.075
5,0.0625
7,0.0875
0,0.0
68,0.85
0,0.0
0,0.0
2,0.025
79,0.9875
17,0.2125
0,0.0
11,0.1375
48,0.6
2,0.025
0,0.0
0,0.0
0,0.0
0,0.0
0,0.0
1,0.0125
26,0.325
1,0.0125
27,0.3375
33,0.4125
63,0.7875
69,0.8625
12,0.15
17,0.2125
43,0.5375
38,0.475
3,0.0375
7,0.0875
0,0.0
0,0.0
0,0.0
0,0.0
2,0.025
12,0.15
38,0.475
27,0.3375
49,0.6125
53,0.6625
79,0.9875
1,0.0125
68,0.85
11,0.1375
79,0.9875
11,0.1375
0,0.0
11,0.1375
73,0.9125
11,0.1375
0,0.0
1,0.0125
68,0.85
67,0.8375
1,0.0125
66,0.825
0,0.0
67,0.8375
7,0.0875
0,0.0
1,0.0125
19,0.2375
7,0.0875
60,0.75
27,0.3375
68,0.85
0,0.0
4,0.05
20,0.25
4,0.05
65,0.8125
0,0.0
13,0.1625
1,0.0125
68,0.85
0,0.0
73,0.9125
16,0.2
59,0.7375
67,0.8375
74,0.925
80,1.0
13,0.1625
12,0.15
54,0.675
12,0.15
12,0.15
9,0.1125
58,0.725
0,0.0
66,0.825
80,1.0
68,0.85
62,0.775
62,0.775
60,0.75
79,0.9875
80,1.0
67,0.8375
0,0.0
16,0.2
61,0.7625
62,0.775
17,0.2125
10,0.125
1,0.0125
2,0.025
12,0.15
79,0.9875
0,0.0
0,0.0
6,0.075
80,1.0
0,0.0
20,0.25
21,0.2625
68,0.85
11,0.1375
18,0.225
62,0.775
0,0.0
79,0.9875
6,0.075
20,0.25
1,0.0125
1,0.0125
1,0.0125
1,0.0125
79,0.9875
0,0.0
2,0.025
73,0.9125
0,0.0
79,0.9875
1,0.0125
1,0.0125
7,0.0875
1,0.0125
80,1.0
2,0.025
80,1.0
8,0.1
2,0.025
3,0.0375
0,0.0
1,0.0125
2,0.025
0,0.0
0,0.0
33,0.4125
1,0.0125
1,0.0125
2,0.025
18,0.225
80,1.0
12,0.15
6,0.075
80,1.0
2,0.025
80,1.0
1,0.0125
0,0.0
0,0.0
1,0.0125
2,0.025
73,0.9125
12,0.15
0,0.0
1,0.0125
13,0.1625
76,0.95
0,0.0
0,0.0
1,0.0125
0,0.0
12,0.15
0,0.0
9,0.1125
3,0.0375
1,0.0125
6,0.075
3,0.0375
18,0.225
0,0.0
9,0.1125
80,1.0
9,0.1125
1,0.0125
0,0.0
1,0.0125
7,0.0875
0,0.0
0,0.0
10,0.125
4,0.05
80,1.0
0,0.0
76,0.95
1,0.0125
3,0.0375
70,0.875
0,0.0
7,0.0875
0,0.0
11,0.1375
0,0.0
80,1.0
5,0.0625
0,0.0
64,0.8
0,0.0
0,0.0
0,0.0
0,0.0
0,0.0
80,1.0
0,0.0
78,0.975
0,0.0
0,0.0
0,0.0
14,0.175
0,0.0
63,0.7875
0,0.0
7,0.0875
5,0.0625
22,0.275
73,0.9125
1,0.0125
19,0.2375
68,0.85
0,0.0
2,0.025
3,0.0375
1,0.0125
23,0.2875
61,0.7625
79,0.9875
3,0.0375
74,0.925
21,0.2625
0,0.0
0,0.0
10,0.125
1,0.0125
0,0.0
61,0.7625
0,0.0
20,0.25
79,0.9875
4,0.05
1,0.0125
80,1.0
11,0.1375
70,0.875
79,0.9875
0,0.0
60,0.75
0,0.0
4,0.05
19,0.2375
1,0.0125
3,0.0375
1,0.0125
60,0.75
24,0.3
0,0.0
0,0.0
0,0.0
80,1.0
0,0.0
1,0.0125
0,0.0
2,0.025
54,0.675
3,0.0375
2,0.025
0,0.0
1,0.0125
0,0.0
72,0.9
79,0.9875
0,0.0
77,0.9625
1,0.0125
79,0.9875
0,0.0
0,0.0
80,1.0
18,0.225
0,0.0
2,0.025
0,0.0
36,0.45
54,0.675
52,0.65
0,0.0
80,1.0
75,0.9375
26,0.325
0,0.0
3,0.0375
0,0.0
0,0.0
52,0.65
4,0.05
8,0.1
1,0.0125
67,0.8375
10,0.125
61,0.7625
0,0.0
7,0.0875
54,0.675
1,0.0125
0,0.0
55,0.6875
80,1.0
0,0.0
26,0.325
28,0.35
76,0.95
73,0.9125
0,0.0
7,0.0875
7,0.0875
72,0.9
1,0.0125
6,0.075
70,0.875
8,0.1
0,0.0
19,0.2375
2,0.025
3,0.0375
0,0.0
78,0.975
1,0.0125
13,0.1625
61,0.7625
67,0.8375
8,0.1
3,0.0375
78,0.975
9,0.1125
70,0.875
70,0.875
7,0.0875
0,0.0
8,0.1
1,0.0125
0,0.0
12,0.15
9,0.1125
9,0.1125
50,0.625
71,0.8875
10,0.125
0,0.0
0,0.0
79,0.9875
10,0.125
70,0.875
0,0.0
78,0.975
62,0.775
50,0.625
62,0.775
0,0.0
7,0.0875
3,0.0375
0,0.0
0,0.0
1,0.0125
0,0.0
2,0.025
59,0.7375
0,0.0
2,0.025
33,0.4125
5,0.0625
0,0.0
10,0.125
9,0.1125
11,0.1375
1,0.0125
9,0.1125
9,0.1125
71,0.8875
32,0.4
2,0.025
9,0.1125
10,0.125
1,0.0125
30,0.375
6,0.075
2,0.025
0,0.0
0,0.0
73,0.9125
19,0.2375
0,0.0
0,0.0
0,0.0
28,0.35
57,0.7125
0,0.0
8,0.1
37,0.4625
19,0.2375
1,0.0125
62,0.775
39,0.4875
8,0.1
0,0.0
24,0.3
80,1.0
6,0.075
79,0.9875
0,0.0
27,0.3375
28,0.35
2,0.025
0,0.0
0,0.0
71,0.8875
10,0.125
1,0.0125
0,0.0
0,0.0
2,0.025
1,0.0125
80,1.0
50,0.625
74,0.925
0,0.0
8,0.1
10,0.125
0,0.0
80,1.0
75,0.9375
12,0.15
77,0.9625
13,0.1625
1,0.0125
0,0.0
5,0.0625
12,0.15
16,0.2
1,0.0125
11,0.1375
19,0.2375
0,0.0
43,0.5375
37,0.4625
53,0.6625
2,0.025
80,1.0
33,0.4125
0,0.0
41,0.5125
79,0.9875
80,1.0
61,0.7625
0,0.0
0,0.0
0,0.0
0,0.0
45,0.5625
15,0.1875
80,1.0
2,0.025
80,1.0
33,0.4125
1,0.0125
19,0.2375
65,0.8125
59,0.7375
1,0.0125
39,0.4875
3,0.0375
9,0.1125
6,0.075
0,0.0
46,0.575
46,0.575
4,0.05
0,0.0
2,0.025
2,0.025
24,0.3
33,0.4125
44,0.55
44,0.55
44,0.55
80,1.0
80,1.0
44,0.55
44,0.55
80,1.0
28,0.35
0,0.0
80,1.0
0,0.0
0,0.0
2,0.025
80,1.0
20,0.25
1,0.0125
2,0.025
80,1.0
78,0.975
3,0.0375
56,0.7
75,0.9375
34,0.425
0,0.0
6,0.075
0,0.0
0,0.0
4,0.05
80,1.0
17,0.2125
78,0.975
0,0.0
40,0.5
55,0.6875
0,0.0
43,0.5375
35,0.4375
42,0.525
0,0.0
41,0.5125
45,0.5625
80,1.0
3,0.0375
1,0.0125
1,0.0125
39,0.4875
1,0.0125
0,0.0
73,0.9125
18,0.225
2,0.025
0,0.0
0,0.0
10,0.125
80,1.0
0,0.0
74,0.925
5,0.0625
0,0.0
15,0.1875
2,0.025
35,0.4375
2,0.025
0,0.0
0,0.0
11,0.1375
13,0.1625
1,0.0125
78,0.975
66,0.825
80,1.0
18,0.225
14,0.175
79,0.9875
0,0.0
51,0.6375
68,0.85
6,0.075
80,1.0
5,0.0625
0,0.0
1,0.0125
0,0.0
11,0.1375
5,0.0625
0,0.0
0,0.0
1,0.0125
7,0.0875
0,0.0
2,0.025
57,0.7125
0,0.0
68,0.85
18,0.225
13,0.1625
13,0.1625
10,0.125
11,0.1375
11,0.1375
11,0.1375
2,0.025
54,0.675
1,0.0125
1,0.0125
2,0.025
11,0.1375
1,0.0125
0,0.0
0,0.0
11,0.1375
30,0.375
79,0.9875
0,0.0
43,0.5375
11,0.1375
0,0.0
1,0.0125
43,0.5375
79,0.9875
16,0.2
11,0.1375
0,0.0
38,0.475
53,0.6625
77,0.9625
10,0.125
49,0.6125
0,0.0
64,0.8
0,0.0
72,0.9
0,0.0
56,0.7
79,0.9875
1,0.0125
11,0.1375
12,0.15
7,0.0875
1,0.0125
7,0.0875
1,0.0125
3,0.0375
12,0.15
80,1.0
49,0.6125
62,0.775
59,0.7375
0,0.0
56,0.7
0,0.0
0,0.0
1,0.0125
0,0.0
2,0.025
21,0.2625
0,0.0
71,0.8875
21,0.2625
57,0.7125
5,0.0625
58,0.725
24,0.3
0,0.0
45,0.5625
35,0.4375
65,0.8125
57,0.7125
3,0.0375
0,0.0
74,0.925
1,0.0125
14,0.175
80,1.0
54,0.675
59,0.7375
14,0.175
20,0.25
14,0.175
43,0.5375
27,0.3375
67,0.8375
0,0.0
80,1.0
0,0.0
14,0.175
21,0.2625
61,0.7625
18,0.225
52,0.65
12,0.15
75,0.9375
0,0.0
0,0.0
72,0.9
53,0.6625
67,0.8375
17,0.2125
50,0.625
80,1.0
29,0.3625
5,0.0625
14,0.175
51,0.6375
31,0.3875
0,0.0
27,0.3375
52,0.65
9,0.1125
72,0.9
0,0.0
61,0.7625
51,0.6375
51,0.6375
55,0.6875
79,0.9875
0,0.0
53,0.6625
3,0.0375
48,0.6
14,0.175
30,0.375
0,0.0
12,0.15
30,0.375
70,0.875
2,0.025
26,0.325
14,0.175
13,0.1625
0,0.0
2,0.025
27,0.3375
17,0.2125
27,0.3375
35,0.4375
51,0.6375
0,0.0
1,0.0125
30,0.375
0,0.0
50,0.625
43,0.5375
27,0.3375
15,0.1875
0,0.0
1,0.0125
0,0.0
0,0.0
79,0.9875
77,0.9625
0,0.0
1,0.0125
0,0.0
0,0.0
6,0.075
0,0.0
49,0.6125
2,0.025
54,0.675
0,0.0
4,0.05
0,0.0
30,0.375
0,0.0
13,0.1625
77,0.9625
14,0.175
49,0.6125
0,0.0
1,0.0125
17,0.2125
0,0.0
34,0.425
25,0.3125
65,0.8125
28,0.35
5,0.0625
80,1.0
3,0.0375
3,0.0375
0,0.0
76,0.95
15,0.1875
6,0.075
5,0.0625
0,0.0
15,0.1875
0,0.0
13,0.1625
65,0.8125
15,0.1875
3,0.0375
64,0.8
17,0.2125
29,0.3625
3,0.0375
79,0.9875
27,0.3375
79,0.9875
0,0.0
61,0.7625
21,0.2625
0,0.0
1,0.0125
1,0.0125
0,0.0
0,0.0
14,0.175
36,0.45
1,0.0125
2,0.025
0,0.0
0,0.0
0,0.0
0,0.0
0,0.0
0,0.0
0,0.0
15,0.1875
0,0.0
5,0.0625
80,1.0
3,0.0375
1,0.0125
16,0.2
80,1.0
14,0.175
3,0.0375
80,1.0
13,0.1625
4,0.05
2,0.025
3,0.0375
79,0.9875
80,1.0
0,0.0
47,0.5875
0,0.0
80,1.0
63,0.7875
78,0.975
4,0.05
58,0.725
8,0.1
20,0.25
17,0.2125
67,0.8375
75,0.9375
64,0.8
80,1.0
0,0.0
0,0.0
1,0.0125
60,0.75
76,0.95
25,0.3125
1,0.0125
0,0.0
5,0.0625
0,0.0
4,0.05
8,0.1
8,0.1
0,0.0
0,0.0
48,0.6
16,0.2
5,0.0625
5,0.0625
77,0.9625
0,0.0
1,0.0125
3,0.0375
0,0.0
4,0.05
0,0.0
0,0.0
42,0.525
12,0.15
2,0.025
