0,0.0
1,0.012345679012345678
50,0.6172839506172839
1,0.012345679012345678
0,0.0
0,0.0
3,0.037037037037037035
1,0.012345679012345678
0,0.0
49,0.6049382716049383
1,0.012345679012345678
74,0.9135802469135802
1,0.012345679012345678
6,0.07407407407407407
48,0.5925925925925926
7,0.08641975308641975
0,0.0
3,0.037037037037037035
5,0.06172839506172839
2,0.024691358024691357
0,0.0
1,0.012345679012345678
2,0.024691358024691357
75,0.9259259259259259
81,1.0
0,0.0
0,0.0
0,0.0
10,0.12345679012345678
0,0.0
76,0.9382716049382716
12,0.14814814814814814
3,0.037037037037037035
79,0.9753086419753086
0,0.0
2,0.024691358024691357
1,0.012345679012345678
0,0.0
3,0.037037037037037035
0,0.0
0,0.0
0,0.0
0,0.0
28,0.345679012345679
17,0.20987654320987653
0,0.0
1,0.012345679012345678
0,0.0
1,0.012345679012345678
17,0.20987654320987653
0,0.0
0,0.0
1,0.012345679012345678
0,0.0
12,0.14814814814814814
74,0.9135802469135802
77,0.9506172839506173
0,0.0
9,0.1111111111111111
8,0.09876543209876543
31,0.38271604938271603
0,0.0
1,0.012345679012345678
1,0.012345679012345678
2,0.024691358024691357
12,0.14814814814814814
0,0.0
32,0.3950617283950617
1,0.012345679012345678
0,0.0
1,0.012345679012345678
2,0.024691358024691357
1,0.012345679012345678
3,0.037037037037037035
1,0.012345679012345678
13,0.16049382716049382
0,0.0
0,0.0
0,0.0
2,0.024691358024691357
76,0.9382716049382716
3,0.037037037037037035
1,0.012345679012345678
2,0.024691358024691357
0,0.0
2,0.024691358024691357
78,0.9629629629629629
66,0.8148148148148148
69,0.8518518518518519
52,0.6419753086419753
7,0.08641975308641975
18,0.2222222222222222
0,0.0
2,0.024691358024691357
1,0.012345679012345678
0,0.0
0,0.0
70,0.8641975308641975
2,0.024691358024691357
81,1.0
80,0.9876543209876543
28,0.345679012345679
0,0.0
38,0.4691358024691358
1,0.012345679012345678
5,0.06172839506172839
1,0.012345679012345678
2,0.024691358024691357
28,0.345679012345679
63,0.7777777777777778
0,0.0
79,0.9753086419753086
0,0.0
1,0.012345679012345678
27,0.3333333333333333
52,0.6419753086419753
0,0.0
31,0.38271604938271603
0,0.0
0,0.0
81,1.0
34,0.41975308641975306
79,0.9753086419753086
50,0.6172839506172839
29,0.35802469135802467
67,0.8271604938271605
63,0.7777777777777778
1,0.012345679012345678
78,0.9629629629629629
1,0.012345679012345678
0,0.0
18,0.2222222222222222
4,0.04938271604938271
2,0.024691358024691357
19,0.2345679012345679
48,0.5925925925925926
3,0.037037037037037035
81,1.0
2,0.024691358024691357
0,0.0
2,0.024691358024691357
79,0.9753086419753086
1,0.012345679012345678
73,0.9012345679012346
0,0.0
0,0.0
1,0.012345679012345678
29,0.35802469135802467
0,0.0
0,0.0
1,0.012345679012345678
0,0.0
0,0.0
38,0.4691358024691358
59,0.7283950617283951
76,0.9382716049382716
21,0.25925925925925924
3,0.037037037037037035
78,0.9629629629629629
0,0.0
0,0.0
63,0.7777777777777778
1,0.012345679012345678
0,0.0
0,0.0
0,0.0
0,0.0
77,0.9506172839506173
22,0.2716049382716049
81,1.0
0,0.0
4,0.04938271604938271
0,0.0
80,0.9876543209876543
0,0.0
1,0.012345679012345678
61,0.7530864197530864
5,0.06172839506172839
61,0.7530864197530864
65,0.8024691358024691
0,0.0
78,0.9629629629629629
80,0.9876543209876543
81,1.0
0,0.0
79,0.9753086419753086
15,0.18518518518518517
6,0.07407407407407407
3,0.037037037037037035
66,0.8148148148148148
4,0.04938271604938271
2,0.024691358024691357
1,0.012345679012345678
1,0.012345679012345678
77,0.9506172839506173
15,0.18518518518518517
0,0.0
1,0.012345679012345678
0,0.0
78,0.9629629629629629
3,0.037037037037037035
0,0.0
56,0.691358024691358
56,0.691358024691358
0,0.0
5,0.06172839506172839
74,0.9135802469135802
8,0.09876543209876543
8,0.09876543209876543
0,0.0
4,0.04938271604938271
3,0.037037037037037035
2,0.024691358024691357
5,0.06172839506172839
0,0.0
23,0.2839506172839506
0,0.0
3,0.037037037037037035
3,0.037037037037037035
8,0.09876543209876543
3,0.037037037037037035
78,0.9629629629629629
9,0.1111111111111111
5,0.06172839506172839
3,0.037037037037037035
9,0.1111111111111111
6,0.07407407407407407
6,0.07407407407407407
15,0.18518518518518517
72,0.8888888888888888
80,0.9876543209876543
81,1.0
0,0.0
1,0.012345679012345678
79,0.9753086419753086
2,0.024691358024691357
0,0.0
1,0.012345679012345678
0,0.0
81,1.0
7,0.08641975308641975
7,0.08641975308641975
1,0.012345679012345678
12,0.14814814814814814
1,0.012345679012345678
2,0.024691358024691357
0,0.0
18,0.2222222222222222
2,0.024691358024691357
0,0.0
0,0.0
79,0.9753086419753086
1,0.012345679012345678
78,0.9629629629629629
8,0.09876543209876543
78,0.9629629629629629
4,0.04938271604938271
4,0.04938271604938271
34,0.41975308641975306
21,0.25925925925925924
0,0.0
10,0.12345679012345678
81,1.0
2,0.024691358024691357
14,0.1728395061728395
1,0.012345679012345678
79,0.9753086419753086
79,0.9753086419753086
2,0.024691358024691357
0,0.0
0,0.0
9,0.1111111111111111
7,0.08641975308641975
79,0.9753086419753086
72,0.8888888888888888
12,0.14814814814814814
1,0.012345679012345678
0,0.0
0,0.0
31,0.38271604938271603
1,0.012345679012345678
60,0.7407407407407407
67,0.8271604938271605
6,0.07407407407407407
79,0.9753086419753086
34,0.41975308641975306
66,0.8148148148148148
1,0.012345679012345678
73,0.9012345679012346
3,0.037037037037037035
54,0.6666666666666666
6,0.07407407407407407
0,0.0
12,0.14814814814814814
0,0.0
0,0.0
0,0.0
0,0.0
3,0.037037037037037035
52,0.6419753086419753
0,0.0
58,0.7160493827160493
11,0.13580246913580246
0,0.0
37,0.4567901234567901
1,0.012345679012345678
0,0.0
81,1.0
25,0.30864197530864196
0,0.0
80,0.9876543209876543
66,0.8148148148148148
0,0.0
81,1.0
76,0.9382716049382716
72,0.8888888888888888
0,0.0
0,0.0
14,0.1728395061728395
62,0.7654320987654321
4,0.04938271604938271
14,0.1728395061728395
63,0.7777777777777778
2,0.024691358024691357
72,0.8888888888888888
0,0.0
69,0.8518518518518519
51,0.6296296296296297
8,0.09876543209876543
0,0.0
1,0.012345679012345678
1,0.012345679012345678
3,0.037037037037037035
1,0.012345679012345678
50,0.6172839506172839
0,0.0
81,1.0
0,0.0
6,0.07407407407407407
79,0.9753086419753086
65,0.8024691358024691
0,0.0
63,0.7777777777777778
20,0.24691358024691357
21,0.25925925925925924
13,0.16049382716049382
52,0.6419753086419753
64,0.7901234567901234
14,0.1728395061728395
15,0.18518518518518517
60,0.7407407407407407
4,0.04938271604938271
3,0.037037037037037035
0,0.0
76,0.9382716049382716
72,0.8888888888888888
80,0.9876543209876543
0,0.0
0,0.0
9,0.1111111111111111
0,0.0
4,0.04938271604938271
1,0.012345679012345678
0,0.0
12,0.14814814814814814
12,0.14814814814814814
2,0.024691358024691357
65,0.8024691358024691
80,0.9876543209876543
63,0.7777777777777778
2,0.024691358024691357
0,0.0
10,0.12345679012345678
0,0.0
69,0.8518518518518519
0,0.0
0,0.0
3,0.037037037037037035
3,0.037037037037037035
0,0.0
81,1.0
25,0.30864197530864196
0,0.0
0,0.0
81,1.0
0,0.0
0,0.0
81,1.0
0,0.0
81,1.0
36,0.4444444444444444
61,0.7530864197530864
1,0.012345679012345678
0,0.0
0,0.0
0,0.0
1,0.012345679012345678
0,0.0
0,0.0
0,0.0
0,0.0
0,0.0
10,0.12345679012345678
0,0.0
5,0.06172839506172839
1,0.012345679012345678
1,0.012345679012345678
64,0.7901234567901234
33,0.4074074074074074
81,1.0
1,0.012345679012345678
0,0.0
21,0.25925925925925924
2,0.024691358024691357
20,0.24691358024691357
3,0.037037037037037035
37,0.4567901234567901
0,0.0
81,1.0
1,0.012345679012345678
2,0.024691358024691357
20,0.24691358024691357
8,0.09876543209876543
23,0.2839506172839506
0,0.0
0,0.0
0,0.0
2,0.024691358024691357
0,0.0
60,0.7407407407407407
2,0.024691358024691357
0,0.0
0,0.0
5,0.06172839506172839
4,0.04938271604938271
2,0.024691358024691357
0,0.0
2,0.024691358024691357
18,0.2222222222222222
76,0.9382716049382716
4,0.04938271604938271
0,0.0
24,0.2962962962962963
74,0.9135802469135802
3,0.037037037037037035
10,0.12345679012345678
1,0.012345679012345678
32,0.3950617283950617
0,0.0
2,0.024691358024691357
0,0.0
0,0.0
0,0.0
0,0.0
81,1.0
55,0.6790123456790124
1,0.012345679012345678
73,0.9012345679012346
77,0.9506172839506173
9,0.1111111111111111
2,0.024691358024691357
0,0.0
2,0.024691358024691357
1,0.012345679012345678
1,0.012345679012345678
23,0.2839506172839506
5,0.06172839506172839
60,0.7407407407407407
19,0.2345679012345679
4,0.04938271604938271
3,0.037037037037037035
36,0.4444444444444444
0,0.0
21,0.25925925925925924
0,0.0
62,0.7654320987654321
1,0.012345679012345678
78,0.9629629629629629
46,0.5679012345679012
8,0.09876543209876543
19,0.2345679012345679
18,0.2222222222222222
64,0.7901234567901234
4,0.04938271604938271
81,1.0
0,0.0
0,0.0
2,0.024691358024691357
8,0.09876543209876543
17,0.20987654320987653
78,0.9629629629629629
8,0.09876543209876543
80,0.9876543209876543
37,0.4567901234567901
35,0.43209876543209874
30,0.37037037037037035
25,0.30864197530864196
0,0.0
0,0.0
7,0.08641975308641975
29,0.35802469135802467
26,0.32098765432098764
55,0.6790123456790124
23,0.2839506172839506
45,0.5555555555555556
33,0.4074074074074074
40,0.49382716049382713
9,0.1111111111111111
0,0.0
1,0.012345679012345678
12,0.14814814814814814
0,0.0
28,0.345679012345679
28,0.345679012345679
3,0.037037037037037035
0,0.0
28,0.345679012345679
47,0.5802469135802469
35,0.43209876543209874
28,0.345679012345679
47,0.5802469135802469
55,0.6790123456790124
3,0.037037037037037035
0,0.0
47,0.5802469135802469
0,0.0
41,0.5061728395061729
81,1.0
54,0.6666666666666666
81,1.0
53,0.654320987654321
45,0.5555555555555556
23,0.2839506172839506
35,0.43209876543209874
22,0.2716049382716049
23,0.2839506172839506
2,0.024691358024691357
0,0.0
4,0.04938271604938271
2,0.024691358024691357
0,0.0
52,0.6419753086419753
58,0.7160493827160493
0,0.0
35,0.43209876543209874
20,0.24691358024691357
0,0.0
0,0.0
46,0.5679012345679012
58,0.7160493827160493
79,0.9753086419753086
50,0.6172839506172839
50,0.6172839506172839
21,0.25925925925925924
80,0.9876543209876543
13,0.16049382716049382
23,0.2839506172839506
23,0.2839506172839506
3,0.037037037037037035
6,0.07407407407407407
0,0.0
18,0.2222222222222222
0,0.0
23,0.2839506172839506
10,0.12345679012345678
23,0.2839506172839506
23,0.2839506172839506
22,0.2716049382716049
3,0.037037037037037035
9,0.1111111111111111
0,0.0
22,0.2716049382716049
4,0.04938271604938271
0,0.0
8,0.09876543209876543
23,0.2839506172839506
2,0.024691358024691357
2,0.024691358024691357
59,0.7283950617283951
0,0.0
6,0.07407407407407407
24,0.2962962962962963
0,0.0
0,0.0
13,0.16049382716049382
1,0.012345679012345678
1,0.012345679012345678
73,0.9012345679012346
24,0.2962962962962963
81,1.0
8,0.09876543209876543
0,0.0
7,0.08641975308641975
0,0.0
80,0.9876543209876543
78,0.9629629629629629
4,0.04938271604938271
46,0.5679012345679012
1,0.012345679012345678
75,0.9259259259259259
25,0.30864197530864196
80,0.9876543209876543
1,0.012345679012345678
81,1.0
2,0.024691358024691357
32,0.3950617283950617
7,0.08641975308641975
38,0.4691358024691358
0,0.0
6,0.07407407407407407
40,0.49382716049382713
33,0.4074074074074074
8,0.09876543209876543
4,0.04938271604938271
3,0.037037037037037035
0,0.0
0,0.0
64,0.7901234567901234
4,0.04938271604938271
51,0.6296296296296297
0,0.0
51,0.6296296296296297
57,0.7037037037037037
81,1.0
29,0.35802469135802467
74,0.9135802469135802
73,0.9012345679012346
22,0.2716049382716049
0,0.0
62,0.7654320987654321
6,0.07407407407407407
41,0.5061728395061729
2,0.024691358024691357
1,0.012345679012345678
29,0.35802469135802467
2,0.024691358024691357
3,0.037037037037037035
6,0.07407407407407407
0,0.0
6,0.07407407407407407
19,0.2345679012345679
0,0.0
75,0.9259259259259259
26,0.32098765432098764
41,0.5061728395061729
7,0.08641975308641975
13,0.16049382716049382
12,0.14814814814814814
4,0.04938271604938271
61,0.7530864197530864
14,0.1728395061728395
75,0.9259259259259259
0,0.0
75,0.9259259259259259
0,0.0
1,0.012345679012345678
80,0.9876543209876543
29,0.35802469135802467
40,0.49382716049382713
10,0.12345679012345678
35,0.43209876543209874
3,0.037037037037037035
73,0.9012345679012346
8,0.09876543209876543
72,0.8888888888888888
26,0.32098765432098764
0,0.0
34,0.41975308641975306
7,0.08641975308641975
5,0.06172839506172839
44,0.5432098765432098
8,0.09876543209876543
36,0.4444444444444444
0,0.0
42,0.5185185185185185
35,0.43209876543209874
6,0.07407407407407407
14,0.1728395061728395
17,0.20987654320987653
9,0.1111111111111111
36,0.4444444444444444
0,0.0
0,0.0
23,0.2839506172839506
1,0.012345679012345678
0,0.0
53,0.654320987654321
1,0.012345679012345678
40,0.49382716049382713
47,0.5802469135802469
0,0.0
47,0.5802469135802469
0,0.0
22,0.2716049382716049
41,0.5061728395061729
58,0.7160493827160493
35,0.43209876543209874
7,0.08641975308641975
81,1.0
18,0.2222222222222222
48,0.5925925925925926
40,0.49382716049382713
54,0.6666666666666666
46,0.5679012345679012
59,0.7283950617283951
16,0.19753086419753085
69,0.8518518518518519
48,0.5925925925925926
70,0.8641975308641975
31,0.38271604938271603
17,0.20987654320987653
29,0.35802469135802467
0,0.0
69,0.8518518518518519
1,0.012345679012345678
0,0.0
13,0.16049382716049382
67,0.8271604938271605
0,0.0
1,0.012345679012345678
11,0.13580246913580246
7,0.08641975308641975
76,0.9382716049382716
1,0.012345679012345678
5,0.06172839506172839
80,0.9876543209876543
73,0.9012345679012346
10,0.12345679012345678
6,0.07407407407407407
80,0.9876543209876543
76,0.9382716049382716
80,0.9876543209876543
80,0.9876543209876543
81,1.0
5,0.06172839506172839
1,0.012345679012345678
81,1.0
0,0.0
80,0.9876543209876543
1,0.012345679012345678
16,0.19753086419753085
1,0.012345679012345678
10,0.12345679012345678
7,0.08641975308641975
1,0.012345679012345678
14,0.1728395061728395
1,0.012345679012345678
0,0.0
81,1.0
80,0.9876543209876543
1,0.012345679012345678
78,0.9629629629629629
80,0.9876543209876543
52,0.6419753086419753
81,1.0
77,0.9506172839506173
3,0.037037037037037035
1,0.012345679012345678
0,0.0
81,1.0
1,0.012345679012345678
6,0.07407407407407407
0,0.0
1,0.012345679012345678
4,0.04938271604938271
0,0.0
81,1.0
7,0.08641975308641975
2,0.024691358024691357
39,0.48148148148148145
69,0.8518518518518519
1,0.012345679012345678
2,0.024691358024691357
10,0.12345679012345678
6,0.07407407407407407
0,0.0
0,0.0
80,0.9876543209876543
2,0.024691358024691357
26,0.32098765432098764
0,0.0
0,0.0
0,0.0
7,0.08641975308641975
3,0.037037037037037035
80,0.9876543209876543
0,0.0
79,0.9753086419753086
0,0.0
1,0.012345679012345678
81,1.0
0,0.0
40,0.49382716049382713
1,0.012345679012345678
14,0.1728395061728395
0,0.0
79,0.9753086419753086
1,0.012345679012345678
23,0.2839506172839506
68,0.8395061728395061
29,0.35802469135802467
80,0.9876543209876543
21,0.25925925925925924
81,1.0
5,0.06172839506172839
1,0.012345679012345678
63,0.7777777777777778
15,0.18518518518518517
0,0.0
0,0.0
6,0.07407407407407407
14,0.1728395061728395
33,0.4074074074074074
81,1.0
1,0.012345679012345678
41,0.5061728395061729
0,0.0
1,0.012345679012345678
0,0.0
1,0.012345679012345678
11,0.13580246913580246
1,0.012345679012345678
81,1.0
63,0.7777777777777778
2,0.024691358024691357
13,0.16049382716049382
40,0.49382716049382713
68,0.8395061728395061
9,0.1111111111111111
0,0.0
12,0.14814814814814814
13,0.16049382716049382
12,0.14814814814814814
0,0.0
1,0.012345679012345678
0,0.0
0,0.0
0,0.0
69,0.8518518518518519
59,0.7283950617283951
2,0.024691358024691357
27,0.3333333333333333
4,0.04938271604938271
62,0.7654320987654321
0,0.0
3,0.037037037037037035
1,0.012345679012345678
1,0.012345679012345678
2,0.024691358024691357
1,0.012345679012345678
20,0.24691358024691357
81,1.0
41,0.5061728395061729
0,0.0
41,0.5061728395061729
74,0.9135802469135802
2,0.024691358024691357
39,0.48148148148148145
0,0.0
78,0.9629629629629629
1,0.012345679012345678
7,0.08641975308641975
1,0.012345679012345678
0,0.0
19,0.2345679012345679
0,0.0
0,0.0
61,0.7530864197530864
81,1.0
39,0.48148148148148145
7,0.08641975308641975
1,0.012345679012345678
2,0.024691358024691357
80,0.9876543209876543
11,0.13580246913580246
0,0.0
26,0.32098765432098764
39,0.48148148148148145
4,0.04938271604938271
2,0.024691358024691357
13,0.16049382716049382
81,1.0
81,1.0
3,0.037037037037037035
7,0.08641975308641975
81,1.0
0,0.0
79,0.9753086419753086
1,0.012345679012345678
0,0.0
0,0.0
67,0.8271604938271605
7,0.08641975308641975
60,0.7407407407407407
0,0.0
81,1.0
27,0.3333333333333333
59,0.7283950617283951
58,0.7160493827160493
1,0.012345679012345678
48,0.5925925925925926
28,0.345679012345679
53,0.654320987654321
54,0.6666666666666666
17,0.20987654320987653
0,0.0
0,0.0
8,0.09876543209876543
9,0.1111111111111111
54,0.6666666666666666
56,0.691358024691358
0,0.0
81,1.0
56,0.691358024691358
26,0.32098765432098764
24,0.2962962962962963
14,0.1728395061728395
21,0.25925925925925924
23,0.2839506172839506
46,0.5679012345679012
81,1.0
20,0.24691358024691357
9,0.1111111111111111
18,0.2222222222222222
10,0.12345679012345678
0,0.0
26,0.32098765432098764
13,0.16049382716049382
3,0.037037037037037035
1,0.012345679012345678
39,0.48148148148148145
53,0.654320987654321
0,0.0
27,0.3333333333333333
66,0.8148148148148148
21,0.25925925925925924
6,0.07407407407407407
2,0.024691358024691357
2,0.024691358024691357
0,0.0
1,0.012345679012345678
77,0.9506172839506173
58,0.7160493827160493
1,0.012345679012345678
37,0.4567901234567901
74,0.9135802469135802
81,1.0
3,0.037037037037037035
1,0.012345679012345678
57,0.7037037037037037
57,0.7037037037037037
33,0.4074074074074074
1,0.012345679012345678
24,0.2962962962962963
26,0.32098765432098764
21,0.25925925925925924
81,1.0
0,0.0
49,0.6049382716049383
63,0.7777777777777778
20,0.24691358024691357
67,0.8271604938271605
1,0.012345679012345678
62,0.7654320987654321
0,0.0
80,0.9876543209876543
35,0.43209876543209874
19,0.2345679012345679
19,0.2345679012345679
63,0.7777777777777778
6,0.07407407407407407
6,0.07407407407407407
18,0.2222222222222222
42,0.5185185185185185
0,0.0
6,0.07407407407407407
62,0.7654320987654321
19,0.2345679012345679
81,1.0
16,0.19753086419753085
43,0.5308641975308642
24,0.2962962962962963
1,0.012345679012345678
75,0.9259259259259259
0,0.0
6,0.07407407407407407
81,1.0
61,0.7530864197530864
19,0.2345679012345679
0,0.0
61,0.7530864197530864
21,0.25925925925925924
4,0.04938271604938271
39,0.48148148148148145
7,0.08641975308641975
81,1.0
39,0.48148148148148145
19,0.2345679012345679
0,0.0
0,0.0
1,0.012345679012345678
42,0.5185185185185185
0,0.0
49,0.6049382716049383
16,0.19753086419753085
81,1.0
33,0.4074074074074074
38,0.4691358024691358
4,0.04938271604938271
1,0.012345679012345678
19,0.2345679012345679
10,0.12345679012345678
2,0.024691358024691357
51,0.6296296296296297
31,0.38271604938271603
44,0.5432098765432098
72,0.8888888888888888
2,0.024691358024691357
14,0.1728395061728395
81,1.0
81,1.0
0,0.0
44,0.5432098765432098
73,0.9012345679012346
48,0.5925925925925926
1,0.012345679012345678
1,0.012345679012345678
0,0.0
6,0.07407407407407407
13,0.16049382716049382
29,0.35802469135802467
81,1.0
76,0.9382716049382716
1,0.012345679012345678
34,0.41975308641975306
4,0.04938271604938271
0,0.0
50,0.6172839506172839
46,0.5679012345679012
61,0.7530864197530864
34,0.41975308641975306
5,0.06172839506172839
0,0.0
0,0.0
1,0.012345679012345678
0,0.0
2,0.024691358024691357
53,0.654320987654321
69,0.8518518518518519
71,0.8765432098765432
27,0.3333333333333333
51,0.6296296296296297
12,0.14814814814814814
0,0.0
34,0.41975308641975306
2,0.024691358024691357
62,0.7654320987654321
63,0.7777777777777778
0,0.0
11,0.13580246913580246
11,0.13580246913580246
81,1.0
81,1.0
12,0.14814814814814814
63,0.7777777777777778
80,0.9876543209876543
2,0.024691358024691357
2,0.024691358024691357
18,0.2222222222222222
0,0.0
10,0.12345679012345678
77,0.9506172839506173
3,0.037037037037037035
0,0.0
2,0.024691358024691357
0,0.0
0,0.0
81,1.0
1,0.012345679012345678
0,0.0
0,0.0
22,0.2716049382716049
13,0.16049382716049382
2,0.024691358024691357
5,0.06172839506172839
3,0.037037037037037035
63,0.7777777777777778
8,0.09876543209876543
69,0.8518518518518519
0,0.0
0,0.0
8,0.09876543209876543
1,0.012345679012345678
0,0.0
0,0.0
4,0.04938271604938271
68,0.8395061728395061
0,0.0
20,0.24691358024691357
58,0.7160493827160493
9,0.1111111111111111
0,0.0
1,0.012345679012345678
17,0.20987654320987653
70,0.8641975308641975
0,0.0
0,0.0
2,0.024691358024691357
68,0.8395061728395061
15,0.18518518518518517
57,0.7037037037037037
3,0.037037037037037035
80,0.9876543209876543
76,0.9382716049382716
21,0.25925925925925924
80,0.9876543209876543
0,0.0
63,0.7777777777777778
13,0.16049382716049382
79,0.9753086419753086
81,1.0
0,0.0
81,1.0
68,0.8395061728395061
18,0.2222222222222222
0,0.0
1,0.012345679012345678
12,0.14814814814814814
81,1.0
0,0.0
2,0.024691358024691357
0,0.0
0,0.0
12,0.14814814814814814
0,0.0
0,0.0
0,0.0
5,0.06172839506172839
14,0.1728395061728395
1,0.012345679012345678
1,0.012345679012345678
1,0.012345679012345678
2,0.024691358024691357
9,0.1111111111111111
5,0.06172839506172839
0,0.0
1,0.012345679012345678
5,0.06172839506172839
13,0.16049382716049382
0,0.0
2,0.024691358024691357
16,0.19753086419753085
