1,0.0136986301369863
1,0.0136986301369863
1,0.0136986301369863
10,0.136986301369863
2,0.0273972602739726
4,0.0547945205479452
47,0.6438356164383562
1,0.0136986301369863
2,0.0273972602739726
3,0.0410958904109589
4,0.0547945205479452
72,0.9863013698630136
10,0.136986301369863
10,0.136986301369863
11,0.1506849315068493
0,0.0
23,0.3150684931506849
49,0.6712328767123288
0,0.0
0,0.0
2,0.0273972602739726
11,0.1506849315068493
0,0.0
0,0.0
3,0.0410958904109589
29,0.3972602739726027
4,0.0547945205479452
63,0.863013698630137
1,0.0136986301369863
14,0.1917808219178082
1,0.0136986301369863
2,0.0273972602739726
25,0.3424657534246575
13,0.1780821917808219
9,0.1232876712328767
0,0.0
34,0.4657534246575342
22,0.3013698630136986
69,0.9452054794520548
0,0.0
0,0.0
66,0.9041095890410958
2,0.0273972602739726
3,0.0410958904109589
0,0.0
1,0.0136986301369863
27,0.3698630136986301
0,0.0
0,0.0
25,0.3424657534246575
0,0.0
0,0.0
60,0.821917808219178
63,0.863013698630137
17,0.2328767123287671
0,0.0
47,0.6438356164383562
2,0.0273972602739726
0,0.0
20,0.273972602739726
0,0.0
46,0.6301369863013698
0,0.0
2,0.0273972602739726
3,0.0410958904109589
71,0.9726027397260274
46,0.6301369863013698
5,0.0684931506849315
0,0.0
19,0.2602739726027397
52,0.7123287671232876
64,0.8767123287671232
29,0.3972602739726027
70,0.958904109589041
0,0.0
0,0.0
1,0.0136986301369863
0,0.0
2,0.0273972602739726
5,0.0684931506849315
66,0.9041095890410958
2,0.0273972602739726
5,0.0684931506849315
66,0.9041095890410958
73,1.0
66,0.9041095890410958
66,0.9041095890410958
63,0.863013698630137
0,0.0
0,0.0
60,0.821917808219178
1,0.0136986301369863
68,0.9315068493150684
0,0.0
2,0.0273972602739726
0,0.0
0,0.0
8,0.1095890410958904
10,0.136986301369863
0,0.0
58,0.7945205479452054
6,0.0821917808219178
0,0.0
19,0.2602739726027397
13,0.1780821917808219
73,1.0
3,0.0410958904109589
50,0.684931506849315
0,0.0
66,0.9041095890410958
0,0.0
2,0.0273972602739726
0,0.0
9,0.1232876712328767
73,1.0
60,0.821917808219178
66,0.9041095890410958
0,0.0
1,0.0136986301369863
3,0.0410958904109589
40,0.547945205479452
0,0.0
51,0.6986301369863014
68,0.9315068493150684
6,0.0821917808219178
16,0.2191780821917808
0,0.0
16,0.2191780821917808
67,0.9178082191780822
66,0.9041095890410958
0,0.0
1,0.0136986301369863
11,0.1506849315068493
65,0.8904109589041096
0,0.0
69,0.9452054794520548
67,0.9178082191780822
0,0.0
3,0.0410958904109589
9,0.1232876712328767
0,0.0
0,0.0
50,0.684931506849315
73,1.0
7,0.0958904109589041
1,0.0136986301369863
0,0.0
73,1.0
2,0.0273972602739726
0,0.0
0,0.0
4,0.0547945205479452
0,0.0
6,0.0821917808219178
59,0.8082191780821918
0,0.0
1,0.0136986301369863
0,0.0
1,0.0136986301369863
24,0.3287671232876712
59,0.8082191780821918
0,0.0
0,0.0
72,0.9863013698630136
2,0.0273972602739726
1,0.0136986301369863
0,0.0
9,0.1232876712328767
52,0.7123287671232876
10,0.136986301369863
6,0.0821917808219178
65,0.8904109589041096
1,0.0136986301369863
1,0.0136986301369863
3,0.0410958904109589
2,0.0273972602739726
68,0.9315068493150684
64,0.8767123287671232
0,0.0
73,1.0
15,0.2054794520547945
67,0.9178082191780822
73,1.0
9,0.1232876712328767
72,0.9863013698630136
2,0.0273972602739726
12,0.1643835616438356
1,0.0136986301369863
65,0.8904109589041096
65,0.8904109589041096
72,0.9863013698630136
69,0.9452054794520548
3,0.0410958904109589
4,0.0547945205479452
0,0.0
1,0.0136986301369863
73,1.0
72,0.9863013698630136
0,0.0
3,0.0410958904109589
0,0.0
0,0.0
17,0.2328767123287671
7,0.0958904109589041
0,0.0
0,0.0
0,0.0
15,0.2054794520547945
63,0.863013698630137
57,0.7808219178082192
1,0.0136986301369863
1,0.0136986301369863
9,0.1232876712328767
15,0.2054794520547945
0,0.0
58,0.7945205479452054
1,0.0136986301369863
0,0.0
0,0.0
5,0.0684931506849315
9,0.1232876712328767
73,1.0
9,0.1232876712328767
3,0.0410958904109589
3,0.0410958904109589
2,0.0273972602739726
2,0.0273972602739726
3,0.0410958904109589
0,0.0
5,0.0684931506849315
3,0.0410958904109589
73,1.0
0,0.0
42,0.5753424657534246
1,0.0136986301369863
5,0.0684931506849315
9,0.1232876712328767
1,0.0136986301369863
0,0.0
0,0.0
0,0.0
0,0.0
73,1.0
9,0.1232876712328767
1,0.0136986301369863
73,1.0
10,0.136986301369863
1,0.0136986301369863
2,0.0273972602739726
59,0.8082191780821918
1,0.0136986301369863
1,0.0136986301369863
64,0.8767123287671232
11,0.1506849315068493
1,0.0136986301369863
0,0.0
0,0.0
0,0.0
0,0.0
10,0.136986301369863
45,0.6164383561643836
65,0.8904109589041096
1,0.0136986301369863
12,0.1643835616438356
7,0.0958904109589041
7,0.0958904109589041
3,0.0410958904109589
10,0.136986301369863
9,0.1232876712328767
13,0.1780821917808219
10,0.136986301369863
67,0.9178082191780822
9,0.1232876712328767
4,0.0547945205479452
54,0.7397260273972602
70,0.958904109589041
71,0.9726027397260274
0,0.0
59,0.8082191780821918
63,0.863013698630137
1,0.0136986301369863
63,0.863013698630137
5,0.0684931506849315
0,0.0
1,0.0136986301369863
0,0.0
1,0.0136986301369863
60,0.821917808219178
62,0.8493150684931506
15,0.2054794520547945
73,1.0
28,0.3835616438356164
62,0.8493150684931506
0,0.0
73,1.0
73,1.0
5,0.0684931506849315
0,0.0
12,0.1643835616438356
0,0.0
4,0.0547945205479452
1,0.0136986301369863
48,0.6575342465753424
0,0.0
15,0.2054794520547945
30,0.410958904109589
15,0.2054794520547945
70,0.958904109589041
0,0.0
1,0.0136986301369863
25,0.3424657534246575
72,0.9863013698630136
63,0.863013698630137
73,1.0
18,0.2465753424657534
73,1.0
73,1.0
10,0.136986301369863
71,0.9726027397260274
73,1.0
5,0.0684931506849315
4,0.0547945205479452
8,0.1095890410958904
3,0.0410958904109589
69,0.9452054794520548
1,0.0136986301369863
0,0.0
66,0.9041095890410958
8,0.1095890410958904
73,1.0
62,0.8493150684931506
1,0.0136986301369863
0,0.0
73,1.0
60,0.821917808219178
8,0.1095890410958904
73,1.0
53,0.726027397260274
69,0.9452054794520548
3,0.0410958904109589
6,0.0821917808219178
3,0.0410958904109589
2,0.0273972602739726
58,0.7945205479452054
9,0.1232876712328767
67,0.9178082191780822
2,0.0273972602739726
1,0.0136986301369863
7,0.0958904109589041
0,0.0
71,0.9726027397260274
5,0.0684931506849315
3,0.0410958904109589
21,0.2876712328767123
0,0.0
69,0.9452054794520548
64,0.8767123287671232
3,0.0410958904109589
0,0.0
29,0.3972602739726027
16,0.2191780821917808
9,0.1232876712328767
69,0.9452054794520548
62,0.8493150684931506
0,0.0
1,0.0136986301369863
1,0.0136986301369863
30,0.410958904109589
7,0.0958904109589041
65,0.8904109589041096
65,0.8904109589041096
64,0.8767123287671232
0,0.0
3,0.0410958904109589
66,0.9041095890410958
6,0.0821917808219178
70,0.958904109589041
11,0.1506849315068493
3,0.0410958904109589
67,0.9178082191780822
0,0.0
10,0.136986301369863
2,0.0273972602739726
0,0.0
8,0.1095890410958904
11,0.1506849315068493
0,0.0
0,0.0
0,0.0
73,1.0
4,0.0547945205479452
64,0.8767123287671232
9,0.1232876712328767
65,0.8904109589041096
64,0.8767123287671232
2,0.0273972602739726
1,0.0136986301369863
3,0.0410958904109589
0,0.0
0,0.0
1,0.0136986301369863
6,0.0821917808219178
2,0.0273972602739726
0,0.0
7,0.0958904109589041
67,0.9178082191780822
0,0.0
73,1.0
68,0.9315068493150684
0,0.0
3,0.0410958904109589
4,0.0547945205479452
4,0.0547945205479452
72,0.9863013698630136
6,0.0821917808219178
63,0.863013698630137
9,0.1232876712328767
0,0.0
0,0.0
2,0.0273972602739726
9,0.1232876712328767
1,0.0136986301369863
1,0.0136986301369863
62,0.8493150684931506
9,0.1232876712328767
0,0.0
0,0.0
52,0.7123287671232876
0,0.0
15,0.2054794520547945
3,0.0410958904109589
4,0.0547945205479452
9,0.1232876712328767
4,0.0547945205479452
16,0.2191780821917808
65,0.8904109589041096
56,0.7671232876712328
61,0.8356164383561644
3,0.0410958904109589
8,0.1095890410958904
70,0.958904109589041
12,0.1643835616438356
13,0.1780821917808219
0,0.0
64,0.8767123287671232
9,0.1232876712328767
42,0.5753424657534246
0,0.0
0,0.0
57,0.7808219178082192
11,0.1506849315068493
0,0.0
11,0.1506849315068493
1,0.0136986301369863
2,0.0273972602739726
9,0.1232876712328767
56,0.7671232876712328
7,0.0958904109589041
9,0.1232876712328767
64,0.8767123287671232
0,0.0
1,0.0136986301369863
1,0.0136986301369863
71,0.9726027397260274
6,0.0821917808219178
71,0.9726027397260274
62,0.8493150684931506
3,0.0410958904109589
7,0.0958904109589041
0,0.0
11,0.1506849315068493
1,0.0136986301369863
3,0.0410958904109589
8,0.1095890410958904
2,0.0273972602739726
73,1.0
1,0.0136986301369863
73,1.0
15,0.2054794520547945
0,0.0
6,0.0821917808219178
8,0.1095890410958904
42,0.5753424657534246
56,0.7671232876712328
10,0.136986301369863
50,0.684931506849315
14,0.1917808219178082
0,0.0
7,0.0958904109589041
0,0.0
8,0.1095890410958904
0,0.0
6,0.0821917808219178
2,0.0273972602739726
73,1.0
71,0.9726027397260274
3,0.0410958904109589
1,0.0136986301369863
2,0.0273972602739726
2,0.0273972602739726
65,0.8904109589041096
6,0.0821917808219178
9,0.1232876712328767
0,0.0
56,0.7671232876712328
63,0.863013698630137
54,0.7397260273972602
0,0.0
63,0.863013698630137
0,0.0
64,0.8767123287671232
53,0.726027397260274
3,0.0410958904109589
71,0.9726027397260274
0,0.0
69,0.9452054794520548
55,0.7534246575342466
3,0.0410958904109589
70,0.958904109589041
9,0.1232876712328767
18,0.2465753424657534
3,0.0410958904109589
0,0.0
4,0.0547945205479452
1,0.0136986301369863
10,0.136986301369863
0,0.0
21,0.2876712328767123
73,1.0
0,0.0
6,0.0821917808219178
0,0.0
13,0.1780821917808219
7,0.0958904109589041
4,0.0547945205479452
52,0.7123287671232876
6,0.0821917808219178
63,0.863013698630137
2,0.0273972602739726
2,0.0273972602739726
2,0.0273972602739726
1,0.0136986301369863
9,0.1232876712328767
0,0.0
0,0.0
4,0.0547945205479452
0,0.0
3,0.0410958904109589
1,0.0136986301369863
59,0.8082191780821918
9,0.1232876712328767
13,0.1780821917808219
0,0.0
73,1.0
73,1.0
6,0.0821917808219178
0,0.0
70,0.958904109589041
0,0.0
64,0.8767123287671232
0,0.0
73,1.0
11,0.1506849315068493
7,0.0958904109589041
0,0.0
62,0.8493150684931506
12,0.1643835616438356
21,0.2876712328767123
58,0.7945205479452054
3,0.0410958904109589
11,0.1506849315068493
10,0.136986301369863
65,0.8904109589041096
15,0.2054794520547945
1,0.0136986301369863
6,0.0821917808219178
56,0.7671232876712328
7,0.0958904109589041
28,0.3835616438356164
1,0.0136986301369863
13,0.1780821917808219
6,0.0821917808219178
9,0.1232876712328767
0,0.0
6,0.0821917808219178
2,0.0273972602739726
20,0.273972602739726
7,0.0958904109589041
58,0.7945205479452054
56,0.7671232876712328
2,0.0273972602739726
15,0.2054794520547945
66,0.9041095890410958
67,0.9178082191780822
1,0.0136986301369863
7,0.0958904109589041
58,0.7945205479452054
31,0.4246575342465753
57,0.7808219178082192
6,0.0821917808219178
59,0.8082191780821918
73,1.0
58,0.7945205479452054
20,0.273972602739726
72,0.9863013698630136
63,0.863013698630137
68,0.9315068493150684
1,0.0136986301369863
16,0.2191780821917808
61,0.8356164383561644
11,0.1506849315068493
6,0.0821917808219178
0,0.0
13,0.1780821917808219
0,0.0
73,1.0
45,0.6164383561643836
13,0.1780821917808219
4,0.0547945205479452
3,0.0410958904109589
66,0.9041095890410958
73,1.0
67,0.9178082191780822
0,0.0
3,0.0410958904109589
2,0.0273972602739726
0,0.0
69,0.9452054794520548
61,0.8356164383561644
6,0.0821917808219178
1,0.0136986301369863
0,0.0
4,0.0547945205479452
0,0.0
8,0.1095890410958904
24,0.3287671232876712
0,0.0
9,0.1232876712328767
3,0.0410958904109589
61,0.8356164383561644
0,0.0
5,0.0684931506849315
73,1.0
6,0.0821917808219178
0,0.0
32,0.4383561643835616
1,0.0136986301369863
70,0.958904109589041
57,0.7808219178082192
3,0.0410958904109589
0,0.0
8,0.1095890410958904
0,0.0
5,0.0684931506849315
2,0.0273972602739726
1,0.0136986301369863
0,0.0
0,0.0
6,0.0821917808219178
62,0.8493150684931506
1,0.0136986301369863
0,0.0
3,0.0410958904109589
0,0.0
3,0.0410958904109589
7,0.0958904109589041
0,0.0
37,0.5068493150684932
24,0.3287671232876712
51,0.6986301369863014
43,0.589041095890411
1,0.0136986301369863
0,0.0
3,0.0410958904109589
4,0.0547945205479452
5,0.0684931506849315
73,1.0
1,0.0136986301369863
6,0.0821917808219178
6,0.0821917808219178
28,0.3835616438356164
1,0.0136986301369863
2,0.0273972602739726
0,0.0
0,0.0
58,0.7945205479452054
4,0.0547945205479452
64,0.8767123287671232
0,0.0
0,0.0
60,0.821917808219178
3,0.0410958904109589
16,0.2191780821917808
0,0.0
2,0.0273972602739726
4,0.0547945205479452
2,0.0273972602739726
71,0.9726027397260274
73,1.0
15,0.2054794520547945
2,0.0273972602739726
5,0.0684931506849315
1,0.0136986301369863
63,0.863013698630137
73,1.0
0,0.0
1,0.0136986301369863
73,1.0
16,0.2191780821917808
3,0.0410958904109589
3,0.0410958904109589
13,0.1780821917808219
66,0.9041095890410958
5,0.0684931506849315
1,0.0136986301369863
18,0.2465753424657534
68,0.9315068493150684
0,0.0
8,0.1095890410958904
2,0.0273972602739726
0,0.0
0,0.0
12,0.1643835616438356
17,0.2328767123287671
0,0.0
1,0.0136986301369863
69,0.9452054794520548
73,1.0
3,0.0410958904109589
73,1.0
60,0.821917808219178
71,0.9726027397260274
19,0.2602739726027397
71,0.9726027397260274
2,0.0273972602739726
7,0.0958904109589041
3,0.0410958904109589
1,0.0136986301369863
71,0.9726027397260274
1,0.0136986301369863
0,0.0
69,0.9452054794520548
0,0.0
2,0.0273972602739726
0,0.0
1,0.0136986301369863
53,0.726027397260274
0,0.0
64,0.8767123287671232
72,0.9863013698630136
68,0.9315068493150684
73,1.0
2,0.0273972602739726
69,0.9452054794520548
9,0.1232876712328767
10,0.136986301369863
5,0.0684931506849315
0,0.0
3,0.0410958904109589
7,0.0958904109589041
1,0.0136986301369863
68,0.9315068493150684
72,0.9863013698630136
2,0.0273972602739726
8,0.1095890410958904
2,0.0273972602739726
3,0.0410958904109589
0,0.0
4,0.0547945205479452
67,0.9178082191780822
73,1.0
62,0.8493150684931506
70,0.958904109589041
3,0.0410958904109589
12,0.1643835616438356
9,0.1232876712328767
59,0.8082191780821918
18,0.2465753424657534
8,0.1095890410958904
2,0.0273972602739726
3,0.0410958904109589
73,1.0
62,0.8493150684931506
57,0.7808219178082192
1,0.0136986301369863
69,0.9452054794520548
3,0.0410958904109589
4,0.0547945205479452
1,0.0136986301369863
57,0.7808219178082192
3,0.0410958904109589
73,1.0
2,0.0273972602739726
2,0.0273972602739726
10,0.136986301369863
12,0.1643835616438356
3,0.0410958904109589
1,0.0136986301369863
13,0.1780821917808219
6,0.0821917808219178
9,0.1232876712328767
43,0.589041095890411
72,0.9863013698630136
70,0.958904109589041
55,0.7534246575342466
0,0.0
1,0.0136986301369863
0,0.0
2,0.0273972602739726
7,0.0958904109589041
3,0.0410958904109589
7,0.0958904109589041
62,0.8493150684931506
5,0.0684931506849315
47,0.6438356164383562
3,0.0410958904109589
6,0.0821917808219178
1,0.0136986301369863
0,0.0
71,0.9726027397260274
1,0.0136986301369863
1,0.0136986301369863
73,1.0
67,0.9178082191780822
65,0.8904109589041096
2,0.0273972602739726
0,0.0
0,0.0
11,0.1506849315068493
6,0.0821917808219178
1,0.0136986301369863
1,0.0136986301369863
0,0.0
0,0.0
20,0.273972602739726
9,0.1232876712328767
0,0.0
14,0.1917808219178082
0,0.0
16,0.2191780821917808
7,0.0958904109589041
1,0.0136986301369863
4,0.0547945205479452
0,0.0
0,0.0
22,0.3013698630136986
10,0.136986301369863
9,0.1232876712328767
10,0.136986301369863
73,1.0
10,0.136986301369863
0,0.0
0,0.0
73,1.0
68,0.9315068493150684
0,0.0
65,0.8904109589041096
2,0.0273972602739726
0,0.0
0,0.0
73,1.0
2,0.0273972602739726
6,0.0821917808219178
0,0.0
9,0.1232876712328767
72,0.9863013698630136
13,0.1780821917808219
1,0.0136986301369863
1,0.0136986301369863
1,0.0136986301369863
1,0.0136986301369863
0,0.0
0,0.0
15,0.2054794520547945
8,0.1095890410958904
49,0.6712328767123288
57,0.7808219178082192
8,0.1095890410958904
0,0.0
71,0.9726027397260274
9,0.1232876712328767
73,1.0
66,0.9041095890410958
0,0.0
6,0.0821917808219178
0,0.0
72,0.9863013698630136
7,0.0958904109589041
0,0.0
2,0.0273972602739726
7,0.0958904109589041
72,0.9863013698630136
0,0.0
0,0.0
43,0.589041095890411
0,0.0
73,1.0
2,0.0273972602739726
6,0.0821917808219178
71,0.9726027397260274
72,0.9863013698630136
73,1.0
73,1.0
66,0.9041095890410958
0,0.0
65,0.8904109589041096
67,0.9178082191780822
1,0.0136986301369863
73,1.0
62,0.8493150684931506
0,0.0
18,0.2465753424657534
71,0.9726027397260274
68,0.9315068493150684
4,0.0547945205479452
72,0.9863013698630136
0,0.0
65,0.8904109589041096
2,0.0273972602739726
49,0.6712328767123288
63,0.863013698630137
0,0.0
6,0.0821917808219178
1,0.0136986301369863
7,0.0958904109589041
1,0.0136986301369863
0,0.0
60,0.821917808219178
2,0.0273972602739726
8,0.1095890410958904
0,0.0
8,0.1095890410958904
73,1.0
8,0.1095890410958904
1,0.0136986301369863
4,0.0547945205479452
63,0.863013698630137
6,0.0821917808219178
3,0.0410958904109589
6,0.0821917808219178
0,0.0
9,0.1232876712328767
5,0.0684931506849315
0,0.0
6,0.0821917808219178
37,0.5068493150684932
0,0.0
1,0.0136986301369863
8,0.1095890410958904
9,0.1232876712328767
73,1.0
2,0.0273972602739726
1,0.0136986301369863
52,0.7123287671232876
3,0.0410958904109589
36,0.4931506849315068
8,0.1095890410958904
0,0.0
70,0.958904109589041
0,0.0
73,1.0
70,0.958904109589041
1,0.0136986301369863
55,0.7534246575342466
2,0.0273972602739726
0,0.0
0,0.0
66,0.9041095890410958
7,0.0958904109589041
7,0.0958904109589041
19,0.2602739726027397
3,0.0410958904109589
0,0.0
66,0.9041095890410958
58,0.7945205479452054
14,0.1917808219178082
0,0.0
57,0.7808219178082192
18,0.2465753424657534
72,0.9863013698630136
9,0.1232876712328767
0,0.0
7,0.0958904109589041
7,0.0958904109589041
51,0.6986301369863014
58,0.7945205479452054
45,0.6164383561643836
12,0.1643835616438356
55,0.7534246575342466
55,0.7534246575342466
63,0.863013698630137
72,0.9863013698630136
14,0.1917808219178082
4,0.0547945205479452
1,0.0136986301369863
0,0.0
52,0.7123287671232876
1,0.0136986301369863
0,0.0
1,0.0136986301369863
1,0.0136986301369863
0,0.0
3,0.0410958904109589
21,0.2876712328767123
15,0.2054794520547945
14,0.1917808219178082
7,0.0958904109589041
20,0.273972602739726
70,0.958904109589041
2,0.0273972602739726
0,0.0
1,0.0136986301369863
25,0.3424657534246575
0,0.0
4,0.0547945205479452
0,0.0
68,0.9315068493150684
51,0.6986301369863014
46,0.6301369863013698
9,0.1232876712328767
24,0.3287671232876712
25,0.3424657534246575
59,0.8082191780821918
31,0.4246575342465753
25,0.3424657534246575
0,0.0
0,0.0
0,0.0
49,0.6712328767123288
45,0.6164383561643836
0,0.0
5,0.0684931506849315
18,0.2465753424657534
16,0.2191780821917808
53,0.726027397260274
8,0.1095890410958904
0,0.0
22,0.3013698630136986
44,0.6027397260273972
22,0.3013698630136986
3,0.0410958904109589
2,0.0273972602739726
30,0.410958904109589
46,0.6301369863013698
29,0.3972602739726027
21,0.2876712328767123
16,0.2191780821917808
25,0.3424657534246575
18,0.2465753424657534
18,0.2465753424657534
7,0.0958904109589041
42,0.5753424657534246
35,0.4794520547945205
5,0.0684931506849315
43,0.589041095890411
21,0.2876712328767123
25,0.3424657534246575
2,0.0273972602739726
16,0.2191780821917808
43,0.589041095890411
48,0.6575342465753424
29,0.3972602739726027
72,0.9863013698630136
41,0.5616438356164384
73,1.0
63,0.863013698630137
7,0.0958904109589041
0,0.0
63,0.863013698630137
15,0.2054794520547945
44,0.6027397260273972
5,0.0684931506849315
44,0.6027397260273972
29,0.3972602739726027
1,0.0136986301369863
4,0.0547945205479452
0,0.0
0,0.0
73,1.0
1,0.0136986301369863
16,0.2191780821917808
27,0.3698630136986301
11,0.1506849315068493
0,0.0
1,0.0136986301369863
13,0.1780821917808219
73,1.0
26,0.3561643835616438
7,0.0958904109589041
31,0.4246575342465753
30,0.410958904109589
33,0.4520547945205479
47,0.6438356164383562
59,0.8082191780821918
5,0.0684931506849315
10,0.136986301369863
14,0.1917808219178082
13,0.1780821917808219
13,0.1780821917808219
73,1.0
14,0.1917808219178082
0,0.0
13,0.1780821917808219
27,0.3698630136986301
45,0.6164383561643836
43,0.589041095890411
0,0.0
36,0.4931506849315068
15,0.2054794520547945
64,0.8767123287671232
8,0.1095890410958904
45,0.6164383561643836
44,0.6027397260273972
65,0.8904109589041096
67,0.9178082191780822
0,0.0
27,0.3698630136986301
0,0.0
4,0.0547945205479452
72,0.9863013698630136
26,0.3561643835616438
7,0.0958904109589041
31,0.4246575342465753
0,0.0
1,0.0136986301369863
1,0.0136986301369863
1,0.0136986301369863
20,0.273972602739726
29,0.3972602739726027
13,0.1780821917808219
4,0.0547945205479452
4,0.0547945205479452
1,0.0136986301369863
14,0.1917808219178082
0,0.0
2,0.0273972602739726
30,0.410958904109589
1,0.0136986301369863
13,0.1780821917808219
2,0.0273972602739726
6,0.0821917808219178
1,0.0136986301369863
18,0.2465753424657534
0,0.0
5,0.0684931506849315
6,0.0821917808219178
27,0.3698630136986301
6,0.0821917808219178
1,0.0136986301369863
0,0.0
0,0.0
0,0.0
