0,0.0
0,0.0
0,0.0
14,0.17073170731707318
0,0.0
3,0.036585365853658534
0,0.0
1,0.012195121951219513
8,0.0975609756097561
0,0.0
0,0.0
1,0.012195121951219513
1,0.012195121951219513
0,0.0
71,0.8658536585365854
7,0.08536585365853659
5,0.06097560975609756
2,0.024390243902439025
0,0.0
1,0.012195121951219513
77,0.9390243902439024
1,0.012195121951219513
8,0.0975609756097561
82,1.0
1,0.012195121951219513
0,0.0
8,0.0975609756097561
11,0.13414634146341464
82,1.0
1,0.012195121951219513
8,0.0975609756097561
81,0.9878048780487805
0,0.0
4,0.04878048780487805
82,1.0
1,0.012195121951219513
1,0.012195121951219513
79,0.9634146341463414
1,0.012195121951219513
2,0.024390243902439025
4,0.04878048780487805
8,0.0975609756097561
2,0.024390243902439025
2,0.024390243902439025
0,0.0
81,0.9878048780487805
0,0.0
0,0.0
0,0.0
1,0.012195121951219513
0,0.0
0,0.0
4,0.04878048780487805
0,0.0
82,1.0
0,0.0
1,0.012195121951219513
2,0.024390243902439025
82,1.0
3,0.036585365853658534
81,0.9878048780487805
0,0.0
7,0.08536585365853659
0,0.0
9,0.10975609756097561
0,0.0
2,0.024390243902439025
1,0.012195121951219513
81,0.9878048780487805
19,0.23170731707317074
82,1.0
16,0.1951219512195122
1,0.012195121951219513
3,0.036585365853658534
0,0.0
1,0.012195121951219513
0,0.0
3,0.036585365853658534
0,0.0
0,0.0
80,0.975609756097561
55,0.6707317073170732
1,0.012195121951219513
82,1.0
1,0.012195121951219513
82,1.0
2,0.024390243902439025
0,0.0
82,1.0
9,0.10975609756097561
1,0.012195121951219513
10,0.12195121951219512
79,0.9634146341463414
0,0.0
1,0.012195121951219513
1,0.012195121951219513
0,0.0
1,0.012195121951219513
66,0.8048780487804879
0,0.0
3,0.036585365853658534
82,1.0
1,0.012195121951219513
81,0.9878048780487805
1,0.012195121951219513
1,0.012195121951219513
75,0.9146341463414634
10,0.12195121951219512
53,0.6463414634146342
0,0.0
2,0.024390243902439025
1,0.012195121951219513
63,0.7682926829268293
81,0.9878048780487805
0,0.0
1,0.012195121951219513
20,0.24390243902439024
24,0.2926829268292683
4,0.04878048780487805
75,0.9146341463414634
1,0.012195121951219513
1,0.012195121951219513
82,1.0
0,0.0
82,1.0
77,0.9390243902439024
3,0.036585365853658534
16,0.1951219512195122
1,0.012195121951219513
80,0.975609756097561
1,0.012195121951219513
3,0.036585365853658534
1,0.012195121951219513
1,0.012195121951219513
0,0.0
6,0.07317073170731707
81,0.9878048780487805
0,0.0
80,0.975609756097561
0,0.0
0,0.0
0,0.0
82,1.0
0,0.0
81,0.9878048780487805
3,0.036585365853658534
0,0.0
0,0.0
1,0.012195121951219513
82,1.0
3,0.036585365853658534
0,0.0
0,0.0
0,0.0
77,0.9390243902439024
2,0.024390243902439025
0,0.0
74,0.9024390243902439
4,0.04878048780487805
0,0.0
0,0.0
3,0.036585365853658534
0,0.0
0,0.0
7,0.08536585365853659
0,0.0
18,0.21951219512195122
1,0.012195121951219513
7,0.08536585365853659
81,0.9878048780487805
0,0.0
81,0.9878048780487805
4,0.04878048780487805
20,0.24390243902439024
2,0.024390243902439025
0,0.0
82,1.0
82,1.0
0,0.0
1,0.012195121951219513
4,0.04878048780487805
0,0.0
71,0.8658536585365854
81,0.9878048780487805
1,0.012195121951219513
9,0.10975609756097561
9,0.10975609756097561
0,0.0
81,0.9878048780487805
7,0.08536585365853659
0,0.0
6,0.07317073170731707
0,0.0
0,0.0
0,0.0
77,0.9390243902439024
0,0.0
0,0.0
64,0.7804878048780488
82,1.0
1,0.012195121951219513
64,0.7804878048780488
81,0.9878048780487805
1,0.012195121951219513
20,0.24390243902439024
0,0.0
0,0.0
3,0.036585365853658534
0,0.0
0,0.0
0,0.0
0,0.0
2,0.024390243902439025
1,0.012195121951219513
1,0.012195121951219513
56,0.6829268292682927
7,0.08536585365853659
0,0.0
2,0.024390243902439025
0,0.0
0,0.0
64,0.7804878048780488
0,0.0
63,0.7682926829268293
0,0.0
45,0.5487804878048781
78,0.9512195121951219
19,0.23170731707317074
81,0.9878048780487805
15,0.18292682926829268
18,0.21951219512195122
19,0.23170731707317074
0,0.0
15,0.18292682926829268
82,1.0
22,0.2682926829268293
0,0.0
67,0.8170731707317073
82,1.0
78,0.9512195121951219
1,0.012195121951219513
4,0.04878048780487805
28,0.34146341463414637
0,0.0
82,1.0
0,0.0
1,0.012195121951219513
0,0.0
2,0.024390243902439025
64,0.7804878048780488
18,0.21951219512195122
2,0.024390243902439025
2,0.024390243902439025
80,0.975609756097561
5,0.06097560975609756
5,0.06097560975609756
7,0.08536585365853659
6,0.07317073170731707
64,0.7804878048780488
81,0.9878048780487805
5,0.06097560975609756
75,0.9146341463414634
18,0.21951219512195122
82,1.0
0,0.0
77,0.9390243902439024
1,0.012195121951219513
61,0.7439024390243902
0,0.0
82,1.0
2,0.024390243902439025
64,0.7804878048780488
0,0.0
62,0.7560975609756098
0,0.0
0,0.0
0,0.0
3,0.036585365853658534
0,0.0
66,0.8048780487804879
19,0.23170731707317074
77,0.9390243902439024
80,0.975609756097561
0,0.0
3,0.036585365853658534
82,1.0
57,0.6951219512195121
18,0.21951219512195122
82,1.0
6,0.07317073170731707
63,0.7682926829268293
2,0.024390243902439025
0,0.0
82,1.0
0,0.0
0,0.0
0,0.0
0,0.0
15,0.18292682926829268
4,0.04878048780487805
66,0.8048780487804879
1,0.012195121951219513
2,0.024390243902439025
0,0.0
63,0.7682926829268293
62,0.7560975609756098
0,0.0
12,0.14634146341463414
0,0.0
18,0.21951219512195122
16,0.1951219512195122
0,0.0
64,0.7804878048780488
3,0.036585365853658534
65,0.7926829268292683
76,0.926829268292683
75,0.9146341463414634
19,0.23170731707317074
1,0.012195121951219513
82,1.0
0,0.0
65,0.7926829268292683
3,0.036585365853658534
0,0.0
64,0.7804878048780488
82,1.0
31,0.3780487804878049
1,0.012195121951219513
17,0.2073170731707317
0,0.0
1,0.012195121951219513
3,0.036585365853658534
0,0.0
65,0.7926829268292683
65,0.7926829268292683
81,0.9878048780487805
3,0.036585365853658534
17,0.2073170731707317
1,0.012195121951219513
9,0.10975609756097561
3,0.036585365853658534
79,0.9634146341463414
72,0.8780487804878049
72,0.8780487804878049
13,0.15853658536585366
0,0.0
15,0.18292682926829268
53,0.6463414634146342
7,0.08536585365853659
82,1.0
82,1.0
22,0.2682926829268293
12,0.14634146341463414
0,0.0
1,0.012195121951219513
0,0.0
82,1.0
0,0.0
69,0.8414634146341463
61,0.7439024390243902
1,0.012195121951219513
69,0.8414634146341463
13,0.15853658536585366
1,0.012195121951219513
80,0.975609756097561
12,0.14634146341463414
10,0.12195121951219512
82,1.0
82,1.0
69,0.8414634146341463
9,0.10975609756097561
82,1.0
69,0.8414634146341463
81,0.9878048780487805
73,0.8902439024390244
69,0.8414634146341463
0,0.0
0,0.0
75,0.9146341463414634
10,0.12195121951219512
0,0.0
15,0.18292682926829268
0,0.0
1,0.012195121951219513
4,0.04878048780487805
0,0.0
13,0.15853658536585366
11,0.13414634146341464
3,0.036585365853658534
73,0.8902439024390244
0,0.0
81,0.9878048780487805
79,0.9634146341463414
82,1.0
3,0.036585365853658534
8,0.0975609756097561
75,0.9146341463414634
76,0.926829268292683
0,0.0
0,0.0
1,0.012195121951219513
3,0.036585365853658534
14,0.17073170731707318
14,0.17073170731707318
0,0.0
81,0.9878048780487805
58,0.7073170731707317
8,0.0975609756097561
13,0.15853658536585366
5,0.06097560975609756
3,0.036585365853658534
1,0.012195121951219513
0,0.0
12,0.14634146341463414
0,0.0
0,0.0
2,0.024390243902439025
81,0.9878048780487805
13,0.15853658536585366
12,0.14634146341463414
3,0.036585365853658534
0,0.0
1,0.012195121951219513
3,0.036585365853658534
70,0.8536585365853658
66,0.8048780487804879
62,0.7560975609756098
69,0.8414634146341463
2,0.024390243902439025
0,0.0
0,0.0
1,0.012195121951219513
16,0.1951219512195122
12,0.14634146341463414
6,0.07317073170731707
2,0.024390243902439025
6,0.07317073170731707
6,0.07317073170731707
4,0.04878048780487805
0,0.0
20,0.24390243902439024
12,0.14634146341463414
12,0.14634146341463414
0,0.0
0,0.0
1,0.012195121951219513
70,0.8536585365853658
13,0.15853658536585366
0,0.0
7,0.08536585365853659
71,0.8658536585365854
0,0.0
0,0.0
1,0.012195121951219513
13,0.15853658536585366
82,1.0
76,0.926829268292683
2,0.024390243902439025
2,0.024390243902439025
0,0.0
67,0.8170731707317073
0,0.0
0,0.0
12,0.14634146341463414
3,0.036585365853658534
15,0.18292682926829268
60,0.7317073170731707
15,0.18292682926829268
1,0.012195121951219513
15,0.18292682926829268
2,0.024390243902439025
82,1.0
3,0.036585365853658534
2,0.024390243902439025
72,0.8780487804878049
0,0.0
13,0.15853658536585366
0,0.0
16,0.1951219512195122
64,0.7804878048780488
0,0.0
15,0.18292682926829268
0,0.0
73,0.8902439024390244
14,0.17073170731707318
67,0.8170731707317073
3,0.036585365853658534
0,0.0
0,0.0
19,0.23170731707317074
0,0.0
4,0.04878048780487805
0,0.0
0,0.0
9,0.10975609756097561
0,0.0
1,0.012195121951219513
64,0.7804878048780488
1,0.012195121951219513
0,0.0
81,0.9878048780487805
82,1.0
0,0.0
16,0.1951219512195122
74,0.9024390243902439
3,0.036585365853658534
60,0.7317073170731707
0,0.0
75,0.9146341463414634
78,0.9512195121951219
70,0.8536585365853658
15,0.18292682926829268
8,0.0975609756097561
81,0.9878048780487805
66,0.8048780487804879
0,0.0
75,0.9146341463414634
81,0.9878048780487805
1,0.012195121951219513
0,0.0
4,0.04878048780487805
82,1.0
2,0.024390243902439025
0,0.0
0,0.0
1,0.012195121951219513
1,0.012195121951219513
0,0.0
16,0.1951219512195122
15,0.18292682926829268
21,0.25609756097560976
20,0.24390243902439024
1,0.012195121951219513
0,0.0
1,0.012195121951219513
9,0.10975609756097561
4,0.04878048780487805
0,0.0
16,0.1951219512195122
3,0.036585365853658534
76,0.926829268292683
4,0.04878048780487805
0,0.0
2,0.024390243902439025
0,0.0
4,0.04878048780487805
0,0.0
1,0.012195121951219513
82,1.0
82,1.0
73,0.8902439024390244
59,0.7195121951219512
0,0.0
1,0.012195121951219513
0,0.0
1,0.012195121951219513
7,0.08536585365853659
6,0.07317073170731707
1,0.012195121951219513
0,0.0
0,0.0
79,0.9634146341463414
1,0.012195121951219513
81,0.9878048780487805
4,0.04878048780487805
77,0.9390243902439024
81,0.9878048780487805
2,0.024390243902439025
3,0.036585365853658534
0,0.0
5,0.06097560975609756
77,0.9390243902439024
4,0.04878048780487805
82,1.0
80,0.975609756097561
0,0.0
23,0.2804878048780488
79,0.9634146341463414
82,1.0
3,0.036585365853658534
5,0.06097560975609756
74,0.9024390243902439
0,0.0
10,0.12195121951219512
77,0.9390243902439024
0,0.0
29,0.35365853658536583
79,0.9634146341463414
4,0.04878048780487805
4,0.04878048780487805
69,0.8414634146341463
65,0.7926829268292683
1,0.012195121951219513
56,0.6829268292682927
30,0.36585365853658536
0,0.0
32,0.3902439024390244
8,0.0975609756097561
2,0.024390243902439025
5,0.06097560975609756
6,0.07317073170731707
0,0.0
0,0.0
82,1.0
0,0.0
7,0.08536585365853659
7,0.08536585365853659
48,0.5853658536585366
36,0.43902439024390244
51,0.6219512195121951
77,0.9390243902439024
1,0.012195121951219513
0,0.0
82,1.0
0,0.0
51,0.6219512195121951
1,0.012195121951219513
4,0.04878048780487805
73,0.8902439024390244
0,0.0
0,0.0
1,0.012195121951219513
48,0.5853658536585366
0,0.0
4,0.04878048780487805
2,0.024390243902439025
1,0.012195121951219513
22,0.2682926829268293
82,1.0
1,0.012195121951219513
11,0.13414634146341464
4,0.04878048780487805
0,0.0
55,0.6707317073170732
1,0.012195121951219513
6,0.07317073170731707
53,0.6463414634146342
1,0.012195121951219513
82,1.0
1,0.012195121951219513
1,0.012195121951219513
47,0.573170731707317
82,1.0
0,0.0
7,0.08536585365853659
82,1.0
0,0.0
3,0.036585365853658534
82,1.0
82,1.0
4,0.04878048780487805
23,0.2804878048780488
23,0.2804878048780488
2,0.024390243902439025
0,0.0
4,0.04878048780487805
80,0.975609756097561
81,0.9878048780487805
27,0.32926829268292684
0,0.0
6,0.07317073170731707
2,0.024390243902439025
28,0.34146341463414637
3,0.036585365853658534
26,0.3170731707317073
73,0.8902439024390244
0,0.0
27,0.32926829268292684
13,0.15853658536585366
1,0.012195121951219513
82,1.0
0,0.0
22,0.2682926829268293
27,0.32926829268292684
0,0.0
1,0.012195121951219513
0,0.0
2,0.024390243902439025
0,0.0
27,0.32926829268292684
8,0.0975609756097561
6,0.07317073170731707
0,0.0
2,0.024390243902439025
7,0.08536585365853659
0,0.0
75,0.9146341463414634
51,0.6219512195121951
27,0.32926829268292684
0,0.0
3,0.036585365853658534
70,0.8536585365853658
1,0.012195121951219513
81,0.9878048780487805
82,1.0
0,0.0
79,0.9634146341463414
27,0.32926829268292684
81,0.9878048780487805
55,0.6707317073170732
80,0.975609756097561
5,0.06097560975609756
9,0.10975609756097561
0,0.0
0,0.0
77,0.9390243902439024
0,0.0
82,1.0
78,0.9512195121951219
40,0.4878048780487805
2,0.024390243902439025
36,0.43902439024390244
81,0.9878048780487805
10,0.12195121951219512
0,0.0
1,0.012195121951219513
5,0.06097560975609756
0,0.0
3,0.036585365853658534
1,0.012195121951219513
71,0.8658536585365854
41,0.5
78,0.9512195121951219
0,0.0
1,0.012195121951219513
6,0.07317073170731707
75,0.9146341463414634
0,0.0
76,0.926829268292683
82,1.0
81,0.9878048780487805
54,0.6585365853658537
5,0.06097560975609756
1,0.012195121951219513
2,0.024390243902439025
5,0.06097560975609756
37,0.45121951219512196
1,0.012195121951219513
66,0.8048780487804879
1,0.012195121951219513
82,1.0
78,0.9512195121951219
1,0.012195121951219513
15,0.18292682926829268
44,0.5365853658536586
6,0.07317073170731707
11,0.13414634146341464
1,0.012195121951219513
12,0.14634146341463414
2,0.024390243902439025
40,0.4878048780487805
3,0.036585365853658534
81,0.9878048780487805
0,0.0
82,1.0
5,0.06097560975609756
0,0.0
7,0.08536585365853659
0,0.0
44,0.5365853658536586
3,0.036585365853658534
1,0.012195121951219513
0,0.0
0,0.0
2,0.024390243902439025
0,0.0
0,0.0
81,0.9878048780487805
1,0.012195121951219513
11,0.13414634146341464
0,0.0
79,0.9634146341463414
7,0.08536585365853659
44,0.5365853658536586
82,1.0
80,0.975609756097561
7,0.08536585365853659
77,0.9390243902439024
35,0.4268292682926829
10,0.12195121951219512
78,0.9512195121951219
82,1.0
9,0.10975609756097561
35,0.4268292682926829
2,0.024390243902439025
82,1.0
37,0.45121951219512196
81,0.9878048780487805
5,0.06097560975609756
45,0.5487804878048781
4,0.04878048780487805
45,0.5487804878048781
0,0.0
0,0.0
79,0.9634146341463414
2,0.024390243902439025
34,0.4146341463414634
48,0.5853658536585366
48,0.5853658536585366
52,0.6341463414634146
75,0.9146341463414634
82,1.0
4,0.04878048780487805
29,0.35365853658536583
0,0.0
82,1.0
80,0.975609756097561
0,0.0
48,0.5853658536585366
45,0.5487804878048781
39,0.47560975609756095
4,0.04878048780487805
1,0.012195121951219513
82,1.0
36,0.43902439024390244
77,0.9390243902439024
40,0.4878048780487805
0,0.0
40,0.4878048780487805
2,0.024390243902439025
25,0.3048780487804878
44,0.5365853658536586
79,0.9634146341463414
80,0.975609756097561
7,0.08536585365853659
13,0.15853658536585366
79,0.9634146341463414
31,0.3780487804878049
6,0.07317073170731707
4,0.04878048780487805
69,0.8414634146341463
2,0.024390243902439025
0,0.0
0,0.0
0,0.0
0,0.0
82,1.0
0,0.0
32,0.3902439024390244
1,0.012195121951219513
0,0.0
1,0.012195121951219513
0,0.0
0,0.0
0,0.0
27,0.32926829268292684
0,0.0
7,0.08536585365853659
1,0.012195121951219513
51,0.6219512195121951
81,0.9878048780487805
80,0.975609756097561
3,0.036585365853658534
2,0.024390243902439025
1,0.012195121951219513
1,0.012195121951219513
0,0.0
1,0.012195121951219513
82,1.0
1,0.012195121951219513
0,0.0
2,0.024390243902439025
0,0.0
81,0.9878048780487805
4,0.04878048780487805
27,0.32926829268292684
34,0.4146341463414634
46,0.5609756097560976
3,0.036585365853658534
4,0.04878048780487805
1,0.012195121951219513
81,0.9878048780487805
8,0.0975609756097561
49,0.5975609756097561
11,0.13414634146341464
1,0.012195121951219513
82,1.0
82,1.0
0,0.0
0,0.0
1,0.012195121951219513
74,0.9024390243902439
78,0.9512195121951219
33,0.4024390243902439
45,0.5487804878048781
30,0.36585365853658536
48,0.5853658536585366
80,0.975609756097561
1,0.012195121951219513
34,0.4146341463414634
50,0.6097560975609756
5,0.06097560975609756
1,0.012195121951219513
49,0.5975609756097561
0,0.0
82,1.0
4,0.04878048780487805
1,0.012195121951219513
0,0.0
6,0.07317073170731707
1,0.012195121951219513
77,0.9390243902439024
48,0.5853658536585366
49,0.5975609756097561
62,0.7560975609756098
4,0.04878048780487805
33,0.4024390243902439
58,0.7073170731707317
0,0.0
0,0.0
2,0.024390243902439025
75,0.9146341463414634
70,0.8536585365853658
78,0.9512195121951219
10,0.12195121951219512
1,0.012195121951219513
18,0.21951219512195122
0,0.0
35,0.4268292682926829
58,0.7073170731707317
80,0.975609756097561
0,0.0
3,0.036585365853658534
77,0.9390243902439024
0,0.0
25,0.3048780487804878
2,0.024390243902439025
3,0.036585365853658534
0,0.0
46,0.5609756097560976
2,0.024390243902439025
34,0.4146341463414634
0,0.0
82,1.0
30,0.36585365853658536
5,0.06097560975609756
4,0.04878048780487805
4,0.04878048780487805
4,0.04878048780487805
1,0.012195121951219513
6,0.07317073170731707
34,0.4146341463414634
0,0.0
5,0.06097560975609756
0,0.0
0,0.0
3,0.036585365853658534
0,0.0
82,1.0
0,0.0
82,1.0
52,0.6341463414634146
0,0.0
11,0.13414634146341464
51,0.6219512195121951
31,0.3780487804878049
0,0.0
2,0.024390243902439025
19,0.23170731707317074
82,1.0
58,0.7073170731707317
81,0.9878048780487805
80,0.975609756097561
2,0.024390243902439025
2,0.024390243902439025
0,0.0
59,0.7195121951219512
25,0.3048780487804878
82,1.0
46,0.5609756097560976
79,0.9634146341463414
82,1.0
0,0.0
29,0.35365853658536583
29,0.35365853658536583
0,0.0
0,0.0
7,0.08536585365853659
0,0.0
53,0.6463414634146342
52,0.6341463414634146
29,0.35365853658536583
50,0.6097560975609756
82,1.0
16,0.1951219512195122
49,0.5975609756097561
53,0.6463414634146342
31,0.3780487804878049
53,0.6463414634146342
29,0.35365853658536583
53,0.6463414634146342
75,0.9146341463414634
4,0.04878048780487805
2,0.024390243902439025
49,0.5975609756097561
0,0.0
50,0.6097560975609756
2,0.024390243902439025
5,0.06097560975609756
3,0.036585365853658534
51,0.6219512195121951
31,0.3780487804878049
32,0.3902439024390244
24,0.2926829268292683
30,0.36585365853658536
0,0.0
1,0.012195121951219513
31,0.3780487804878049
0,0.0
0,0.0
0,0.0
33,0.4024390243902439
32,0.3902439024390244
10,0.12195121951219512
0,0.0
32,0.3902439024390244
32,0.3902439024390244
1,0.012195121951219513
21,0.25609756097560976
33,0.4024390243902439
5,0.06097560975609756
2,0.024390243902439025
22,0.2682926829268293
43,0.524390243902439
0,0.0
49,0.5975609756097561
0,0.0
22,0.2682926829268293
42,0.5121951219512195
2,0.024390243902439025
21,0.25609756097560976
1,0.012195121951219513
37,0.45121951219512196
20,0.24390243902439024
82,1.0
18,0.21951219512195122
2,0.024390243902439025
81,0.9878048780487805
60,0.7317073170731707
43,0.524390243902439
18,0.21951219512195122
45,0.5487804878048781
0,0.0
80,0.975609756097561
82,1.0
0,0.0
5,0.06097560975609756
17,0.2073170731707317
2,0.024390243902439025
10,0.12195121951219512
20,0.24390243902439024
63,0.7682926829268293
62,0.7560975609756098
19,0.23170731707317074
76,0.926829268292683
0,0.0
0,0.0
23,0.2804878048780488
45,0.5487804878048781
1,0.012195121951219513
0,0.0
19,0.23170731707317074
20,0.24390243902439024
24,0.2926829268292683
7,0.08536585365853659
19,0.23170731707317074
5,0.06097560975609756
80,0.975609756097561
2,0.024390243902439025
63,0.7682926829268293
25,0.3048780487804878
55,0.6707317073170732
20,0.24390243902439024
0,0.0
3,0.036585365853658534
0,0.0
28,0.34146341463414637
0,0.0
1,0.012195121951219513
2,0.024390243902439025
20,0.24390243902439024
14,0.17073170731707318
0,0.0
4,0.04878048780487805
0,0.0
23,0.2804878048780488
61,0.7439024390243902
0,0.0
75,0.9146341463414634
77,0.9390243902439024
3,0.036585365853658534
5,0.06097560975609756
0,0.0
0,0.0
0,0.0
2,0.024390243902439025
2,0.024390243902439025
2,0.024390243902439025
23,0.2804878048780488
49,0.5975609756097561
64,0.7804878048780488
20,0.24390243902439024
2,0.024390243902439025
6,0.07317073170731707
6,0.07317073170731707
28,0.34146341463414637
82,1.0
74,0.9024390243902439
5,0.06097560975609756
1,0.012195121951219513
0,0.0
27,0.32926829268292684
30,0.36585365853658536
0,0.0
0,0.0
82,1.0
0,0.0
36,0.43902439024390244
81,0.9878048780487805
19,0.23170731707317074
19,0.23170731707317074
23,0.2804878048780488
1,0.012195121951219513
3,0.036585365853658534
16,0.1951219512195122
2,0.024390243902439025
39,0.47560975609756095
81,0.9878048780487805
67,0.8170731707317073
1,0.012195121951219513
0,0.0
1,0.012195121951219513
22,0.2682926829268293
12,0.14634146341463414
17,0.2073170731707317
0,0.0
8,0.0975609756097561
3,0.036585365853658534
0,0.0
0,0.0
4,0.04878048780487805
4,0.04878048780487805
82,1.0
10,0.12195121951219512
3,0.036585365853658534
20,0.24390243902439024
1,0.012195121951219513
4,0.04878048780487805
18,0.21951219512195122
5,0.06097560975609756
2,0.024390243902439025
82,1.0
