3,0.046153846153846156
1,0.015384615384615385
0,0.0
0,0.0
0,0.0
0,0.0
1,0.015384615384615385
2,0.03076923076923077
0,0.0
0,0.0
0,0.0
0,0.0
4,0.06153846153846154
4,0.06153846153846154
1,0.015384615384615385
0,0.0
0,0.0
64,0.9846153846153847
0,0.0
0,0.0
0,0.0
1,0.015384615384615385
64,0.9846153846153847
4,0.06153846153846154
0,0.0
0,0.0
0,0.0
0,0.0
4,0.06153846153846154
1,0.015384615384615385
15,0.23076923076923078
5,0.07692307692307693
0,0.0
65,1.0
0,0.0
1,0.015384615384615385
0,0.0
64,0.9846153846153847
0,0.0
1,0.015384615384615385
0,0.0
0,0.0
4,0.06153846153846154
2,0.03076923076923077
0,0.0
3,0.046153846153846156
1,0.015384615384615385
1,0.015384615384615385
2,0.03076923076923077
0,0.0
0,0.0
4,0.06153846153846154
63,0.9692307692307692
65,1.0
11,0.16923076923076924
8,0.12307692307692308
1,0.015384615384615385
6,0.09230769230769231
1,0.015384615384615385
0,0.0
1,0.015384615384615385
65,1.0
2,0.03076923076923077
1,0.015384615384615385
0,0.0
1,0.015384615384615385
3,0.046153846153846156
23,0.35384615384615387
0,0.0
42,0.6461538461538462
1,0.015384615384615385
53,0.8153846153846154
1,0.015384615384615385
0,0.0
1,0.015384615384615385
0,0.0
42,0.6461538461538462
58,0.8923076923076924
4,0.06153846153846154
0,0.0
2,0.03076923076923077
0,0.0
0,0.0
65,1.0
57,0.8769230769230769
60,0.9230769230769231
6,0.09230769230769231
8,0.12307692307692308
1,0.015384615384615385
5,0.07692307692307693
64,0.9846153846153847
59,0.9076923076923077
3,0.046153846153846156
0,0.0
11,0.16923076923076924
0,0.0
37,0.5692307692307692
1,0.015384615384615385
31,0.47692307692307695
4,0.06153846153846154
36,0.5538461538461539
0,0.0
1,0.015384615384615385
1,0.015384615384615385
0,0.0
0,0.0
1,0.015384615384615385
61,0.9384615384615385
32,0.49230769230769234
62,0.9538461538461539
2,0.03076923076923077
65,1.0
12,0.18461538461538463
1,0.015384615384615385
64,0.9846153846153847
65,1.0
0,0.0
0,0.0
1,0.015384615384615385
0,0.0
1,0.015384615384615385
1,0.015384615384615385
64,0.9846153846153847
1,0.015384615384615385
61,0.9384615384615385
2,0.03076923076923077
0,0.0
1,0.015384615384615385
3,0.046153846153846156
63,0.9692307692307692
4,0.06153846153846154
46,0.7076923076923077
1,0.015384615384615385
32,0.49230769230769234
30,0.46153846153846156
26,0.4
25,0.38461538461538464
65,1.0
34,0.5230769230769231
0,0.0
26,0.4
45,0.6923076923076923
0,0.0
35,0.5384615384615384
0,0.0
0,0.0
0,0.0
64,0.9846153846153847
26,0.4
0,0.0
0,0.0
2,0.03076923076923077
2,0.03076923076923077
1,0.015384615384615385
65,1.0
0,0.0
61,0.9384615384615385
65,1.0
36,0.5538461538461539
28,0.4307692307692308
34,0.5230769230769231
0,0.0
2,0.03076923076923077
0,0.0
6,0.09230769230769231
65,1.0
28,0.4307692307692308
35,0.5384615384615384
1,0.015384615384615385
26,0.4
29,0.4461538461538462
62,0.9538461538461539
5,0.07692307692307693
3,0.046153846153846156
23,0.35384615384615387
63,0.9692307692307692
65,1.0
36,0.5538461538461539
10,0.15384615384615385
0,0.0
1,0.015384615384615385
60,0.9230769230769231
4,0.06153846153846154
12,0.18461538461538463
0,0.0
58,0.8923076923076924
60,0.9230769230769231
65,1.0
0,0.0
53,0.8153846153846154
0,0.0
0,0.0
0,0.0
0,0.0
65,1.0
65,1.0
4,0.06153846153846154
65,1.0
65,1.0
64,0.9846153846153847
4,0.06153846153846154
4,0.06153846153846154
7,0.1076923076923077
1,0.015384615384615385
4,0.06153846153846154
53,0.8153846153846154
0,0.0
3,0.046153846153846156
2,0.03076923076923077
0,0.0
0,0.0
0,0.0
2,0.03076923076923077
3,0.046153846153846156
62,0.9538461538461539
0,0.0
0,0.0
0,0.0
0,0.0
1,0.015384615384615385
2,0.03076923076923077
23,0.35384615384615387
1,0.015384615384615385
38,0.5846153846153846
2,0.03076923076923077
54,0.8307692307692308
35,0.5384615384615384
0,0.0
3,0.046153846153846156
1,0.015384615384615385
22,0.3384615384615385
58,0.8923076923076924
0,0.0
0,0.0
5,0.07692307692307693
64,0.9846153846153847
0,0.0
1,0.015384615384615385
65,1.0
65,1.0
0,0.0
1,0.015384615384615385
0,0.0
2,0.03076923076923077
62,0.9538461538461539
65,1.0
65,1.0
61,0.9384615384615385
0,0.0
6,0.09230769230769231
62,0.9538461538461539
3,0.046153846153846156
62,0.9538461538461539
0,0.0
4,0.06153846153846154
0,0.0
65,1.0
42,0.6461538461538462
0,0.0
61,0.9384615384615385
63,0.9692307692307692
2,0.03076923076923077
4,0.06153846153846154
64,0.9846153846153847
2,0.03076923076923077
3,0.046153846153846156
65,1.0
0,0.0
0,0.0
21,0.3230769230769231
0,0.0
6,0.09230769230769231
65,1.0
0,0.0
0,0.0
65,1.0
61,0.9384615384615385
0,0.0
34,0.5230769230769231
3,0.046153846153846156
0,0.0
13,0.2
0,0.0
11,0.16923076923076924
5,0.07692307692307693
51,0.7846153846153846
65,1.0
59,0.9076923076923077
11,0.16923076923076924
64,0.9846153846153847
65,1.0
11,0.16923076923076924
31,0.47692307692307695
0,0.0
0,0.0
65,1.0
0,0.0
3,0.046153846153846156
11,0.16923076923076924
2,0.03076923076923077
1,0.015384615384615385
0,0.0
64,0.9846153846153847
7,0.1076923076923077
5,0.07692307692307693
9,0.13846153846153847
9,0.13846153846153847
1,0.015384615384615385
65,1.0
63,0.9692307692307692
10,0.15384615384615385
6,0.09230769230769231
1,0.015384615384615385
64,0.9846153846153847
65,1.0
65,1.0
64,0.9846153846153847
56,0.8615384615384616
7,0.1076923076923077
0,0.0
65,1.0
6,0.09230769230769231
42,0.6461538461538462
0,0.0
0,0.0
10,0.15384615384615385
1,0.015384615384615385
9,0.13846153846153847
35,0.5384615384615384
0,0.0
56,0.8615384615384616
24,0.36923076923076925
1,0.015384615384615385
3,0.046153846153846156
2,0.03076923076923077
6,0.09230769230769231
33,0.5076923076923077
35,0.5384615384615384
22,0.3384615384615385
1,0.015384615384615385
30,0.46153846153846156
0,0.0
54,0.8307692307692308
54,0.8307692307692308
0,0.0
7,0.1076923076923077
11,0.16923076923076924
0,0.0
46,0.7076923076923077
19,0.2923076923076923
20,0.3076923076923077
1,0.015384615384615385
20,0.3076923076923077
46,0.7076923076923077
8,0.12307692307692308
18,0.27692307692307694
0,0.0
65,1.0
65,1.0
49,0.7538461538461538
37,0.5692307692307692
2,0.03076923076923077
5,0.07692307692307693
48,0.7384615384615385
20,0.3076923076923077
0,0.0
17,0.26153846153846155
20,0.3076923076923077
18,0.27692307692307694
1,0.015384615384615385
22,0.3384615384615385
4,0.06153846153846154
20,0.3076923076923077
47,0.7230769230769231
51,0.7846153846153846
0,0.0
0,0.0
1,0.015384615384615385
0,0.0
0,0.0
2,0.03076923076923077
2,0.03076923076923077
18,0.27692307692307694
2,0.03076923076923077
0,0.0
64,0.9846153846153847
0,0.0
65,1.0
14,0.2153846153846154
0,0.0
2,0.03076923076923077
0,0.0
2,0.03076923076923077
0,0.0
0,0.0
18,0.27692307692307694
1,0.015384615384615385
0,0.0
1,0.015384615384615385
0,0.0
0,0.0
17,0.26153846153846155
0,0.0
16,0.24615384615384617
2,0.03076923076923077
0,0.0
46,0.7076923076923077
0,0.0
17,0.26153846153846155
20,0.3076923076923077
1,0.015384615384615385
17,0.26153846153846155
3,0.046153846153846156
21,0.3230769230769231
0,0.0
0,0.0
63,0.9692307692307692
0,0.0
48,0.7384615384615385
4,0.06153846153846154
0,0.0
3,0.046153846153846156
1,0.015384615384615385
0,0.0
3,0.046153846153846156
43,0.6615384615384615
17,0.26153846153846155
24,0.36923076923076925
13,0.2
1,0.015384615384615385
2,0.03076923076923077
19,0.2923076923076923
0,0.0
0,0.0
33,0.5076923076923077
0,0.0
0,0.0
23,0.35384615384615387
45,0.6923076923076923
0,0.0
0,0.0
0,0.0
64,0.9846153846153847
0,0.0
5,0.07692307692307693
0,0.0
7,0.1076923076923077
45,0.6923076923076923
0,0.0
3,0.046153846153846156
0,0.0
62,0.9538461538461539
0,0.0
0,0.0
63,0.9692307692307692
21,0.3230769230769231
0,0.0
45,0.6923076923076923
65,1.0
0,0.0
0,0.0
0,0.0
45,0.6923076923076923
0,0.0
20,0.3076923076923077
45,0.6923076923076923
0,0.0
61,0.9384615384615385
0,0.0
1,0.015384615384615385
5,0.07692307692307693
0,0.0
8,0.12307692307692308
64,0.9846153846153847
3,0.046153846153846156
63,0.9692307692307692
27,0.4153846153846154
20,0.3076923076923077
2,0.03076923076923077
0,0.0
1,0.015384615384615385
0,0.0
0,0.0
0,0.0
0,0.0
12,0.18461538461538463
0,0.0
65,1.0
0,0.0
45,0.6923076923076923
59,0.9076923076923077
44,0.676923076923077
20,0.3076923076923077
1,0.015384615384615385
0,0.0
1,0.015384615384615385
28,0.4307692307692308
65,1.0
2,0.03076923076923077
4,0.06153846153846154
0,0.0
65,1.0
35,0.5384615384615384
43,0.6615384615384615
3,0.046153846153846156
0,0.0
0,0.0
0,0.0
64,0.9846153846153847
50,0.7692307692307693
44,0.676923076923077
43,0.6615384615384615
1,0.015384615384615385
0,0.0
1,0.015384615384615385
6,0.09230769230769231
65,1.0
63,0.9692307692307692
46,0.7076923076923077
22,0.3384615384615385
2,0.03076923076923077
1,0.015384615384615385
27,0.4153846153846154
1,0.015384615384615385
22,0.3384615384615385
24,0.36923076923076925
1,0.015384615384615385
0,0.0
22,0.3384615384615385
54,0.8307692307692308
0,0.0
1,0.015384615384615385
62,0.9538461538461539
65,1.0
59,0.9076923076923077
58,0.8923076923076924
3,0.046153846153846156
0,0.0
42,0.6461538461538462
0,0.0
41,0.6307692307692307
10,0.15384615384615385
42,0.6461538461538462
0,0.0
23,0.35384615384615387
43,0.6615384615384615
43,0.6615384615384615
22,0.3384615384615385
65,1.0
54,0.8307692307692308
64,0.9846153846153847
22,0.3384615384615385
45,0.6923076923076923
23,0.35384615384615387
22,0.3384615384615385
5,0.07692307692307693
15,0.23076923076923078
5,0.07692307692307693
15,0.23076923076923078
42,0.6461538461538462
0,0.0
64,0.9846153846153847
43,0.6615384615384615
39,0.6
8,0.12307692307692308
23,0.35384615384615387
61,0.9384615384615385
2,0.03076923076923077
19,0.2923076923076923
3,0.046153846153846156
63,0.9692307692307692
61,0.9384615384615385
1,0.015384615384615385
27,0.4153846153846154
24,0.36923076923076925
0,0.0
65,1.0
1,0.015384615384615385
61,0.9384615384615385
33,0.5076923076923077
41,0.6307692307692307
20,0.3076923076923077
0,0.0
40,0.6153846153846154
41,0.6307692307692307
41,0.6307692307692307
1,0.015384615384615385
0,0.0
20,0.3076923076923077
24,0.36923076923076925
65,1.0
41,0.6307692307692307
54,0.8307692307692308
0,0.0
0,0.0
0,0.0
0,0.0
0,0.0
65,1.0
0,0.0
23,0.35384615384615387
0,0.0
65,1.0
0,0.0
64,0.9846153846153847
2,0.03076923076923077
61,0.9384615384615385
47,0.7230769230769231
1,0.015384615384615385
0,0.0
1,0.015384615384615385
63,0.9692307692307692
18,0.27692307692307694
5,0.07692307692307693
62,0.9538461538461539
0,0.0
0,0.0
53,0.8153846153846154
2,0.03076923076923077
0,0.0
3,0.046153846153846156
60,0.9230769230769231
65,1.0
16,0.24615384615384617
0,0.0
0,0.0
2,0.03076923076923077
0,0.0
0,0.0
1,0.015384615384615385
0,0.0
0,0.0
0,0.0
63,0.9692307692307692
1,0.015384615384615385
0,0.0
0,0.0
65,1.0
1,0.015384615384615385
0,0.0
0,0.0
65,1.0
0,0.0
1,0.015384615384615385
62,0.9538461538461539
3,0.046153846153846156
15,0.23076923076923078
65,1.0
5,0.07692307692307693
0,0.0
39,0.6
1,0.015384615384615385
64,0.9846153846153847
0,0.0
64,0.9846153846153847
0,0.0
0,0.0
3,0.046153846153846156
1,0.015384615384615385
1,0.015384615384615385
0,0.0
1,0.015384615384615385
0,0.0
0,0.0
2,0.03076923076923077
63,0.9692307692307692
1,0.015384615384615385
1,0.015384615384615385
0,0.0
0,0.0
11,0.16923076923076924
52,0.8
4,0.06153846153846154
61,0.9384615384615385
0,0.0
64,0.9846153846153847
1,0.015384615384615385
1,0.015384615384615385
7,0.1076923076923077
0,0.0
3,0.046153846153846156
60,0.9230769230769231
0,0.0
64,0.9846153846153847
1,0.015384615384615385
65,1.0
0,0.0
65,1.0
65,1.0
12,0.18461538461538463
11,0.16923076923076924
0,0.0
1,0.015384615384615385
65,1.0
0,0.0
0,0.0
63,0.9692307692307692
65,1.0
54,0.8307692307692308
0,0.0
11,0.16923076923076924
1,0.015384615384615385
53,0.8153846153846154
54,0.8307692307692308
63,0.9692307692307692
12,0.18461538461538463
1,0.015384615384615385
58,0.8923076923076924
65,1.0
58,0.8923076923076924
0,0.0
4,0.06153846153846154
2,0.03076923076923077
0,0.0
1,0.015384615384615385
65,1.0
16,0.24615384615384617
2,0.03076923076923077
37,0.5692307692307692
4,0.06153846153846154
2,0.03076923076923077
64,0.9846153846153847
9,0.13846153846153847
1,0.015384615384615385
0,0.0
63,0.9692307692307692
63,0.9692307692307692
65,1.0
0,0.0
65,1.0
65,1.0
2,0.03076923076923077
1,0.015384615384615385
0,0.0
1,0.015384615384615385
2,0.03076923076923077
54,0.8307692307692308
64,0.9846153846153847
0,0.0
3,0.046153846153846156
9,0.13846153846153847
22,0.3384615384615385
0,0.0
0,0.0
2,0.03076923076923077
0,0.0
1,0.015384615384615385
65,1.0
23,0.35384615384615387
4,0.06153846153846154
8,0.12307692307692308
4,0.06153846153846154
42,0.6461538461538462
0,0.0
1,0.015384615384615385
65,1.0
11,0.16923076923076924
23,0.35384615384615387
0,0.0
65,1.0
64,0.9846153846153847
48,0.7384615384615385
65,1.0
0,0.0
0,0.0
65,1.0
14,0.2153846153846154
0,0.0
0,0.0
0,0.0
2,0.03076923076923077
65,1.0
65,1.0
38,0.5846153846153846
0,0.0
25,0.38461538461538464
63,0.9692307692307692
65,1.0
0,0.0
1,0.015384615384615385
60,0.9230769230769231
0,0.0
0,0.0
0,0.0
0,0.0
23,0.35384615384615387
64,0.9846153846153847
43,0.6615384615384615
2,0.03076923076923077
25,0.38461538461538464
62,0.9538461538461539
6,0.09230769230769231
2,0.03076923076923077
0,0.0
63,0.9692307692307692
0,0.0
10,0.15384615384615385
47,0.7230769230769231
4,0.06153846153846154
65,1.0
5,0.07692307692307693
65,1.0
60,0.9230769230769231
60,0.9230769230769231
0,0.0
1,0.015384615384615385
0,0.0
12,0.18461538461538463
11,0.16923076923076924
60,0.9230769230769231
22,0.3384615384615385
1,0.015384615384615385
52,0.8
0,0.0
3,0.046153846153846156
65,1.0
1,0.015384615384615385
2,0.03076923076923077
0,0.0
65,1.0
6,0.09230769230769231
65,1.0
63,0.9692307692307692
65,1.0
0,0.0
1,0.015384615384615385
21,0.3230769230769231
0,0.0
3,0.046153846153846156
0,0.0
3,0.046153846153846156
0,0.0
1,0.015384615384615385
4,0.06153846153846154
1,0.015384615384615385
2,0.03076923076923077
4,0.06153846153846154
1,0.015384615384615385
0,0.0
2,0.03076923076923077
3,0.046153846153846156
1,0.015384615384615385
0,0.0
0,0.0
0,0.0
0,0.0
65,1.0
64,0.9846153846153847
0,0.0
40,0.6153846153846154
8,0.12307692307692308
7,0.1076923076923077
0,0.0
58,0.8923076923076924
2,0.03076923076923077
0,0.0
38,0.5846153846153846
64,0.9846153846153847
5,0.07692307692307693
63,0.9692307692307692
63,0.9692307692307692
64,0.9846153846153847
0,0.0
58,0.8923076923076924
40,0.6153846153846154
0,0.0
12,0.18461538461538463
0,0.0
62,0.9538461538461539
19,0.2923076923076923
33,0.5076923076923077
1,0.015384615384615385
34,0.5230769230769231
8,0.12307692307692308
18,0.27692307692307694
1,0.015384615384615385
16,0.24615384615384617
20,0.3076923076923077
42,0.6461538461538462
38,0.5846153846153846
2,0.03076923076923077
0,0.0
56,0.8615384615384616
9,0.13846153846153847
2,0.03076923076923077
6,0.09230769230769231
9,0.13846153846153847
63,0.9692307692307692
0,0.0
31,0.47692307692307695
53,0.8153846153846154
6,0.09230769230769231
45,0.6923076923076923
2,0.03076923076923077
17,0.26153846153846155
56,0.8615384615384616
64,0.9846153846153847
0,0.0
59,0.9076923076923077
41,0.6307692307692307
9,0.13846153846153847
0,0.0
65,1.0
1,0.015384615384615385
17,0.26153846153846155
0,0.0
43,0.6615384615384615
56,0.8615384615384616
17,0.26153846153846155
5,0.07692307692307693
65,1.0
55,0.8461538461538461
62,0.9538461538461539
44,0.676923076923077
3,0.046153846153846156
9,0.13846153846153847
52,0.8
54,0.8307692307692308
3,0.046153846153846156
59,0.9076923076923077
43,0.6615384615384615
7,0.1076923076923077
6,0.09230769230769231
48,0.7384615384615385
0,0.0
4,0.06153846153846154
0,0.0
3,0.046153846153846156
56,0.8615384615384616
9,0.13846153846153847
11,0.16923076923076924
16,0.24615384615384617
17,0.26153846153846155
62,0.9538461538461539
12,0.18461538461538463
0,0.0
0,0.0
14,0.2153846153846154
2,0.03076923076923077
47,0.7230769230769231
0,0.0
11,0.16923076923076924
12,0.18461538461538463
0,0.0
1,0.015384615384615385
10,0.15384615384615385
21,0.3230769230769231
3,0.046153846153846156
38,0.5846153846153846
0,0.0
16,0.24615384615384617
0,0.0
44,0.676923076923077
34,0.5230769230769231
0,0.0
0,0.0
14,0.2153846153846154
14,0.2153846153846154
27,0.4153846153846154
44,0.676923076923077
41,0.6307692307692307
21,0.3230769230769231
23,0.35384615384615387
58,0.8923076923076924
65,1.0
47,0.7230769230769231
21,0.3230769230769231
0,0.0
25,0.38461538461538464
0,0.0
0,0.0
40,0.6153846153846154
65,1.0
1,0.015384615384615385
8,0.12307692307692308
5,0.07692307692307693
44,0.676923076923077
43,0.6615384615384615
21,0.3230769230769231
44,0.676923076923077
44,0.676923076923077
5,0.07692307692307693
1,0.015384615384615385
38,0.5846153846153846
64,0.9846153846153847
64,0.9846153846153847
63,0.9692307692307692
31,0.47692307692307695
46,0.7076923076923077
6,0.09230769230769231
31,0.47692307692307695
50,0.7692307692307693
8,0.12307692307692308
33,0.5076923076923077
21,0.3230769230769231
34,0.5230769230769231
64,0.9846153846153847
17,0.26153846153846155
0,0.0
33,0.5076923076923077
0,0.0
1,0.015384615384615385
0,0.0
7,0.1076923076923077
0,0.0
15,0.23076923076923078
0,0.0
6,0.09230769230769231
21,0.3230769230769231
18,0.27692307692307694
65,1.0
0,0.0
15,0.23076923076923078
25,0.38461538461538464
65,1.0
13,0.2
1,0.015384615384615385
35,0.5384615384615384
32,0.49230769230769234
33,0.5076923076923077
38,0.5846153846153846
34,0.5230769230769231
1,0.015384615384615385
59,0.9076923076923077
15,0.23076923076923078
33,0.5076923076923077
1,0.015384615384615385
38,0.5846153846153846
21,0.3230769230769231
4,0.06153846153846154
31,0.47692307692307695
0,0.0
38,0.5846153846153846
42,0.6461538461538462
40,0.6153846153846154
20,0.3076923076923077
5,0.07692307692307693
64,0.9846153846153847
63,0.9692307692307692
19,0.2923076923076923
49,0.7538461538461538
41,0.6307692307692307
16,0.24615384615384617
37,0.5692307692307692
39,0.6
20,0.3076923076923077
45,0.6923076923076923
32,0.49230769230769234
2,0.03076923076923077
38,0.5846153846153846
15,0.23076923076923078
61,0.9384615384615385
11,0.16923076923076924
0,0.0
0,0.0
33,0.5076923076923077
65,1.0
27,0.4153846153846154
22,0.3384615384615385
0,0.0
45,0.6923076923076923
19,0.2923076923076923
0,0.0
2,0.03076923076923077
65,1.0
7,0.1076923076923077
0,0.0
0,0.0
62,0.9538461538461539
0,0.0
65,1.0
30,0.46153846153846156
2,0.03076923076923077
0,0.0
0,0.0
4,0.06153846153846154
29,0.4461538461538462
33,0.5076923076923077
2,0.03076923076923077
0,0.0
0,0.0
0,0.0
2,0.03076923076923077
6,0.09230769230769231
17,0.26153846153846155
23,0.35384615384615387
17,0.26153846153846155
0,0.0
65,1.0
0,0.0
0,0.0
5,0.07692307692307693
0,0.0
1,0.015384615384615385
0,0.0
46,0.7076923076923077
40,0.6153846153846154
0,0.0
0,0.0
36,0.5538461538461539
62,0.9538461538461539
58,0.8923076923076924
42,0.6461538461538462
64,0.9846153846153847
65,1.0
1,0.015384615384615385
62,0.9538461538461539
1,0.015384615384615385
0,0.0
3,0.046153846153846156
51,0.7846153846153846
62,0.9538461538461539
65,1.0
60,0.9230769230769231
61,0.9384615384615385
64,0.9846153846153847
22,0.3384615384615385
65,1.0
0,0.0
7,0.1076923076923077
63,0.9692307692307692
63,0.9692307692307692
61,0.9384615384615385
0,0.0
3,0.046153846153846156
50,0.7692307692307693
63,0.9692307692307692
3,0.046153846153846156
37,0.5692307692307692
0,0.0
3,0.046153846153846156
0,0.0
3,0.046153846153846156
2,0.03076923076923077
0,0.0
2,0.03076923076923077
3,0.046153846153846156
3,0.046153846153846156
24,0.36923076923076925
61,0.9384615384615385
1,0.015384615384615385
27,0.4153846153846154
23,0.35384615384615387
1,0.015384615384615385
4,0.06153846153846154
59,0.9076923076923077
0,0.0
25,0.38461538461538464
4,0.06153846153846154
20,0.3076923076923077
0,0.0
6,0.09230769230769231
