0,0.0
2,0.028169014084507043
0,0.0
11,0.15492957746478872
7,0.09859154929577464
6,0.08450704225352113
2,0.028169014084507043
70,0.9859154929577465
6,0.08450704225352113
0,0.0
3,0.04225352112676056
4,0.056338028169014086
6,0.08450704225352113
6,0.08450704225352113
0,0.0
62,0.8732394366197183
0,0.0
0,0.0
0,0.0
0,0.0
0,0.0
0,0.0
0,0.0
68,0.9577464788732394
66,0.9295774647887324
10,0.14084507042253522
1,0.014084507042253521
3,0.04225352112676056
4,0.056338028169014086
71,1.0
2,0.028169014084507043
5,0.07042253521126761
68,0.9577464788732394
0,0.0
0,0.0
0,0.0
71,1.0
2,0.028169014084507043
0,0.0
5,0.07042253521126761
0,0.0
0,0.0
65,0.9154929577464789
0,0.0
67,0.9436619718309859
67,0.9436619718309859
0,0.0
4,0.056338028169014086
69,0.971830985915493
2,0.028169014084507043
7,0.09859154929577464
4,0.056338028169014086
53,0.7464788732394366
4,0.056338028169014086
0,0.0
1,0.014084507042253521
0,0.0
13,0.18309859154929578
0,0.0
0,0.0
0,0.0
64,0.9014084507042254
4,0.056338028169014086
2,0.028169014084507043
10,0.14084507042253522
2,0.028169014084507043
55,0.7746478873239436
68,0.9577464788732394
1,0.014084507042253521
0,0.0
5,0.07042253521126761
67,0.9436619718309859
1,0.014084507042253521
4,0.056338028169014086
69,0.971830985915493
71,1.0
0,0.0
0,0.0
0,0.0
0,0.0
0,0.0
60,0.8450704225352113
0,0.0
63,0.8873239436619719
69,0.971830985915493
69,0.971830985915493
0,0.0
69,0.971830985915493
0,0.0
11,0.15492957746478872
0,0.0
12,0.16901408450704225
65,0.9154929577464789
18,0.2535211267605634
16,0.22535211267605634
3,0.04225352112676056
53,0.7464788732394366
16,0.22535211267605634
18,0.2535211267605634
0,0.0
2,0.028169014084507043
53,0.7464788732394366
69,0.971830985915493
71,1.0
1,0.014084507042253521
0,0.0
1,0.014084507042253521
0,0.0
8,0.11267605633802817
1,0.014084507042253521
1,0.014084507042253521
2,0.028169014084507043
68,0.9577464788732394
0,0.0
0,0.0
14,0.19718309859154928
59,0.8309859154929577
15,0.2112676056338028
1,0.014084507042253521
69,0.971830985915493
2,0.028169014084507043
24,0.3380281690140845
1,0.014084507042253521
68,0.9577464788732394
2,0.028169014084507043
14,0.19718309859154928
20,0.28169014084507044
27,0.38028169014084506
71,1.0
13,0.18309859154929578
71,1.0
13,0.18309859154929578
0,0.0
54,0.7605633802816901
0,0.0
17,0.23943661971830985
0,0.0
3,0.04225352112676056
71,1.0
0,0.0
50,0.704225352112676
1,0.014084507042253521
0,0.0
10,0.14084507042253522
51,0.7183098591549296
0,0.0
55,0.7746478873239436
0,0.0
0,0.0
0,0.0
71,1.0
4,0.056338028169014086
71,1.0
0,0.0
0,0.0
71,1.0
70,0.9859154929577465
0,0.0
4,0.056338028169014086
1,0.014084507042253521
0,0.0
1,0.014084507042253521
54,0.7605633802816901
71,1.0
0,0.0
0,0.0
10,0.14084507042253522
63,0.8873239436619719
0,0.0
69,0.971830985915493
70,0.9859154929577465
1,0.014084507042253521
50,0.704225352112676
1,0.014084507042253521
1,0.014084507042253521
65,0.9154929577464789
0,0.0
0,0.0
2,0.028169014084507043
1,0.014084507042253521
1,0.014084507042253521
1,0.014084507042253521
69,0.971830985915493
0,0.0
3,0.04225352112676056
3,0.04225352112676056
2,0.028169014084507043
2,0.028169014084507043
6,0.08450704225352113
68,0.9577464788732394
67,0.9436619718309859
61,0.8591549295774648
0,0.0
1,0.014084507042253521
0,0.0
5,0.07042253521126761
0,0.0
10,0.14084507042253522
0,0.0
8,0.11267605633802817
0,0.0
0,0.0
66,0.9295774647887324
0,0.0
5,0.07042253521126761
58,0.8169014084507042
71,1.0
8,0.11267605633802817
0,0.0
70,0.9859154929577465
71,1.0
53,0.7464788732394366
71,1.0
0,0.0
11,0.15492957746478872
0,0.0
0,0.0
0,0.0
0,0.0
71,1.0
71,1.0
0,0.0
0,0.0
11,0.15492957746478872
65,0.9154929577464789
0,0.0
11,0.15492957746478872
10,0.14084507042253522
1,0.014084507042253521
0,0.0
29,0.4084507042253521
0,0.0
0,0.0
60,0.8450704225352113
69,0.971830985915493
0,0.0
0,0.0
11,0.15492957746478872
2,0.028169014084507043
70,0.9859154929577465
0,0.0
0,0.0
0,0.0
71,1.0
0,0.0
11,0.15492957746478872
68,0.9577464788732394
7,0.09859154929577464
0,0.0
2,0.028169014084507043
57,0.8028169014084507
68,0.9577464788732394
1,0.014084507042253521
7,0.09859154929577464
1,0.014084507042253521
71,1.0
0,0.0
1,0.014084507042253521
39,0.5492957746478874
3,0.04225352112676056
0,0.0
35,0.49295774647887325
0,0.0
59,0.8309859154929577
0,0.0
1,0.014084507042253521
10,0.14084507042253522
0,0.0
14,0.19718309859154928
2,0.028169014084507043
70,0.9859154929577465
2,0.028169014084507043
0,0.0
12,0.16901408450704225
0,0.0
1,0.014084507042253521
7,0.09859154929577464
0,0.0
37,0.5211267605633803
8,0.11267605633802817
0,0.0
1,0.014084507042253521
1,0.014084507042253521
0,0.0
1,0.014084507042253521
1,0.014084507042253521
0,0.0
0,0.0
70,0.9859154929577465
71,1.0
40,0.5633802816901409
60,0.8450704225352113
3,0.04225352112676056
71,1.0
1,0.014084507042253521
1,0.014084507042253521
71,1.0
0,0.0
1,0.014084507042253521
40,0.5633802816901409
40,0.5633802816901409
5,0.07042253521126761
28,0.39436619718309857
1,0.014084507042253521
43,0.6056338028169014
15,0.2112676056338028
35,0.49295774647887325
0,0.0
0,0.0
1,0.014084507042253521
7,0.09859154929577464
70,0.9859154929577465
16,0.22535211267605634
12,0.16901408450704225
1,0.014084507042253521
71,1.0
50,0.704225352112676
15,0.2112676056338028
26,0.36619718309859156
70,0.9859154929577465
0,0.0
15,0.2112676056338028
56,0.7887323943661971
4,0.056338028169014086
0,0.0
3,0.04225352112676056
15,0.2112676056338028
0,0.0
15,0.2112676056338028
11,0.15492957746478872
12,0.16901408450704225
0,0.0
1,0.014084507042253521
0,0.0
56,0.7887323943661971
0,0.0
71,1.0
0,0.0
1,0.014084507042253521
15,0.2112676056338028
7,0.09859154929577464
0,0.0
48,0.676056338028169
1,0.014084507042253521
2,0.028169014084507043
0,0.0
26,0.36619718309859156
49,0.6901408450704225
1,0.014084507042253521
0,0.0
1,0.014084507042253521
0,0.0
1,0.014084507042253521
14,0.19718309859154928
1,0.014084507042253521
55,0.7746478873239436
4,0.056338028169014086
15,0.2112676056338028
15,0.2112676056338028
30,0.4225352112676056
1,0.014084507042253521
71,1.0
16,0.22535211267605634
23,0.323943661971831
70,0.9859154929577465
1,0.014084507042253521
19,0.2676056338028169
7,0.09859154929577464
2,0.028169014084507043
3,0.04225352112676056
59,0.8309859154929577
3,0.04225352112676056
0,0.0
0,0.0
16,0.22535211267605634
6,0.08450704225352113
57,0.8028169014084507
0,0.0
0,0.0
71,1.0
14,0.19718309859154928
3,0.04225352112676056
1,0.014084507042253521
1,0.014084507042253521
5,0.07042253521126761
3,0.04225352112676056
2,0.028169014084507043
13,0.18309859154929578
16,0.22535211267605634
29,0.4084507042253521
0,0.0
15,0.2112676056338028
1,0.014084507042253521
23,0.323943661971831
56,0.7887323943661971
4,0.056338028169014086
70,0.9859154929577465
16,0.22535211267605634
71,1.0
0,0.0
6,0.08450704225352113
56,0.7887323943661971
67,0.9436619718309859
0,0.0
16,0.22535211267605634
61,0.8591549295774648
0,0.0
71,1.0
1,0.014084507042253521
70,0.9859154929577465
7,0.09859154929577464
0,0.0
0,0.0
55,0.7746478873239436
1,0.014084507042253521
17,0.23943661971830985
0,0.0
63,0.8873239436619719
6,0.08450704225352113
24,0.3380281690140845
5,0.07042253521126761
70,0.9859154929577465
17,0.23943661971830985
17,0.23943661971830985
0,0.0
54,0.7605633802816901
0,0.0
1,0.014084507042253521
6,0.08450704225352113
23,0.323943661971831
0,0.0
2,0.028169014084507043
0,0.0
0,0.0
1,0.014084507042253521
0,0.0
1,0.014084507042253521
0,0.0
0,0.0
71,1.0
16,0.22535211267605634
0,0.0
0,0.0
14,0.19718309859154928
2,0.028169014084507043
70,0.9859154929577465
71,1.0
70,0.9859154929577465
69,0.971830985915493
2,0.028169014084507043
3,0.04225352112676056
58,0.8169014084507042
1,0.014084507042253521
1,0.014084507042253521
50,0.704225352112676
71,1.0
0,0.0
0,0.0
20,0.28169014084507044
2,0.028169014084507043
34,0.4788732394366197
0,0.0
0,0.0
24,0.3380281690140845
65,0.9154929577464789
0,0.0
7,0.09859154929577464
0,0.0
4,0.056338028169014086
0,0.0
7,0.09859154929577464
71,1.0
1,0.014084507042253521
7,0.09859154929577464
5,0.07042253521126761
16,0.22535211267605634
38,0.5352112676056338
0,0.0
41,0.5774647887323944
43,0.6056338028169014
64,0.9014084507042254
11,0.15492957746478872
0,0.0
0,0.0
9,0.1267605633802817
7,0.09859154929577464
64,0.9014084507042254
0,0.0
51,0.7183098591549296
8,0.11267605633802817
7,0.09859154929577464
0,0.0
0,0.0
0,0.0
23,0.323943661971831
19,0.2676056338028169
0,0.0
5,0.07042253521126761
2,0.028169014084507043
69,0.971830985915493
66,0.9295774647887324
42,0.5915492957746479
0,0.0
67,0.9436619718309859
0,0.0
0,0.0
0,0.0
2,0.028169014084507043
0,0.0
0,0.0
69,0.971830985915493
0,0.0
0,0.0
52,0.7323943661971831
16,0.22535211267605634
0,0.0
8,0.11267605633802817
70,0.9859154929577465
0,0.0
48,0.676056338028169
0,0.0
17,0.23943661971830985
3,0.04225352112676056
10,0.14084507042253522
10,0.14084507042253522
17,0.23943661971830985
11,0.15492957746478872
0,0.0
32,0.4507042253521127
10,0.14084507042253522
0,0.0
4,0.056338028169014086
54,0.7605633802816901
50,0.704225352112676
0,0.0
26,0.36619718309859156
57,0.8028169014084507
0,0.0
14,0.19718309859154928
0,0.0
14,0.19718309859154928
10,0.14084507042253522
12,0.16901408450704225
57,0.8028169014084507
1,0.014084507042253521
19,0.2676056338028169
71,1.0
66,0.9295774647887324
0,0.0
0,0.0
31,0.43661971830985913
53,0.7464788732394366
40,0.5633802816901409
40,0.5633802816901409
1,0.014084507042253521
68,0.9577464788732394
12,0.16901408450704225
70,0.9859154929577465
23,0.323943661971831
39,0.5492957746478874
15,0.2112676056338028
50,0.704225352112676
0,0.0
70,0.9859154929577465
0,0.0
36,0.5070422535211268
1,0.014084507042253521
40,0.5633802816901409
48,0.676056338028169
1,0.014084507042253521
48,0.676056338028169
71,1.0
0,0.0
1,0.014084507042253521
35,0.49295774647887325
13,0.18309859154929578
71,1.0
41,0.5774647887323944
31,0.43661971830985913
68,0.9577464788732394
31,0.43661971830985913
0,0.0
20,0.28169014084507044
32,0.4507042253521127
0,0.0
38,0.5352112676056338
31,0.43661971830985913
41,0.5774647887323944
1,0.014084507042253521
1,0.014084507042253521
24,0.3380281690140845
31,0.43661971830985913
40,0.5633802816901409
0,0.0
71,1.0
2,0.028169014084507043
51,0.7183098591549296
31,0.43661971830985913
40,0.5633802816901409
31,0.43661971830985913
70,0.9859154929577465
67,0.9436619718309859
42,0.5915492957746479
28,0.39436619718309857
0,0.0
30,0.4225352112676056
11,0.15492957746478872
26,0.36619718309859156
3,0.04225352112676056
39,0.5492957746478874
41,0.5774647887323944
30,0.4225352112676056
30,0.4225352112676056
0,0.0
2,0.028169014084507043
1,0.014084507042253521
31,0.43661971830985913
21,0.29577464788732394
0,0.0
22,0.30985915492957744
45,0.6338028169014085
29,0.4084507042253521
36,0.5070422535211268
10,0.14084507042253522
13,0.18309859154929578
38,0.5352112676056338
10,0.14084507042253522
39,0.5492957746478874
0,0.0
39,0.5492957746478874
0,0.0
1,0.014084507042253521
31,0.43661971830985913
43,0.6056338028169014
5,0.07042253521126761
66,0.9295774647887324
69,0.971830985915493
32,0.4507042253521127
0,0.0
67,0.9436619718309859
39,0.5492957746478874
11,0.15492957746478872
34,0.4788732394366197
32,0.4507042253521127
69,0.971830985915493
71,1.0
0,0.0
3,0.04225352112676056
6,0.08450704225352113
38,0.5352112676056338
0,0.0
42,0.5915492957746479
34,0.4788732394366197
5,0.07042253521126761
34,0.4788732394366197
0,0.0
65,0.9154929577464789
0,0.0
46,0.647887323943662
1,0.014084507042253521
3,0.04225352112676056
4,0.056338028169014086
2,0.028169014084507043
1,0.014084507042253521
70,0.9859154929577465
4,0.056338028169014086
67,0.9436619718309859
10,0.14084507042253522
0,0.0
16,0.22535211267605634
0,0.0
18,0.2535211267605634
1,0.014084507042253521
51,0.7183098591549296
3,0.04225352112676056
12,0.16901408450704225
18,0.2535211267605634
2,0.028169014084507043
0,0.0
0,0.0
0,0.0
0,0.0
2,0.028169014084507043
0,0.0
4,0.056338028169014086
3,0.04225352112676056
71,1.0
53,0.7464788732394366
0,0.0
16,0.22535211267605634
0,0.0
32,0.4507042253521127
46,0.647887323943662
15,0.2112676056338028
60,0.8450704225352113
1,0.014084507042253521
14,0.19718309859154928
48,0.676056338028169
21,0.29577464788732394
17,0.23943661971830985
43,0.6056338028169014
4,0.056338028169014086
43,0.6056338028169014
38,0.5352112676056338
0,0.0
4,0.056338028169014086
8,0.11267605633802817
53,0.7464788732394366
18,0.2535211267605634
49,0.6901408450704225
3,0.04225352112676056
53,0.7464788732394366
68,0.9577464788732394
70,0.9859154929577465
0,0.0
60,0.8450704225352113
11,0.15492957746478872
2,0.028169014084507043
67,0.9436619718309859
0,0.0
0,0.0
0,0.0
10,0.14084507042253522
10,0.14084507042253522
1,0.014084507042253521
68,0.9577464788732394
70,0.9859154929577465
0,0.0
48,0.676056338028169
25,0.352112676056338
28,0.39436619718309857
0,0.0
42,0.5915492957746479
0,0.0
70,0.9859154929577465
70,0.9859154929577465
0,0.0
14,0.19718309859154928
46,0.647887323943662
0,0.0
67,0.9436619718309859
52,0.7323943661971831
62,0.8732394366197183
5,0.07042253521126761
14,0.19718309859154928
9,0.1267605633802817
45,0.6338028169014085
0,0.0
71,1.0
26,0.36619718309859156
18,0.2535211267605634
0,0.0
2,0.028169014084507043
0,0.0
0,0.0
69,0.971830985915493
52,0.7323943661971831
6,0.08450704225352113
27,0.38028169014084506
9,0.1267605633802817
55,0.7746478873239436
71,1.0
0,0.0
62,0.8732394366197183
0,0.0
3,0.04225352112676056
69,0.971830985915493
71,1.0
69,0.971830985915493
0,0.0
70,0.9859154929577465
70,0.9859154929577465
35,0.49295774647887325
1,0.014084507042253521
0,0.0
0,0.0
60,0.8450704225352113
10,0.14084507042253522
0,0.0
2,0.028169014084507043
65,0.9154929577464789
60,0.8450704225352113
1,0.014084507042253521
34,0.4788732394366197
34,0.4788732394366197
33,0.4647887323943662
37,0.5211267605633803
11,0.15492957746478872
55,0.7746478873239436
11,0.15492957746478872
1,0.014084507042253521
37,0.5211267605633803
4,0.056338028169014086
6,0.08450704225352113
55,0.7746478873239436
59,0.8309859154929577
14,0.19718309859154928
69,0.971830985915493
12,0.16901408450704225
19,0.2676056338028169
11,0.15492957746478872
11,0.15492957746478872
70,0.9859154929577465
41,0.5774647887323944
70,0.9859154929577465
1,0.014084507042253521
12,0.16901408450704225
3,0.04225352112676056
27,0.38028169014084506
0,0.0
1,0.014084507042253521
51,0.7183098591549296
70,0.9859154929577465
0,0.0
23,0.323943661971831
0,0.0
0,0.0
50,0.704225352112676
49,0.6901408450704225
53,0.7464788732394366
29,0.4084507042253521
21,0.29577464788732394
22,0.30985915492957744
45,0.6338028169014085
22,0.30985915492957744
0,0.0
4,0.056338028169014086
1,0.014084507042253521
0,0.0
26,0.36619718309859156
23,0.323943661971831
23,0.323943661971831
22,0.30985915492957744
2,0.028169014084507043
1,0.014084507042253521
22,0.30985915492957744
13,0.18309859154929578
49,0.6901408450704225
23,0.323943661971831
29,0.4084507042253521
27,0.38028169014084506
3,0.04225352112676056
45,0.6338028169014085
6,0.08450704225352113
23,0.323943661971831
23,0.323943661971831
21,0.29577464788732394
22,0.30985915492957744
1,0.014084507042253521
6,0.08450704225352113
71,1.0
0,0.0
68,0.9577464788732394
68,0.9577464788732394
3,0.04225352112676056
6,0.08450704225352113
6,0.08450704225352113
23,0.323943661971831
3,0.04225352112676056
32,0.4507042253521127
70,0.9859154929577465
2,0.028169014084507043
25,0.352112676056338
70,0.9859154929577465
49,0.6901408450704225
69,0.971830985915493
69,0.971830985915493
45,0.6338028169014085
25,0.352112676056338
6,0.08450704225352113
71,1.0
3,0.04225352112676056
2,0.028169014084507043
1,0.014084507042253521
65,0.9154929577464789
2,0.028169014084507043
0,0.0
20,0.28169014084507044
69,0.971830985915493
0,0.0
0,0.0
3,0.04225352112676056
6,0.08450704225352113
13,0.18309859154929578
10,0.14084507042253522
44,0.6197183098591549
65,0.9154929577464789
4,0.056338028169014086
0,0.0
3,0.04225352112676056
5,0.07042253521126761
1,0.014084507042253521
2,0.028169014084507043
27,0.38028169014084506
1,0.014084507042253521
3,0.04225352112676056
33,0.4647887323943662
70,0.9859154929577465
0,0.0
4,0.056338028169014086
2,0.028169014084507043
0,0.0
42,0.5915492957746479
70,0.9859154929577465
68,0.9577464788732394
68,0.9577464788732394
70,0.9859154929577465
0,0.0
11,0.15492957746478872
20,0.28169014084507044
14,0.19718309859154928
52,0.7323943661971831
58,0.8169014084507042
55,0.7746478873239436
1,0.014084507042253521
20,0.28169014084507044
7,0.09859154929577464
33,0.4647887323943662
71,1.0
64,0.9014084507042254
0,0.0
9,0.1267605633802817
68,0.9577464788732394
68,0.9577464788732394
0,0.0
40,0.5633802816901409
63,0.8873239436619719
0,0.0
43,0.6056338028169014
0,0.0
40,0.5633802816901409
0,0.0
2,0.028169014084507043
64,0.9014084507042254
7,0.09859154929577464
61,0.8591549295774648
68,0.9577464788732394
70,0.9859154929577465
9,0.1267605633802817
21,0.29577464788732394
6,0.08450704225352113
0,0.0
0,0.0
66,0.9295774647887324
25,0.352112676056338
7,0.09859154929577464
0,0.0
5,0.07042253521126761
3,0.04225352112676056
1,0.014084507042253521
1,0.014084507042253521
43,0.6056338028169014
2,0.028169014084507043
71,1.0
6,0.08450704225352113
40,0.5633802816901409
0,0.0
4,0.056338028169014086
67,0.9436619718309859
39,0.5492957746478874
2,0.028169014084507043
65,0.9154929577464789
0,0.0
1,0.014084507042253521
66,0.9295774647887324
14,0.19718309859154928
71,1.0
70,0.9859154929577465
65,0.9154929577464789
22,0.30985915492957744
0,0.0
10,0.14084507042253522
67,0.9436619718309859
65,0.9154929577464789
3,0.04225352112676056
0,0.0
5,0.07042253521126761
6,0.08450704225352113
68,0.9577464788732394
0,0.0
69,0.971830985915493
0,0.0
68,0.9577464788732394
4,0.056338028169014086
36,0.5070422535211268
24,0.3380281690140845
46,0.647887323943662
69,0.971830985915493
24,0.3380281690140845
71,1.0
25,0.352112676056338
69,0.971830985915493
2,0.028169014084507043
53,0.7464788732394366
70,0.9859154929577465
0,0.0
47,0.6619718309859155
3,0.04225352112676056
2,0.028169014084507043
49,0.6901408450704225
4,0.056338028169014086
0,0.0
3,0.04225352112676056
4,0.056338028169014086
1,0.014084507042253521
2,0.028169014084507043
4,0.056338028169014086
20,0.28169014084507044
2,0.028169014084507043
2,0.028169014084507043
1,0.014084507042253521
5,0.07042253521126761
65,0.9154929577464789
3,0.04225352112676056
0,0.0
24,0.3380281690140845
28,0.39436619718309857
25,0.352112676056338
65,0.9154929577464789
6,0.08450704225352113
59,0.8309859154929577
40,0.5633802816901409
46,0.647887323943662
68,0.9577464788732394
26,0.36619718309859156
43,0.6056338028169014
5,0.07042253521126761
30,0.4225352112676056
34,0.4788732394366197
0,0.0
0,0.0
9,0.1267605633802817
19,0.2676056338028169
30,0.4225352112676056
3,0.04225352112676056
0,0.0
0,0.0
0,0.0
69,0.971830985915493
37,0.5211267605633803
2,0.028169014084507043
49,0.6901408450704225
0,0.0
7,0.09859154929577464
36,0.5070422535211268
1,0.014084507042253521
37,0.5211267605633803
20,0.28169014084507044
29,0.4084507042253521
69,0.971830985915493
35,0.49295774647887325
11,0.15492957746478872
26,0.36619718309859156
2,0.028169014084507043
29,0.4084507042253521
5,0.07042253521126761
49,0.6901408450704225
0,0.0
0,0.0
24,0.3380281690140845
0,0.0
69,0.971830985915493
68,0.9577464788732394
70,0.9859154929577465
70,0.9859154929577465
0,0.0
71,1.0
3,0.04225352112676056
70,0.9859154929577465
62,0.8732394366197183
50,0.704225352112676
23,0.323943661971831
71,1.0
4,0.056338028169014086
0,0.0
0,0.0
19,0.2676056338028169
71,1.0
0,0.0
39,0.5492957746478874
0,0.0
0,0.0
22,0.30985915492957744
2,0.028169014084507043
6,0.08450704225352113
2,0.028169014084507043
0,0.0
68,0.9577464788732394
3,0.04225352112676056
0,0.0
50,0.704225352112676
3,0.04225352112676056
2,0.028169014084507043
0,0.0
15,0.2112676056338028
0,0.0
68,0.9577464788732394
0,0.0
1,0.014084507042253521
66,0.9295774647887324
18,0.2535211267605634
71,1.0
2,0.028169014084507043
19,0.2676056338028169
5,0.07042253521126761
57,0.8028169014084507
67,0.9436619718309859
68,0.9577464788732394
16,0.22535211267605634
16,0.22535211267605634
0,0.0
71,1.0
1,0.014084507042253521
69,0.971830985915493
0,0.0
13,0.18309859154929578
1,0.014084507042253521
2,0.028169014084507043
0,0.0
11,0.15492957746478872
55,0.7746478873239436
1,0.014084507042253521
52,0.7323943661971831
0,0.0
3,0.04225352112676056
0,0.0
68,0.9577464788732394
17,0.23943661971830985
18,0.2535211267605634
1,0.014084507042253521
19,0.2676056338028169
2,0.028169014084507043
53,0.7464788732394366
18,0.2535211267605634
0,0.0
0,0.0
8,0.11267605633802817
0,0.0
71,1.0
1,0.014084507042253521
3,0.04225352112676056
4,0.056338028169014086
0,0.0
71,1.0
3,0.04225352112676056
71,1.0
1,0.014084507042253521
0,0.0
8,0.11267605633802817
3,0.04225352112676056
18,0.2535211267605634
3,0.04225352112676056
