0.5735294117647058 0.0 0.0 0.6525965113009654 0.5637564618035612 0.0 0.4128137384412154
0.5 0.0 0.0 0.6562488214894638 0.4893739230327398 0.0 0.48304711580801407
0.4411764705882353 0.0 0.0 0.6335014666049144 0.424468696151637 0.0 0.5592250110083663
0.47058823529411764 0.0 0.0 0.6378241270378368 0.45807007466973004 0.0 0.521356230735359
0.3235294117647059 0.0 0.0 0.6582808245145905 0.327972429638139 0.0 0.6585204755614267
0.3088235294117647 0.0 0.0 0.6417046709903852 0.3058587018954624 0.0 0.6847203874944958
0.6911764705882353 0.0 0.0 0.6396175311994013 0.6820792647903504 0.0 0.31307793923381777
0.5588235294117647 0.0 0.0 0.6425913110123642 0.5502584721424468 0.0 0.4297666226332012
0.4411764705882353 0.009433962264150941 0.0 0.6466158490296415 0.4523262492820218 0.0 0.5330250990752974
0.3235294117647059 0.0 0.0 0.627748297878168 0.32309017805858703 0.0 0.6783355350066049
0.4264705882352941 0.009433962264150941 0.0 0.6409602165759796 0.42561746122917865 0.0 0.556362835755174
0.45588235294117646 0.0 0.0 0.6696844016198851 0.4497415278575531 0.0 0.5200352267723469
0.5441176470588235 0.0 0.0 0.6514323264323272 0.5358989086731764 0.0 0.44033465433729646
0.4264705882352941 0.009433962264150941 0.0 0.6680923072548679 0.4161401493394601 0.0 0.551959489211801
0.6029411764705882 0.0 0.0 0.6460591644128237 0.5941987363584147 0.0 0.3874944958168208
0.5 0.0 0.0 0.6466479153644933 0.4910970706490523 0.0 0.48568912373403783
0.5882352941176471 0.009433962264150941 0.0 0.6430264820649451 0.5982194141298105 0.0 0.39431968295904885
0.4852941176470588 0.0 0.0 0.6623404373404376 0.49253302699597934 0.0 0.48326728313518286
0.4117647058823529 0.0 0.0 0.6302031595682382 0.3948879954049397 0.0 0.592029942756495
0.6176470588235294 0.0 0.0 0.6425299245856744 0.6039632395175186 0.0 0.3797886393659181
0.5 0.0 0.0 0.6340732945011024 0.48793796668581274 0.0 0.49405548216644646
0.45588235294117646 0.0 0.0 0.629100218777638 0.4399770246984492 0.0 0.5479964773227652
0.6470588235294118 0.0 0.0 0.6370766947405435 0.6338311315336014 0.0 0.3555702333773668
0.45588235294117646 0.0 0.0 0.6366882460430843 0.4428489373923033 0.0 0.5380889476001761
0.4852941176470588 0.0 0.0 0.6690592341160527 0.49885123492245836 0.0 0.4782034346103039
0.4264705882352941 0.0 0.0 0.6470538766105262 0.408385985066054 0.0 0.5689123734037871
0.39705882352941174 0.0 0.0 0.6389148837866782 0.3785180930499713 0.0 0.6047996477322766
0.6029411764705882 0.0 0.0 0.6431030351762065 0.5985066053991959 0.0 0.38441215323645983
0.4264705882352941 0.0 0.0 0.6320971994617308 0.41843767949454336 0.0 0.5684720387494495
0.4264705882352941 0.0 0.0 0.6460465095933071 0.4112578977599081 0.0 0.5653896961690885
0.5294117647058824 0.0 0.0 0.6604644914168731 0.5373348650201034 0.0 0.440554821664465
0.5441176470588235 0.0 0.0 0.6520370103703442 0.5416427340608846 0.0 0.4354909731395862
0.4852941176470588 0.0 0.0 0.6504302305438671 0.47989661114302123 0.0 0.49581682078379563
0.5588235294117647 0.0 0.0 0.6414352045931001 0.5582998276852383 0.0 0.4249229414354909
0.4411764705882353 0.009433962264150941 0.0 0.6671815923540055 0.429350947731189 0.0 0.5389696169088507
0.5735294117647058 0.0 0.0 0.6527141624307623 0.5666283744974153 0.0 0.4103918978423603
0.45588235294117646 0.0 0.0 0.6388432594884204 0.4408385985066054 0.0 0.5374284456186702
0.36764705882352944 0.0 0.0 0.6381522366522362 0.37248707639287765 0.0 0.6217525319242625
0.6323529411764706 0.0 0.0 0.6429142532132578 0.6309592188397473 0.0 0.35755173932188455
0.4411764705882353 0.009433962264150941 0.0 0.6607435093641983 0.45720850086157383 0.0 0.5242184059885513
0.6617647058823529 0.0 0.0 0.6377356033416651 0.6438828259620908 0.0 0.3478643769264641
0.6029411764705882 0.0 0.0 0.6471217129753719 0.5913268236645606 0.0 0.3870541611624835
0.5294117647058824 0.0 0.0 0.6522859503811892 0.5198161975875933 0.0 0.45442536327608996
0.5294117647058824 0.0 0.0 0.6406225872892544 0.5252728317059161 0.0 0.4572875385292824
0.4411764705882353 0.0 0.0 0.6594361959879195 0.4543365881677197 0.0 0.5270805812417437
0.5294117647058824 0.0 0.0 0.6560893339464776 0.5172314761631246 0.0 0.4555261999119331
0.38235294117647056 0.009433962264150941 0.0 0.642765029841952 0.38253877082136706 0.0 0.5979744605900484
0.3382352941176471 0.0 0.0 0.6609813769892817 0.3437679494543366 0.0 0.640907089387935
0.5147058823529411 0.0 0.0 0.6527851420288402 0.5114876507754165 0.0 0.4641127256715104
0.4411764705882353 0.0 0.0 0.6341444634548078 0.4322228604250431 0.0 0.5517393218846325
0.3088235294117647 0.0 0.0 0.6496513010798725 0.30298678920160826 0.0 0.6845002201673271
0.6617647058823529 0.0 0.0 0.6559426880639021 0.6565192418150488 0.0 0.3267283135182739
0.47058823529411764 0.0 0.0 0.6527741299918719 0.46410109132682364 0.0 0.5105680317040951
0.6470588235294118 0.0 0.0 0.6408896424224135 0.644744399770247 0.0 0.3485248789079701
0.5588235294117647 0.0 0.0 0.6520823810297505 0.5511200459506032 0.0 0.42558344341699694
0.6764705882352942 0.0 0.0 0.6421421627218743 0.6659965537047674 0.0 0.3223249669749009
0.45588235294117646 0.0 0.0 0.647350857028276 0.4417001723147616 0.0 0.5341259357111405
0.6617647058823529 0.0 0.0 0.6401122614758991 0.648190695002872 0.0 0.339277851166887
0.6323529411764706 0.0 0.0 0.6426022421039042 0.617461229178633 0.0 0.36701893439013644
0.5588235294117647 0.0 0.0 0.6567851225745973 0.5502584721424468 0.0 0.42470277410832236
0.39705882352941174 0.009433962264150941 0.0 0.6406125371937331 0.3931648477886272 0.0 0.5849845882870983
0.7058823529411765 0.0 0.0 0.6412456288786093 0.7013210798391729 0.0 0.2904007045354471
0.5441176470588235 0.0 0.0 0.6540603040603046 0.5393452039058013 0.0 0.4354909731395862
0.36764705882352944 0.009433962264150941 0.0 0.6353238058238052 0.3624353819643883 0.0 0.6204315279612507
0.5441176470588235 0.0 0.0 0.6315443565443568 0.5390580126364158 0.0 0.448701012769705
0.4411764705882353 0.0 0.0 0.6489543279198446 0.4279149913842619 0.0 0.5460149713782474
0.4264705882352941 0.0 0.0 0.6423422226377885 0.4218839747271683 0.0 0.5590048436811978
0.4852941176470588 0.0 0.0 0.6508494451676272 0.48104537622056287 0.0 0.49493615147512104
0.5 0.0 0.0 0.6389602673025133 0.4885123492245836 0.0 0.4905328049317482
0.5588235294117647 0.0 0.0 0.6359877123035022 0.5560022975301551 0.0 0.4308674592690446
0.5147058823529411 0.0 0.0 0.6359045902743387 0.5083285468121769 0.0 0.4751210920299428
0.6911764705882353 0.0 0.0 0.6432890472668473 0.6820792647903504 0.0 0.3058124174372522
0.4264705882352941 0.0 0.0 0.6458194788244044 0.4141298104537622 0.0 0.5609863496257157
0.4264705882352941 0.009433962264150941 0.0 0.6728649019289406 0.4247558874210224 0.0 0.5429326287978864
0.45588235294117646 0.0 0.0 0.6718262263423552 0.44773118897185527 0.0 0.521356230735359
0.5147058823529411 0.0 0.0 0.6408868629036705 0.5103388856978748 0.0 0.47225891677675047
0.47058823529411764 0.0 0.0 0.6367121341919728 0.46094198736358416 0.0 0.5215763980625275
0.5588235294117647 0.0 0.0 0.650388287230393 0.5505456634118323 0.0 0.4269044473800089
0.6617647058823529 0.0 0.0 0.6432445724869981 0.6570936243538197 0.0 0.3309114927344783
0.47058823529411764 0.0 0.0 0.6619289984209339 0.4865020103388857 0.0 0.49361514751210933
0.6029411764705882 0.0 0.0 0.6496568336812244 0.5939115450890293 0.0 0.3839718185821225
0.6323529411764706 0.0 0.0 0.6441853335541057 0.6275129236071223 0.0 0.357331571994716
0.4264705882352941 0.0 0.0 0.6719247091168264 0.4221711659965537 0.0 0.5464553060325849
0.38235294117647056 0.009433962264150941 0.0 0.6679746919746912 0.3799540493968983 0.0 0.592029942756495
0.4852941176470588 0.0 0.0 0.6423863909659365 0.48104537622056287 0.0 0.5004403346543373
0.4264705882352941 0.0 0.0 0.656200818885547 0.43251005169442847 0.0 0.5462351387054163
0.5441176470588235 0.0 0.0 0.6433973850640522 0.5341757610568638 0.0 0.4438573315719947