0.02976190476190476 0.0 0.0 0.5061071977148934 0.029025386117521746 0.0 0.9704721301121112
0.01984126984126984 0.04201680672268904 0.05641025641025643 0.47892769568466165 0.01858098112314338 0.0 0.981051634296542
0.021825396825396824 0.025210084033613467 0.03589743589743588 0.48824156407747743 0.021332623232143914 0.0 0.978367282488552
0.023809523809523808 0.01680672268907568 0.02051282051282055 0.49432588252247694 0.023551689449079826 0.0 0.9763540186325597
0.025793650793650792 0.008403361344537785 0.01025641025641022 0.4936186353845321 0.025415705071305996 0.0 0.9746565608716248
0.027777777777777776 0.0028011204481792618 0.00512820512820511 0.49203117248144973 0.027338895792650454 0.0 0.9728801515869256
0.027777777777777776 0.0028011204481792618 0.00512820512820511 0.4939699164208402 0.026983845197940705 0.0 0.97295910311069
0.025793650793650792 0.008403361344537785 0.01538461538461533 0.4846970609414049 0.024616841233209067 0.0 0.9753276488236223
0.027777777777777776 0.0028011204481792618 0.00512820512820511 0.49901552440762464 0.02716137049529558 0.0 0.972366966682457
0.02976190476190476 0.0 0.0 0.4972971883310228 0.029350849162672346 0.0 0.97063003315964
0.02976190476190476 0.0 0.0 0.5035324660678485 0.029380436712231492 0.0 0.9706695089215222
0.02976190476190476 0.0 0.0 0.5052291447393171 0.028847860820166875 0.0 0.9703537028264646
0.027777777777777776 0.0028011204481792618 0.00512820512820511 0.4989976868978672 0.027516421090005325 0.0 0.972564345491868
0.02976190476190476 0.0 0.0 0.49948058800668266 0.029084561216640038 0.0 0.9709458392546976
0.02976190476190476 0.0 0.0 0.5041969891870379 0.029084561216640038 0.0 0.970432654350229
0.02976190476190476 0.0 0.0 0.5011652893276067 0.029173323865317475 0.0 0.9705510816358756
0.02976190476190476 0.0 0.0 0.5047458839586216 0.029025386117521746 0.0 0.9705510816358756
0.027777777777777776 0.0028011204481792618 0.00512820512820511 0.4961130715132519 0.027664358837801054 0.0 0.972564345491868
0.02976190476190476 0.0 0.0 0.4944015649444663 0.02893662346884431 0.0 0.971024790778462
0.02976190476190476 0.0 0.0 0.49785782779148546 0.029054973667080892 0.0 0.9709853150165798
0.02976190476190476 0.0 0.0 0.4945200248340453 0.029291674063554058 0.0 0.9709063634928154