0.027777777777777776 0.0 0.0 0.4965930969086483 0.027989821882951654 0.0 0.9721301121111637
0.017857142857142856 0.07002801120448177 0.08205128205128209 0.4790060611139043 0.017782117285046452 0.0 0.9823543344386547
0.027777777777777776 0.0 0.0 0.4988824741980255 0.028167347180306525 0.0 0.9720906363492815
0.01984126984126984 0.04201680672268904 0.05128205128205132 0.4867441983541057 0.020149121249778093 0.0 0.9800252644876046
0.021825396825396824 0.01680672268907568 0.02051282051282055 0.48158377570142297 0.021598911178176222 0.0 0.9789199431549029
0.023809523809523808 0.0056022408963585235 0.0 0.49426377143095424 0.02420261553938103 0.0 0.9759987367756198
0.025793650793650792 0.0028011204481792618 0.0 0.49267853920003246 0.025918693413811467 0.0 0.9746170851097427
0.025793650793650792 0.0028011204481792618 0.0 0.4970190455157113 0.025859518314693176 0.0 0.9739854729196273
0.027777777777777776 0.0 0.0 0.5001582409149687 0.028374460027220546 0.0 0.9718143060161061
0.025793650793650792 0.0028011204481792618 0.0 0.4978757146133307 0.02603704361204805 0.0 0.9738670456339807
0.025793650793650792 0.0028011204481792618 0.00512820512820511 0.48720952999352607 0.025297354873069413 0.0 0.974696036633507
0.025793650793650792 0.0028011204481792618 0.0 0.4888073173662003 0.025593230368660867 0.0 0.9744986578240961
0.025793650793650792 0.0028011204481792618 0.0 0.4892392361283763 0.02582993076513403 0.0 0.9745776093478604
0.027777777777777776 0.0 0.0 0.498994698574956 0.028226522279424817 0.0 0.9718143060161061
0.027777777777777776 0.0 0.0 0.5002170503829063 0.028315284928102254 0.0 0.9722485393968103
0.025793650793650792 0.0028011204481792618 0.0 0.4919788576179978 0.025741168116456596 0.0 0.9744986578240961
0.025793650793650792 0.0028011204481792618 0.00512820512820511 0.4931778628611207 0.026066631161607196 0.0 0.9744986578240961
0.027777777777777776 0.0 0.0 0.4976246633813912 0.02796023433339251 0.0 0.9721301121111637
0.027777777777777776 0.0 0.0 0.49602582754268515 0.02781229658559678 0.0 0.9723274909205748
0.025793650793650792 0.0028011204481792618 0.0 0.4937782484356074 0.02571158056689745 0.0 0.9744591820622138
0.027777777777777776 0.0 0.0 0.4980167432902779 0.02819693472986567 0.0 0.9720906363492815
0.027777777777777776 0.0 0.0 0.49988441343525897 0.02807858453162909 0.0 0.9718143060161061
0.027777777777777776 0.0 0.0 0.4940995047453218 0.02754600863956447 0.0 0.972761724301279