0.027777777777777776 0.0 0.0 0.4954036176912371 0.027457245990887034 0.0 0.9722485393968103
0.00992063492063492 0.2913165266106442 0.24615384615384617 0.5339098972922502 0.010976980886442984 0.09090909090909094 0.9898152534343913
0.015873015873015872 0.07843137254901966 0.09743589743589742 0.4842353608109911 0.016125214509734302 0.0 0.9842096952471183
0.021825396825396824 0.022408963585434205 0.03076923076923077 0.4780378299031551 0.021243860583466476 0.0 0.9790778462024318
0.023809523809523808 0.011204481792717047 0.02051282051282055 0.4860734065842426 0.023462926800402392 0.0 0.9766698247276172
0.011904761904761904 0.196078431372549 0.15897435897435896 0.5094203236850295 0.01298893425646488 0.0 0.9880388441496921
0.023809523809523808 0.011204481792717047 0.01538461538461533 0.487281250884192 0.023551689449079826 0.0 0.9769066792989105
0.027777777777777776 0.0 0.0 0.49910489110000894 0.02775312148647849 0.0 0.9720511605873994
0.017857142857142856 0.04761904761904767 0.06666666666666665 0.47577192914202715 0.017279128942540977 0.0 0.9828675193431233
0.01984126984126984 0.036414565826330514 0.03589743589743588 0.48253339797457445 0.019823658204627493 0.0 0.9804989736301911
0.013888888888888888 0.11484593837535018 0.10769230769230764 0.48098795073585 0.014527486833540446 0.0 0.9857887257224065
0.023809523809523808 0.011204481792717047 0.02051282051282055 0.481153976742212 0.023048701106574355 0.0 0.9771830096320859
0.025793650793650792 0.0028011204481792618 0.00512820512820511 0.48887284368053596 0.02550446771998343 0.0 0.9746565608716248
0.025793650793650792 0.0028011204481792618 0.00512820512820511 0.49356806989725543 0.025800343215574888 0.0 0.9744591820622138