0.027777777777777776 0.0 0.0 0.502188898501371 0.02807858453162909 0.0 0.9716958787304595
0.021825396825396824 0.01680672268907568 0.02051282051282055 0.49298653874505277 0.022131487070240843 0.0 0.978169903679141
0.027777777777777776 0.0 0.0 0.5027664076115238 0.027841884135155925 0.0 0.9719327333017528
0.023809523809523808 0.008403361344537785 0.00512820512820511 0.503070710965448 0.024498491034972484 0.0 0.9755645033949155
0.025793650793650792 0.0056022408963585235 0.00512820512820511 0.5009776127482726 0.026421681756316942 0.0 0.9737091425864519
0.025793650793650792 0.0056022408963585235 0.0 0.48817327698013585 0.02523817977395112 0.0 0.9747355123953892
0.027777777777777776 0.0 0.0 0.49265549934289105 0.027338895792650454 0.0 0.9729196273488079
0.025793650793650792 0.0056022408963585235 0.00512820512820511 0.507616519132654 0.026806319900585834 0.0 0.9733538607295121
0.027777777777777776 0.0 0.0 0.5008507596955528 0.02796023433339251 0.0 0.9718932575398705
0.025793650793650792 0.0056022408963585235 0.00512820512820511 0.507743257862334 0.02662879460323096 0.0 0.9733538607295121
0.027777777777777776 0.0 0.0 0.5085619501615659 0.02828569737854311 0.0 0.9714195483972841
0.025793650793650792 0.0056022408963585235 0.00512820512820511 0.499939612077919 0.02603704361204805 0.0 0.9739459971577451
0.025793650793650792 0.0056022408963585235 0.00512820512820511 0.5013285009668078 0.026392094206757796 0.0 0.9737091425864519
0.027777777777777776 0.0 0.0 0.49971728855561753 0.027930646783833363 0.0 0.9723274909205748
0.027777777777777776 0.0 0.0 0.4985987014399393 0.027930646783833363 0.0 0.9718932575398705
0.025793650793650792 0.0056022408963585235 0.0 0.50710035605993 0.026273744008521213 0.0 0.9734722880151587
0.027777777777777776 0.0 0.0 0.5002534892291808 0.027723533936919346 0.0 0.9722485393968103
0.025793650793650792 0.0056022408963585235 0.00512820512820511 0.5068102755826024 0.02662879460323096 0.0 0.9734328122532765
0.025793650793650792 0.0056022408963585235 0.0 0.48841862301168104 0.025267767323510267 0.0 0.9747355123953892
0.025793650793650792 0.0056022408963585235 0.0 0.5020386568240226 0.026332919107639505 0.0 0.9737486183483341
0.025793650793650792 0.0056022408963585235 0.00512820512820511 0.5071647549811994 0.026776732351026688 0.0 0.9734328122532765
0.027777777777777776 0.0 0.0 0.4956651450157558 0.027398070891768742 0.0 0.9727222485393968
0.025793650793650792 0.0056022408963585235 0.00512820512820511 0.507640885604389 0.026924670098822417 0.0 0.9733538607295121
0.025793650793650792 0.0056022408963585235 0.00512820512820511 0.5105504896169342 0.026747144801467542 0.0 0.9733933364913943