0.02976190476190476 0.0 0.0 0.4982007670364591 0.02985383750517782 0.0 0.9705116058739933
0.017857142857142856 0.08683473389355745 0.05641025641025643 0.5165142909015458 0.018965619267412272 0.0 0.9816832464866572
0.02976190476190476 0.0 0.0 0.49895267013688055 0.03012012545121013 0.0 0.9701957997789358
0.01984126984126984 0.053221288515406195 0.04102564102564099 0.5009850197388898 0.01991242085330493 0.0 0.9803410705826623
0.021825396825396824 0.03081232492997199 0.03076923076923077 0.48970388916209345 0.021391798331262205 0.0 0.9786436128217275
0.023809523809523808 0.022408963585434205 0.02564102564102566 0.4948525180529824 0.0237292147464347 0.0 0.9765513974419706
0.025793650793650792 0.008403361344537785 0.01025641025641022 0.4993366203535291 0.026125806260725488 0.0 0.9742223274909206
0.025793650793650792 0.008403361344537785 0.01025641025641022 0.4936033013849159 0.025770755666015742 0.0 0.974696036633507
0.027777777777777776 0.0028011204481792618 0.00512820512820511 0.4943352390265771 0.0276939463873602 0.0 0.9726432970156325
0.025793650793650792 0.008403361344537785 0.01025641025641022 0.4963851192402633 0.026066631161607196 0.0 0.9744986578240961
0.02976190476190476 0.0 0.0 0.49503584339718776 0.02952837446002722 0.0 0.9707484604452866
0.023809523809523808 0.022408963585434205 0.01538461538461533 0.5051421066320447 0.024025090242026155 0.0 0.9760776882993842
0.02976190476190476 0.0 0.0 0.49652942328528316 0.029262086513994912 0.0 0.9709063634928154
0.02976190476190476 0.0 0.0 0.4998936839693141 0.030031362802532695 0.0 0.97063003315964
0.02976190476190476 0.0 0.0 0.5003410802017613 0.03012012545121013 0.0 0.9701168482551713