0.02976190476190476 0.0 0.0 0.5052909634389067 0.029232498964435766 0.0 0.970432654350229
0.021825396825396824 0.04201680672268904 0.0461538461538461 0.5039616592557771 0.02207231197112255 0.0 0.9779330491078478
0.02976190476190476 0.0 0.0 0.5057006572309534 0.029557962009586367 0.0 0.9702352755408179
0.023809523809523808 0.01680672268907568 0.01538461538461533 0.5005970487201139 0.023817977395112138 0.0 0.9761171640612664
0.023809523809523808 0.01680672268907568 0.02051282051282055 0.4944749300979952 0.023551689449079826 0.0 0.9767487762513817
0.025793650793650792 0.0056022408963585235 0.01025641025641022 0.4941832678778974 0.025090242026155393 0.0 0.9746170851097427
0.025793650793650792 0.0056022408963585235 0.01025641025641022 0.49705172295223476 0.02538611752174685 0.0 0.9744197063003316
0.027777777777777776 0.0028011204481792618 0.0 0.5083994160313352 0.027841884135155925 0.0 0.9719327333017528
0.027777777777777776 0.0028011204481792618 0.00512820512820511 0.4995187237149607 0.02730930824309131 0.0 0.9723274909205748
0.02976190476190476 0.0 0.0 0.5049726224272884 0.029410024261790638 0.0 0.9702352755408179
0.027777777777777776 0.0028011204481792618 0.00512820512820511 0.5044874666361925 0.02775312148647849 0.0 0.9720116848255171
0.02976190476190476 0.0 0.0 0.5035752686139683 0.029114148766199183 0.0 0.970432654350229
0.02976190476190476 0.0 0.0 0.5085188186835686 0.029380436712231492 0.0 0.9702352755408179
0.027777777777777776 0.0028011204481792618 0.00512820512820511 0.5060288918847929 0.027605183738682763 0.0 0.9720116848255171
0.027777777777777776 0.0028011204481792618 0.00512820512820511 0.5038530215366536 0.02730930824309131 0.0 0.9722090636349282
0.02976190476190476 0.0 0.0 0.5071214648702485 0.029084561216640038 0.0 0.970432654350229
0.027777777777777776 0.0028011204481792618 0.00512820512820511 0.498402655986094 0.027190958044854725 0.0 0.9726432970156325
0.02976190476190476 0.0 0.0 0.5039950177101878 0.02914373631575833 0.0 0.9703931785883467
0.02976190476190476 0.0 0.0 0.5033563006849162 0.0293212616131132 0.0 0.9705116058739933
0.02976190476190476 0.0 0.0 0.5042407228298427 0.029587549559145512 0.0 0.9701957997789358
0.02976190476190476 0.0 0.0 0.49990909274191 0.02946919936090893 0.0 0.9705116058739933
0.02976190476190476 0.0 0.0 0.5068659011062812 0.02952837446002722 0.0 0.9702352755408179
0.027777777777777776 0.0028011204481792618 0.00512820512820511 0.5005866064893721 0.02716137049529558 0.0 0.9726432970156325
0.02976190476190476 0.0 0.0 0.5026270773716593 0.029291674063554058 0.0 0.9703931785883467