0.02976190476190476 0.0 0.0 0.5047131786505956 0.029824249955618675 0.0 0.9698799936838781
0.021825396825396824 0.025210084033613467 0.04102564102564099 0.48930910951949536 0.02168767382685366 0.0 0.9782093794410233
0.02976190476190476 0.0 0.0 0.5040774916272484 0.030356825847683296 0.0 0.9697615663982315
0.023809523809523808 0.014005602240896309 0.02564102564102566 0.49919030071366144 0.024025090242026155 0.0 0.9758013579662087
0.025793650793650792 0.008403361344537785 0.01538461538461533 0.4995053980511828 0.025800343215574888 0.0 0.9740644244433918
0.025793650793650792 0.008403361344537785 0.01538461538461533 0.4994731464917818 0.025681993017338305 0.0 0.9737880941102164
0.027777777777777776 0.0028011204481792618 0.00512820512820511 0.4946159945249864 0.027338895792650454 0.0 0.972366966682457
0.027777777777777776 0.0028011204481792618 0.00512820512820511 0.4983380948049406 0.027457245990887034 0.0 0.9720511605873994
0.027777777777777776 0.0028011204481792618 0.00512820512820511 0.49443747247773717 0.02763477128824191 0.0 0.9724853939681036
0.02976190476190476 0.0 0.0 0.5039880932948161 0.030208888099887567 0.0 0.9697615663982315
0.027777777777777776 0.0028011204481792618 0.00512820512820511 0.49872995870299647 0.02787147168471507 0.0 0.9720906363492815
0.023809523809523808 0.014005602240896309 0.02564102564102566 0.5008266330775479 0.024173027989821884 0.0 0.9758013579662088
0.027777777777777776 0.0028011204481792618 0.00512820512820511 0.4947594838733885 0.027338895792650454 0.0 0.972366966682457
0.025793650793650792 0.008403361344537785 0.01538461538461533 0.49996257259891463 0.02621456890940292 0.0 0.9741039002052739
0.02976190476190476 0.0 0.0 0.5055776355444643 0.03012012545121013 0.0 0.969682614874467
0.025793650793650792 0.008403361344537785 0.01538461538461533 0.49605224821794236 0.02556364281910172 0.0 0.9741039002052739
0.02976190476190476 0.0 0.0 0.502786261684979 0.02967631220782295 0.0 0.9698799936838781
0.027777777777777776 0.0028011204481792618 0.00512820512820511 0.49724769913250155 0.027575596189123617 0.0 0.9722880151586926
0.025793650793650792 0.008403361344537785 0.01025641025641022 0.4963116546380418 0.02597786851292976 0.0 0.9742618032528028
0.025793650793650792 0.008403361344537785 0.01025641025641022 0.49945765559006805 0.02588910586425232 0.0 0.973906521395863
0.02976190476190476 0.0 0.0 0.5027874083424724 0.03000177525297355 0.0 0.9699984209695247
0.02976190476190476 0.0 0.0 0.5083437419870414 0.029942600153855258 0.0 0.9695641875888205