0.02976190476190476 0.0 0.0 0.495373992601989 0.0293212616131132 0.0 0.9707879362071689
0.01984126984126984 0.0448179271708683 0.06666666666666665 0.4860737901398377 0.019675720456831764 0.0 0.9804989736301911
0.021825396825396824 0.022408963585434205 0.02564102564102566 0.49556512716729456 0.022309012367595717 0.0 0.9778146218222011
0.023809523809523808 0.014005602240896309 0.02051282051282055 0.4957585306850013 0.024113852890703592 0.0 0.9765908732038528
0.027777777777777776 0.0056022408963585235 0.00512820512820511 0.49768943443670405 0.027841884135155925 0.0 0.9723274909205748
0.025793650793650792 0.008403361344537785 0.01538461538461533 0.49269045748118134 0.025741168116456596 0.0 0.9751697457760935
0.025793650793650792 0.008403361344537785 0.01025641025641022 0.4938852611185309 0.025770755666015742 0.0 0.9744986578240961
0.027777777777777776 0.0056022408963585235 0.01025641025641022 0.49290012278138695 0.027368483342209596 0.0 0.97295910311069
0.023809523809523808 0.014005602240896309 0.01538461538461533 0.49225939394283047 0.02399550269246701 0.0 0.9763540186325597
0.027777777777777776 0.0056022408963585235 0.00512820512820511 0.49705582066730974 0.02748683354044618 0.0 0.9726038212537502
0.027777777777777776 0.0056022408963585235 0.01025641025641022 0.4996351047426131 0.028137759630747383 0.0 0.9724064424443392
0.025793650793650792 0.008403361344537785 0.01538461538461533 0.4966758606449606 0.02532694242262856 0.0 0.9742618032528028
0.027777777777777776 0.0056022408963585235 0.01025641025641022 0.4912598990598003 0.027338895792650454 0.0 0.9729985788725722
0.02976190476190476 0.0 0.0 0.49549074555598216 0.029173323865317475 0.0 0.9709853150165798
0.025793650793650792 0.008403361344537785 0.01025641025641022 0.4915746590341731 0.02565240546777916 0.0 0.9748144639191536
0.027777777777777776 0.0056022408963585235 0.00512820512820511 0.4998984286956763 0.02775312148647849 0.0 0.9722880151586926
0.02976190476190476 0.0 0.0 0.49674447241784686 0.029498786910468075 0.0 0.970432654350229
0.027777777777777776 0.0056022408963585235 0.01025641025641022 0.49309787446588715 0.027605183738682763 0.0 0.9726827727775146
0.02976190476190476 0.0 0.0 0.49674183708571146 0.02952837446002722 0.0 0.9707484604452866
0.02976190476190476 0.0 0.0 0.4940504802910816 0.02920291141487662 0.0 0.9711037423022264
0.02976190476190476 0.0 0.0 0.492529112696074 0.029025386117521746 0.0 0.9709853150165798
0.027777777777777776 0.0056022408963585235 0.00512820512820511 0.5045435074268468 0.02787147168471507 0.0 0.9724459182062214
0.02976190476190476 0.0 0.0 0.4944273335228663 0.029173323865317475 0.0 0.9709853150165798
0.02976190476190476 0.0 0.0 0.5008289757648448 0.02967631220782295 0.0 0.9703931785883467
0.02976190476190476 0.0 0.0 0.4984053567445871 0.029410024261790638 0.0 0.97063003315964
0.027777777777777776 0.0056022408963585235 0.00512820512820511 0.49528628642363204 0.027368483342209596 0.0 0.9729196273488079
0.02976190476190476 0.0 0.0 0.5022935381980052 0.029972187703414404 0.0 0.9701957997789358
0.027777777777777776 0.0056022408963585235 0.00512820512820511 0.4944641725682279 0.027427658441327888 0.0 0.9728801515869256