0.027777777777777776 0.0 0.0 0.48551444746712324 0.026924670098822417 0.0 0.9731564819201011
0.017857142857142856 0.07002801120448177 0.06666666666666665 0.48249150087385384 0.017308716492100123 0.0 0.9826701405337123
0.027777777777777776 0.0 0.0 0.4968695398848835 0.027930646783833363 0.0 0.9719722090636349
0.01984126984126984 0.039215686274509776 0.03589743589743588 0.4757895198865272 0.01937984496124031 0.0 0.9809332070108954
0.021825396825396824 0.014005602240896309 0.01025641025641022 0.4847153018979647 0.021924374223326826 0.0 0.9786436128217275
0.023809523809523808 0.0056022408963585235 0.00512820512820511 0.4871897173174265 0.023906740043789572 0.0 0.9763934943944418
0.025793650793650792 0.0028011204481792618 0.00512820512820511 0.49100819217960207 0.025859518314693176 0.0 0.9742618032528028
0.025793650793650792 0.0028011204481792618 0.0 0.4888898575624583 0.025593230368660867 0.0 0.9747749881572715
0.027777777777777776 0.0 0.0 0.49238123309118104 0.027575596189123617 0.0 0.972564345491868
0.027777777777777776 0.0 0.0 0.4892435283051245 0.02701343274749985 0.0 0.9733143849676299
0.025793650793650792 0.0028011204481792618 0.0 0.4876221300265716 0.02556364281910172 0.0 0.9749723669666824
0.027777777777777776 0.0 0.0 0.48846230851937994 0.027338895792650454 0.0 0.9731170061582188
0.025793650793650792 0.0028011204481792618 0.0 0.4958104977172017 0.026392094206757796 0.0 0.9743802305384494
0.027777777777777776 0.0 0.0 0.5000589938041031 0.028463222675897983 0.0 0.9719722090636349
0.025793650793650792 0.0028011204481792618 0.0 0.49183789289618074 0.025741168116456596 0.0 0.9748539396810358
0.027777777777777776 0.0 0.0 0.49647240604951626 0.027575596189123617 0.0 0.9728012000631612
0.023809523809523808 0.0056022408963585235 0.00512820512820511 0.4861939266157534 0.023640452097757263 0.0 0.9769066792989105
0.025793650793650792 0.0028011204481792618 0.00512820512820511 0.492323012979717 0.02582993076513403 0.0 0.9745381335859782
0.027777777777777776 0.0 0.0 0.5012237049911836 0.028108172081188237 0.0 0.9720511605873994
0.025793650793650792 0.0028011204481792618 0.00512820512820511 0.48886057442112457 0.025622817918220013 0.0 0.9746565608716249
0.027777777777777776 0.0 0.0 0.49859911835594817 0.02840404757677969 0.0 0.9718932575398705
0.027777777777777776 0.0 0.0 0.4877107071417791 0.02716137049529558 0.0 0.9729985788725722
0.025793650793650792 0.0028011204481792618 0.00512820512820511 0.4860085443914927 0.025297354873069413 0.0 0.9750118427285647
0.027777777777777776 0.0 0.0 0.48614735438639084 0.027457245990887034 0.0 0.9731170061582188
0.025793650793650792 0.0028011204481792618 0.00512820512820511 0.4912064782658973 0.025800343215574888 0.0 0.9742223274909205
0.027777777777777776 0.0 0.0 0.4994391844768634 0.028433635126338837 0.0 0.9722090636349282
0.025793650793650792 0.0028011204481792618 0.00512820512820511 0.4892806964475814 0.025474880170424284 0.0 0.9747749881572715
0.025793650793650792 0.0028011204481792618 0.0 0.48423930746954097 0.025208592224391976 0.0 0.9751302700142113
0.027777777777777776 0.0 0.0 0.4886643967062774 0.02763477128824191 0.0 0.9729196273488079
0.025793650793650792 0.0028011204481792618 0.00512820512820511 0.4924879655485158 0.025622817918220013 0.0 0.974696036633507
0.027777777777777776 0.0 0.0 0.4889360187135168 0.027250133143973017 0.0 0.97295910311069
0.027777777777777776 0.0 0.0 0.501130799044418 0.028522397775016275 0.0 0.9720116848255171
0.027777777777777776 0.0 0.0 0.49225166987984675 0.027901059234274217 0.0 0.9724853939681036
0.025793650793650792 0.0028011204481792618 0.0 0.49162474836295983 0.02571158056689745 0.0 0.9745381335859782
0.021825396825396824 0.014005602240896309 0.02051282051282055 0.4758785323723406 0.02109592283567075 0.0 0.9791962734880784
0.027777777777777776 0.0 0.0 0.49252375109892205 0.02748683354044618 0.0 0.9731170061582188
0.025793650793650792 0.0028011204481792618 0.00512820512820511 0.49073705808493867 0.025681993017338305 0.0 0.9747355123953892
0.025793650793650792 0.0028011204481792618 0.0 0.49686865939842845 0.02618498135984378 0.0 0.9741039002052739
0.027777777777777776 0.0 0.0 0.49115056868986384 0.02754600863956447 0.0 0.9730775303963367
0.025793650793650792 0.0028011204481792618 0.0 0.4872386093659016 0.025534055269542576 0.0 0.9746565608716249
0.027777777777777776 0.0 0.0 0.4891465906597059 0.027368483342209596 0.0 0.972761724301279
0.025793650793650792 0.0028011204481792618 0.0 0.4914301473556654 0.025918693413811467 0.0 0.974301279014685
0.027777777777777776 0.0 0.0 0.4950950602393973 0.027427658441327888 0.0 0.9724459182062214