nsga-ii 0.1 metric-min-ed-value 1.0918973664711007 0 
nsga-ii 0.1 metric-min-ed-solution 0.4126984126984127;0.4126984126984127;1.4126984126984126;1.4126984126984126;1.4126984126984126;1.4126984126984126;1.4126984126984126 0 
r-nsga-ii 0.1 metric-min-ed-value 1.118144899318964 0 
r-nsga-ii 0.1 metric-min-ed-solution 0.4226190476190476;0.4226190476190476;1.4226190476190477;1.4226190476190477;1.4226190476190477;1.4226190476190477;1.4226190476190477 0 
nsga-iii 0.1 metric-min-ed-value 0.6141922686399943 0 
nsga-iii 0.1 metric-min-ed-solution 0.23214285714285715;0.23214285714285715;1.2321428571428572;1.2321428571428572;1.2321428571428572;1.2321428571428572;1.2321428571428572 0 
nautilus-1 0.1 metric-min-ed-value 0.052002979509231946 0 
nautilus-1 0.1 metric-min-ed-solution 0.023809523809523808;0.007819794584500404;1.0013125763125763;1.0252508964776765;1.0238669377449778;1.0218253968253967;1.019772657207522 0 
nautilus-2 0.1 metric-min-ed-value 0.04753521030960074 0 
nautilus-2 0.1 metric-min-ed-solution 0.023809523809523808;0.007819794584500404;1.0064407814407814;1.0124207600678188;1.023304774303354;1.0218253968253967;1.0204042693976374 0 
nautilus-3 0.1 metric-min-ed-value 0.05169818241299972 0 
nautilus-3 0.1 metric-min-ed-solution 0.023809523809523808;0.013422035480859039;1.0064407814407814;1.0209199623905505;1.0238373501954185;1.0218253968253967;1.0200489875406977 0 
nsga-ii 0.2 metric-min-ed-value 1.0918973664711007 0 
nsga-ii 0.2 metric-min-ed-solution 0.4126984126984127;0.4126984126984127;1.4126984126984126;1.4126984126984126;1.4126984126984126;1.4126984126984126;1.4126984126984126 0 
r-nsga-ii 0.2 metric-min-ed-value 1.118144899318964 0 
r-nsga-ii 0.2 metric-min-ed-solution 0.4226190476190476;0.4226190476190476;1.4226190476190477;1.4226190476190477;1.4226190476190477;1.4226190476190477;1.4226190476190477 0 
nsga-iii 0.2 metric-min-ed-value 0.6141922686399943 0 
nsga-iii 0.2 metric-min-ed-solution 0.23214285714285715;0.23214285714285715;1.2321428571428572;1.2321428571428572;1.2321428571428572;1.2321428571428572;1.2321428571428572 0 
nautilus-1 0.2 metric-min-ed-value 0.052002979509231946 0 
nautilus-1 0.2 metric-min-ed-solution 0.023809523809523808;0.007819794584500404;1.0013125763125763;1.0252508964776765;1.0238669377449778;1.0218253968253967;1.019772657207522 0 
nautilus-2 0.2 metric-min-ed-value 0.04753521030960074 0 
nautilus-2 0.2 metric-min-ed-solution 0.023809523809523808;0.007819794584500404;1.0064407814407814;1.0124207600678188;1.023304774303354;1.0218253968253967;1.0204042693976374 0 
nautilus-3 0.2 metric-min-ed-value 0.05169818241299972 0 
nautilus-3 0.2 metric-min-ed-solution 0.023809523809523808;0.013422035480859039;1.0064407814407814;1.0209199623905505;1.0238373501954185;1.0218253968253967;1.0200489875406977 0 
nsga-ii 0.3 metric-min-ed-value 1.0918973664711007 0 
nsga-ii 0.3 metric-min-ed-solution 0.4126984126984127;0.4126984126984127;1.4126984126984126;1.4126984126984126;1.4126984126984126;1.4126984126984126;1.4126984126984126 0 
r-nsga-ii 0.3 metric-min-ed-value 1.118144899318964 0 
r-nsga-ii 0.3 metric-min-ed-solution 0.4226190476190476;0.4226190476190476;1.4226190476190477;1.4226190476190477;1.4226190476190477;1.4226190476190477;1.4226190476190477 0 
nsga-iii 0.3 metric-min-ed-value 0.6141922686399943 0 
nsga-iii 0.3 metric-min-ed-solution 0.23214285714285715;0.23214285714285715;1.2321428571428572;1.2321428571428572;1.2321428571428572;1.2321428571428572;1.2321428571428572 0 
nautilus-1 0.3 metric-min-ed-value 0.052002979509231946 0 
nautilus-1 0.3 metric-min-ed-solution 0.023809523809523808;0.007819794584500404;1.0013125763125763;1.0252508964776765;1.0238669377449778;1.0218253968253967;1.019772657207522 0 
nautilus-2 0.3 metric-min-ed-value 0.04753521030960074 0 
nautilus-2 0.3 metric-min-ed-solution 0.023809523809523808;0.007819794584500404;1.0064407814407814;1.0124207600678188;1.023304774303354;1.0218253968253967;1.0204042693976374 0 
nautilus-3 0.3 metric-min-ed-value 0.05169818241299972 0 
nautilus-3 0.3 metric-min-ed-solution 0.023809523809523808;0.013422035480859039;1.0064407814407814;1.0209199623905505;1.0238373501954185;1.0218253968253967;1.0200489875406977 0 
nsga-ii 0.4 metric-min-ed-value 1.0918973664711007 0 
nsga-ii 0.4 metric-min-ed-solution 0.4126984126984127;0.4126984126984127;1.4126984126984126;1.4126984126984126;1.4126984126984126;1.4126984126984126;1.4126984126984126 0 
r-nsga-ii 0.4 metric-min-ed-value 1.118144899318964 0 
r-nsga-ii 0.4 metric-min-ed-solution 0.4226190476190476;0.4226190476190476;1.4226190476190477;1.4226190476190477;1.4226190476190477;1.4226190476190477;1.4226190476190477 0 
nsga-iii 0.4 metric-min-ed-value 0.6141922686399943 0 
nsga-iii 0.4 metric-min-ed-solution 0.23214285714285715;0.23214285714285715;1.2321428571428572;1.2321428571428572;1.2321428571428572;1.2321428571428572;1.2321428571428572 0 
nautilus-1 0.4 metric-min-ed-value 0.052002979509231946 0 
nautilus-1 0.4 metric-min-ed-solution 0.023809523809523808;0.007819794584500404;1.0013125763125763;1.0252508964776765;1.0238669377449778;1.0218253968253967;1.019772657207522 0 
nautilus-2 0.4 metric-min-ed-value 0.04753521030960074 0 
nautilus-2 0.4 metric-min-ed-solution 0.023809523809523808;0.007819794584500404;1.0064407814407814;1.0124207600678188;1.023304774303354;1.0218253968253967;1.0204042693976374 0 
nautilus-3 0.4 metric-min-ed-value 0.05169818241299972 0 
nautilus-3 0.4 metric-min-ed-solution 0.023809523809523808;0.013422035480859039;1.0064407814407814;1.0209199623905505;1.0238373501954185;1.0218253968253967;1.0200489875406977 0 
nsga-ii 0.5 metric-min-ed-value 1.0918973664711007 0 
nsga-ii 0.5 metric-min-ed-solution 0.4126984126984127;0.4126984126984127;1.4126984126984126;1.4126984126984126;1.4126984126984126;1.4126984126984126;1.4126984126984126 0 
r-nsga-ii 0.5 metric-min-ed-value 1.118144899318964 0 
r-nsga-ii 0.5 metric-min-ed-solution 0.4226190476190476;0.4226190476190476;1.4226190476190477;1.4226190476190477;1.4226190476190477;1.4226190476190477;1.4226190476190477 0 
nsga-iii 0.5 metric-min-ed-value 0.6141922686399943 0 
nsga-iii 0.5 metric-min-ed-solution 0.23214285714285715;0.23214285714285715;1.2321428571428572;1.2321428571428572;1.2321428571428572;1.2321428571428572;1.2321428571428572 0 
nautilus-1 0.5 metric-min-ed-value 0.052002979509231946 0 
nautilus-1 0.5 metric-min-ed-solution 0.023809523809523808;0.007819794584500404;1.0013125763125763;1.0252508964776765;1.0238669377449778;1.0218253968253967;1.019772657207522 0 
nautilus-2 0.5 metric-min-ed-value 0.04753521030960074 0 
nautilus-2 0.5 metric-min-ed-solution 0.023809523809523808;0.007819794584500404;1.0064407814407814;1.0124207600678188;1.023304774303354;1.0218253968253967;1.0204042693976374 0 
nautilus-3 0.5 metric-min-ed-value 0.05169818241299972 0 
nautilus-3 0.5 metric-min-ed-solution 0.023809523809523808;0.013422035480859039;1.0064407814407814;1.0209199623905505;1.0238373501954185;1.0218253968253967;1.0200489875406977 0 
nsga-ii 0.6 metric-min-ed-value 1.0918973664711007 0 
nsga-ii 0.6 metric-min-ed-solution 0.4126984126984127;0.4126984126984127;1.4126984126984126;1.4126984126984126;1.4126984126984126;1.4126984126984126;1.4126984126984126 0 
r-nsga-ii 0.6 metric-min-ed-value 1.118144899318964 0 
r-nsga-ii 0.6 metric-min-ed-solution 0.4226190476190476;0.4226190476190476;1.4226190476190477;1.4226190476190477;1.4226190476190477;1.4226190476190477;1.4226190476190477 0 
nsga-iii 0.6 metric-min-ed-value 0.6141922686399943 0 
nsga-iii 0.6 metric-min-ed-solution 0.23214285714285715;0.23214285714285715;1.2321428571428572;1.2321428571428572;1.2321428571428572;1.2321428571428572;1.2321428571428572 0 
nautilus-1 0.6 metric-min-ed-value 0.052002979509231946 0 
nautilus-1 0.6 metric-min-ed-solution 0.023809523809523808;0.007819794584500404;1.0013125763125763;1.0252508964776765;1.0238669377449778;1.0218253968253967;1.019772657207522 0 
nautilus-2 0.6 metric-min-ed-value 0.04753521030960074 0 
nautilus-2 0.6 metric-min-ed-solution 0.023809523809523808;0.007819794584500404;1.0064407814407814;1.0124207600678188;1.023304774303354;1.0218253968253967;1.0204042693976374 0 
nautilus-3 0.6 metric-min-ed-value 0.05169818241299972 0 
nautilus-3 0.6 metric-min-ed-solution 0.023809523809523808;0.013422035480859039;1.0064407814407814;1.0209199623905505;1.0238373501954185;1.0218253968253967;1.0200489875406977 0 
nsga-ii 0.7 metric-min-ed-value 1.0918973664711007 0 
nsga-ii 0.7 metric-min-ed-solution 0.4126984126984127;0.4126984126984127;1.4126984126984126;1.4126984126984126;1.4126984126984126;1.4126984126984126;1.4126984126984126 0 
r-nsga-ii 0.7 metric-min-ed-value 1.118144899318964 0 
r-nsga-ii 0.7 metric-min-ed-solution 0.4226190476190476;0.4226190476190476;1.4226190476190477;1.4226190476190477;1.4226190476190477;1.4226190476190477;1.4226190476190477 0 
nsga-iii 0.7 metric-min-ed-value 0.6141922686399943 0 
nsga-iii 0.7 metric-min-ed-solution 0.23214285714285715;0.23214285714285715;1.2321428571428572;1.2321428571428572;1.2321428571428572;1.2321428571428572;1.2321428571428572 0 
nautilus-1 0.7 metric-min-ed-value 0.052002979509231946 0 
nautilus-1 0.7 metric-min-ed-solution 0.023809523809523808;0.007819794584500404;1.0013125763125763;1.0252508964776765;1.0238669377449778;1.0218253968253967;1.019772657207522 0 
nautilus-2 0.7 metric-min-ed-value 0.04753521030960074 0 
nautilus-2 0.7 metric-min-ed-solution 0.023809523809523808;0.007819794584500404;1.0064407814407814;1.0124207600678188;1.023304774303354;1.0218253968253967;1.0204042693976374 0 
nautilus-3 0.7 metric-min-ed-value 0.05169818241299972 0 
nautilus-3 0.7 metric-min-ed-solution 0.023809523809523808;0.013422035480859039;1.0064407814407814;1.0209199623905505;1.0238373501954185;1.0218253968253967;1.0200489875406977 0 
nsga-ii 0.8 metric-min-ed-value 1.0918973664711007 0 
nsga-ii 0.8 metric-min-ed-solution 0.4126984126984127;0.4126984126984127;1.4126984126984126;1.4126984126984126;1.4126984126984126;1.4126984126984126;1.4126984126984126 0 
r-nsga-ii 0.8 metric-min-ed-value 1.118144899318964 0 
r-nsga-ii 0.8 metric-min-ed-solution 0.4226190476190476;0.4226190476190476;1.4226190476190477;1.4226190476190477;1.4226190476190477;1.4226190476190477;1.4226190476190477 0 
nsga-iii 0.8 metric-min-ed-value 0.6141922686399943 0 
nsga-iii 0.8 metric-min-ed-solution 0.23214285714285715;0.23214285714285715;1.2321428571428572;1.2321428571428572;1.2321428571428572;1.2321428571428572;1.2321428571428572 0 
nautilus-1 0.8 metric-min-ed-value 0.052002979509231946 0 
nautilus-1 0.8 metric-min-ed-solution 0.023809523809523808;0.007819794584500404;1.0013125763125763;1.0252508964776765;1.0238669377449778;1.0218253968253967;1.019772657207522 0 
nautilus-2 0.8 metric-min-ed-value 0.04753521030960074 0 
nautilus-2 0.8 metric-min-ed-solution 0.023809523809523808;0.007819794584500404;1.0064407814407814;1.0124207600678188;1.023304774303354;1.0218253968253967;1.0204042693976374 0 
nautilus-3 0.8 metric-min-ed-value 0.05169818241299972 0 
nautilus-3 0.8 metric-min-ed-solution 0.023809523809523808;0.013422035480859039;1.0064407814407814;1.0209199623905505;1.0238373501954185;1.0218253968253967;1.0200489875406977 0 
nsga-ii 0.9 metric-min-ed-value 1.0918973664711007 0 
nsga-ii 0.9 metric-min-ed-solution 0.4126984126984127;0.4126984126984127;1.4126984126984126;1.4126984126984126;1.4126984126984126;1.4126984126984126;1.4126984126984126 0 
r-nsga-ii 0.9 metric-min-ed-value 1.118144899318964 0 
r-nsga-ii 0.9 metric-min-ed-solution 0.4226190476190476;0.4226190476190476;1.4226190476190477;1.4226190476190477;1.4226190476190477;1.4226190476190477;1.4226190476190477 0 
nsga-iii 0.9 metric-min-ed-value 0.6141922686399943 0 
nsga-iii 0.9 metric-min-ed-solution 0.23214285714285715;0.23214285714285715;1.2321428571428572;1.2321428571428572;1.2321428571428572;1.2321428571428572;1.2321428571428572 0 
nautilus-1 0.9 metric-min-ed-value 0.052002979509231946 0 
nautilus-1 0.9 metric-min-ed-solution 0.023809523809523808;0.007819794584500404;1.0013125763125763;1.0252508964776765;1.0238669377449778;1.0218253968253967;1.019772657207522 0 
nautilus-2 0.9 metric-min-ed-value 0.04753521030960074 0 
nautilus-2 0.9 metric-min-ed-solution 0.023809523809523808;0.007819794584500404;1.0064407814407814;1.0124207600678188;1.023304774303354;1.0218253968253967;1.0204042693976374 0 
nautilus-3 0.9 metric-min-ed-value 0.05169818241299972 0 
nautilus-3 0.9 metric-min-ed-solution 0.023809523809523808;0.013422035480859039;1.0064407814407814;1.0209199623905505;1.0238373501954185;1.0218253968253967;1.0200489875406977 0 
nsga-ii 1.0 metric-min-ed-value 1.0918973664711007 0 
nsga-ii 1.0 metric-min-ed-solution 0.4126984126984127;0.4126984126984127;1.4126984126984126;1.4126984126984126;1.4126984126984126;1.4126984126984126;1.4126984126984126 0 
r-nsga-ii 1.0 metric-min-ed-value 1.118144899318964 0 
r-nsga-ii 1.0 metric-min-ed-solution 0.4226190476190476;0.4226190476190476;1.4226190476190477;1.4226190476190477;1.4226190476190477;1.4226190476190477;1.4226190476190477 0 
nsga-iii 1.0 metric-min-ed-value 0.6141922686399943 0 
nsga-iii 1.0 metric-min-ed-solution 0.23214285714285715;0.23214285714285715;1.2321428571428572;1.2321428571428572;1.2321428571428572;1.2321428571428572;1.2321428571428572 0 
nautilus-1 1.0 metric-min-ed-value 0.052002979509231946 0 
nautilus-1 1.0 metric-min-ed-solution 0.023809523809523808;0.007819794584500404;1.0013125763125763;1.0252508964776765;1.0238669377449778;1.0218253968253967;1.019772657207522 0 
nautilus-2 1.0 metric-min-ed-value 0.04753521030960074 0 
nautilus-2 1.0 metric-min-ed-solution 0.023809523809523808;0.007819794584500404;1.0064407814407814;1.0124207600678188;1.023304774303354;1.0218253968253967;1.0204042693976374 0 
nautilus-3 1.0 metric-min-ed-value 0.05169818241299972 0 
nautilus-3 1.0 metric-min-ed-solution 0.023809523809523808;0.013422035480859039;1.0064407814407814;1.0209199623905505;1.0238373501954185;1.0218253968253967;1.0200489875406977 0 
