0.025793650793650792 0.0 0.0 0.48570487158841547 0.02544529262086514 0.0 0.9750513184904469
0.013888888888888888 0.15966386554621848 0.18974358974358974 0.4698025791513186 0.013610272797206936 0.0 0.9867756197694616
0.01984126984126984 0.03361344537815125 0.04102564102564099 0.46831823042607357 0.018876856618734835 0.0 0.981643770724775
0.021825396825396824 0.01680672268907568 0.02051282051282055 0.4897827825769004 0.02201313687200426 0.0 0.9784857097741987
0.023809523809523808 0.0028011204481792618 0.00512820512820511 0.4803781458193224 0.023492514349961535 0.0 0.9770645823464393
0.015873015873015872 0.0980392156862745 0.12307692307692308 0.46193685807656387 0.014852949878691046 0.0 0.985117637770409
0.025793650793650792 0.0 0.0 0.4876281690225488 0.02582993076513403 0.0 0.9746565608716249
0.025793650793650792 0.0 0.0 0.49160348722000324 0.026125806260725488 0.0 0.9744591820622138
0.025793650793650792 0.0 0.0 0.4853016119939794 0.02571158056689745 0.0 0.9749723669666824
0.025793650793650792 0.0 0.0 0.48777563579153255 0.02556364281910172 0.0 0.9747355123953892
0.025793650793650792 0.0 0.0 0.4854803755821857 0.02556364281910172 0.0 0.9749723669666824
0.023809523809523808 0.011204481792717047 0.01025641025641022 0.4943074691333204 0.023906740043789572 0.0 0.9765119216800884
0.023809523809523808 0.011204481792717047 0.01538461538461533 0.4838175061665773 0.02319663885437008 0.0 0.9767487762513817
0.01984126984126984 0.04201680672268904 0.02564102564102566 0.49725875985421886 0.020681697141842714 0.0 0.9803410705826623
0.015873015873015872 0.08683473389355745 0.08205128205128209 0.48950940025132855 0.01642109000532576 0.0 0.9840912679614716
0.025793650793650792 0.0 0.0 0.4865746538242965 0.02544529262086514 0.0 0.9747749881572715
0.023809523809523808 0.011204481792717047 0.01025641025641022 0.4924936883721712 0.0237292147464347 0.0 0.9765513974419706
0.023809523809523808 0.011204481792717047 0.02051282051282055 0.4947531112391795 0.02367003964731641 0.0 0.9761961155850308
0.01984126984126984 0.04201680672268904 0.04102564102564099 0.4851100194572846 0.019734895555950056 0.0 0.9805384493920732
0.017857142857142856 0.0672268907563025 0.06153846153846154 0.4966855455632545 0.01825551807799278 0.0 0.9821964313911259
0.013888888888888888 0.08963585434173671 0.10256410256410253 0.46104886399004047 0.014024498491034973 0.0 0.9863808621506395
0.015873015873015872 0.05882352941176472 0.06666666666666665 0.4638838868880885 0.015474288419433102 0.0 0.9847623559134692
0.01984126984126984 0.025210084033613467 0.03076923076923077 0.47244393043412647 0.019024794366530564 0.0 0.981051634296542
0.017857142857142856 0.036414565826330514 0.03589743589743588 0.47565424317875293 0.017782117285046452 0.0 0.9824332859624191
0.017857142857142856 0.036414565826330514 0.0461538461538461 0.46625103745201785 0.016953665897390377 0.0 0.9830254223906522
0.021825396825396824 0.01680672268907568 0.02051282051282055 0.47744986445521204 0.020652109592283568 0.0 0.979314700773725
0.023809523809523808 0.008403361344537785 0.01025641025641022 0.48253026434844615 0.022959938457896917 0.0 0.9771830096320859
0.023809523809523808 0.008403361344537785 0.01025641025641022 0.48149169235399175 0.02313746375525179 0.0 0.9773014369177325
0.025793650793650792 0.0056022408963585235 0.01025641025641022 0.48336616354150297 0.023877152494230426 0.0 0.9758408337280909
0.027777777777777776 0.0028011204481792618 0.00512820512820511 0.49123277889055444 0.026776732351026688 0.0 0.9729196273488079
0.025793650793650792 0.0056022408963585235 0.01025641025641022 0.48426997524848214 0.02399550269246701 0.0 0.9755250276330333
0.027777777777777776 0.0028011204481792618 0.00512820512820511 0.481400858711783 0.026421681756316942 0.0 0.9738670456339807
0.02976190476190476 0.0 0.0 0.48853508458550465 0.028522397775016275 0.0 0.9714195483972841
0.021825396825396824 0.01680672268907568 0.02051282051282055 0.4801044870162517 0.021273448133025622 0.0 0.9789594189167851
0.027777777777777776 0.0028011204481792618 0.00512820512820511 0.48291116697710096 0.02618498135984378 0.0 0.9738275698720985
0.02976190476190476 0.0 0.0 0.4978168317177605 0.029232498964435766 0.0 0.9705905573977578
0.027777777777777776 0.0028011204481792618 0.00512820512820511 0.48538241009152455 0.02618498135984378 0.0 0.9737091425864519
0.027777777777777776 0.0028011204481792618 0.00512820512820511 0.48183802568902767 0.02582993076513403 0.0 0.9740644244433918
0.02976190476190476 0.0 0.0 0.48490898457285014 0.028433635126338837 0.0 0.9720906363492815
0.027777777777777776 0.0028011204481792618 0.00512820512820511 0.4893757135272971 0.026421681756316942 0.0 0.9730775303963366
0.02976190476190476 0.0 0.0 0.4956268288201061 0.029262086513994912 0.0 0.9705905573977578
0.027777777777777776 0.0028011204481792618 0.00512820512820511 0.48525954222463585 0.02630333155808036 0.0 0.9735117637770409
0.02976190476190476 0.0 0.0 0.4920835739113048 0.028640747973252854 0.0 0.9711037423022264
0.027777777777777776 0.0028011204481792618 0.00512820512820511 0.4905415519264903 0.02701343274749985 0.0 0.9729985788725722
0.02976190476190476 0.0 0.0 0.48632874050941277 0.02840404757677969 0.0 0.9717353544923417
0.027777777777777776 0.0028011204481792618 0.00512820512820511 0.48099986991389715 0.026066631161607196 0.0 0.9741433759671562
0.02976190476190476 0.0 0.0 0.4863591800356507 0.028374460027220546 0.0 0.9720116848255171
0.025793650793650792 0.0056022408963585235 0.01025641025641022 0.48667382140232807 0.024291378188058464 0.0 0.9753276488236223
0.02976190476190476 0.0 0.0 0.4921462368941362 0.028137759630747383 0.0 0.9716958787304595
0.027777777777777776 0.0028011204481792618 0.00512820512820511 0.491408321442258 0.026244156458962067 0.0 0.9731170061582188
0.025793650793650792 0.0 0.0 0.48515261134039395 0.025415705071305996 0.0 0.9751697457760935
0.013888888888888888 0.1204481792717087 0.14358974358974363 0.46518051665110494 0.013403159950292917 0.0 0.986854571293226
0.015873015873015872 0.0672268907563025 0.09230769230769231 0.45873015873015877 0.015208000473400794 0.0 0.98531501657982
0.01984126984126984 0.02801120448179273 0.04102564102564099 0.47005540392795286 0.019143144564767147 0.0 0.9815648192010106
0.021825396825396824 0.014005602240896309 0.02051282051282055 0.4780251284663048 0.02121427303390733 0.0 0.9792357492499605
0.021825396825396824 0.014005602240896309 0.02051282051282055 0.47742352418823 0.02136221078170306 0.0 0.9792357492499605
0.023809523809523808 0.0056022408963585235 0.00512820512820511 0.4771196940314587 0.023226226403929226 0.0 0.9774593399652614
0.023809523809523808 0.0056022408963585235 0.00512820512820511 0.4828590405409291 0.023551689449079826 0.0 0.9768672035370283
0.023809523809523808 0.0056022408963585235 0.00512820512820511 0.47927323221440865 0.023285401503047518 0.0 0.9771830096320859
0.023809523809523808 0.0056022408963585235 0.00512820512820511 0.4791980758892523 0.02334457660216581 0.0 0.9771435338702037
0.023809523809523808 0.0056022408963585235 0.00512820512820511 0.48295147118676524 0.023255813953488372 0.0 0.9768672035370283
0.023809523809523808 0.0056022408963585235 0.01025641025641022 0.47526106790812656 0.022900763358778626 0.0 0.9775382914890257
0.023809523809523808 0.0056022408963585235 0.01025641025641022 0.47857383629442435 0.023167051304810934 0.0 0.9772224853939682
0.021825396825396824 0.014005602240896309 0.02051282051282055 0.47659613262554423 0.021303035682584768 0.0 0.979512079583136
0.2757936507936508 0.0028011204481792618 0.00512820512820511 0.5324074935958164 0.272264631043257 0.0 0.719643139112585
0.251984126984127 0.0 0.0 0.5334918870070793 0.25560684064145806 0.0 0.740920574767093
0.24206349206349206 0.0028011204481792618 0.00512820512820511 0.5283319841413298 0.23510266879697023 0.0 0.7563950734249172
0.2619047619047619 0.0028011204481792618 0.00512820512820511 0.5310219599483271 0.2525001479377478 0.0 0.7371703773882836
0.2718253968253968 0.0 0.0 0.5317679059917501 0.26886206284395525 0.0 0.7230775303963368
0.251984126984127 0.0 0.0 0.5366319029217106 0.2554293153441032 0.0 0.7398942049581557
0.26587301587301587 0.0 0.0 0.5265310976151076 0.2560802414344044 0.0 0.735867677246171
0.251984126984127 0.0028011204481792618 0.00512820512820511 0.530701954305077 0.24471862240369252 0.0 0.7453418600978999
0.2777777777777778 0.0 0.0 0.5270732563464027 0.2713178294573643 0.0 0.7211432180641089
0.2400793650793651 0.0 0.0 0.532475828804322 0.23720338481566958 0.0 0.7557634612348019
0.24603174603174602 0.0028011204481792618 0.00512820512820511 0.5296170735176637 0.24211491804248772 0.0 0.7516974577609348
0.26587301587301587 0.0 0.0 0.5335072203133152 0.2648085685543523 0.0 0.7271040581083217
0.25595238095238093 0.0028011204481792618 0.00512820512820511 0.5277655451266158 0.24812119060299426 0.0 0.7447497236696669
0.25793650793650796 0.0 0.0 0.5339205785136997 0.2593348718859104 0.0 0.734722880151587
0.24801587301587302 0.0 0.0 0.52722964428848 0.24454109710633765 0.0 0.7497236696668246
0.25992063492063494 0.0 0.0 0.5257194695758983 0.24977809337830642 0.0 0.7411179535765041
0.25396825396825395 0.0 0.0 0.5306487689394288 0.2532102491271673 0.0 0.7412363808621506
0.26785714285714285 0.0 0.0 0.5282403822496351 0.2623823894905024 0.0 0.7313279646297175
0.24603174603174602 0.0028011204481792618 0.00512820512820511 0.5298510187494836 0.23939286348304634 0.0 0.7515790304752882
0.26785714285714285 0.0028011204481792618 0.00512820512820511 0.530897595898679 0.2589798212912007 0.0 0.7308937312490132
0.2896825396825397 0.0 0.0 0.5220954291974021 0.28146635895615124 0.0 0.7130506868782569
0.2619047619047619 0.0028011204481792618 0.00512820512820511 0.5288947917497907 0.25483756435292026 0.0 0.7366177167219328
0.24404761904761904 0.0 0.0 0.5269208571369217 0.23557606958991656 0.0 0.7556450339491552
0.2718253968253968 0.0 0.0 0.5273901913299519 0.2647789810047932 0.0 0.7271040581083217
0.25992063492063494 0.0 0.0 0.5309681445147841 0.2602520859222439 0.0 0.7345255013421761
0.25992063492063494 0.0 0.0 0.52363058004676 0.2528847860820167 0.0 0.7408810990052109
0.251984126984127 0.0 0.0 0.5320862779373221 0.2551038522989526 0.0 0.7417890415285016
0.27976190476190477 0.0 0.0 0.5270710692905619 0.2734481330256228 0.0 0.719051002684352
0.25793650793650796 0.0028011204481792618 0.00512820512820511 0.5306621030327917 0.25406828806438253 0.0 0.7388678351492185
0.2777777777777778 0.0 0.0 0.5298194721811954 0.2726492691875259 0.0 0.7194852360650561
0.2638888888888889 0.0 0.0 0.530926166188158 0.25986744777797505 0.0 0.7317227222485395
0.251984126984127 0.0 0.0 0.5309549310421195 0.2541866382626191 0.0 0.7423417021948524
0.27380952380952384 0.0 0.0 0.52573560061709 0.26510444404994377 0.0 0.726788252013264
0.2619047619047619 0.0 0.0 0.53023221107623 0.25992662287709334 0.0 0.7331438496762989
0.26587301587301587 0.0 0.0 0.5338706956458487 0.27037102787147166 0.0 0.7267882520132639
0.26785714285714285 0.0 0.0 0.527388818141559 0.25986744777797505 0.0 0.7327490920574768
0.24603174603174602 0.0 0.0 0.5293723643430399 0.2425587312858749 0.0 0.7505921364282331
0.25992063492063494 0.0 0.0 0.5310868429672511 0.2590094088407598 0.0 0.7346439286278227
0.2619047619047619 0.0 0.0 0.5296343077677056 0.2583584827504586 0.0 0.7344070740565293
0.2638888888888889 0.0 0.0 0.5322361391407562 0.25986744777797505 0.0 0.7307753039633664
0.25595238095238093 0.0 0.0 0.5295074184299107 0.250103556423457 0.0 0.7417495657666193
0.2718253968253968 0.0 0.0 0.5281802068640445 0.26886206284395525 0.0 0.7248144639191538
0.23809523809523808 0.0 0.0 0.5281977163370987 0.2331203029765075 0.0 0.7596320858992578
0.25595238095238093 0.0 0.0 0.529401336744952 0.25779631930883484 0.0 0.7391046897205118
0.24801587301587302 0.0 0.0 0.5270826628873352 0.2409314160601219 0.0 0.7507105637138797
0.2638888888888889 0.0028011204481792618 0.00512820512820511 0.5272625464263538 0.25548849044322147 0.0 0.7369729985788727
0.2777777777777778 0.0 0.0 0.5292248498082107 0.27827090360376355 0.0 0.7172351176377706
0.25992063492063494 0.0 0.0 0.5323224751926108 0.2629741404816853 0.0 0.7333412284857099
0.28174603174603174 0.0 0.0 0.5274752957891448 0.2757855494407953 0.0 0.7167219327333019
0.24404761904761904 0.0 0.0 0.5320200166551939 0.2467009882241553 0.0 0.7498420969524712
0.24404761904761904 0.0 0.0 0.5322807897228012 0.24569501153914433 0.0 0.7496447181430601
0.2718253968253968 0.0 0.0 0.529545726509874 0.2712290668086869 0.0 0.7233933364913945
0.25992063492063494 0.0028011204481792618 0.00512820512820511 0.5267278752442454 0.25252973548730695 0.0 0.7398152534343914
0.2619047619047619 0.0 0.0 0.529091279819148 0.2590685839398781 0.0 0.734130743723354
0.23809523809523808 0.0 0.0 0.5288160964889347 0.2363157583288952 0.0 0.7587636191378493
0.25793650793650796 0.0 0.0 0.5306680017565745 0.258033019705308 0.0 0.7366966682456972
0.251984126984127 0.0028011204481792618 0.00512820512820511 0.5325785942018783 0.24927510503580094 0.0 0.7429733143849677
0.25396825396825395 0.0 0.0 0.5281912335948984 0.24883129179241376 0.0 0.7435259750513186
0.25396825396825395 0.0 0.0 0.5293784577211839 0.2527072607846618 0.0 0.741670614242855
0.24404761904761904 0.0028011204481792618 0.00512820512820511 0.5299699243605509 0.23726255991478787 0.0 0.7535922943312806
0.26587301587301587 0.0 0.0 0.534538260388367 0.2642759926622877 0.0 0.7269066792989106
0.2619047619047619 0.0 0.0 0.5299562153255706 0.2589502337416415 0.0 0.7340912679614717
0.23809523809523808 0.0028011204481792618 0.00512820512820511 0.5352331533766649 0.2340966921119593 0.0 0.7568687825675036
0.2757936507936508 0.0 0.0 0.5318931053134248 0.2758151369903545 0.0 0.7179456813516503
0.251984126984127 0.0028011204481792618 0.00512820512820511 0.5338483900272771 0.24699686371974672 0.0 0.7438812569082583
0.27380952380952384 0.0 0.0 0.5263352583600276 0.2683590745014498 0.0 0.7253276488236223
0.25992063492063494 0.0 0.0 0.5286209284588799 0.2588910586425232 0.0 0.7358282014842887
0.26587301587301587 0.0 0.0 0.528398137620839 0.26057754896739455 0.0 0.7332622769619455
0.27380952380952384 0.0028011204481792618 0.00512820512820511 0.5285234766128409 0.2677673235102669 0.0 0.7253276488236224
0.251984126984127 0.0 0.0 0.5359951689110425 0.2551334398485117 0.0 0.7399336807200381
0.26587301587301587 0.0 0.0 0.5250116442841944 0.25921652168767384 0.0 0.7351571135322913
0.24603174603174602 0.0 0.0 0.5350411461039348 0.24871294159417717 0.0 0.7467629875256593
0.2619047619047619 0.0028011204481792618 0.00512820512820511 0.5273605533449546 0.2553701402449849 0.0 0.7370519501026371
0.251984126984127 0.0 0.0 0.5299136512988896 0.24362388307000415 0.0 0.7470787936207168
0.2876984126984127 0.0 0.0 0.5287973243188371 0.2846914018580981 0.0 0.7087873045949789
0.2638888888888889 0.0 0.0 0.5282927834381888 0.25676075507426477 0.0 0.7353544923417024
0.26785714285714285 0.0028011204481792618 0.00512820512820511 0.5312856320171585 0.26566660749156756 0.0 0.7272619611558505
0.251984126984127 0.0028011204481792618 0.00512820512820511 0.5281854377781561 0.24241079353807918 0.0 0.749052581714827
0.30357142857142855 0.0 0.0 0.5335354270429586 0.3028285697378543 0.0 0.68893099636823
0.27380952380952384 0.0 0.0 0.5281850953313714 0.2630924906799219 0.0 0.7261566398231487
0.26785714285714285 0.0 0.0 0.5345560049093228 0.27093319131309546 0.0 0.7235907153008053
0.24206349206349206 0.0 0.0 0.5341388185434057 0.24090182851056274 0.0 0.750750039475762
0.28174603174603174 0.0 0.0 0.5286294046247371 0.28114089591100067 0.0 0.7138402021159009
0.26785714285714285 0.0 0.0 0.5292064540396982 0.26099177466122253 0.0 0.7296305068687827
0.25595238095238093 0.0 0.0 0.532351638974513 0.25196757204568315 0.0 0.7388283593873364
0.2698412698412698 0.0 0.0 0.5341793445559488 0.27294514468311737 0.0 0.7220511605873994
0.30952380952380953 0.0 0.0 0.5287287244173459 0.3080951535593822 0.0 0.686049265750829
0.26587301587301587 0.0 0.0 0.5272976900017003 0.26196816379667437 0.0 0.731446391915364
0.25 0.0 0.0 0.5298983111149471 0.24584294928694006 0.0 0.7459339965261329
0.2876984126984127 0.0 0.0 0.5269805586151487 0.2794544055861294 0.0 0.7114321806410865
0.27380952380952384 0.0 0.0 0.5327363474852812 0.2762885377833008 0.0 0.7188141481130585
0.27976190476190477 0.0 0.0 0.5289609013786134 0.270844428664418 0.0 0.7183799147323544
0.25396825396825395 0.0 0.0 0.5358316577640395 0.2525001479377478 0.0 0.738552029054161
0.2757936507936508 0.0 0.0 0.5289218487901441 0.2671163974199657 0.0 0.7222880151586928
0.26587301587301587 0.0 0.0 0.5241406145641833 0.26007456062488904 0.0 0.7347623559134693
0.2837301587301587 0.0 0.0 0.5247028854435545 0.277146576720516 0.0 0.7169982630664773
0.2876984126984127 0.0 0.0 0.5271607314011649 0.27892182969406476 0.0 0.7116690352123797
0.24404761904761904 0.0 0.0 0.5314480914463595 0.23939286348304634 0.0 0.7512237486183484
0.2837301587301587 0.0 0.0 0.5256998087446748 0.27605183738682765 0.0 0.7160903205431866
0.30753968253968256 0.0 0.0 0.5283439759270457 0.3038937215219836 0.0 0.6884178114637614
0.27380952380952384 0.0 0.0 0.5282317718272658 0.2713770045564826 0.0 0.7224853939681036
0.2916666666666667 0.0 0.0 0.5273739106723051 0.2874726315166578 0.0 0.7060240012632245
0.2718253968253968 0.0 0.0 0.5331410221360643 0.272057518196343 0.0 0.7214195483972841
0.25396825396825395 0.0 0.0 0.5260426871366676 0.24747026451269305 0.0 0.7449471024790779
0.24801587301587302 0.0 0.0 0.5305698924077047 0.24397893366471388 0.0 0.747473551239539
0.2996031746031746 0.0 0.0 0.5270158942556468 0.2962009586366057 0.0 0.6980893731249014
0.2777777777777778 0.0 0.0 0.5287407692216424 0.2693354636369016 0.0 0.7202352755408181
0.2857142857142857 0.0 0.0 0.5293043865117715 0.28575655364222735 0.0 0.7094978683088582
0.2619047619047619 0.0 0.0 0.5337539346381951 0.259453222084147 0.0 0.7310911100584243
0.27976190476190477 0.0 0.0 0.5276488632451503 0.27013432747499855 0.0 0.7191694299699986
0.23809523809523808 0.0 0.0 0.5277910062481971 0.2341558672110776 0.0 0.7588820464234961
0.2400793650793651 0.0 0.0 0.5275718101521113 0.23622699568021777 0.0 0.7572635401863257
0.26785714285714285 0.0 0.0 0.5344750773003228 0.2707556660157406 0.0 0.7238670456339807
0.28174603174603174 0.0 0.0 0.5331384021400296 0.2830049115332268 0.0 0.710405810832149
0.2638888888888889 0.0 0.0 0.5358609369695665 0.26581454523936326 0.0 0.7272619611558504
0.29365079365079366 0.0 0.0 0.5280556904976523 0.2891887093910882 0.0 0.7040107374072321
0.2718253968253968 0.0 0.0 0.5255522155932492 0.2638617669684597 0.0 0.7284857097741988
0.25595238095238093 0.0 0.0 0.536991059668525 0.2542458133617374 0.0 0.7354334438654668
0.29365079365079366 0.0 0.0 0.527252753397562 0.28498727735368956 0.0 0.7054318648349913
0.25992063492063494 0.0 0.0 0.5281727305702452 0.2514941712527369 0.0 0.7388678351492185
0.30158730158730157 0.0 0.0 0.525766632418893 0.29803538670927276 0.0 0.6971419548397285
0.2757936507936508 0.0 0.0 0.5273226635820042 0.273684833422096 0.0 0.7209458392546977
0.27380952380952384 0.0 0.0 0.5296564587553649 0.26566660749156756 0.0 0.7236301910626877
0.2777777777777778 0.0 0.0 0.5280785594622783 0.26744186046511625 0.0 0.7220116848255171
0.24404761904761904 0.0 0.0 0.5309316681932404 0.24069471566364872 0.0 0.751539554713406
0.2996031746031746 0.0 0.0 0.528426404691528 0.2941890052665838 0.0 0.6975761882204328
0.32142857142857145 0.0 0.0 0.5288357892204207 0.3197230605361264 0.0 0.6740881099005211
0.2777777777777778 0.0 0.0 0.5261525158921557 0.2652523817977395 0.0 0.7244197063003317
0.2777777777777778 0.0 0.0 0.5286844027515892 0.26892123794307354 0.0 0.7205510816358758
0.27380952380952384 0.0 0.0 0.5325282891397343 0.2742174093141606 0.0 0.720037896731407
0.26785714285714285 0.0 0.0 0.533909023546341 0.2652523817977395 0.0 0.7250513184904469
0.30357142857142855 0.0 0.0 0.5272901877457637 0.29596425824013256 0.0 0.6948128848886785
0.27976190476190477 0.0 0.0 0.5326057421583521 0.283448724776614 0.0 0.7121427443549659
0.29563492063492064 0.0 0.0 0.5307686927523598 0.29312385348245457 0.0 0.6995105005526607
0.31746031746031744 0.0 0.0 0.5288706080559541 0.3120598852003077 0.0 0.6785093952313281
0.26785714285714285 0.0 0.0 0.5310060162074596 0.2679744363571809 0.0 0.7265908732038528
0.26785714285714285 0.0 0.0 0.52937418846828 0.26282620273388957 0.0 0.7291962734880784
0.28174603174603174 0.0 0.0 0.5313049431925513 0.2825315107402805 0.0 0.7118664140217907
0.28174603174603174 0.0 0.0 0.5253660921934464 0.27267885673708503 0.0 0.7187746723511765
0.25595238095238093 0.0 0.0 0.5300567296593788 0.2528847860820167 0.0 0.7399731564819203
0.29563492063492064 0.0 0.0 0.5291468390378687 0.29081602461684125 0.0 0.7012079583135956
0.30158730158730157 0.0 0.0 0.5287945914725082 0.29753239836676726 0.0 0.6950102636980895
0.26587301587301587 0.0 0.0 0.5269718422720002 0.2580921948044263 0.0 0.7334991315332386
0.28174603174603174 0.0 0.0 0.5289509198021297 0.2759630747381502 0.0 0.715182378019896
0.23214285714285715 0.0 0.0 0.5321121911401594 0.2298064974258832 0.0 0.7627901468498344
0.27380952380952384 0.0 0.0 0.5290042277595792 0.2654299070950944 0.0 0.724103900205274
0.5158730158730159 0.0 0.0 0.5246744250866384 0.5115095567785076 0.0 0.4829859466287699
0.5 0.0 0.0 0.5281928827297133 0.4990236108645482 0.0 0.4940786357176694
0.4742063492063492 0.0 0.0 0.526630021203556 0.4748801704242855 0.0 0.5217906205589768
0.5099206349206349 0.0 0.0 0.5215476949693839 0.5050298834250547 0.0 0.4933285962419076
0.48412698412698413 0.0 0.0 0.5218117863431235 0.4720397656666075 0.0 0.5208826780356859
0.43253968253968256 0.0 0.0 0.519772364405588 0.42384164743475944 0.0 0.5760697931470078
0.4603174603174603 0.0 0.0 0.527263969607896 0.4624238120598852 0.0 0.5343044370756354
0.503968253968254 0.0 0.0 0.5207030855109643 0.4902952837446003 0.0 0.5028817306174009
0.501984126984127 0.0 0.0 0.5215955480449339 0.49275105035800937 0.0 0.5020527396178746
0.48412698412698413 0.0 0.0 0.5282944593528115 0.48698147819397597 0.0 0.5094347070898471
0.5059523809523809 0.0 0.0 0.5242205496831764 0.5005621634416237 0.0 0.4938023053844939
0.4880952380952381 0.0 0.0 0.5218912459658436 0.47600449730753297 0.0 0.5168956260855833
0.5238095238095238 0.0 0.0 0.5239531696513777 0.5163027398070892 0.0 0.4768672035370284
0.4781746031746032 0.0 0.0 0.529478058237947 0.4786082016687378 0.0 0.5149613137533552
0.5138888888888888 0.0 0.0 0.5232471504271886 0.5082549263270016 0.0 0.4870519501026369
0.49404761904761907 0.0 0.0 0.5228044640039046 0.4859163264098467 0.0 0.5083688615190269
0.501984126984127 0.0 0.0 0.5236470392876336 0.4978696964317415 0.0 0.4984209695247118
0.48412698412698413 0.0 0.0 0.5290456516377895 0.4842002485354163 0.0 0.5090399494710248
0.4781746031746032 0.0 0.0 0.5262131041689326 0.47221729096396237 0.0 0.5191062687509869
0.4801587301587302 0.0 0.0 0.5235282896080226 0.47766140008284513 0.0 0.5202115900836886
0.5257936507936508 0.0 0.0 0.5267319530572301 0.5206521095922836 0.0 0.47047213011211153
0.4126984126984127 0.0 0.0 0.5252894060585404 0.4128646665483165 0.0 0.5866887730933208
0.46825396825396826 0.0 0.0 0.527303632861325 0.47026451269305874 0.0 0.5264487604610768
0.46825396825396826 0.0 0.0 0.521045806177834 0.4616841233209066 0.0 0.5358834675509238
0.5178571428571429 0.0 0.0 0.5243354349203018 0.51281140895911 0.0 0.4815648192010106
0.49404761904761907 0.0 0.0 0.5246502890205457 0.48408189833717974 0.0 0.5065529764724459
0.5138888888888888 0.0 0.0 0.5243426350993506 0.5059766850109474 0.0 0.48645981367440394
0.4583333333333333 0.0 0.0 0.5232132261520722 0.45594413870643236 0.0 0.5425943470708985
0.49404761904761907 0.0 0.0 0.5217010895525731 0.4864784898514705 0.0 0.5092373282804359
0.45436507936507936 0.0 0.0 0.5324921036021247 0.4581927924729274 0.0 0.5354887099321017
0.501984126984127 0.0 0.0 0.5218382144677629 0.49698206994496713 0.0 0.5007500394757618
0.48214285714285715 0.0 0.0 0.5229233931660384 0.4759453222084147 0.0 0.5193825990841623
0.48412698412698413 0.0 0.0 0.5253315397269743 0.47745428723593114 0.0 0.5148034107058268
0.5238095238095238 0.0 0.0 0.526869244543878 0.5193798449612403 0.0 0.4721695878730463
0.4603174603174603 0.0 0.0 0.5246204968642708 0.45612166400378723 0.0 0.5389625769777358
0.4861111111111111 0.0 0.0 0.5262937221478674 0.4805609799396414 0.0 0.5108558345176062
0.5218253968253969 0.0 0.0 0.5246114411720323 0.5152967631220783 0.0 0.47734091267961476
0.5158730158730159 0.0 0.0 0.5203513124957906 0.5094976034084857 0.0 0.4898942049581557
0.5 0.0 0.0 0.5244649609564611 0.4926622877093319 0.0 0.4998815727143535
0.49404761904761907 0.0 0.0 0.5261088205837642 0.49091662228534233 0.0 0.5024080214748146
0.5317460317460317 0.0 0.0 0.5231541918427334 0.5253269424226286 0.0 0.4695247118269381
0.501984126984127 0.0 0.0 0.5206690376704707 0.4935499141961063 0.0 0.5033554397599873
0.498015873015873 0.0 0.0 0.5276335108130142 0.5004438132433872 0.0 0.4954602873835465
0.5119047619047619 0.0 0.0 0.5241132870316653 0.5041422569382804 0.0 0.48859150481604297
0.49206349206349204 0.0 0.0 0.5253617775959882 0.4822178827149535 0.0 0.507737249328912
0.44841269841269843 0.0 0.0 0.5261706516818543 0.44866560151488255 0.0 0.5480420022106426
0.45436507936507936 0.0 0.0 0.5237294845947402 0.44715663648736614 0.0 0.5477656718774672
0.4880952380952381 0.0 0.0 0.5285808887451922 0.49275105035800937 0.0 0.5046581399021002
0.49404761904761907 0.0 0.0 0.5250645146453099 0.4874844665364815 0.0 0.5046976156639823
0.48412698412698413 0.0 0.0 0.5263221033626785 0.4788744896147701 0.0 0.5129480498973629
0.4880952380952381 0.0 0.0 0.5197020941351299 0.47668501094739335 0.0 0.5188694141796937
0.5119047619047619 0.0 0.0 0.5252607203778922 0.5081957512278833 0.0 0.48634138638875735
0.5198412698412699 0.0 0.0 0.5211782679154837 0.5112136812829161 0.0 0.4848018316753514
0.4503968253968254 0.0 0.0 0.5239532924489423 0.44514468311734423 0.0 0.5503710721616926
0.501984126984127 0.0 0.0 0.5270151916881268 0.5008876264867743 0.0 0.4929338386230856
0.5257936507936508 0.0 0.0 0.5252904871854405 0.5222794248180366 0.0 0.4727617243012793
0.48214285714285715 0.0 0.0 0.5265586440199015 0.4821882951653944 0.0 0.5133822832780671
0.44047619047619047 0.0 0.0 0.5313501791828257 0.44366530563938694 0.0 0.5505289752092215
0.4603174603174603 0.0 0.0 0.5204234844891705 0.44878395171311913 0.0 0.5467393020685299
0.45634920634920634 0.0 0.0 0.5228744060047809 0.4509142552813776 0.0 0.5455550292120638
0.49007936507936506 0.0 0.0 0.5217501686720808 0.4831646843008462 0.0 0.5129085741354809
0.5138888888888888 0.0 0.0 0.5251912288683364 0.5110953310846795 0.0 0.48389388915206066
0.503968253968254 0.0 0.0 0.5251445713793985 0.5010651517841292 0.0 0.4940391599557873
0.4623015873015873 0.0 0.0 0.5245666858795207 0.45825196757204567 0.0 0.5369493131217432
0.498015873015873 0.0 0.0 0.5233938943147927 0.4899106456003314 0.0 0.5041449549976316
0.4722222222222222 0.0 0.0 0.5228425675737567 0.46408071483519736 0.0 0.5300805305542396
0.48214285714285715 0.0 0.0 0.5235997495722566 0.4807680927865554 0.0 0.5177246170851098
0.4662698412698413 0.0 0.0 0.5211191195117597 0.45751227883306705 0.0 0.539081004263382
0.5257936507936508 0.0 0.0 0.5255000683093325 0.5197644831055092 0.0 0.47209063634928183
0.43253968253968256 0.0 0.0 0.5195442962598688 0.4233978341913723 0.0 0.5767408810990053
0.49404761904761907 0.0 0.0 0.5213063936345023 0.4868631279957394 0.0 0.5097899889467866
0.4801587301587302 0.0 0.0 0.5252725485500039 0.4796437659033079 0.0 0.5174877625138166
0.501984126984127 0.0 0.0 0.5281445164787973 0.4984318598733653 0.0 0.4926969840517922
0.4861111111111111 0.0 0.0 0.5253878105516177 0.4794070655068347 0.0 0.5126717195641877
0.4742063492063492 0.0 0.0 0.5279846985397644 0.4734303804958873 0.0 0.5204089688930995
0.49603174603174605 0.0 0.0 0.5212772341395998 0.48754364163559977 0.0 0.5080530554239697
0.47619047619047616 0.0 0.0 0.5255100856552289 0.47597490975797385 0.0 0.521040581083215
0.4603174603174603 0.0 0.0 0.5201638476630617 0.4513284809752056 0.0 0.5458313595452392
0.5257936507936508 0.0 0.0 0.5239665970640138 0.5183442807266703 0.0 0.47473551239538936
0.5396825396825397 0.0 0.0 0.5255213288802796 0.53254630451506 0.0 0.4592215379756829
0.5059523809523809 0.0 0.0 0.5239674759573676 0.49535475471921414 0.0 0.4958550450023683
0.4742063492063492 0.0 0.0 0.5237671659328867 0.47153677732410204 0.0 0.5255802936996685
0.5218253968253969 0.0 0.0 0.5233956192623231 0.5147345996804544 0.0 0.4792357492499605
0.45634920634920634 0.0 0.0 0.5191689649613126 0.44600272205455943 0.0 0.5529764724459182
0.4583333333333333 0.0 0.0 0.5208976749489946 0.45103260547961416 0.0 0.5459103110690037
0.42658730158730157 0.0 0.0 0.5216413339469222 0.4215929936682644 0.0 0.5783593873361756
0.49007936507936506 0.0 0.0 0.5246081307852676 0.47988046629978104 0.0 0.5106584557081951
0.5079365079365079 0.0 0.0 0.5237375848850747 0.5038463814426889 0.0 0.4915916627190907
0.45436507936507936 0.0 0.0 0.524129905110889 0.4491390023078289 0.0 0.5463445444497077
0.4861111111111111 0.0 0.0 0.5245998503989217 0.47976211610154446 0.0 0.5130664771830096
0.5079365079365079 0.0 0.0 0.5236637510635053 0.4994674241079354 0.0 0.4930522659087321
0.4662698412698413 0.0 0.0 0.5243089282519348 0.46348896384401445 0.0 0.5332780672666982
0.4880952380952381 0.0 0.0 0.5245392842447374 0.4807976803361146 0.0 0.5118822043265436
0.503968253968254 0.0 0.0 0.5263238472521898 0.5021894786673767 0.0 0.49202589609979475
0.5297619047619048 0.0 0.0 0.5266330927382791 0.5231078762056927 0.0 0.4668403600189487
0.47619047619047616 0.0 0.0 0.521072832130802 0.463400201195337 0.0 0.5310279488394126
0.4603174603174603 0.0 0.0 0.5239595980775622 0.45532280016569027 0.0 0.539988946786673
0.49007936507936506 0.0 0.0 0.5208034299555682 0.47896325226344755 0.0 0.5163034896573504
0.5099206349206349 0.0 0.0 0.5302789368523891 0.5129001716077874 0.0 0.4810121585346596
0.4801587301587302 0.0 0.0 0.528609238083396 0.4839931356885023 0.0 0.5127111953260699
0.4801587301587302 0.0 0.0 0.5217651580353616 0.4697615243505533 0.0 0.5245539238907311
0.4722222222222222 0.0 0.0 0.5247099357468354 0.46556009231315465 0.0 0.5285804516027159
0.47619047619047616 0.0 0.0 0.5279881881662166 0.47553109651458664 0.0 0.518356229275225
0.4742063492063492 0.0 0.0 0.5252032001578253 0.46937688620628437 0.0 0.5248697299857888
0.5158730158730159 0.0 0.0 0.5265794137410218 0.509971004201432 0.0 0.4809726827727776
0.5138888888888888 0.0 0.0 0.5235588469839842 0.5063613231552163 0.0 0.48685457129322596
0.5238095238095238 0.0 0.0 0.5207950622653146 0.5150600627256051 0.0 0.48152534343912823
0.4801587301587302 0.0 0.0 0.5229804435928644 0.4710042014320374 0.0 0.5227775146060318
0.5198412698412699 0.0 0.0 0.5242449903749501 0.5140540860405941 0.0 0.47943312805937166
0.5436507936507936 0.0 0.0 0.5208377958760444 0.5334043434522753 0.0 0.46245855045002393
0.44841269841269843 0.0 0.0 0.521753076106759 0.4449967453695485 0.0 0.554476551397442
0.4801587301587302 0.0 0.0 0.5203486223261685 0.46854843481862835 0.0 0.5263698089373128
0.503968253968254 0.0 0.0 0.5245775194032282 0.4996745369548494 0.0 0.4945128690983738
0.503968253968254 0.0 0.0 0.5234321133930283 0.500414225693828 0.0 0.49644718143060185
0.4861111111111111 0.0 0.0 0.5248506892934403 0.4851766376708681 0.0 0.5115269224696037
0.4861111111111111 0.0 0.0 0.5244311386039483 0.4843185987336529 0.0 0.5121980104216014
0.5059523809523809 0.0 0.0 0.5199984657075393 0.4978105213326232 0.0 0.5
0.49404761904761907 0.0 0.0 0.5216918392583965 0.48408189833717974 0.0 0.5095926101373758
0.4861111111111111 0.0 0.0 0.5298594615402121 0.4897627078525357 0.0 0.5043423338070427
0.5416666666666666 0.0 0.0 0.5230567357674518 0.5328717675602107 0.0 0.46087951997473553
0.5515873015873016 0.0 0.0 0.5253320052594629 0.5497662583584827 0.0 0.44556292436444034
0.5178571428571429 0.0 0.0 0.5247705786745884 0.5119237824723356 0.0 0.4805779251539556
0.5515873015873016 0.0 0.0 0.5288378121443676 0.5552695425764839 0.0 0.44023369651034217
0.5436507936507936 0.0 0.0 0.5236079131135415 0.5352683590745014 0.0 0.45819516816674555
0.44246031746031744 0.0 0.0 0.5215000879122125 0.4335759512397183 0.0 0.5612663824411814
0.5 0.0 0.0 0.5297145180916473 0.4999704124504409 0.0 0.491710090004737
0.5456349206349206 0.0 0.0 0.5220446709606437 0.5348245458311143 0.0 0.46001105321332714
0.47619047619047616 0.0 0.0 0.526192817834139 0.47292739215338186 0.0 0.5199352597505134
0.501984126984127 0.0 0.0 0.5231389960845665 0.49171548612343924 0.0 0.4998815727143535
0.5198412698412699 0.0 0.0 0.5234933700569809 0.5120717202201314 0.0 0.48065687667772006
0.49206349206349204 0.0 0.0 0.5214071318968897 0.4832238593999645 0.0 0.5117637770408971
0.4861111111111111 0.0 0.0 0.5282743869847151 0.48585715131072843 0.0 0.5067503552818571
0.5416666666666666 0.0 0.0 0.5226628742040028 0.5349428960293509 0.0 0.46040581083214926
0.46825396825396826 0.0 0.0 0.5254950160468714 0.46727617018758505 0.0 0.5288962576977738
0.4781746031746032 0.0 0.0 0.5285694623262418 0.47949582815551217 0.0 0.5144876046107689
0.46825396825396826 0.0 0.0 0.5203810042292961 0.4607373217350139 0.0 0.5367914100742146
0.5099206349206349 0.0 0.0 0.5229311614711769 0.49881649801763417 0.0 0.49253908100426347
0.5138888888888888 0.0 0.0 0.5225002761763591 0.5039943191904847 0.0 0.4891441654823939
0.5496031746031746 0.0 0.0 0.5289819294177678 0.5532280016569028 0.0 0.4420890573188063
0.49206349206349204 0.0 0.0 0.5286870176061527 0.49372743949346115 0.0 0.4998420969524714
0.498015873015873 0.0 0.0 0.5223458944065809 0.48780992958163205 0.0 0.5050923732828045
0.5238095238095238 0.0 0.0 0.5186408480792132 0.5110953310846795 0.0 0.4860650560555818
0.5119047619047619 0.0 0.0 0.5279554721916385 0.5128705840582283 0.0 0.48199905258171516
0.503968253968254 0.0 0.0 0.5306635667298878 0.5066276111012485 0.0 0.4854334438654666
0.503968253968254 0.0 0.0 0.5254975044853325 0.5045860701816676 0.0 0.4929338386230855
0.48412698412698413 0.0 0.0 0.5237220290449158 0.4814190188768566 0.0 0.51539554713406
0.4781746031746032 0.0 0.0 0.5230375037414847 0.47798686312799576 0.0 0.5224222327490922
0.49007936507936506 0.0 0.0 0.5278566611030632 0.49091662228534233 0.0 0.5030001579030474
0.47619047619047616 0.0 0.0 0.5206208071078617 0.4636664891413693 0.0 0.5304358124111798
0.48214285714285715 0.0 0.0 0.5238032418254939 0.47597490975797385 0.0 0.5180404231801675
0.5178571428571429 0.0 0.0 0.5192110168281222 0.5059175099118292 0.0 0.490131059529449
0.5079365079365079 0.0 0.0 0.5193046736484631 0.5006805136398603 0.0 0.49917100900047395
0.5357142857142857 0.0 0.0 0.5214648406844018 0.5283744600272205 0.0 0.4682220116848257
0.498015873015873 0.0 0.0 0.5281697862560942 0.4968045446476123 0.0 0.495144481288489
0.49206349206349204 0.0 0.0 0.5248165943706278 0.48573880111249185 0.0 0.506908258329386
0.5238095238095238 0.0 0.0 0.5257513103533318 0.5179300550328422 0.0 0.47382756987209884
0.5 0.0 0.0 0.526968110439695 0.5001183501982366 0.0 0.49463129638402026
0.44841269841269843 0.0 0.0 0.5225353625350523 0.4448488076217528 0.0 0.5537659876835623
0.44642857142857145 0.0 0.0 0.523916026769689 0.44212675306231136 0.0 0.5543186483499132
0.503968253968254 0.0 0.0 0.5256819188945312 0.5035800934966566 0.0 0.4927364598136743
0.48412698412698413 0.0 0.0 0.5278635519393472 0.4875140540860406 0.0 0.5089609979472602
0.5138888888888888 0.0 0.0 0.5231414182162711 0.504881945677259 0.0 0.4878809411021636
0.5119047619047619 0.0 0.0 0.5229862196603889 0.5029883425054738 0.0 0.4895783988630982
0.5059523809523809 0.0 0.0 0.5190381437485532 0.49437836558376236 0.0 0.5019343123322281
0.503968253968254 0.0 0.0 0.5282415766107329 0.5025149417125274 0.0 0.4892625927680405
0.48412698412698413 0.0 0.0 0.521690302830491 0.47390378128883365 0.0 0.5196984051792203
0.5456349206349206 0.0 0.0 0.5234714170139706 0.5379312385348245 0.0 0.45531343754934483
0.5218253968253969 0.0 0.0 0.5230613757279318 0.5129001716077874 0.0 0.4801042160113693
0.5218253968253969 0.0 0.0 0.5179400673927494 0.5094976034084857 0.0 0.4885125532922785
0.5059523809523809 0.0 0.0 0.5192505420860474 0.4939641398899343 0.0 0.5016185062371704
0.5396825396825397 0.0 0.0 0.5226634843745437 0.5326054796141784 0.0 0.4623401231643772
0.49206349206349204 0.0 0.0 0.5253483832697938 0.49139002307828866 0.0 0.5050528975209221
0.5198412698412699 0.0 0.0 0.5192528540979539 0.5084620391739156 0.0 0.4882756987209853
0.5158730158730159 0.0 0.0 0.52098982045768 0.5033433931001834 0.0 0.48926259276804074
0.5376984126984127 0.0 0.0 0.523643479109082 0.5318362033256405 0.0 0.4626559292594349
0.46825396825396826 0.0 0.0 0.5222443483635384 0.461772885969584 0.0 0.5334359703142273
0.5376984126984127 0.0 0.0 0.5233131641273989 0.5297946624060595 0.0 0.46439286278225167
0.4583333333333333 0.0 0.0 0.5211561484362836 0.4474820995325167 0.0 0.546305068687826
0.5238095238095238 0.0 0.0 0.5233272703723292 0.513225634652938 0.0 0.47805147639349455
0.5436507936507936 0.0 0.0 0.5267207108986446 0.5465412154565359 0.0 0.4513263855992422
0.5714285714285714 0.0 0.0 0.5228583040175901 0.5649150837327652 0.0 0.4312332228011999
0.48412698412698413 0.0 0.0 0.5248334927459147 0.4786969643174152 0.0 0.5144086530870049
0.503968253968254 0.0 0.0 0.5187160124240143 0.4888454938162021 0.0 0.5062766461392705
0.48412698412698413 0.0 0.0 0.5248078843111792 0.47825315107402805 0.0 0.5147244591820626
0.48412698412698413 0.0 0.0 0.5235833666687715 0.47760222498372684 0.0 0.5164613927048795
0.5158730158730159 0.0 0.0 0.5205838964294189 0.5038167938931297 0.0 0.4896178746249804
0.5099206349206349 0.0 0.0 0.5240009314439588 0.5032842180010652 0.0 0.4900915837675668
0.5079365079365079 0.0 0.0 0.5253370184813303 0.5034913308479791 0.0 0.48977577767250924
0.501984126984127 0.0 0.0 0.5183272004769005 0.49446712823243977 0.0 0.5067503552818572
0.5496031746031746 0.0 0.0 0.5277198518352251 0.5517190366293864 0.0 0.4439838938891517
0.503968253968254 0.0 0.0 0.5224423152122284 0.4942600153855258 0.0 0.49857887257224065
0.498015873015873 0.0 0.0 0.5181158080029099 0.4901177584472454 0.0 0.5110926890888997
0.5436507936507936 0.0 0.0 0.5241173295368132 0.5361855731108349 0.0 0.4571687983578082
0.5456349206349206 0.0 0.0 0.5222479690572511 0.5393218533641044 0.0 0.45685299226275067
0.5198412698412699 0.0 0.0 0.5211809037899843 0.5084916267234748 0.0 0.48472288015158693
0.501984126984127 0.0 0.0 0.5283276023096364 0.5008876264867743 0.0 0.4911179535765041
0.501984126984127 0.0 0.0 0.5259216118196955 0.5001183501982366 0.0 0.49471024790778473
0.5099206349206349 0.0 0.0 0.5191839236959231 0.5000295875495592 0.0 0.4980262119058899
0.48214285714285715 0.0 0.0 0.5225021199335136 0.4768625362447482 0.0 0.5197773567029844
0.5277777777777778 0.0 0.0 0.5239070260263704 0.5193502574116812 0.0 0.47311700615821906
0.4523809523809524 0.0 0.0 0.5225792729832963 0.4509142552813776 0.0 0.5491867993052267
0.5218253968253969 0.0 0.0 0.5242149007079283 0.5161252145097343 0.0 0.47745933996526146
0.5436507936507936 0.0 0.0 0.5252763025097467 0.5414225693828038 0.0 0.453813358597821
0.501984126984127 0.0 0.0 0.5196795799936599 0.49091662228534233 0.0 0.5046186641402179
0.45436507936507936 0.0 0.0 0.5225679980136627 0.4456476714598497 0.0 0.548673614400758
0.4722222222222222 0.0 0.0 0.5253171196627083 0.46733534528670334 0.0 0.5256592452234331
0.5218253968253969 0.0 0.0 0.5245786744218506 0.5154742884194331 0.0 0.47734091267961465
0.5357142857142857 0.0 0.0 0.5219862755626543 0.5288478608201669 0.0 0.4673930206852993
0.5119047619047619 0.0 0.0 0.5230344640754195 0.4991123735132256 0.0 0.49092057476709317
0.5257936507936508 0.0 0.0 0.5244353967040171 0.5205041718444878 0.0 0.4729591031106899
0.49007936507936506 0.0 0.0 0.5275703760398676 0.48698147819397597 0.0 0.5045397126164537
0.5694444444444444 0.0 0.0 0.5215179838658986 0.5642049825433457 0.0 0.4347465656087163
0.501984126984127 0.0 0.0 0.5189200045750527 0.4955914551156873 0.0 0.5056845097110376
0.48412698412698413 0.0 0.0 0.5210918708461181 0.4771288241907805 0.0 0.5196194536554558
0.4880952380952381 0.0 0.0 0.5270445176420874 0.4860346766080833 0.0 0.506947734091268
0.5079365079365079 0.0 0.0 0.5281350012214991 0.5078111130836144 0.0 0.48511763777040917
0.5158730158730159 0.0 0.0 0.5218837366778627 0.5112432688324753 0.0 0.4871309016264016
0.49404761904761907 0.0 0.0 0.529517063215604 0.49579856796260136 0.0 0.4981446391915366
0.48214285714285715 0.0 0.0 0.5246832365204908 0.4845257115805669 0.0 0.515869256276646
0.5218253968253969 0.0 0.0 0.5288069017348191 0.5296171371087046 0.0 0.4701957997789358
0.49603174603174605 0.0 0.0 0.5211485266171632 0.48630096455411564 0.0 0.5093557555660824
0.4503968253968254 0.0 0.0 0.5194016460599404 0.4397301615480206 0.0 0.5583057003000158
0.5198412698412699 0.0 0.0 0.5277389744902496 0.5195573702585952 0.0 0.4752881730617403
0.4583333333333333 0.0 0.0 0.5198550904022442 0.4515651813716788 0.0 0.5479630506868781
0.4642857142857143 0.0 0.0 0.5277292997316761 0.4636664891413693 0.0 0.5310674246012947
0.49007936507936506 0.0 0.0 0.5245987610344128 0.49150837327652525 0.0 0.5078951523764407
0.5 0.0 0.0 0.5246722713421718 0.4950588792236227 0.0 0.49932891204800267
0.5317460317460317 0.0 0.0 0.5253973334382552 0.5316290904787265 0.0 0.4660113690194223
0.4861111111111111 0.0 0.0 0.5253752111621511 0.48917095686135276 0.0 0.510855834517606
0.46825396825396826 0.0 0.0 0.5292491973872266 0.4705899757382094 0.0 0.5244749723669666
0.49404761904761907 0.0 0.0 0.5219354177989803 0.4911829102313746 0.0 0.5082109584714983
0.498015873015873 0.0 0.0 0.5281237555792239 0.4986981478193976 0.0 0.4961313753355443
0.5158730158730159 0.0 0.0 0.5220329396602241 0.5097934789040771 0.0 0.4873677561976948
0.498015873015873 0.0 0.0 0.5254416944302056 0.49541392981833243 0.0 0.49956576661929575
0.5178571428571429 0.0 0.0 0.5246921163005736 0.5155038759689923 0.0 0.48085425548713123
0.49603174603174605 0.0 0.0 0.5297549263763265 0.49698206994496713 0.0 0.4964866571924841
0.47023809523809523 0.0 0.0 0.5213494974313906 0.4601159831942718 0.0 0.5352518553608085
0.5634920634920635 0.0 0.0 0.5265977155199584 0.5655660098230665 0.0 0.43356229275225033
0.4801587301587302 0.0 0.0 0.5244252169415967 0.4802946919936091 0.0 0.5182772777514604
0.4623015873015873 0.0 0.0 0.5204389342884755 0.4533108467956684 0.0 0.5431075319753672
0.5119047619047619 0.0 0.0 0.5227669112527691 0.5061542103083023 0.0 0.48969682614874477
0.5396825396825397 0.0 0.0 0.526931949839224 0.5371027871471685 0.0 0.45819516816674566
0.5178571428571429 0.0 0.0 0.5220261157418854 0.5074856500384638 0.0 0.4878809411021633
0.4365079365079365 0.0 0.0 0.5250568453596443 0.43185987336528786 0.0 0.5628454129164694
0.5178571428571429 0.0 0.0 0.5220498986267947 0.5114207941298302 0.0 0.4855123953892312
0.44047619047619047 0.0 0.0 0.5205072552886417 0.4336943014379549 0.0 0.5646218222011683
0.4623015873015873 0.0 0.0 0.5241651994600595 0.45822238002248655 0.0 0.5374624980262118
0.46825396825396826 0.0 0.0 0.5229872755480163 0.4588437185632286 0.0 0.5348570977419862
0.501984126984127 0.0 0.0 0.5220097532726299 0.49745547073791346 0.0 0.5004737091425862
0.4801587301587302 0.0 0.0 0.5230071488963297 0.47162553997277945 0.0 0.5227380388441496
0.46825396825396826 0.0 0.0 0.5293048411476844 0.4683117344221552 0.0 0.525461866414022
0.503968253968254 0.0 0.0 0.5209353812064319 0.4968933072962897 0.0 0.500789515237644
0.4742063492063492 0.0 0.0 0.5243954005402656 0.474791407775608 0.0 0.5242381177956732
0.5099206349206349 0.0 0.0 0.5247633949691626 0.5055032842180011 0.0 0.48882835938733615
0.5 0.0 0.0 0.5277432215925747 0.5019823658204627 0.0 0.49403915995578707
0.46825396825396826 0.0 0.0 0.5204822741988181 0.45783774187821763 0.0 0.5377783041212696
0.47619047619047616 0.0 0.0 0.5208512918351547 0.46715781998934847 0.0 0.52901468498342
0.48214285714285715 0.0 0.0 0.5280360463383587 0.48567962601337356 0.0 0.5113295436601923
0.498015873015873 0.0 0.0 0.5256612465780484 0.4957098053139239 0.0 0.4991710090004736
0.5059523809523809 0.0 0.0 0.5226972342204589 0.4998520622522043 0.0 0.4960129480498975
0.49603174603174605 0.0 0.0 0.5206243593626607 0.485354162968223 0.0 0.5100268435180799
0.4642857142857143 0.0 0.0 0.5259579640624841 0.46283803775371324 0.0 0.5330017369335227
0.5178571428571429 0.0 0.0 0.5225613305926048 0.5085212142730339 0.0 0.4851965892941733
0.5456349206349206 0.0 0.0 0.5292877953718372 0.5504467719983431 0.0 0.44690510026843544
0.49007936507936506 0.0 0.0 0.5203363351426544 0.4815373690750932 0.0 0.516027159324175
0.44841269841269843 0.0 0.0 0.5271051250684479 0.44588437185632285 0.0 0.5482393810200537
0.4662698412698413 0.0 0.0 0.5313059330575378 0.46999822474702646 0.0 0.5245933996526134
0.503968253968254 0.0 0.0 0.5257913861933564 0.499792887153086 0.0 0.49399968419390516
0.47023809523809523 0.0 0.0 0.5215287579281197 0.4601751582933901 0.0 0.5350544765513974
0.5357142857142857 0.0 0.0 0.5226082291075799 0.5329605302088881 0.0 0.46620874782883315
0.5099206349206349 0.0 0.0 0.5289593940907791 0.5100301793005503 0.0 0.48322280120006333
0.46825396825396826 0.0 0.0 0.5313538519685964 0.4705308006390911 0.0 0.5226196115585033
0.4861111111111111 0.0 0.0 0.5316797315393142 0.4889934315639979 0.0 0.5046976156639824
0.4503968253968254 0.0 0.0 0.5251254370584827 0.4483401384697319 0.0 0.5481999052581717
0.4722222222222222 0.0 0.0 0.5245437658989676 0.4734007929463282 0.0 0.5258171482709615
0.5317460317460317 0.0 0.0 0.5241363261651013 0.5279898218829516 0.0 0.46826148744670804
0.49603174603174605 0.0 0.0 0.5211349389298532 0.487602816734718 0.0 0.5085267645665561
0.4801587301587302 0.0 0.0 0.5229436538077523 0.47363749334280136 0.0 0.5216327175114479
0.5218253968253969 0.0 0.0 0.5217261447563495 0.5184922184744659 0.0 0.48144639191536387
0.5198412698412699 0.0 0.0 0.5228096132826003 0.5170424285460679 0.0 0.4814858676772462
0.49206349206349204 0.0 0.0 0.5293305894129641 0.4932244511509557 0.0 0.5004737091425867
0.5059523809523809 0.0 0.0 0.5250616329156096 0.5020415409195811 0.0 0.49238117795673464
0.498015873015873 0.0 0.0 0.524897200853566 0.49653825670157997 0.0 0.5002763303331756
0.4742063492063492 0.0 0.0 0.5215577541120194 0.4691105982602521 0.0 0.5294094426022422
0.4880952380952381 0.0 0.0 0.5213703234202577 0.480679330137878 0.0 0.5156324017053527
0.49007936507936506 0.0 0.0 0.5263724091145727 0.4883129179241375 0.0 0.5066319279962106
0.46825396825396826 0.0 0.0 0.5247486977810797 0.46375525179004673 0.0 0.5306726669824728
0.4801587301587302 0.0 0.0 0.5255885652080993 0.47609325995621044 0.0 0.5178430443707562
0.5357142857142857 0.0 0.0 0.5227050954245095 0.532723829812415 0.0 0.4658929417337756
0.5456349206349206 0.0 0.0 0.5228342615317726 0.5413042191845672 0.0 0.45657666192957547
0.49206349206349204 0.0 0.0 0.521245138725598 0.485354162968223 0.0 0.5121585346597187
0.49206349206349204 0.0 0.0 0.5231524317803393 0.48792827977986863 0.0 0.5088030948997313
0.498015873015873 0.0 0.0 0.5225872408235893 0.4911237351322563 0.0 0.5039870519501026
0.4642857142857143 0.0 0.0 0.5314532026736324 0.4669802946919936 0.0 0.526448760461077
0.4226190476190476 0.0 0.0 0.5219497564107104 0.41410734362980056 0.0 0.5815174482867522
0.4742063492063492 0.0 0.0 0.5185224151914781 0.46416947748387477 0.0 0.5351334280751617
0.49603174603174605 0.0 0.0 0.5225641520648474 0.49357950174566545 0.0 0.505250276330333
0.503968253968254 0.0 0.0 0.5220818979393634 0.5005325758920646 0.0 0.49834201800094724
0.4722222222222222 0.0 0.0 0.5242926744186964 0.4734007929463282 0.0 0.5261329543660191
0.46825396825396826 0.0 0.0 0.5285533508097853 0.4660039055565418 0.0 0.5269619453655457
0.5357142857142857 0.0 0.0 0.5240315402835063 0.5353571217231788 0.0 0.46411653244907647
0.49404761904761907 0.0 0.0 0.5245098076366578 0.4896443576542991 0.0 0.5051713248065686
0.4781746031746032 0.0 0.0 0.5278448325441464 0.47908160246168413 0.0 0.5164613927048791
0.5198412698412699 0.0 0.0 0.525968114951408 0.5197053080063909 0.0 0.47607768829938424
0.49603174603174605 0.0 0.0 0.525588534908156 0.4927806379075685 0.0 0.5013421759039949
0.49603174603174605 0.0 0.0 0.5239305019049779 0.4923959997632996 0.0 0.5036317700931625
0.49007936507936506 0.0 0.0 0.5262995547564444 0.48999940824900884 0.0 0.5065529764724459
0.4503968253968254 0.0 0.0 0.5187064296295516 0.43748150778152556 0.0 0.5594110216327175
0.5238095238095238 0.0 0.0 0.5226803746107349 0.5201491212497781 0.0 0.4777356702984369
0.5178571428571429 0.0 0.0 0.5215051055439626 0.5117166696254216 0.0 0.4860255802936996
0.4742063492063492 0.0 0.0 0.5228254701358883 0.4647020533759394 0.0 0.5291331122690668
0.49603174603174605 0.0 0.0 0.5261785088918258 0.4940233149890526 0.0 0.5003552818569399
0.47619047619047616 0.0 0.0 0.5219058600261207 0.4713888395763063 0.0 0.5269619453655456
0.501984126984127 0.0 0.0 0.5230274360070193 0.49952659920705367 0.0 0.498894678667298
0.5119047619047619 0.0 0.0 0.5229183642519156 0.5065980235516895 0.0 0.4893810200536871
0.498015873015873 0.0 0.0 0.5232220952371487 0.4919225989703533 0.0 0.5029606821411653
0.48412698412698413 0.0 0.0 0.5211404805290986 0.47603408485709214 0.0 0.520448444654982
0.5119047619047619 0.0 0.0 0.5249258602866019 0.5081365761287651 0.0 0.48657824096005053
0.5059523809523809 0.0 0.0 0.5273746985926558 0.507337712290668 0.0 0.4881177956734565
0.5 0.0 0.0 0.52211803647127 0.49014734599680454 0.0 0.5039475761882206
0.4642857142857143 0.0 0.0 0.5280743237992278 0.4645541156281437 0.0 0.5302384336017685
0.5 0.0 0.0 0.5208999122031545 0.4895555950056216 0.0 0.5053687036159799
0.5059523809523809 0.0 0.0 0.5213001602149873 0.4976034084857092 0.0 0.499249960524238
0.49206349206349204 0.0 0.0 0.522564010477097 0.4860050890585242 0.0 0.5099478919943153
0.48412698412698413 0.0 0.0 0.5218679249430169 0.47908160246168413 0.0 0.5182772777514606
0.45634920634920634 0.0 0.0 0.5206651562948615 0.4462394224510326 0.0 0.5494236538765198
0.5158730158730159 0.0 0.0 0.5269505278266237 0.5185809811231434 0.0 0.47809095215537656
0.48412698412698413 0.0 0.0 0.5250137604170284 0.4844961240310077 0.0 0.513145428706774
0.5436507936507936 0.0 0.0 0.5243758897685712 0.5359192851648027 0.0 0.4574846044528659
0.4801587301587302 0.0 0.0 0.5242849961070878 0.47680336114562993 0.0 0.5186720353702825
0.47023809523809523 0.0 0.0 0.5242913302026446 0.4688738978637789 0.0 0.5286199273645981
0.5198412698412699 0.0 0.0 0.5268563807908146 0.5221314870702408 0.0 0.47449865782409617
0.5218253968253969 0.0 0.0 0.5257278752763572 0.5163027398070892 0.0 0.47607768829938435
0.5059523809523809 0.0 0.0 0.5310891402658469 0.5155334635185513 0.0 0.4825911890099478
0.4603174603174603 0.0 0.0 0.5226536610173509 0.45837031777028225 0.0 0.540975840833728
0.5396825396825397 0.0 0.0 0.5244453358600699 0.5386117521746849 0.0 0.45878730459497874
0.49206349206349204 0.0 0.0 0.5241324012426176 0.4914196106278478 0.0 0.5069082583293856
0.5436507936507936 0.0 0.0 0.5250100730710249 0.5380791762826203 0.0 0.45566871940628473
0.5198412698412699 0.0 0.0 0.5261476779170973 0.5136694478963252 0.0 0.47769619453655476
0.5416666666666666 0.0 0.0 0.5234192836978425 0.5395585537605776 0.0 0.459300489499447
0.5357142857142857 0.0 0.0 0.5230249028909395 0.533345168353157 0.0 0.4658534659718929
0.4742063492063492 0.0 0.0 0.5233092151221846 0.4689034854133381 0.0 0.5261329543660189
0.5317460317460317 0.0 0.0 0.5270678676086742 0.5273093082430913 0.0 0.46462971735354497
0.5238095238095238 0.0 0.0 0.5257309661578066 0.5214509734303805 0.0 0.4728406758250432
0.5178571428571429 0.0 0.0 0.52287706892209 0.5097343038049589 0.0 0.4844465498184113
0.5257936507936508 0.0 0.0 0.5236850357773184 0.5233149890526066 0.0 0.47386704563398085
0.5218253968253969 0.0 0.0 0.5246991458405669 0.5229007633587787 0.0 0.4759197852518555
0.5218253968253969 0.0 0.0 0.5232898131263498 0.5157109888159063 0.0 0.4793936522974894
0.5178571428571429 0.0 0.0 0.5238299848982026 0.5123084206166045 0.0 0.4824727617243013
0.49206349206349204 0.0 0.0 0.5259281526166575 0.49227764956506304 0.0 0.5039081004263382
0.45436507936507936 0.0 0.0 0.5209874598941748 0.44496715781998936 0.0 0.5506868782567503
0.44642857142857145 0.0 0.0 0.5196574506146854 0.4353216166637079 0.0 0.5609900521080057
0.5079365079365079 0.0 0.0 0.5253364703301542 0.5044973075329902 0.0 0.4896573503868623
0.5119047619047619 0.0 0.0 0.5267235450549949 0.5092904905615717 0.0 0.48365703458076725
0.48214285714285715 0.0 0.0 0.5221729197840599 0.4770992366412214 0.0 0.5199747355123951
0.49206349206349204 0.0 0.0 0.5242811318046596 0.4853245754186638 0.0 0.5075793462813831
0.501984126984127 0.0 0.0 0.5293633789903361 0.5100893543996686 0.0 0.4887888836254537
0.5337301587301587 0.0 0.0 0.5275366552634582 0.5347357831824369 0.0 0.46087951997473553
0.5337301587301587 0.0 0.0 0.5224515808224192 0.5274276584413279 0.0 0.4690904784462342
0.5238095238095238 0.0 0.0 0.5230928460063964 0.5153855257707557 0.0 0.4784857097741986
0.4583333333333333 0.0 0.0 0.5212635849911487 0.4496124031007752 0.0 0.5461076898784147
0.46825396825396826 0.0 0.0 0.5249261398611438 0.46591514290786434 0.0 0.5297252486972996
0.47619047619047616 0.0 0.0 0.5249494374493624 0.4743180069826617 0.0 0.5218300963208589
0.498015873015873 0.0 0.0 0.521467735219322 0.4925735250606545 0.0 0.5056845097110372
0.4880952380952381 0.0 0.0 0.5308958256153377 0.4949701165749453 0.0 0.5014211274277591
0.4861111111111111 0.0 0.0 0.521274935145665 0.4799988164980176 0.0 0.5177246170851096
0.5297619047619048 0.0 0.0 0.5237141467899807 0.5231670513048109 0.0 0.4711826938259911
0.498015873015873 0.0 0.0 0.5235202154737526 0.4918930114207941 0.0 0.5026448760461077
0.4880952380952381 0.0 0.0 0.5229081954881731 0.4799100538493402 0.0 0.5139349439444181
0.4801587301587302 0.0 0.0 0.5274156897890635 0.48109355583170604 0.0 0.5146455076582976
0.5079365079365079 0.0 0.0 0.5230032203473839 0.5039055565418072 0.0 0.4929338386230854
0.5277777777777778 0.0 0.0 0.524467781913356 0.5259778685129297 0.0 0.47027475130270036
0.45436507936507936 0.0 0.0 0.5203975742964736 0.4448488076217528 0.0 0.5513184904468654
0.4503968253968254 0.0 0.0 0.5264693595713609 0.4492277649565063 0.0 0.5451602715932417
0.44642857142857145 0.0 0.0 0.5205277688990366 0.437363157583289 0.0 0.5595689246802464
0.4583333333333333 0.0 0.0 0.5214900051644902 0.4505592046866678 0.0 0.5453971261645351
0.4662698412698413 0.0 0.0 0.5219543501118165 0.45854784306763713 0.0 0.5365545555029212
0.4583333333333333 0.0 0.0 0.5221519390074592 0.4505592046866678 0.0 0.5442918048318333
0.5 0.0 0.0 0.5284788164337333 0.5012426770814841 0.0 0.4930127901468496
0.5138888888888888 0.0 0.0 0.5231402513365108 0.5061542103083023 0.0 0.48744670772145915
0.501984126984127 0.0 0.0 0.5248291624899858 0.4978992839813007 0.0 0.496170851097426
0.4444444444444444 0.0 0.0 0.5259444044156091 0.44289602935084915 0.0 0.5520290541607453
0.5079365079365079 0.0 0.0 0.5238008758138043 0.5004734007929463 0.0 0.49265750828990995
0.5059523809523809 0.0 0.0 0.5222035200780294 0.5021007160186993 0.0 0.49585504500236843
0.4603174603174603 0.0 0.0 0.5245603876485417 0.45700929049056155 0.0 0.5384099163113849
0.5257936507936508 0.0 0.0 0.5257558808844158 0.5258299307651341 0.0 0.47043265435022896
0.5218253968253969 0.0 0.0 0.5229884345984397 0.5146754245813362 0.0 0.47978840991631144
0.5218253968253969 0.0 0.0 0.5233004608127407 0.5140244984910349 0.0 0.47994631296384005
0.5238095238095238 0.0 0.0 0.5223675781525056 0.5149417125273685 0.0 0.47955155534501803
0.4384920634920635 0.0 0.0 0.5234188572185619 0.4329842002485354 0.0 0.5632006947734092
0.5178571428571429 0.0 0.0 0.5229926689921713 0.5152375880229599 0.0 0.4830648981525342
0.5099206349206349 0.0 0.0 0.5222151414509852 0.4985206225220427 0.0 0.4936838780988473
0.5257936507936508 0.0 0.0 0.5239294234284076 0.5174566542398958 0.0 0.4756039791567974
0.49603174603174605 0.0 0.0 0.5237760995729115 0.49289898810580507 0.0 0.503276488236223
0.49603174603174605 0.0 0.0 0.5243645919653201 0.48846085567193326 0.0 0.5035922943312804
0.47023809523809523 0.0 0.0 0.5216958545597439 0.4624829871590035 0.0 0.5330806884572872
0.5158730158730159 0.0 0.0 0.5250269049739129 0.510178117048346 0.0 0.48215695562924354
0.5317460317460317 0.0 0.0 0.5245076575477892 0.5249127167288005 0.0 0.46806410863729675
0.5416666666666666 0.0 0.0 0.5249167076827 0.5416296822297177 0.0 0.45626085583451736
0.47023809523809523 0.0 0.0 0.5225509268090973 0.4604710337889816 0.0 0.5326069793147008
0.4523809523809524 0.0 0.0 0.5229202146664254 0.44887271436179654 0.0 0.5483578083057004
0.4503968253968254 0.0 0.0 0.5254748013643313 0.4468903485413338 0.0 0.5475288173061742
0.44841269841269843 0.0 0.0 0.522949982520442 0.4454701461624948 0.0 0.5522659087320385
0.4603174603174603 0.0 0.0 0.5249977036734458 0.4574826912835079 0.0 0.5379756829306805
0.5138888888888888 0.0 0.0 0.5256027271942971 0.5154151133203149 0.0 0.4825517132480657
0.5257936507936508 0.0 0.0 0.5251677595373146 0.5240842653411445 0.0 0.47153797568293054
0.45634920634920634 0.0 0.0 0.5201225710493718 0.44508550801822594 0.0 0.550450023685457
0.44642857142857145 0.0 0.0 0.5253507978860337 0.4439907686845376 0.0 0.5508842570661615
0.44642857142857145 0.0 0.0 0.5276523354422284 0.44724539913604355 0.0 0.5473709142586451
0.5158730158730159 0.0 0.0 0.5211143799148633 0.5100005917509912 0.0 0.48855202905416073
0.5238095238095238 0.0 0.0 0.5246293010442666 0.516066039410616 0.0 0.476432970156324
0.49404761904761907 0.0 0.0 0.5256071383511308 0.49307651340315994 0.0 0.5027633033317542
0.49007936507936506 0.0 0.0 0.5261147764451071 0.4881649801763418 0.0 0.5069082583293856
0.49404761904761907 0.0 0.0 0.524170381829697 0.4925143499615362 0.0 0.5045397126164535
0.5376984126984127 0.0 0.0 0.5231749615722618 0.5309781643884254 0.0 0.4643533870203692
0.4583333333333333 0.0 0.0 0.5213067577282867 0.4492277649565063 0.0 0.5462261171640612
0.4781746031746032 0.0 0.0 0.522222348115797 0.47499852062252207 0.0 0.5236459813674403
0.5277777777777778 0.0 0.0 0.5226101640957526 0.5189656192674122 0.0 0.47513027001421115
0.5178571428571429 0.0 0.0 0.525876680200749 0.5195869578081543 0.0 0.47820937944102326
0.5416666666666666 0.0 0.0 0.5235783371313518 0.5392922658145453 0.0 0.4591425864519183
0.4444444444444444 0.0 0.0 0.5212738201408493 0.43490739096987985 0.0 0.5603189641560082
0.5376984126984127 0.0 0.0 0.5220162309911374 0.5301201254512101 0.0 0.46573503868624666
0.5099206349206349 0.0 0.0 0.5223084264266901 0.5051482336232913 0.0 0.49206537186167654
0.4603174603174603 0.0 0.0 0.5223924690601297 0.45245280785845315 0.0 0.5423574924996053
0.4603174603174603 0.0 0.0 0.5204345812844596 0.44946446535297946 0.0 0.545989262592768
0.45634920634920634 0.0 0.0 0.5206339922386183 0.44653529794662405 0.0 0.5494631296384019
0.5218253968253969 0.0 0.0 0.5241465109157233 0.5192023196638854 0.0 0.4772619611558504
0.5238095238095238 0.0 0.0 0.5234385212582191 0.5173383040416593 0.0 0.4773803884414971
0.501984126984127 0.0 0.0 0.5209273600610865 0.49215929936682645 0.0 0.5035528185693983
0.025793650793650792 0.0 0.0 0.4934471123132113 0.025622817918220013 0.0 0.9744986578240961
0.025793650793650792 0.0 0.0 0.49157326448348115 0.025918693413811467 0.0 0.9744986578240961
0.01984126984126984 0.025210084033613467 0.03589743589743588 0.4738873327108622 0.018995206816971418 0.0 0.9810911100584241
0.021825396825396824 0.01680672268907568 0.02051282051282055 0.4819699091757915 0.02151014852949879 0.0 0.9787225643454919
0.023809523809523808 0.0028011204481792618 0.0 0.48539540882807136 0.023551689449079826 0.0 0.9766698247276172
0.025793650793650792 0.0 0.0 0.4862309352440931 0.025593230368660867 0.0 0.9748144639191536
0.025793650793650792 0.0 0.0 0.49579803581351567 0.025770755666015742 0.0 0.9742618032528028
0.025793650793650792 0.0 0.0 0.4864815581757115 0.025474880170424284 0.0 0.9748144639191536
0.02976190476190476 0.0 0.0 0.4875896422446622 0.02849281022545713 0.0 0.9716564029685772
0.023809523809523808 0.014005602240896309 0.00512820512820511 0.5036224933477255 0.023877152494230426 0.0 0.9761961155850308
0.025793650793650792 0.008403361344537785 0.0 0.4994736613113013 0.025208592224391976 0.0 0.9748539396810358
0.027777777777777776 0.0028011204481792618 0.0 0.49452856041201904 0.02668796970234925 0.0 0.9733143849676299
0.027777777777777776 0.0028011204481792618 0.0 0.49548453451763774 0.02716137049529558 0.0 0.9728801515869256
0.025793650793650792 0.008403361344537785 0.0 0.4957871193046235 0.025267767323510267 0.0 0.9748144639191536
0.02976190476190476 0.0 0.0 0.49187071053833553 0.028551985324575417 0.0 0.9713800726354018
0.027777777777777776 0.0028011204481792618 0.0 0.49801554692259964 0.02701343274749985 0.0 0.9730775303963367
0.027777777777777776 0.0028011204481792618 0.0 0.49463419438158324 0.027043020297058996 0.0 0.9731959576819833
0.02976190476190476 0.0 0.0 0.49146651778120165 0.028788685721048583 0.0 0.9711432180641086
0.027777777777777776 0.0028011204481792618 0.0 0.4994887002865094 0.027102195396177288 0.0 0.9729196273488079
0.025793650793650792 0.008403361344537785 0.00512820512820511 0.5007273284586337 0.02582993076513403 0.0 0.9742223274909205