0.515625 0.0 0.0 0.582816266241205 0.5262824412003244 0.0 0.4725673478866699
0.5303819444444444 0.0 0.0 0.5782823088226449 0.5320230129764801 0.0 0.46385856943799353
0.5026041666666666 0.0 0.0 0.5751135698101125 0.5052970397404704 0.0 0.4918718067812353
0.4895833333333333 0.0 0.0 0.5659403449399424 0.4820559610705596 0.0 0.5170111472364145
0.5121527777777778 0.0 0.0 0.5774998885652954 0.5151307785888077 0.0 0.48088423130515556
0.4809027777777778 0.0 0.0 0.5690406145448323 0.4822080291970803 0.0 0.5189125638643755
0.5512152777777778 0.0 0.0 0.5729744354771293 0.5530717761557178 0.0 0.44644101254064095
0.4904513888888889 0.0 0.0 0.5719485903291858 0.4890891119221411 0.0 0.5082007663725039
0.5138888888888888 0.0 0.0 0.5694892489367862 0.5085791768045418 0.0 0.4886640733859732
0.5677083333333334 0.0 0.0 0.5736470032589085 0.5669606650446066 0.0 0.4308958430097537
0.4869791666666667 0.0 0.0 0.5643818617419399 0.4800157137064071 0.0 0.5204366000928937
0.5486111111111112 0.0 0.0 0.5729981369304338 0.5507907542579076 0.0 0.44870529493729683
0.5407986111111112 0.0 0.0 0.5719121395766198 0.5370285888077859 0.0 0.45956223873664626
0.5685763888888888 0.0 0.0 0.5752902130117565 0.5700273722627737 0.0 0.42815257779842064
0.4748263888888889 0.0 0.0 0.5766814651966005 0.48024381589618814 0.0 0.5188254760798889
0.4930555555555556 0.0 0.0 0.566565727756764 0.485566200324412 0.0 0.513382489549466
0.5434027777777778 0.0 0.0 0.5719792824602439 0.5398418491484185 0.0 0.4567464003715742
0.4730902777777778 0.0 0.0 0.5751805195964542 0.47680961070559613 0.0 0.5214816535067353
0.4522569444444444 0.0 0.0 0.5698369975758671 0.45076794403892945 0.0 0.5493062006502558
0.4548611111111111 0.0 0.0 0.5730201787502053 0.4560523114355231 0.0 0.5441825359962844
0.4513888888888889 0.0 0.0 0.5719115836459338 0.4522125912408759 0.0 0.548653042266605
0.4939236111111111 0.0 0.0 0.5672043938519986 0.48753041362530414 0.0 0.5104505341384117
0.5347222222222222 0.0 0.0 0.5738465374475685 0.5338351581508516 0.0 0.4623200185787272
0.4661458333333333 0.0 0.0 0.5698845681972098 0.46088047445255476 0.0 0.5371284254528569
0.5598958333333334 0.0 0.0 0.5728405632709268 0.555897708840227 0.0 0.4406206456107755
0.5008680555555556 0.0 0.0 0.5702951072062671 0.49798509732360097 0.0 0.49962261960055776
0.5043402777777778 0.0 0.0 0.573526758917958 0.5003801703163017 0.0 0.4946876451463076
0.5460069444444444 0.0 0.0 0.5721617750696191 0.5426424371451744 0.0 0.45384347422201543
0.4791666666666667 0.0 0.0 0.5752817019222185 0.4835766423357664 0.0 0.5158209475150957
0.4939236111111111 0.0 0.0 0.5697440789490527 0.49357512165450124 0.0 0.5061106595448213
0.4869791666666667 0.0 0.0 0.5688423922189725 0.48461577453365773 0.0 0.514093706456108
0.5425347222222222 0.0 0.0 0.5694749045939709 0.5377509124087592 0.0 0.46060729215048746
0.5086805555555556 0.0 0.0 0.5738271162436687 0.5061587591240876 0.0 0.4885915002322342
0.5217013888888888 0.0 0.0 0.5711809961649043 0.5177032643957826 0.0 0.47917150487691573
0.5355902777777778 0.0 0.0 0.5720744361180201 0.5357613544201135 0.0 0.4626683697166746
0.4765625 0.0 0.0 0.5665453690364505 0.4740597120843471 0.0 0.5265327450069672
0.5086805555555556 0.0 0.0 0.5701620358516148 0.5054237631792377 0.0 0.49195889456572217
0.5164930555555556 0.0 0.0 0.5827845514792083 0.5213655717761557 0.0 0.47388817928471894
0.4973958333333333 0.0 0.0 0.5755941416695098 0.5028386050283861 0.0 0.49577624245239194
0.4973958333333333 0.0 0.0 0.56966840556463 0.49661648418491483 0.0 0.503033557826289
0.4696180555555556 0.0 0.0 0.5686029236685172 0.46817974452554745 0.0 0.5319321876451468
0.5199652777777778 0.0 0.0 0.5716191229319394 0.5161572384428224 0.0 0.4805213655364605
0.5590277777777778 0.0 0.0 0.5748432663110954 0.5608906123276561 0.0 0.43705004644681833
0.5017361111111112 0.0 0.0 0.5775521026883901 0.5057659164639091 0.0 0.49118961913608894
0.5043402777777778 0.0 0.0 0.5815827605406522 0.5102392538523925 0.0 0.4854273107292151
0.5338541666666666 0.0 0.0 0.5697763192571237 0.5278791565287916 0.0 0.46940315838365054
0.5399305555555556 0.0 0.0 0.5771745708342783 0.5461146593673966 0.0 0.4513759869948907
0.5269097222222222 0.0 0.0 0.5707574235571855 0.5246730535279805 0.0 0.4731189038550857
0.46875 0.0 0.0 0.5675002506036468 0.4661521695052717 0.0 0.5341238968880635
0.5442708333333334 0.0 0.0 0.5772374455035841 0.5451642335766423 0.0 0.45063574082675295
0.4791666666666667 0.0 0.0 0.5689579364164157 0.48023114355231145 0.0 0.520697863446354
0.5112847222222222 0.0 0.0 0.5721972158469253 0.5066909975669099 0.0 0.48918660009289394
0.5104166666666666 0.0 0.0 0.5802179038331141 0.5161065490673155 0.0 0.4799843241987922
0.4678819444444444 0.0 0.0 0.5739660000441151 0.4735528183292782 0.0 0.527839061774269
0.5112847222222222 0.0 0.0 0.5755876750092783 0.5156883617193836 0.0 0.4818567115652578
0.5425347222222222 0.0 0.0 0.5768150040146366 0.5430479521492295 0.0 0.4528129354389221
0.4756944444444444 0.0 0.0 0.5704868920312018 0.47715176399026765 0.0 0.5229911751045053
0.5442708333333334 0.0 0.0 0.5719330054758375 0.5460386253041363 0.0 0.45374187180678105
0.5225694444444444 0.0 0.0 0.5704445685960231 0.5250658961881589 0.0 0.47674756154203446
0.5338541666666666 0.0 0.0 0.5688769598361685 0.5290703568532036 0.0 0.4702885508592658
0.5147569444444444 0.0 0.0 0.5708522394696085 0.5167908556366586 0.0 0.48259695773339506
0.5095486111111112 0.0 0.0 0.5737056808993501 0.509022708840227 0.0 0.48714003715745524
0.5234375 0.0 0.0 0.5788947536788139 0.5305783657745337 0.0 0.46728402229447286
0.484375 0.0 0.0 0.5666722245197863 0.47933140713706407 0.0 0.5200447050627033
0.5303819444444444 0.0 0.0 0.5775087750236099 0.532948094079481 0.0 0.46353924756154175
0.5026041666666666 0.0 0.0 0.5819543795924902 0.5088072789943228 0.0 0.48671911286576885
0.5034722222222222 0.0 0.0 0.5726917913108674 0.5050816098945661 0.0 0.49297491871806765
0.4635416666666667 0.0 0.0 0.5689692117667103 0.4613113341443633 0.0 0.5382025081281936
0.4644097222222222 0.0 0.0 0.568849294995076 0.4656706204379562 0.0 0.5365768694844404
0.5173611111111112 0.0 0.0 0.5741732590689236 0.5174498175182481 0.0 0.47920053413841135
0.4817708333333333 0.0 0.0 0.5749245014951555 0.4853507704785077 0.0 0.5140066186716215
0.5373263888888888 0.0 0.0 0.5782325011952908 0.5397151257096513 0.0 0.45517882025081247
0.4973958333333333 0.0 0.0 0.576120060146585 0.49921431467964317 0.0 0.4969228982814684
0.4991319444444444 0.0 0.0 0.5671811275761746 0.4943227899432279 0.0 0.5040350673478868
0.4557291666666667 0.0 0.0 0.5698344608901704 0.4542655109489051 0.0 0.5461274965164891
0.5451388888888888 0.0 0.0 0.5735038043696646 0.547838098134631 0.0 0.4515791918253599
0.4696180555555556 0.0 0.0 0.575051728185609 0.4742117802108678 0.0 0.524703901532745
0.4800347222222222 0.0 0.0 0.5667379684231628 0.47755727899432276 0.0 0.5227879702740365
0.4861111111111111 0.0 0.0 0.5687661998037514 0.48391879562043794 0.0 0.514717835578263
0.4965277777777778 0.0 0.0 0.5705889477562541 0.4920037510137875 0.0 0.5045575940548077
0.4965277777777778 0.0 0.0 0.5806237978146078 0.4991129359286294 0.0 0.49605202043660024
0.5321180555555556 0.0 0.0 0.5817110361403965 0.5396010746147607 0.0 0.4574285880167209
0.4956597222222222 0.0 0.0 0.570341912436077 0.49570407542579076 0.0 0.5036141430562007
0.5086805555555556 0.0 0.0 0.5746141466395207 0.5064502230332523 0.0 0.4876190199721321
0.5243055555555556 0.0 0.0 0.5779777754460428 0.5254967558799676 0.0 0.47020146307477895
0.5199652777777778 0.0 0.0 0.5731385105987871 0.5191605839416058 0.0 0.4774732930794239
0.4887152777777778 0.0 0.0 0.5751747240911023 0.4888863544201135 0.0 0.5066912447747336
0.5130208333333334 0.0 0.0 0.5786270722206273 0.5164106853203568 0.0 0.4784457733395261
0.5086805555555556 0.0 0.0 0.578506594140137 0.5126089821573399 0.0 0.48375812819321884
0.4869791666666667 0.0 0.0 0.5715403947328388 0.48266423357664234 0.0 0.5141082210868559
0.4479166666666667 0.0 0.0 0.5706066695222426 0.4485756285482563 0.0 0.5522962145843013
0.4930555555555556 0.0 0.0 0.5695567245075215 0.492117802108678 0.0 0.5082297956339992
0.5321180555555556 0.0 0.0 0.5673564587241039 0.5269160583941606 0.0 0.47198676265675754
0.5225694444444444 0.0 0.0 0.5761033953312883 0.5276257096512571 0.0 0.47118845796562947
0.5251736111111112 0.0 0.0 0.5727892299108064 0.5233678021086781 0.0 0.473583372039015
0.4956597222222222 0.0 0.0 0.5729355084148104 0.4943861516626115 0.0 0.5018723873664654
0.5138888888888888 0.0 0.0 0.5698928473952721 0.5135720802919708 0.0 0.48539828146771935
0.5121527777777778 0.0 0.0 0.5710562023003509 0.5124442416869425 0.0 0.48579017649791023
0.5217013888888888 0.0 0.0 0.5721512417869731 0.5199969586374696 0.0 0.47789421737111026
0.5130208333333334 0.0 0.0 0.5771042985544877 0.5180580900243309 0.0 0.4787650952159772
0.5269097222222222 0.0 0.0 0.5703150097066315 0.5243689172749392 0.0 0.47346725499303277
0.5008680555555556 0.0 0.0 0.5728539692119697 0.4973007907542579 0.0 0.4978082907570833
0.5451388888888888 0.0 0.0 0.5731314901507573 0.5421355433901054 0.0 0.45438051555968395
0.5434027777777778 0.0 0.0 0.5709070776817489 0.5389421127331712 0.0 0.45790757083139777
0.4756944444444444 0.0 0.0 0.5776856114004711 0.48185320356853206 0.0 0.5169385740826756
0.5 0.0 0.0 0.5810917418832676 0.5064375506893755 0.0 0.4895639804923363
0.5112847222222222 0.0 0.0 0.5755167049669551 0.5157770681265207 0.0 0.48182768230376205
0.5477430555555556 0.0 0.0 0.5753808097828401 0.5538701338199513 0.0 0.44506212261960043
0.5355902777777778 0.0 0.0 0.5765275214748312 0.5342153284671532 0.0 0.46169588945657214
0.5243055555555556 0.0 0.0 0.576061683518952 0.5222906528791565 0.0 0.4718851602415235
0.4973958333333333 0.0 0.0 0.5725861489157195 0.4981751824817518 0.0 0.49933232698560204
0.5260416666666666 0.0 0.0 0.5721342001467696 0.5229876317923763 0.0 0.47322050627032053