0.4930555555555556 0.0 0.0 0.5773102953856205 0.49297952149229524 0.0 0.5022933116581518
0.5164930555555556 0.0 0.0 0.5691330799369012 0.5146492295214923 0.0 0.48383070134695716
0.4704861111111111 0.0 0.0 0.5715666334769988 0.46828112327656124 0.0 0.5300888295401768
0.4652777777777778 0.0 0.0 0.5706415747038129 0.4640485604217356 0.0 0.5346028797027405
0.4982638888888889 0.0 0.0 0.5809281941827831 0.5052590227088403 0.0 0.4904203437064567
0.5086805555555556 0.0 0.0 0.5633606631317677 0.5006462895377128 0.0 0.49937587087784463
0.4982638888888889 0.0 0.0 0.5723673618464149 0.49401865369018655 0.0 0.501915931258709
0.5017361111111112 0.0 0.0 0.5659945160885127 0.49798509732360097 0.0 0.5022497677659081
0.5095486111111112 0.0 0.0 0.5770178210152123 0.5134200121654501 0.0 0.4829017649790994
0.515625 0.0 0.0 0.5651563479258302 0.5103279602595296 0.0 0.48930271713887596
0.4956597222222222 0.0 0.0 0.5846519568496796 0.5039917883211679 0.0 0.4903477705527174
0.4791666666666667 0.0 0.0 0.5687254055132922 0.4786851175993512 0.0 0.522425104505341
0.5104166666666666 0.0 0.0 0.5810648234382242 0.5141930251419302 0.0 0.47994078030654896
0.5321180555555556 0.0 0.0 0.575231264760367 0.5340886050283861 0.0 0.4623490478402229
0.4965277777777778 0.0 0.0 0.5784342389273763 0.4996958637469586 0.0 0.49512308406874106
0.4835069444444444 0.0 0.0 0.5669821378224936 0.47768400243309 0.0 0.5206398049233629
0.4956597222222222 0.0 0.0 0.5838555558763369 0.5018881792376317 0.0 0.4919153506734787
0.5026041666666666 0.0 0.0 0.5650857413651557 0.4986567315490673 0.0 0.5018433581049695
0.5190972222222222 0.0 0.0 0.5669615870816215 0.5153335360908353 0.0 0.48336623316302874
0.4939236111111111 0.0 0.0 0.5683355925637245 0.48910178426601786 0.0 0.5082443102647468
0.5026041666666666 0.0 0.0 0.5790654148402488 0.5066276358475263 0.0 0.488649558755225
0.5052083333333334 0.0 0.0 0.5709676189939097 0.5038397201946472 0.0 0.49399094287041345
0.4670138888888889 0.0 0.0 0.581208735657116 0.4737809205190592 0.0 0.5232234091964705
0.5060763888888888 0.0 0.0 0.5673704420742298 0.5011531832927818 0.0 0.4972567347886667
0.4965277777777778 0.0 0.0 0.5833864872435556 0.5041311841038119 0.0 0.4905364607524386
0.4956597222222222 0.0 0.0 0.5771520555830043 0.4999873276561233 0.0 0.4962407106363218
0.5182291666666666 0.0 0.0 0.5632451757717462 0.5097703771289538 0.0 0.48941883418485765
0.5 0.0 0.0 0.5705161231269792 0.49436080697485807 0.0 0.5014079191825356
0.4730902777777778 0.0 0.0 0.584344666751858 0.48056062449310627 0.0 0.5144275429633078
0.5303819444444444 0.0 0.0 0.5732478534417557 0.5292224249797243 0.0 0.4670953320947513
0.5121527777777778 0.0 0.0 0.5734624701721053 0.5130398418491484 0.0 0.4837000696702276
0.4982638888888889 0.0 0.0 0.5714571386175056 0.49963250202757503 0.0 0.4987807710171853
0.5112847222222222 0.0 0.0 0.5782778271548975 0.5129131184103812 0.0 0.48133418485833723
0.5008680555555556 0.0 0.0 0.5710013110906679 0.502154298459043 0.0 0.4964729447282862
0.5017361111111112 0.0 0.0 0.5803574129723033 0.5044733373884833 0.0 0.48999941941477
0.5225694444444444 0.0 0.0 0.5715347152015609 0.5242802108678021 0.0 0.4739752670692057
0.4748263888888889 0.0 0.0 0.5824247541792552 0.47675892133008924 0.0 0.5179691128657693
0.4904513888888889 0.0 0.0 0.5693411817769818 0.4907111719383617 0.0 0.5085636321411986
0.5234375 0.0 0.0 0.5803911821511235 0.529691301703163 0.0 0.4660647933116584
0.4869791666666667 0.0 0.0 0.5800626456855911 0.4907111719383617 0.0 0.5041802136553644
0.4947916666666667 0.0 0.0 0.5736310628936268 0.4989608678021087 0.0 0.4998693683232702
0.5425347222222222 0.0 0.0 0.569155997684367 0.5385492700729927 0.0 0.4605927775197395
0.5164930555555556 0.0 0.0 0.5656353111357233 0.5118739862124899 0.0 0.48754644681839354
0.4956597222222222 0.0 0.0 0.5803471837254204 0.49898621248986214 0.0 0.4951666279609853
0.4930555555555556 0.0 0.0 0.5641172772816773 0.4871502433090024 0.0 0.5125116117045982
0.4652777777777778 0.0 0.0 0.5803604682902803 0.4726404095701541 0.0 0.52506676730144
0.4973958333333333 0.0 0.0 0.5815599345540772 0.5038523925385239 0.0 0.49142185322805443
0.4722222222222222 0.0 0.0 0.5826397883579606 0.4743131589618816 0.0 0.5202624245239207
0.5303819444444444 0.0 0.0 0.5754581888337339 0.5288042376317924 0.0 0.46731305155596825
0.4965277777777778 0.0 0.0 0.5636424102306067 0.4885822181670722 0.0 0.5100876683697166
0.4765625 0.0 0.0 0.5757923518454607 0.4810928629359286 0.0 0.5170837203901537
0.4800347222222222 0.0 0.0 0.5829170689396183 0.4832851784266018 0.0 0.5110891778913149
0.4982638888888889 0.0 0.0 0.5659277267199313 0.4949817518248175 0.0 0.5052688109614487
0.4947916666666667 0.0 0.0 0.5685090977761247 0.49010289943227897 0.0 0.5071847422201579
0.5052083333333334 0.0 0.0 0.5722139357815166 0.5068810827250608 0.0 0.49108801672085445
0.4782986111111111 0.0 0.0 0.5816909113126514 0.47964821573398214 0.0 0.5152839061774275
0.4895833333333333 0.0 0.0 0.5695749177256894 0.48683343471208435 0.0 0.5109730608453321
0.5026041666666666 0.0 0.0 0.5774183527468754 0.5056518653690186 0.0 0.489723641430562
0.5112847222222222 0.0 0.0 0.56683161597391 0.504257907542579 0.0 0.4938312819321873
0.4973958333333333 0.0 0.0 0.5670610425059398 0.4949310624493106 0.0 0.5049204598235016
0.4878472222222222 0.0 0.0 0.5832185793190593 0.4960715733982157 0.0 0.4988243149094296
0.5147569444444444 0.0 0.0 0.5811749810138868 0.5211121248986212 0.0 0.47348176962378064
0.5199652777777778 0.0 0.0 0.5630443063300872 0.5134453568532036 0.0 0.4872271249419412
0.4991319444444444 0.0 0.0 0.5789762253578192 0.5047901459854015 0.0 0.49114607524384557
0.5208333333333334 0.0 0.0 0.5653901385942811 0.5157010340632603 0.0 0.4830759405480719
0.5138888888888888 0.0 0.0 0.5671109458299667 0.507654095701541 0.0 0.49078320947515086
0.5121527777777778 0.0 0.0 0.5629089834939698 0.5037003244120033 0.0 0.4965890617742683
0.4921875 0.0 0.0 0.578320741662889 0.49532390510948904 0.0 0.49986936832326967
0.5095486111111112 0.0 0.0 0.5736731697983364 0.5124949310624494 0.0 0.4852966790524853
0.5034722222222222 0.0 0.0 0.5774003969897173 0.5064248783454988 0.0 0.4890995123084074
0.4913194444444444 0.0 0.0 0.5777394897752882 0.49515916463909165 0.0 0.5005660705991642
0.5164930555555556 0.0 0.0 0.574085422913158 0.5158784468775345 0.0 0.4808552020436604
0.4895833333333333 0.0 0.0 0.5761573643281844 0.4908759124087591 0.0 0.5043979331165819
0.5164930555555556 0.0 0.0 0.5720385752074565 0.516955596107056 0.0 0.4805068509057132
0.4913194444444444 0.0 0.0 0.5727434122386283 0.49214314679643145 0.0 0.5056897352531348
0.5112847222222222 0.0 0.0 0.5814288700281441 0.5154349148418491 0.0 0.47876509521597777
0.5069444444444444 0.0 0.0 0.567282500727346 0.505132299270073 0.0 0.49465861588481175
0.5095486111111112 0.0 0.0 0.5765517504949053 0.5126976885644768 0.0 0.48339526242452446
0.4774305555555556 0.0 0.0 0.5812080037323535 0.4780895174371452 0.0 0.516662796098468
0.4782986111111111 0.0 0.0 0.5794040569701414 0.48465379156528793 0.0 0.5128599628425454
0.4930555555555556 0.0 0.0 0.5765954787838453 0.49536192214111924 0.0 0.5002032048304694
0.4965277777777778 0.0 0.0 0.580616075870498 0.5030033454987834 0.0 0.4925394797956344
0.5008680555555556 0.0 0.0 0.5723269255703466 0.49690794809407945 0.0 0.49939038550859227
0.4947916666666667 0.0 0.0 0.5767860590363743 0.5001774128142741 0.0 0.49700998606595514
0.4696180555555556 0.0 0.0 0.5766614133236047 0.4725263584752636 0.0 0.523020204366001
0.4670138888888889 0.0 0.0 0.581212101051933 0.4731726480129765 0.0 0.5230782628889924
0.4904513888888889 0.0 0.0 0.5709277215634665 0.48981143552311435 0.0 0.508113678588017
0.4835069444444444 0.0 0.0 0.5789266792193711 0.48249949310624496 0.0 0.512119716674408
0.4982638888888889 0.0 0.0 0.5706108289066255 0.49457623682076235 0.0 0.5029900139340453
0.5182291666666666 0.0 0.0 0.5627934986044671 0.5111136455798865 0.0 0.4895204366000926
0.4704861111111111 0.0 0.0 0.5818848491650958 0.47710107461476076 0.0 0.5193189735253136
0.5112847222222222 0.0 0.0 0.5819593134713624 0.5174244728304948 0.0 0.47677659080352996
0.5147569444444444 0.0 0.0 0.5813674673062316 0.5205798864557989 0.0 0.473467254993033
0.5034722222222222 0.0 0.0 0.5809932396703431 0.5111896796431468 0.0 0.4836420111472368
0.4878472222222222 0.0 0.0 0.5831038949029665 0.49590683292781834 0.0 0.4990275197398987
0.5121527777777778 0.0 0.0 0.5742336816668322 0.5093521897810219 0.0 0.48638527635856965
0.5026041666666666 0.0 0.0 0.5690427300537656 0.501698094079481 0.0 0.49727124941941536
0.5017361111111112 0.0 0.0 0.5733777075044701 0.5051703163017032 0.0 0.4931490942870418
0.5112847222222222 0.0 0.0 0.5663850435814198 0.5047014395782644 0.0 0.4943683232698557
0.5043402777777778 0.0 0.0 0.5795815757508914 0.5065389294403893 0.0 0.48773513701811433
0.5182291666666666 0.0 0.0 0.5779153071104899 0.5218724655312247 0.0 0.47372851834649365
0.4574652777777778 0.0 0.0 0.5817449711853797 0.46142538523925386 0.0 0.5343561309800284
0.5008680555555556 0.0 0.0 0.5753553052257672 0.5044733373884833 0.0 0.49296040408732034
0.4930555555555556 0.0 0.0 0.572637421553094 0.49120539334955393 0.0 0.5056316767301442
0.5034722222222222 0.0 0.0 0.5707283691752518 0.5014826642335767 0.0 0.49599396191360945
0.4982638888888889 0.0 0.0 0.5756078780395121 0.4960969180859692 0.0 0.499419414770088
0.5052083333333334 0.0 0.0 0.5726008401166894 0.5040551500405515 0.0 0.49224918718067756
0.5008680555555556 0.0 0.0 0.5695234730374735 0.4966798459042985 0.0 0.5011031119368322
0.5251736111111112 0.0 0.0 0.5694106757054298 0.5219104825628548 0.0 0.47441070599163937
0.4947916666666667 0.0 0.0 0.5750766871515735 0.4959321776155718 0.0 0.500275777984208
0.5 0.0 0.0 0.5671708097783948 0.49706001622060014 0.0 0.5026997213190892
0.4956597222222222 0.0 0.0 0.5698298785160244 0.492117802108678 0.0 0.5059219693450998