0.4522569444444444 0.0 0.0 0.574654353117788 0.45179440389294406 0.0 0.5443421969345101
0.515625 0.0 0.0 0.5760880821418101 0.5180707623682076 0.0 0.4775313516024152
0.5147569444444444 0.0 0.0 0.5793174387521199 0.5209093673965937 0.0 0.4761814909428703
0.5043402777777778 0.0 0.0 0.5780493638277575 0.5069064274128142 0.0 0.4881850905712958
0.4513888888888889 0.0 0.0 0.5713274154671304 0.4485122668288727 0.0 0.5484933813283792
0.4548611111111111 0.0 0.0 0.5715904584759017 0.450742599351176 0.0 0.5456630283325594
0.5017361111111112 0.0 0.0 0.5651260818549917 0.49793440794809407 0.0 0.5018143288434743
0.5173611111111112 0.0 0.0 0.5664938666734276 0.5108855433901054 0.0 0.4855869716674407
0.4904513888888889 0.0 0.0 0.5710652777732091 0.4888610097323601 0.0 0.5063428936367862
0.5130208333333334 0.0 0.0 0.5799672806769026 0.5194647201946472 0.0 0.4772265443567111
0.5182291666666666 0.0 0.0 0.5710243367660002 0.5166261151662611 0.0 0.4783296562935436
0.5130208333333334 0.0 0.0 0.5639798295780039 0.5056011759935117 0.0 0.4919153506734787
0.5043402777777778 0.0 0.0 0.5721421469031753 0.5005956001622061 0.0 0.49297491871806776
0.5069444444444444 0.0 0.0 0.5644881599859892 0.5006082725060828 0.0 0.49853402229447286
0.5243055555555556 0.0 0.0 0.5693236879675702 0.5232917680454177 0.0 0.47458488156061307
0.484375 0.0 0.0 0.5779791443209737 0.48455241281427414 0.0 0.5086071760334417
0.4722222222222222 0.0 0.0 0.5729303495918019 0.4701566301703163 0.0 0.5243555503947981
0.5234375 0.0 0.0 0.5672263110161466 0.5175385239253852 0.0 0.4788812122619597
0.5321180555555556 0.0 0.0 0.5699984003792932 0.5272708840227088 0.0 0.4676759173246625
0.5121527777777778 0.0 0.0 0.5698149694619034 0.5099984793187348 0.0 0.4858482350209008
0.5130208333333334 0.0 0.0 0.5662149599236731 0.5081483171127331 0.0 0.48965106827682325
0.4496527777777778 0.0 0.0 0.5735774265403061 0.4474731346309814 0.0 0.54829017649791
0.5086805555555556 0.0 0.0 0.5683065021295041 0.5081609894566099 0.0 0.49033325592196964
0.4904513888888889 0.0 0.0 0.5686522944960516 0.48801196269261965 0.0 0.508316883418486
0.5060763888888888 0.0 0.0 0.5713692270103741 0.5061460867802109 0.0 0.4899413608917792
0.4756944444444444 0.0 0.0 0.5783689510436145 0.4793060624493106 0.0 0.5167789131444498
0.5138888888888888 0.0 0.0 0.5661329233720903 0.5071218572587186 0.0 0.4893317464003716
0.5486111111111112 0.0 0.0 0.573263152967316 0.5480915450121655 0.0 0.4468038783093353
0.5147569444444444 0.0 0.0 0.5671404744251609 0.5117979521492295 0.0 0.48497735717603363
0.5086805555555556 0.0 0.0 0.5726907878617498 0.5086805555555556 0.0 0.48639979098931707
0.4765625 0.0 0.0 0.5773617326411727 0.47910330494728304 0.0 0.5169240594519277
0.5286458333333334 0.0 0.0 0.5702867162519789 0.5232537510137875 0.0 0.4710868555503941
0.5060763888888888 0.0 0.0 0.5784577735663469 0.511227696674777 0.0 0.4852386205294934
0.5 0.0 0.0 0.5749075469475 0.5007223236009732 0.0 0.4939764282396657
0.5147569444444444 0.0 0.0 0.5782383261198413 0.518374898621249 0.0 0.4767330469112865
0.5512152777777778 0.0 0.0 0.5752315628358132 0.552970397404704 0.0 0.44198502090106795
0.4661458333333333 0.0 0.0 0.5718413951788839 0.4605636658556367 0.0 0.5319467022758942
0.5416666666666666 0.0 0.0 0.5746019259005212 0.5429465733982157 0.0 0.4519275429633065
0.5 0.0 0.0 0.5646468142797865 0.49585614355231145 0.0 0.5041656990246168
0.4496527777777778 0.0 0.0 0.5746816214694133 0.44858830089213303 0.0 0.5472160938225732
0.5043402777777778 0.0 0.0 0.5759893580261013 0.5047141119221411 0.0 0.48883824895494654
0.4756944444444444 0.0 0.0 0.5784762295004631 0.47914132197891324 0.0 0.5168079424059453
0.4722222222222222 0.0 0.0 0.5709800788331214 0.46953568532035683 0.0 0.5255312354853696
0.5008680555555556 0.0 0.0 0.5801224837529743 0.5020529197080292 0.0 0.491479911751045
0.4956597222222222 0.0 0.0 0.5780670373942729 0.49774432278994324 0.0 0.49677775197398966
0.4696180555555556 0.0 0.0 0.5745528712455235 0.4691808596918086 0.0 0.5255747793776129
0.453125 0.0 0.0 0.5715086224761947 0.4492599351175994 0.0 0.5475063864375294
0.4904513888888889 0.0 0.0 0.5657042626459998 0.48428629359286296 0.0 0.5128019043195544
0.5017361111111112 0.0 0.0 0.574677982667258 0.5014446472019465 0.0 0.4928588016720855
0.5086805555555556 0.0 0.0 0.5783088794767717 0.5127610502838605 0.0 0.48340977705527166
0.4618055555555556 0.0 0.0 0.5748109804483639 0.4610578872668289 0.0 0.5336013701811433
0.4817708333333333 0.0 0.0 0.5750663268244528 0.4813082927818329 0.0 0.5129760798885277
0.4826388888888889 0.0 0.0 0.5687676723419667 0.47905261557177614 0.0 0.516285415699025
0.5026041666666666 0.0 0.0 0.569415372796668 0.49559002433090027 0.0 0.49843241987923825
0.4583333333333333 0.0 0.0 0.5764998118074768 0.4588148824006488 0.0 0.5353431258708781
0.5208333333333334 0.0 0.0 0.5700330235920635 0.518653690186537 0.0 0.47687819321876423
0.515625 0.0 0.0 0.5775135406076386 0.5187043795620438 0.0 0.4764282396655829
0.5078125 0.0 0.0 0.5804199628372463 0.5147125912408759 0.0 0.4824227821644217
0.484375 0.0 0.0 0.5787349545061945 0.48850618410381186 0.0 0.5075185787273572
0.5277777777777778 0.0 0.0 0.5739801765696408 0.5285888077858881 0.0 0.466950185787273
0.53125 0.0 0.0 0.5696572567628679 0.5280692416869425 0.0 0.4675743149094278
0.4626736111111111 0.0 0.0 0.5750461602130942 0.46233779399837793 0.0 0.532353111936833
0.5164930555555556 0.0 0.0 0.5772108930584728 0.5194773925385239 0.0 0.4759492568509054
0.4557291666666667 0.0 0.0 0.5717370959107132 0.45440490673154904 0.0 0.5434568044588947
0.4730902777777778 0.0 0.0 0.5779380034785411 0.47309661394971614 0.0 0.5203059684161637
0.5095486111111112 0.0 0.0 0.5750625999307485 0.5099097729115978 0.0 0.4847160938225732
0.5277777777777778 0.0 0.0 0.5725115088632969 0.5266752838605029 0.0 0.46876451463074686
0.4930555555555556 0.0 0.0 0.5678590335897764 0.4884935117599351 0.0 0.5066622155132374
0.46875 0.0 0.0 0.5697652750930837 0.4646441605839416 0.0 0.5306403855085928
0.4930555555555556 0.0 0.0 0.565516342998789 0.48623783454987834 0.0 0.5113649558755227
0.5364583333333334 0.0 0.0 0.5763569345582856 0.5376622060016221 0.0 0.4565722248026005
0.4704861111111111 0.0 0.0 0.5780712786782192 0.471132400648824 0.0 0.5224686483975851
0.4670138888888889 0.0 0.0 0.5737939497848055 0.46857258718572586 0.0 0.5282745006967026
0.5026041666666666 0.0 0.0 0.5718115619423791 0.4988214720194647 0.0 0.4951375986994889
0.5112847222222222 0.0 0.0 0.5673947237583221 0.5083890916463909 0.0 0.48847538318625183
0.4904513888888889 0.0 0.0 0.5684073942962823 0.4877331711273317 0.0 0.5084910589874596
0.4895833333333333 0.0 0.0 0.569299745455208 0.48671938361719386 0.0 0.508694263817929
0.4973958333333333 0.0 0.0 0.5701690198563829 0.49546330089213303 0.0 0.5003773803994425
0.5130208333333334 0.0 0.0 0.5759170851827999 0.5157263787510138 0.0 0.48027461681374817
0.5008680555555556 0.0 0.0 0.5803846085366572 0.5022303325223033 0.0 0.4914218532280539
0.4895833333333333 0.0 0.0 0.5692186428518123 0.4864659367396594 0.0 0.5089555271713894
0.5 0.0 0.0 0.5682495828116241 0.4957420924574209 0.0 0.49924523920111497
0.4921875 0.0 0.0 0.5687340937485947 0.48791058394160586 0.0 0.5066477008824897
0.5112847222222222 0.0 0.0 0.5764982772168467 0.5139775952960259 0.0 0.4817405945192753
0.5217013888888888 0.0 0.0 0.5729592021671914 0.5208713503649635 0.0 0.47364143056200614
0.4956597222222222 0.0 0.0 0.5670954330732716 0.4910153081914031 0.0 0.5053994426381795
0.515625 0.0 0.0 0.5691180091786502 0.5107081305758313 0.0 0.4843677426846259
0.5060763888888888 0.0 0.0 0.5714914656024332 0.5046380778588808 0.0 0.4905364607524384
0.5034722222222222 0.0 0.0 0.5671931624715559 0.5001647404703974 0.0 0.49685032512772886
0.4730902777777778 0.0 0.0 0.572661011492713 0.47061283454987834 0.0 0.5234266140269394
0.484375 0.0 0.0 0.5688599189495599 0.47964821573398214 0.0 0.5139630747793779
0.484375 0.0 0.0 0.5742287202225292 0.48565490673154904 0.0 0.5103779609846729
0.4505208333333333 0.0 0.0 0.5747710459540681 0.4496654501216545 0.0 0.5461855550394799
0.4487847222222222 0.0 0.0 0.5745720024320324 0.4478152879156529 0.0 0.548072457036693
0.5364583333333334 0.0 0.0 0.5758743333522764 0.5374087591240876 0.0 0.4571237807710167
0.4487847222222222 0.0 0.0 0.5743399311100088 0.4480560624493106 0.0 0.5480869716674408
0.4939236111111111 0.0 0.0 0.570505167565957 0.49164892538523924 0.0 0.5025545750116118
0.484375 0.0 0.0 0.5719166520456338 0.48277828467153283 0.0 0.5116987923827219
0.4600694444444444 0.0 0.0 0.5746614062710069 0.45910634630981345 0.0 0.5356914770088252
0.5147569444444444 0.0 0.0 0.5739418607606952 0.5159798256285483 0.0 0.4791424756154202
0.5347222222222222 0.0 0.0 0.5776263595687338 0.5376748783454988 0.0 0.4574140733859725
0.4869791666666667 0.0 0.0 0.5717327048810515 0.4856675790754258 0.0 0.5091877612633535
0.4479166666666667 0.0 0.0 0.5743038525990499 0.44661141524736414 0.0 0.5492191128657689
0.4644097222222222 0.0 0.0 0.5735495742306229 0.46217305352798055 0.0 0.5321934509986068
0.5086805555555556 0.0 0.0 0.5787462192922294 0.5143577656123277 0.0 0.48165350673478824
0.4557291666666667 0.0 0.0 0.574225178267776 0.4540374087591241 0.0 0.5414973293079424
0.5043402777777778 0.0 0.0 0.5727560980521749 0.5020402473641524 0.0 0.4928152577798419
0.4696180555555556 0.0 0.0 0.5728141775979755 0.46687449310624496 0.0 0.5274326521133303
0.4991319444444444 0.0 0.0 0.5793490204913957 0.5015333536090836 0.0 0.49277171388759866
0.4887152777777778 0.0 0.0 0.5720569168714988 0.4894566098945661 0.0 0.5075621226196008
0.5017361111111112 0.0 0.0 0.5664944527100485 0.49828923357664234 0.0 0.4986936832326988
0.5017361111111112 0.0 0.0 0.5728438058685444 0.5029273114355232 0.0 0.49206049698095666