0.5425347222222222 0.0 0.0 0.575632912750481 0.5444292376317924 0.0 0.45211623316302796
0.5347222222222222 0.0 0.0 0.5793351707446597 0.5364710056772101 0.0 0.4577769391546678
0.4991319444444444 0.0 0.0 0.5725419458068924 0.49678122465531227 0.0 0.49721319089642346
0.4774305555555556 0.0 0.0 0.5735281132910582 0.47456660583941607 0.0 0.5193770320483047
0.5199652777777778 0.0 0.0 0.5660062454199155 0.5150800892133008 0.0 0.48101486298188556
0.4913194444444444 0.0 0.0 0.5657641441331898 0.4859590429845904 0.0 0.5108714584300977
0.4982638888888889 0.0 0.0 0.5781833576757955 0.4987074209245742 0.0 0.4940925452856477
0.5338541666666666 0.0 0.0 0.5799849518429671 0.5363949716139497 0.0 0.45805271713887585
0.5104166666666666 0.0 0.0 0.5699517654870995 0.505411090835361 0.0 0.4887947050627036
0.5052083333333334 0.0 0.0 0.5750851084332563 0.5021162814274128 0.0 0.49088481189038546
0.4913194444444444 0.0 0.0 0.5630734351067336 0.4846918085969181 0.0 0.5148629818857414
0.4661458333333333 0.0 0.0 0.5723253913384162 0.46382045823195456 0.0 0.5317870413376686
0.4982638888888889 0.0 0.0 0.5786304332705295 0.49916362530413627 0.0 0.4934684161634927
0.5425347222222222 0.0 0.0 0.5776587418067584 0.5431239862124899 0.0 0.4516372503483511
0.5260416666666666 0.0 0.0 0.5670730812556792 0.5209980738037308 0.0 0.4749187180678123
0.4756944444444444 0.0 0.0 0.5688696968687946 0.47413574614760745 0.0 0.5230782628889925
0.4670138888888889 0.0 0.0 0.5728566584140493 0.4658353609083536 0.0 0.529813051555969
0.5243055555555556 0.0 0.0 0.5667686751327298 0.5197688564476886 0.0 0.47621052020436583
0.5104166666666666 0.0 0.0 0.5727112609509922 0.5067416869424168 0.0 0.48664653971202965
0.5225694444444444 0.0 0.0 0.5715606203238967 0.5228735806974858 0.0 0.47333662331630266
0.4800347222222222 0.0 0.0 0.5706052827653106 0.4770250405515004 0.0 0.5180707152810035
0.4826388888888889 0.0 0.0 0.5714467317276778 0.4771897810218978 0.0 0.5170692057594055
0.4809027777777778 0.0 0.0 0.5744892213045013 0.47845701540957014 0.0 0.5147178355782631
0.4878472222222222 0.0 0.0 0.5714847438052146 0.4864659367396594 0.0 0.5087813516024153
0.4878472222222222 0.0 0.0 0.5721939785495506 0.48617447283049475 0.0 0.5085636321411985
0.5034722222222222 0.0 0.0 0.5709750474880063 0.5001013787510138 0.0 0.4940490013934046
0.5078125 0.0 0.0 0.5753580648995557 0.507654095701541 0.0 0.48655945192754313
0.4887152777777778 0.0 0.0 0.5688551865599165 0.4862124898621249 0.0 0.5100586391082217
0.4800347222222222 0.0 0.0 0.5670169057293496 0.4766955596107056 0.0 0.5206833488156064
0.5 0.0 0.0 0.5721899397050835 0.4958814882400649 0.0 0.4974889688806319
0.5164930555555556 0.0 0.0 0.5678710693166188 0.5123935523114356 0.0 0.482814677194612
0.4809027777777778 0.0 0.0 0.571357253430856 0.47725314274128144 0.0 0.5173740130051091
0.4887152777777778 0.0 0.0 0.5711457019400188 0.48472982562854827 0.0 0.5098118903855084
0.4930555555555556 0.0 0.0 0.5675032743881759 0.4917122871046229 0.0 0.5065315838365076
0.5407986111111112 0.0 0.0 0.5654547791921549 0.5382324614760746 0.0 0.4623200185787275
0.5269097222222222 0.0 0.0 0.575971535212304 0.5280692416869425 0.0 0.4664566883418483
0.5581597222222222 0.0 0.0 0.5736457071230714 0.5611313868613139 0.0 0.4376016024152338
0.4947916666666667 0.0 0.0 0.5745793054813808 0.4942974452554745 0.0 0.4994774732930797
0.4947916666666667 0.0 0.0 0.5747976959415221 0.4943227899432279 0.0 0.49925975383186283
0.5234375 0.0 0.0 0.5716444851709225 0.5239000405515004 0.0 0.4721464235949836
0.5095486111111112 0.0 0.0 0.5802699540876246 0.5132806163828062 0.0 0.47994078030654863
0.5243055555555556 0.0 0.0 0.5676651172979905 0.5203010948905109 0.0 0.47545575940548057
0.4973958333333333 0.0 0.0 0.5671534960486277 0.49452554744525545 0.0 0.5023658848118904
0.5 0.0 0.0 0.5666979184732563 0.49737682481751827 0.0 0.4998403390617744
0.4635416666666667 0.0 0.0 0.572533489497088 0.4618689172749392 0.0 0.53394972131909
0.4947916666666667 0.0 0.0 0.5706766733044675 0.4955139902676399 0.0 0.5023949140733865
0.5407986111111112 0.0 0.0 0.5694733176194959 0.538169099756691 0.0 0.45802368787738035
0.5043402777777778 0.0 0.0 0.5644512987665842 0.5004181873479319 0.0 0.49815664189503017
0.484375 0.0 0.0 0.5654904721226863 0.4800537307380373 0.0 0.5188835346028802
0.5329861111111112 0.0 0.0 0.5705174685617427 0.5295645782643957 0.0 0.46535357640501596
0.4869791666666667 0.0 0.0 0.5727396585838943 0.48489456609894566 0.0 0.5094345099860667
0.4947916666666667 0.0 0.0 0.5722260234128713 0.4975795823195458 0.0 0.4999854853692529
0.4782986111111111 0.0 0.0 0.5651500176580634 0.4722602392538524 0.0 0.5267069205759408
0.5321180555555556 0.0 0.0 0.5705319131894248 0.5285381184103812 0.0 0.4662244542498837
0.4965277777777778 0.0 0.0 0.5740736350174749 0.49661648418491483 0.0 0.4974454249883884
0.5008680555555556 0.0 0.0 0.5628539881366312 0.4957420924574209 0.0 0.5038173478866701
0.5147569444444444 0.0 0.0 0.5699510425987931 0.5131538929440389 0.0 0.48295982350209
0.5017361111111112 0.0 0.0 0.5660651799831085 0.4987581103000811 0.0 0.49937587087784496
0.5225694444444444 0.0 0.0 0.5673485533984945 0.5182481751824818 0.0 0.4777345564328842
0.4956597222222222 0.0 0.0 0.5748623306767591 0.4958941605839416 0.0 0.4976341151881096
0.4809027777777778 0.0 0.0 0.5735275336714556 0.47824158556366586 0.0 0.5156467719461216
0.5017361111111112 0.0 0.0 0.5632573635217463 0.4967685523114355 0.0 0.5025545750116119
0.484375 0.0 0.0 0.568004831043757 0.47964821573398214 0.0 0.5164160473757549
0.4704861111111111 0.0 0.0 0.5702233772474146 0.4700552514193025 0.0 0.528042266604738
0.5043402777777778 0.0 0.0 0.5766636950713886 0.5052463503649635 0.0 0.48848989781699936
0.5043402777777778 0.0 0.0 0.5633380291317336 0.4995564679643147 0.0 0.4997967951695311
0.5086805555555556 0.0 0.0 0.5678772438197452 0.5048281630170316 0.0 0.4906090339061776
0.53125 0.0 0.0 0.5745176538766121 0.5318202554744526 0.0 0.4636553646075239
0.53125 0.0 0.0 0.5752322731612307 0.5322764598540146 0.0 0.46314735253135075
0.5329861111111112 0.0 0.0 0.570278014710391 0.5317188767234388 0.0 0.4653100325127725
0.5138888888888888 0.0 0.0 0.5700062912148017 0.5111770072992701 0.0 0.48381618671620985
0.4835069444444444 0.0 0.0 0.5724800779539845 0.48570559610705594 0.0 0.5109730608453327
0.5052083333333334 0.0 0.0 0.5751315149559422 0.5062094484995945 0.0 0.4880109150023224
0.4739583333333333 0.0 0.0 0.5743474260308443 0.4714238645579886 0.0 0.5218590339061775
0.5026041666666666 0.0 0.0 0.5647435447288548 0.4991002635847526 0.0 0.49927426846261036
0.5217013888888888 0.0 0.0 0.5712609616281283 0.5187043795620438 0.0 0.4755428471899673
0.4809027777777778 0.0 0.0 0.5679712313558476 0.47621401054339013 0.0 0.5202914537854162
0.4991319444444444 0.0 0.0 0.5665266138135144 0.4943988240064882 0.0 0.5027142359498378
0.5243055555555556 0.0 0.0 0.5667205866622959 0.5200603203568532 0.0 0.47616697631212246
0.4817708333333333 0.0 0.0 0.5685659942933907 0.4802184712084347 0.0 0.5170982350209017
0.5008680555555556 0.0 0.0 0.5722684167280735 0.4965911394971614 0.0 0.4964003715745471
0.5338541666666666 0.0 0.0 0.5696420436249866 0.5299067315490673 0.0 0.46536809103576404
0.5208333333333334 0.0 0.0 0.567687390385665 0.5166387875101379 0.0 0.4787360659544818
0.5043402777777778 0.0 0.0 0.5702320544838811 0.5008743917274939 0.0 0.493744194147701
0.5121527777777778 0.0 0.0 0.5703267015664357 0.5089340024330901 0.0 0.4851660473757553
0.4921875 0.0 0.0 0.5673412311949343 0.4866433495539335 0.0 0.5091151881096145
0.4618055555555556 0.0 0.0 0.5666726959960029 0.4595752230332522 0.0 0.5404667905248495
0.4895833333333333 0.0 0.0 0.5687741285531229 0.48499594484995945 0.0 0.5096812587087788
0.5243055555555556 0.0 0.0 0.5682435698853265 0.5206559205190592 0.0 0.47491871806781216
0.4826388888888889 0.0 0.0 0.5769716711177321 0.4847044809407948 0.0 0.50914421737111
0.5043402777777778 0.0 0.0 0.5739716907973509 0.5064122060016221 0.0 0.49008650719925695
0.4947916666666667 0.0 0.0 0.5751907338637696 0.4945382197891322 0.0 0.499172666047376
0.4835069444444444 0.0 0.0 0.5732397045213792 0.48099148418491483 0.0 0.5131357408267532
0.5225694444444444 0.0 0.0 0.5679155510546176 0.5194773925385239 0.0 0.47684916395726873
0.5269097222222222 0.0 0.0 0.5667760759966207 0.5225187550689375 0.0 0.4736849744542496
0.4947916666666667 0.0 0.0 0.5722682842526008 0.4942087388483374 0.0 0.5007837900603811
0.4861111111111111 0.0 0.0 0.5686053988680208 0.48281630170316303 0.0 0.5132663725034838
0.5 0.0 0.0 0.5718746161072743 0.4984666463909165 0.0 0.4960375058058528
0.5199652777777778 0.0 0.0 0.5684715872471268 0.5160938767234388 0.0 0.47889572689270776
0.5199652777777778 0.0 0.0 0.5660248714757495 0.5148266423357665 0.0 0.4811019507663724
0.5347222222222222 0.0 0.0 0.5720817696692837 0.5347729115977291 0.0 0.46104273107292093
0.4835069444444444 0.0 0.0 0.5689004594011822 0.47963554339010545 0.0 0.5165321644217375
0.5060763888888888 0.0 0.0 0.5763078755027885 0.5068050486618005 0.0 0.4870964932652111
0.5234375 0.0 0.0 0.566916666578289 0.5196041159772912 0.0 0.47674756154203424
0.5190972222222222 0.0 0.0 0.5720540561578208 0.5201490267639902 0.0 0.4766895030190428
0.4817708333333333 0.0 0.0 0.5742446082861691 0.48073803730738035 0.0 0.5141082210868556
0.4895833333333333 0.0 0.0 0.5656381118638808 0.4842609489051095 0.0 0.5125986994890853
0.4939236111111111 0.0 0.0 0.5734093659608207 0.49139547850770476 0.0 0.5022642823966559
0.4921875 0.0 0.0 0.5726950426568002 0.49093927412814276 0.0 0.5030480724570368
0.4887152777777778 0.0 0.0 0.5683029768112999 0.4853000811030008 0.0 0.5111907803065492
0.4930555555555556 0.0 0.0 0.5689039752629994 0.49282745336577455 0.0 0.5059074547143527
0.5243055555555556 0.0 0.0 0.5688543166872201 0.52158100162206 0.0 0.4743236182071525