0.5321180555555556 0.0 0.0 0.5658285214413366 0.5254207218167072 0.0 0.4751219228982818
0.5347222222222222 0.0 0.0 0.5669141718363295 0.5290703568532036 0.0 0.47160938225731575
0.4765625 0.0 0.0 0.5808956249302408 0.47895123682076235 0.0 0.5145291453785416
0.4913194444444444 0.0 0.0 0.5693938164103266 0.4862124898621249 0.0 0.5101021830004645
0.484375 0.0 0.0 0.566835569144495 0.4778360705596107 0.0 0.5198560148629822
0.5147569444444444 0.0 0.0 0.5654909539026689 0.5083130575831306 0.0 0.49124767765908084
0.5138888888888888 0.0 0.0 0.5718376159879189 0.5089340024330901 0.0 0.485993381328379
0.4913194444444444 0.0 0.0 0.5752333218296826 0.4900015206812652 0.0 0.5038754064096613
0.4973958333333333 0.0 0.0 0.5768034063624071 0.5012925790754258 0.0 0.494382837900604
0.4887152777777778 0.0 0.0 0.567659222604861 0.4810041565287916 0.0 0.5148920111472366
0.4904513888888889 0.0 0.0 0.5752979331638708 0.48931721411192214 0.0 0.5045430794240598
0.4930555555555556 0.0 0.0 0.5673581638728739 0.4892918694241687 0.0 0.5090716442173717
0.5034722222222222 0.0 0.0 0.5711158752517693 0.5026738645579887 0.0 0.49505051091500263
0.4982638888888889 0.0 0.0 0.5764079892589952 0.5015460259529603 0.0 0.49391836971667447
0.4800347222222222 0.0 0.0 0.5809550313928675 0.48222070154095703 0.0 0.5110311193683232
0.5034722222222222 0.0 0.0 0.5693591279842624 0.4960842457420925 0.0 0.49927426846261036
0.4704861111111111 0.0 0.0 0.5664067037542081 0.464580798864558 0.0 0.5327014630747798
0.4791666666666667 0.0 0.0 0.571380813747131 0.4759985806974858 0.0 0.5200447050627033
0.4887152777777778 0.0 0.0 0.5730161607442643 0.48484387672343876 0.0 0.509245819786345
0.4887152777777778 0.0 0.0 0.5698251945590443 0.4877838605028386 0.0 0.5090861588481194
0.5104166666666666 0.0 0.0 0.5650305725913904 0.5041185117599352 0.0 0.49552949372968
0.46875 0.0 0.0 0.5708573096316705 0.46801500405515006 0.0 0.5295372735717608
0.5121527777777778 0.0 0.0 0.5721841731932885 0.508338402270884 0.0 0.48684974454249896
0.5460069444444444 0.0 0.0 0.5760564308238574 0.5470524128142741 0.0 0.4501422433813286
0.4583333333333333 0.0 0.0 0.5757260383018541 0.4588148824006488 0.0 0.5381879934974461
0.4913194444444444 0.0 0.0 0.577654988831756 0.4925993511759935 0.0 0.5010885973060846
0.4774305555555556 0.0 0.0 0.5676918857661422 0.4738062652068126 0.0 0.5239055968416165
0.5138888888888888 0.0 0.0 0.5748567355032284 0.511405109489051 0.0 0.4818712261960062
0.4756944444444444 0.0 0.0 0.5699244846627305 0.47585918491484186 0.0 0.523397584765444
0.5086805555555556 0.0 0.0 0.575333313046635 0.5106067518248175 0.0 0.48487575476079936
0.4956597222222222 0.0 0.0 0.5747366665681104 0.4963757096512571 0.0 0.49844693450998623
0.4791666666666667 0.0 0.0 0.5812189015031732 0.4807126926196269 0.0 0.5121632605666512
0.5164930555555556 0.0 0.0 0.5763554109227341 0.5194647201946472 0.0 0.47583313980492303
0.4887152777777778 0.0 0.0 0.5727758562966218 0.48419758718572586 0.0 0.5103779609846727
0.5147569444444444 0.0 0.0 0.568088386499562 0.5081483171127331 0.0 0.48760450534138455
0.4982638888888889 0.0 0.0 0.5764269174600071 0.5020909367396593 0.0 0.4938748258244312
0.4861111111111111 0.0 0.0 0.5675795695069322 0.4811815693430657 0.0 0.5161983279145378
0.5529513888888888 0.0 0.0 0.5715156479590989 0.5515891119221411 0.0 0.4478634463539246
0.4930555555555556 0.0 0.0 0.5780185145304595 0.49595752230332524 0.0 0.4987517417556897
0.4791666666666667 0.0 0.0 0.5794982266758344 0.4849579278183293 0.0 0.5117858801672086
0.4826388888888889 0.0 0.0 0.5691478136845209 0.47784874290348744 0.0 0.5182884347422202
0.4965277777777778 0.0 0.0 0.5724151148833829 0.4925486618004866 0.0 0.5020465629354389
0.4991319444444444 0.0 0.0 0.5742998628733282 0.5014573195458232 0.0 0.49507954017649813
0.5243055555555556 0.0 0.0 0.568059437486519 0.5183495539334956 0.0 0.478707036692987
0.5060763888888888 0.0 0.0 0.5646476854012509 0.49964517437145173 0.0 0.4999274268462617
0.5008680555555556 0.0 0.0 0.5680315084100575 0.49650243309002434 0.0 0.4999419414770092
0.5043402777777778 0.0 0.0 0.5712040938165222 0.5007983576642335 0.0 0.4948037621922904
0.4835069444444444 0.0 0.0 0.5664551126566764 0.47884985806974856 0.0 0.5194786344635393
0.4835069444444444 0.0 0.0 0.5801373214694 0.4863645579886456 0.0 0.5073153738968882
0.5078125 0.0 0.0 0.5767024197099063 0.5097703771289538 0.0 0.48518056200650295
0.4713541666666667 0.0 0.0 0.5707034999598877 0.47105636658556366 0.0 0.5275777984208091
0.4852430555555556 0.0 0.0 0.5667638288363743 0.48082674371451745 0.0 0.5174175568973531
0.5147569444444444 0.0 0.0 0.5735434500949124 0.5121527777777778 0.0 0.4826985601486298
0.4869791666666667 0.0 0.0 0.5691987894175091 0.4822840632603406 0.0 0.5141372503483512
0.5147569444444444 0.0 0.0 0.5747448989748685 0.512279501216545 0.0 0.4812616117045987
0.5164930555555556 0.0 0.0 0.5734305300521363 0.5153208637469586 0.0 0.4797085462145848
0.4965277777777778 0.0 0.0 0.5734290384742042 0.49398063665855635 0.0 0.5007983046911287
0.5173611111111112 0.0 0.0 0.5714181479476734 0.5163853406326034 0.0 0.48020204366000996
0.4800347222222222 0.0 0.0 0.5683561287140025 0.47522556772100566 0.0 0.5216558290757083
0.5086805555555556 0.0 0.0 0.5748514665999254 0.510353304947283 0.0 0.4852966790524854
0.4956597222222222 0.0 0.0 0.5725057889454601 0.49163625304136255 0.0 0.5028013237343243
0.4835069444444444 0.0 0.0 0.572286404755754 0.4840581914030819 0.0 0.5125841848583372
0.546875 0.0 0.0 0.5717068010768676 0.5461526763990268 0.0 0.45303065490013916
0.4774305555555556 0.0 0.0 0.5656433324658804 0.4729698905109489 0.0 0.525937645146308
0.4809027777777778 0.0 0.0 0.5699304670554686 0.4803071776155718 0.0 0.5164741058987463
0.4713541666666667 0.0 0.0 0.5701427769056469 0.47219687753446876 0.0 0.527476196005574
0.5234375 0.0 0.0 0.5681421271970367 0.5187297242497972 0.0 0.47875058058523023
0.4835069444444444 0.0 0.0 0.5709365400804323 0.4801677818329278 0.0 0.516111240130051
0.4982638888888889 0.0 0.0 0.5779080392291603 0.5006589618815896 0.0 0.493729679516953
0.4756944444444444 0.0 0.0 0.563964698183592 0.4677742295214923 0.0 0.5306258708778453
0.4921875 0.0 0.0 0.5746082777073114 0.492117802108678 0.0 0.502423943334882
0.5138888888888888 0.0 0.0 0.5714453674557723 0.5130525141930251 0.0 0.4836855550394804
0.5494791666666666 0.0 0.0 0.5722488075946194 0.5482689578264396 0.0 0.4500551555968417
0.5121527777777778 0.0 0.0 0.5721773578533357 0.5113544201135442 0.0 0.48483221086855566
0.4644097222222222 0.0 0.0 0.5720550444569168 0.4621096918085969 0.0 0.5344577333952631
0.4947916666666667 0.0 0.0 0.5820886570264574 0.49903690186536903 0.0 0.4936861356247104
0.5 0.0 0.0 0.576611744059863 0.5031807583130575 0.0 0.492045982350209
0.5173611111111112 0.0 0.0 0.5708022662758402 0.5136607866991079 0.0 0.48248084068741304
0.5104166666666666 0.0 0.0 0.5707390829175978 0.5068430656934306 0.0 0.4893752902926155
0.4878472222222222 0.0 0.0 0.5669576932504028 0.4815110502838605 0.0 0.5160096377148169
0.4939236111111111 0.0 0.0 0.5732311191132994 0.4904830697485807 0.0 0.5035851137947053
0.5260416666666666 0.0 0.0 0.5722240552608278 0.525661496350365 0.0 0.47250928936367864
0.5060763888888888 0.0 0.0 0.5734907863540614 0.5036496350364964 0.0 0.49120413376683725
0.4982638888888889 0.0 0.0 0.5734350878372187 0.4969839821573398 0.0 0.4984904784022304
0.5060763888888888 0.0 0.0 0.5688644938534233 0.5008490470397404 0.0 0.49531177426846285
0.4913194444444444 0.0 0.0 0.5757165967610192 0.4916742700729927 0.0 0.5025981189038558
0.4982638888888889 0.0 0.0 0.5784121901440409 0.5002027575020276 0.0 0.4935119600557363
0.4956597222222222 0.0 0.0 0.5771920806424218 0.49932836577453366 0.0 0.4957907570831399
0.4861111111111111 0.0 0.0 0.5739148682718536 0.48813868613138683 0.0 0.5080701346957739
0.5112847222222222 0.0 0.0 0.5761433343913164 0.5153715531224655 0.0 0.48031816070599154
0.4930555555555556 0.0 0.0 0.5738378790629074 0.4901789334955393 0.0 0.5036722015791918
0.4652777777777778 0.0 0.0 0.5716496567605207 0.46316149635036497 0.0 0.5339206920575947
0.5043402777777778 0.0 0.0 0.5715514455760279 0.5050435928629359 0.0 0.49262656758012147
0.4982638888888889 0.0 0.0 0.5704570753629147 0.4988721613949716 0.0 0.5002757779842089
0.5130208333333334 0.0 0.0 0.5687694302131749 0.5088072789943228 0.0 0.48847538318625205
0.4774305555555556 0.0 0.0 0.5767206718688799 0.4796735604217356 0.0 0.5162999303297725
0.4878472222222222 0.0 0.0 0.56567915021846 0.48176449716139497 0.0 0.5172143520668836
0.4748263888888889 0.0 0.0 0.5719849504516712 0.4728685117599351 0.0 0.5237459359033911
0.4730902777777778 0.0 0.0 0.565008633272428 0.4664816504460665 0.0 0.5315257779842085
0.5329861111111112 0.0 0.0 0.5674634683644376 0.5294251824817519 0.0 0.4707965629354386
0.5295138888888888 0.0 0.0 0.5655014143463374 0.5224680656934306 0.0 0.4777926149558759
0.5095486111111112 0.0 0.0 0.5735945017144454 0.507654095701541 0.0 0.48802542963307005
0.4826388888888889 0.0 0.0 0.5680674080836418 0.47592254663422545 0.0 0.5206688341848589
0.4644097222222222 0.0 0.0 0.5706904104021657 0.4629587388483374 0.0 0.5347044821179752
0.4878472222222222 0.0 0.0 0.5665861108972375 0.4823854420113544 0.0 0.5165321644217373
0.4861111111111111 0.0 0.0 0.5737831583604994 0.48741636253041365 0.0 0.5087958662331633
0.5138888888888888 0.0 0.0 0.5724512424897726 0.5133186334144363 0.0 0.48261147236414315
0.5477430555555556 0.0 0.0 0.5713233336029514 0.5466215531224655 0.0 0.45242104040873177
0.4904513888888889 0.0 0.0 0.5770751285161668 0.4914715125709651 0.0 0.502409428704134
0.5190972222222222 0.0 0.0 0.5665841176047345 0.5128370843471208 0.0 0.4860804691128664
0.4895833333333333 0.0 0.0 0.5669590585530462 0.4853127534468775 0.0 0.5133389456572225
0.4791666666666667 0.0 0.0 0.5678236287209883 0.47432583130575834 0.0 0.523383070134696