0.5286458333333334 0.0 0.0 0.5820642050094843 0.5352417883211679 0.0 0.46115884811890384
0.4852430555555556 0.0 0.0 0.5786652778030116 0.4861491281427413 0.0 0.5068073618207156
0.5147569444444444 0.0 0.0 0.5656292778045038 0.5076794403892944 0.0 0.4906090339061776
0.5538194444444444 0.0 0.0 0.5718176189256501 0.5524381589618816 0.0 0.4456717371110077
0.5538194444444444 0.0 0.0 0.5723266296955086 0.552463503649635 0.0 0.4452072689270783
0.5512152777777778 0.0 0.0 0.5777313115302535 0.5555555555555556 0.0 0.4450185787273572
0.4991319444444444 0.0 0.0 0.5767841265538168 0.49679389699918897 0.0 0.4950940548072459
0.4939236111111111 0.0 0.0 0.575415530362467 0.4895199716139497 0.0 0.5022207385044124
0.5512152777777778 0.0 0.0 0.5788253646116565 0.5563792579075426 0.0 0.4439299814212727
0.5164930555555556 0.0 0.0 0.5683451290705753 0.5129384630981346 0.0 0.48477415234556476
0.515625 0.0 0.0 0.5739147441192219 0.5160431873479319 0.0 0.4793892243381327
0.4774305555555556 0.0 0.0 0.5791120202019254 0.4784823600973236 0.0 0.5140646771946127
0.5130208333333334 0.0 0.0 0.5786672541582685 0.515257502027575 0.0 0.4778651881096144
0.4965277777777778 0.0 0.0 0.5770117413705547 0.49759225466342255 0.0 0.4952972596377151
0.4817708333333333 0.0 0.0 0.5696124105810144 0.47978761151662613 0.0 0.5175772178355782
0.4618055555555556 0.0 0.0 0.573355886799547 0.46063969991889697 0.0 0.5349512308406881
0.4861111111111111 0.0 0.0 0.5818199282531318 0.4929541768045418 0.0 0.5031206456107757
0.4826388888888889 0.0 0.0 0.5690432481812597 0.4822713909164639 0.0 0.5162709010682769
0.515625 0.0 0.0 0.564618164395585 0.5102899432278994 0.0 0.4897962145843009
0.5173611111111112 0.0 0.0 0.5720456621414814 0.5154222424979724 0.0 0.48020204366000985
0.4670138888888889 0.0 0.0 0.5703258672172099 0.4652904501216545 0.0 0.5311629122155136
0.5095486111111112 0.0 0.0 0.5688691309522205 0.5053730738037308 0.0 0.49069612169066457
0.4557291666666667 0.0 0.0 0.5731103811828966 0.4558115369018654 0.0 0.5405248490478403
0.5199652777777778 0.0 0.0 0.5723568873951423 0.5215936739659367 0.0 0.47587668369716696
0.5355902777777778 0.0 0.0 0.57003437367213 0.529919403892944 0.0 0.46647120297259625
0.5338541666666666 0.0 0.0 0.5674678084352746 0.5303756082725061 0.0 0.4689386901997211
0.5199652777777778 0.0 0.0 0.5760667288829199 0.5221512570965126 0.0 0.4721173943334881
0.5199652777777778 0.0 0.0 0.566467230378654 0.5192492903487429 0.0 0.4816535067347889
0.4895833333333333 0.0 0.0 0.572019170703304 0.4874417072181671 0.0 0.5077072689270787
0.4583333333333333 0.0 0.0 0.5754954111844728 0.4607030616382806 0.0 0.5346028797027405
0.4661458333333333 0.0 0.0 0.5702174416793802 0.4640358880778589 0.0 0.5321934509986069
0.4982638888888889 0.0 0.0 0.5771229005786142 0.498808799675588 0.0 0.49339584300975403
0.5078125 0.0 0.0 0.5742020433045212 0.5081483171127331 0.0 0.48732872735717614
0.5017361111111112 0.0 0.0 0.5674624851750676 0.4951464922952149 0.0 0.5012627728750584
0.4618055555555556 0.0 0.0 0.5756839080272693 0.46412459448499593 0.0 0.5312064561077567
0.4913194444444444 0.0 0.0 0.5767571604883014 0.4946902879156529 0.0 0.5000580585229915
0.4852430555555556 0.0 0.0 0.5690333244928208 0.48043390105433903 0.0 0.5148484672549931
0.484375 0.0 0.0 0.5754346293757419 0.4829683698296837 0.0 0.5102763585694383
0.4782986111111111 0.0 0.0 0.579517073330193 0.48009174776966745 0.0 0.5128889921040414
0.4817708333333333 0.0 0.0 0.5762915190909104 0.48395681265206814 0.0 0.510711797491872
0.4982638888888889 0.0 0.0 0.5704189751652943 0.49660381184103813 0.0 0.4995935903390617
0.5086805555555556 0.0 0.0 0.567215214680039 0.5042705798864558 0.0 0.4931636089177889
0.5086805555555556 0.0 0.0 0.5718976615509703 0.5036369626926196 0.0 0.489810729215049
0.4991319444444444 0.0 0.0 0.5739327999838468 0.4979470802919708 0.0 0.49611007895959125
0.5529513888888888 0.0 0.0 0.5715034239169102 0.5512596309813463 0.0 0.44673130515559667
0.5086805555555556 0.0 0.0 0.5718116455893493 0.5102265815085159 0.0 0.48790931258708836
0.5112847222222222 0.0 0.0 0.5712802931183775 0.5081229724249797 0.0 0.4867771713887602
0.4913194444444444 0.0 0.0 0.5738615401272636 0.49292883211678834 0.0 0.5034254528564801
0.5303819444444444 0.0 0.0 0.5725263742850321 0.5270174371451744 0.0 0.46706630283325623
0.4947916666666667 0.0 0.0 0.5686783809473177 0.4912180656934307 0.0 0.5049059451927542
0.5173611111111112 0.0 0.0 0.5749116963259002 0.5141676804541768 0.0 0.4779232466326059
0.5112847222222222 0.0 0.0 0.5746775163313064 0.5143450932684509 0.0 0.48217603344170923
0.4722222222222222 0.0 0.0 0.5781364718309122 0.47631538929440387 0.0 0.5179691128657689
0.4861111111111111 0.0 0.0 0.5773536771240928 0.48552818329278186 0.0 0.5067928471899679
0.5355902777777778 0.0 0.0 0.5731208249368541 0.5346968775344688 0.0 0.46136205294937294
0.4652777777777778 0.0 0.0 0.5693435406378288 0.4625405515004055 0.0 0.5340803529958201
0.4730902777777778 0.0 0.0 0.5683991358648504 0.46947232360097324 0.0 0.5269391546679056
0.5095486111111112 0.0 0.0 0.5702843466518352 0.504257907542579 0.0 0.48998490478402235
0.4869791666666667 0.0 0.0 0.5746928795973035 0.4846664639091646 0.0 0.5082733395262425
0.4600694444444444 0.0 0.0 0.5755074349443272 0.46228710462287104 0.0 0.533151416627961
0.5095486111111112 0.0 0.0 0.5690347703150882 0.5064248783454988 0.0 0.4903913144449601
0.5060763888888888 0.0 0.0 0.5801695440896968 0.5122414841849149 0.0 0.4830469112865772
0.515625 0.0 0.0 0.5646063847036593 0.5076287510137875 0.0 0.4905074314909431
0.5147569444444444 0.0 0.0 0.5756061338195209 0.5122921735604218 0.0 0.48023107292150513
0.5199652777777778 0.0 0.0 0.5718831211902108 0.5180454176804542 0.0 0.47787970274036196
0.5008680555555556 0.0 0.0 0.572985093690552 0.5017741281427412 0.0 0.4940344867626568
0.4748263888888889 0.0 0.0 0.5684901032606112 0.4734514395782644 0.0 0.5248925917324665
0.4809027777777778 0.0 0.0 0.5729646546299624 0.48097881184103813 0.0 0.5146888063167676
0.4878472222222222 0.0 0.0 0.569984991614743 0.4822713909164639 0.0 0.5135856943799354
0.5095486111111112 0.0 0.0 0.5735176350183003 0.508617193836172 0.0 0.4861965861588482
0.5078125 0.0 0.0 0.5693532141582482 0.5053730738037308 0.0 0.49100092893636804
0.4973958333333333 0.0 0.0 0.572884374037277 0.49641372668288725 0.0 0.49835984672549927
0.5104166666666666 0.0 0.0 0.5786064133192497 0.5145985401459854 0.0 0.48002786809103615
0.5503472222222222 0.0 0.0 0.5740147482214124 0.5511709245742092 0.0 0.44700708313980475
0.4765625 0.0 0.0 0.5657255339465842 0.47213351581508517 0.0 0.5258650719925688
0.5086805555555556 0.0 0.0 0.5717148880550511 0.5039664436334145 0.0 0.48904145378541586
0.5173611111111112 0.0 0.0 0.5659271171048398 0.5116205393349554 0.0 0.48753193218764534
0.5477430555555556 0.0 0.0 0.578749721119936 0.5524254866180048 0.0 0.4474425220622388
0.4947916666666667 0.0 0.0 0.574428565630737 0.48995083130575834 0.0 0.5021481653506734
0.4956597222222222 0.0 0.0 0.5750795396080445 0.49690794809407945 0.0 0.49718416163492807
0.4930555555555556 0.0 0.0 0.5668005909639517 0.48569292376317924 0.0 0.5111182071528104
0.5078125 0.0 0.0 0.5740310463796626 0.5065262570965126 0.0 0.48735775661867164
0.5112847222222222 0.0 0.0 0.5754321798434512 0.5117726074614761 0.0 0.4826405016256389
0.5008680555555556 0.0 0.0 0.5735231747858223 0.500367497972425 0.0 0.4947892475615422
0.4791666666666667 0.0 0.0 0.5696100801759334 0.47636607866991076 0.0 0.5192609150023226
0.5338541666666666 0.0 0.0 0.5691899742876848 0.5318202554744526 0.0 0.46580352995819785
0.5 0.0 0.0 0.5686150209832852 0.4953999391727494 0.0 0.4998693683232699
0.5121527777777778 0.0 0.0 0.5658959914145556 0.5068430656934306 0.0 0.49087029725963727
0.4809027777777778 0.0 0.0 0.5776156897953113 0.4842609489051095 0.0 0.5102618439386901
0.4965277777777778 0.0 0.0 0.5771621649454676 0.497617599351176 0.0 0.4952537157454717
0.5 0.0 0.0 0.5753350721430108 0.5022176601784266 0.0 0.49223467254993036
0.5112847222222222 0.0 0.0 0.5763074805670795 0.512051399026764 0.0 0.4821905480724572
0.5043402777777778 0.0 0.0 0.5737228876491796 0.5032821370640713 0.0 0.4899413608917792
0.5199652777777778 0.0 0.0 0.5798805680867731 0.5240901257096513 0.0 0.46882257315373865
0.4878472222222222 0.0 0.0 0.5728996827260999 0.4886329075425791 0.0 0.5089119832791456
0.4574652777777778 0.0 0.0 0.5744270592578677 0.45924574209245744 0.0 0.5365768694844402
0.5130208333333334 0.0 0.0 0.5721716492668446 0.5107461476074615 0.0 0.4846870645610777
0.4817708333333333 0.0 0.0 0.575458565375059 0.4799016626115166 0.0 0.5121197166744083
0.4904513888888889 0.0 0.0 0.5745266069402031 0.4883287712895377 0.0 0.5056026474686484
0.5121527777777778 0.0 0.0 0.5686173852179 0.506323499594485 0.0 0.48914305620065
0.5060763888888888 0.0 0.0 0.5688522004633039 0.5022683495539335 0.0 0.494702159777055
0.4539930555555556 0.0 0.0 0.5722429672966998 0.4524153487429035 0.0 0.5430939386902004
0.4644097222222222 0.0 0.0 0.574017621276151 0.46521441605839414 0.0 0.5312209707385045
0.5130208333333334 0.0 0.0 0.5672081371943977 0.5085918491484185 0.0 0.48902693915466766
0.5225694444444444 0.0 0.0 0.578976213780981 0.5267006285482563 0.0 0.4669937296795168
0.4878472222222222 0.0 0.0 0.5764975681453658 0.48747972424979724 0.0 0.5057042498838833
0.4791666666666667 0.0 0.0 0.5708896466979413 0.4767842660178427 0.0 0.5178094519275432
0.5069444444444444 0.0 0.0 0.570691463732705 0.5042325628548256 0.0 0.4914218532280541
0.4800347222222222 0.0 0.0 0.5770713890793753 0.478875202757502 0.0 0.5135856943799352
0.5017361111111112 0.0 0.0 0.5754370856119972 0.49861871451743717 0.0 0.4939764282396657
0.5026041666666666 0.0 0.0 0.5800045589191875 0.5079202149229521 0.0 0.48751741755689737
0.5329861111111112 0.0 0.0 0.5728370052273578 0.5341773114355232 0.0 0.4647294472828608