0.4678819444444444 0.0 0.0 0.5746520895133634 0.46768552311435524 0.0 0.5279551788202514
0.53125 0.0 0.0 0.5842165096181889 0.5391068532035685 0.0 0.4572544124477472
0.5104166666666666 0.0 0.0 0.5813177673820863 0.5130778588807786 0.0 0.4825243845796562
0.4904513888888889 0.0 0.0 0.5807343641059605 0.49690794809407945 0.0 0.49985485369252225
0.4826388888888889 0.0 0.0 0.5612729015534829 0.47447789943227897 0.0 0.526692405945193
0.5130208333333334 0.0 0.0 0.5773220611097206 0.5163980129764801 0.0 0.4794763121226201
0.4835069444444444 0.0 0.0 0.5743529076635814 0.4842229318734793 0.0 0.5112052949372973
0.5138888888888888 0.0 0.0 0.5729584249318734 0.5115951946472019 0.0 0.4830759405480728
0.4887152777777778 0.0 0.0 0.572558677485748 0.49120539334955393 0.0 0.5064009521597773
0.5026041666666666 0.0 0.0 0.5659516220475469 0.4990749188969992 0.0 0.5005080120761731
0.4861111111111111 0.0 0.0 0.5619694869971991 0.47954683698296835 0.0 0.5223525313516026
0.4696180555555556 0.0 0.0 0.5649800565561766 0.46351632197891324 0.0 0.5341529261495588
0.4991319444444444 0.0 0.0 0.5642213220022302 0.4947409772911598 0.0 0.506662215513238
0.5034722222222222 0.0 0.0 0.5647744746614309 0.4953492497972425 0.0 0.5021336507199259
0.4817708333333333 0.0 0.0 0.5620167951704914 0.4743638483373885 0.0 0.526764979098932
0.5130208333333334 0.0 0.0 0.5715460635089306 0.5131158759124088 0.0 0.4831485137018118
0.4956597222222222 0.0 0.0 0.5664647850217851 0.49292883211678834 0.0 0.5066622155132375
0.5277777777777778 0.0 0.0 0.5804438416329055 0.531478102189781 0.0 0.4640327450069671
0.4826388888888889 0.0 0.0 0.5677497284658312 0.4804212287104623 0.0 0.5177513934045517
0.4800347222222222 0.0 0.0 0.5700065939026442 0.47854572181670724 0.0 0.5182158615884813
0.4939236111111111 0.0 0.0 0.5802381025519989 0.49922698702351986 0.0 0.4969083836507202
0.5434027777777778 0.0 0.0 0.5793163811709611 0.5470650851581509 0.0 0.4497503483511379
0.5130208333333334 0.0 0.0 0.580679481442797 0.518514294403893 0.0 0.4778361588481189
0.4592013888888889 0.0 0.0 0.569550299037872 0.4575983373884834 0.0 0.5410473757547614
0.5069444444444444 0.0 0.0 0.5742560507925876 0.5092761557177615 0.0 0.4863997909893175
0.5017361111111112 0.0 0.0 0.5642712348997242 0.49297952149229524 0.0 0.5044995355318163
0.4887152777777778 0.0 0.0 0.5641181269148344 0.4833358678021087 0.0 0.5170837203901539
0.4678819444444444 0.0 0.0 0.5682864946012869 0.4653411394971614 0.0 0.5325272875058061
0.4904513888888889 0.0 0.0 0.5718197826315659 0.4888610097323601 0.0 0.5064735253135162
0.4748263888888889 0.0 0.0 0.5675527937178738 0.4737048864557989 0.0 0.5255312354853696
0.5303819444444444 0.0 0.0 0.570864271766003 0.5287155312246553 0.0 0.46843067812354866
0.4730902777777778 0.0 0.0 0.5677742329451413 0.46920620437956206 0.0 0.5276648862052951
0.4791666666666667 0.0 0.0 0.5659505287919865 0.47468065693430656 0.0 0.5238765675801207
0.5043402777777778 0.0 0.0 0.5736963915506199 0.5055378142741281 0.0 0.4895494658615889
0.5130208333333334 0.0 0.0 0.5691282173852918 0.5099351175993512 0.0 0.4864288202508128
0.4939236111111111 0.0 0.0 0.5742991325897386 0.4902803122465531 0.0 0.5042092429168605
0.5329861111111112 0.0 0.0 0.5846683480933548 0.5411344282238443 0.0 0.45532396655829077
0.484375 0.0 0.0 0.5709606400977695 0.4804719180859692 0.0 0.5141953088713429
0.5147569444444444 0.0 0.0 0.5701327751553333 0.5117472627737226 0.0 0.483467835578263
0.4782986111111111 0.0 0.0 0.5751420934153152 0.47997769667477697 0.0 0.516140269391547
0.5260416666666666 0.0 0.0 0.582134720459362 0.5324665450121655 0.0 0.46371342313051545
0.4739583333333333 0.0 0.0 0.5660303684392988 0.4670265612327656 0.0 0.5303500928936372
0.5138888888888888 0.0 0.0 0.5726328189796823 0.5133439781021898 0.0 0.4817986530422669
0.4748263888888889 0.0 0.0 0.5736235899214936 0.4728558394160584 0.0 0.5212058755225273
0.5199652777777778 0.0 0.0 0.5823203846360977 0.5249898621248986 0.0 0.469969228982815
0.5425347222222222 0.0 0.0 0.5768983098491333 0.5456711273317113 0.0 0.450809916395727
0.4696180555555556 0.0 0.0 0.563529713814566 0.4631361516626115 0.0 0.5372445424988391
0.5434027777777778 0.0 0.0 0.5773972358402152 0.5488772303325223 0.0 0.44856014862981874
0.4895833333333333 0.0 0.0 0.5824058735641587 0.4978963909164639 0.0 0.49927426846261036
0.4791666666666667 0.0 0.0 0.5664733191022381 0.4751368613138686 0.0 0.5228605434277753
0.5373263888888888 0.0 0.0 0.5724707750352089 0.5363949716139497 0.0 0.4599541337668368
0.5069444444444444 0.0 0.0 0.5732124200062266 0.5049675587996756 0.0 0.48908499767765923
0.4756944444444444 0.0 0.0 0.5744168750634409 0.4765434914841849 0.0 0.5193915466790529
0.4887152777777778 0.0 0.0 0.5710769035619508 0.48699817518248173 0.0 0.5082733395262427
0.515625 0.0 0.0 0.5737795651057643 0.5133439781021898 0.0 0.4809132605666512
0.5095486111111112 0.0 0.0 0.5682255673223648 0.508110300081103 0.0 0.48924465861588506
0.4895833333333333 0.0 0.0 0.5612465685923659 0.48262621654501214 0.0 0.5192318857408269
0.4947916666666667 0.0 0.0 0.5706093216061043 0.49234590429845904 0.0 0.5031206456107762
0.5225694444444444 0.0 0.0 0.5691705159812274 0.5182988645579887 0.0 0.4786634928007433
0.5043402777777778 0.0 0.0 0.5706874111483279 0.5043085969180859 0.0 0.49188632141198363
0.46875 0.0 0.0 0.5746533729267352 0.46910482562854827 0.0 0.5266198327914542
0.5026041666666666 0.0 0.0 0.5716734718908453 0.5029019667477697 0.0 0.4930474918718072
0.4921875 0.0 0.0 0.5778595116616996 0.49651510543390104 0.0 0.4997532512772874
0.5164930555555556 0.0 0.0 0.573662113297916 0.5139902676399026 0.0 0.4802746168137484
0.5078125 0.0 0.0 0.5696394512892328 0.5050689375506894 0.0 0.490652577798421
0.4895833333333333 0.0 0.0 0.5670149367285734 0.4835132806163828 0.0 0.5133970041802142
0.4765625 0.0 0.0 0.5768237520658099 0.47980028386050283 0.0 0.5168805155596844
0.4835069444444444 0.0 0.0 0.5680578701374693 0.4792173560421736 0.0 0.5164450766372506
0.4965277777777778 0.0 0.0 0.5707719869944665 0.4937145174371452 0.0 0.5017417556897357
0.5052083333333334 0.0 0.0 0.5665962634462458 0.5002787915652879 0.0 0.49695192754296313
0.4661458333333333 0.0 0.0 0.5656471622951255 0.4614127128953771 0.0 0.5369397352531357
0.4991319444444444 0.0 0.0 0.5729605736067315 0.49948043390105434 0.0 0.4963858569437999
0.4895833333333333 0.0 0.0 0.5748328321984373 0.4898241078669911 0.0 0.5048333720390152
0.5034722222222222 0.0 0.0 0.5738220755630637 0.5058926399026764 0.0 0.490173594983744
0.5138888888888888 0.0 0.0 0.571954227109147 0.5113290754257908 0.0 0.4837726428239669
0.5381944444444444 0.0 0.0 0.5774783921639348 0.5421989051094891 0.0 0.4544095448211799
0.4765625 0.0 0.0 0.5744394734867513 0.4767842660178427 0.0 0.5187819321876456
0.4930555555555556 0.0 0.0 0.5728367168611057 0.49233323195458234 0.0 0.5031206456107757
0.484375 0.0 0.0 0.5708082505489487 0.48213199513381993 0.0 0.5130341384115192
0.4852430555555556 0.0 0.0 0.5713339562257698 0.4814603609083536 0.0 0.5132083139804927
0.484375 0.0 0.0 0.5686390254854607 0.479470802919708 0.0 0.5163725034835116
0.4756944444444444 0.0 0.0 0.5710960431002544 0.4720321370640714 0.0 0.5227444263817933
0.4869791666666667 0.0 0.0 0.5722106931051486 0.4857309407948094 0.0 0.5094780538783098
0.4869791666666667 0.0 0.0 0.5675969158282012 0.48208130575831304 0.0 0.514572689270785
0.4861111111111111 0.0 0.0 0.5625290687003385 0.4793567518248175 0.0 0.5219170924291687
0.4904513888888889 0.0 0.0 0.5699575605683986 0.4879866180048662 0.0 0.5076492104040875
0.4852430555555556 0.0 0.0 0.5723679320916876 0.4835639699918897 0.0 0.5116117045982356
0.4878472222222222 0.0 0.0 0.562823854695084 0.481992599351176 0.0 0.5193189735253136
0.4826388888888889 0.0 0.0 0.5611084185119526 0.47531427412814276 0.0 0.5267794937296797
0.4748263888888889 0.0 0.0 0.571886287325444 0.4744652270884023 0.0 0.5218735485369257
0.4817708333333333 0.0 0.0 0.5673640154263038 0.4766828872668289 0.0 0.5200156758012079
0.4887152777777778 0.0 0.0 0.5726851339555381 0.48644059205190593 0.0 0.5086216906641896
0.5260416666666666 0.0 0.0 0.584864688095058 0.5353811841038119 0.0 0.4608975847654436
0.4809027777777778 0.0 0.0 0.5680853926436433 0.47682228304947283 0.0 0.5195657222480262
0.4861111111111111 0.0 0.0 0.5683126229995114 0.48175182481751827 0.0 0.5138179284718999
0.484375 0.0 0.0 0.5740265198499367 0.4851733576642336 0.0 0.5115101021830006
0.4861111111111111 0.0 0.0 0.564013010959477 0.4804592457420925 0.0 0.5201172782164425
0.5034722222222222 0.0 0.0 0.571414078991815 0.4996578467153285 0.0 0.4946150719925685
0.4869791666666667 0.0 0.0 0.567302256681129 0.48211932278994324 0.0 0.5148339526242454
0.4869791666666667 0.0 0.0 0.5680854707111093 0.48332319545823194 0.0 0.5137163260566655
0.4861111111111111 0.0 0.0 0.5731704714788659 0.48603507704785076 0.0 0.5095506270320488
0.46875 0.0 0.0 0.5727351395253998 0.4668618207623682 0.0 0.5286083372039021
0.4947916666666667 0.0 0.0 0.5677746509421256 0.4889750608272506 0.0 0.506400952159777
0.5 0.0 0.0 0.5634041309662546 0.49033100162206 0.0 0.5073153738968882
0.4930555555555556 0.0 0.0 0.5727337999943118 0.4912180656934307 0.0 0.5036867162099395
0.5121527777777778 0.0 0.0 0.5694363882330843 0.5087312449310625 0.0 0.4868062006502555
0.5130208333333334 0.0 0.0 0.5676957692534658 0.5075907339821574 0.0 0.4892301439851372
0.5173611111111112 0.0 0.0 0.5768973670948059 0.5207953163017032 0.0 0.4765879006038085
0.5130208333333334 0.0 0.0 0.5711858112522946 0.5107588199513382 0.0 0.48410647933116624
0.4661458333333333 0.0 0.0 0.562286289483218 0.4610705596107056 0.0 0.5393636785880168
0.4965277777777778 0.0 0.0 0.5713697316546847 0.4967558799675588 0.0 0.4995065025545754
0.4982638888888889 0.0 0.0 0.5708805169850025 0.4955773519870235 0.0 0.5002612633534607