0.4965277777777778 0.0 0.0 0.5731058210893129 0.49640105433901055 0.0 0.49894043195541127
0.5147569444444444 0.0 0.0 0.5700616542985555 0.5080089213300892 0.0 0.48658848118903886
0.4965277777777778 0.0 0.0 0.5729467529811337 0.4963757096512571 0.0 0.49907106363214127
0.5147569444444444 0.0 0.0 0.5753723292119408 0.5171076642335767 0.0 0.4781409660938225
0.5260416666666666 0.0 0.0 0.5702572984676682 0.5259909772911597 0.0 0.47158035299582
0.5104166666666666 0.0 0.0 0.5805483088705499 0.5165627534468775 0.0 0.4782715977705527
0.4644097222222222 0.0 0.0 0.5722057362062228 0.4625025344687753 0.0 0.5339061774268463
0.4835069444444444 0.0 0.0 0.5727527408185057 0.48317112733171125 0.0 0.5123229215048775
0.5182291666666666 0.0 0.0 0.568442147502452 0.5139902676399026 0.0 0.48236472364143057
0.4930555555555556 0.0 0.0 0.5694674563679701 0.4897734184914842 0.0 0.5059219693451001
0.4887152777777778 0.0 0.0 0.5762791094679703 0.4926120235198702 0.0 0.5035851137947052
0.4956597222222222 0.0 0.0 0.5710935627139648 0.4937145174371452 0.0 0.501553065490014
0.4765625 0.0 0.0 0.5694165245217415 0.47418643552311435 0.0 0.5229331165815146
0.5277777777777778 0.0 0.0 0.5731337942889967 0.5286014801297648 0.0 0.4671824198792379
0.4991319444444444 0.0 0.0 0.5693190973238182 0.5008363746958637 0.0 0.49894043195541116
0.4722222222222222 0.0 0.0 0.5673989925718482 0.47115774533657745 0.0 0.5301759173246632
0.5303819444444444 0.0 0.0 0.576495065558398 0.5338478304947283 0.0 0.4622184161634926
0.5208333333333334 0.0 0.0 0.5705094138602331 0.5171583536090836 0.0 0.4782861124013005
0.5017361111111112 0.0 0.0 0.5688619705256132 0.5008743917274939 0.0 0.49763411518810985
0.4930555555555556 0.0 0.0 0.5711690261259528 0.4908252230332522 0.0 0.5044414770088252
0.5078125 0.0 0.0 0.5731935012523638 0.5092001216545012 0.0 0.48628367394333527
0.4730902777777778 0.0 0.0 0.573045249045729 0.47184205190592055 0.0 0.5236443334881566
0.5034722222222222 0.0 0.0 0.5631073988295133 0.5000253446877534 0.0 0.5036141430562009
0.4956597222222222 0.0 0.0 0.5673504773621564 0.4891904906731549 0.0 0.5076201811425922
0.5434027777777778 0.0 0.0 0.5666268888969427 0.539588402270884 0.0 0.45970738504412445
0.515625 0.0 0.0 0.5715654489458434 0.5114811435523114 0.0 0.48246632605666495
0.4748263888888889 0.0 0.0 0.5737397401859511 0.47397100567721007 0.0 0.5215542266604741
0.4991319444444444 0.0 0.0 0.5740646163316507 0.49769363341443634 0.0 0.4967777519739901
0.5295138888888888 0.0 0.0 0.5727278954715459 0.5299827656123277 0.0 0.46596319089642324
0.5104166666666666 0.0 0.0 0.5687764451049055 0.5077681467964315 0.0 0.48889630747793766
0.4991319444444444 0.0 0.0 0.5765278037957562 0.5040424776966748 0.0 0.49200243845796554
0.5095486111111112 0.0 0.0 0.5673036390294146 0.5047267842660178 0.0 0.4914218532280541
0.5069444444444444 0.0 0.0 0.5699663853391385 0.5017614557988646 0.0 0.49223467254993036
0.5078125 0.0 0.0 0.5700718931660909 0.5049929034874291 0.0 0.4902026242452393
0.5060763888888888 0.0 0.0 0.5721971505108985 0.5039537712895377 0.0 0.4907396655829076
0.4939236111111111 0.0 0.0 0.5744827937238702 0.49580545417680455 0.0 0.4999419414770092
0.4765625 0.0 0.0 0.5724255655780532 0.47720245336577455 0.0 0.5196382954017652
0.5034722222222222 0.0 0.0 0.5658754233211998 0.4955393349553934 0.0 0.5001161170459827
0.4973958333333333 0.0 0.0 0.578124696873249 0.49863138686131386 0.0 0.4934974454249883
0.5147569444444444 0.0 0.0 0.5698532911078106 0.5118359691808597 0.0 0.48385973060845333
0.5008680555555556 0.0 0.0 0.5702409223104696 0.49884681670721814 0.0 0.4966035764050162
0.5190972222222222 0.0 0.0 0.5774105461154527 0.5178046431467964 0.0 0.47346725499303277
0.5017361111111112 0.0 0.0 0.5730268189707489 0.5020275750202757 0.0 0.49320715281003247
0.4965277777777778 0.0 0.0 0.5794206757468521 0.5025724858069749 0.0 0.4929604040873201
0.4956597222222222 0.0 0.0 0.5700232348338432 0.49403132603406325 0.0 0.5023949140733863
0.5138888888888888 0.0 0.0 0.570806308147615 0.509022708840227 0.0 0.48489026939154656
0.4739583333333333 0.0 0.0 0.5639775509412921 0.46952301297648014 0.0 0.532469228982815
0.5208333333333334 0.0 0.0 0.5711175040418106 0.5184509326845094 0.0 0.47667498838829514
0.5017361111111112 0.0 0.0 0.5635412812156088 0.4987454379562044 0.0 0.5045721086855552
0.4644097222222222 0.0 0.0 0.5717655271146949 0.45839669505271696 0.0 0.5385073153738967
0.4774305555555556 0.0 0.0 0.5631373155362689 0.4710690389294404 0.0 0.5303065490013938
0.4730902777777778 0.0 0.0 0.5666479378356271 0.4713478304947283 0.0 0.5307855318160709
0.4947916666666667 0.0 0.0 0.5726556043050444 0.4947916666666667 0.0 0.5008273339526246
0.5121527777777778 0.0 0.0 0.5707411260668572 0.5119500202757502 0.0 0.4853257083139806
0.515625 0.0 0.0 0.5726117941941004 0.5152194849959448 0.0 0.47973757547607987
0.5112847222222222 0.0 0.0 0.566865912132551 0.5060447080291971 0.0 0.48995587552252695
0.53125 0.0 0.0 0.5792191819204012 0.5331001622060016 0.0 0.45808174640037147
0.4861111111111111 0.0 0.0 0.5814789402661276 0.49333434712084345 0.0 0.5037302601021836
0.4835069444444444 0.0 0.0 0.5759467566527929 0.48593369829683697 0.0 0.5093474222015794
0.5451388888888888 0.0 0.0 0.5690267431556544 0.5426804541768045 0.0 0.45549814212726414
0.5017361111111112 0.0 0.0 0.5698149382666923 0.49814983779399835 0.0 0.49728576405016267
0.4930555555555556 0.0 0.0 0.566818741697261 0.4861998175182482 0.0 0.5107263121226201
0.5034722222222222 0.0 0.0 0.5787211843121202 0.5085284874290349 0.0 0.48563051555968406
0.4817708333333333 0.0 0.0 0.5709420183041565 0.4789639091646391 0.0 0.5172869252206231
0.4930555555555556 0.0 0.0 0.5820439821557901 0.49803578669910786 0.0 0.4962261960055737
0.5225694444444444 0.0 0.0 0.5716052981548353 0.5181974858069749 0.0 0.47616697631212246
0.4869791666666667 0.0 0.0 0.5668155411070173 0.4819038929440389 0.0 0.5156177426846266
0.4982638888888889 0.0 0.0 0.5734529192265826 0.5001013787510138 0.0 0.4959794472828617
0.5069444444444444 0.0 0.0 0.5665400082202074 0.5013179237631792 0.0 0.49462958662331646
0.4939236111111111 0.0 0.0 0.5770531216269572 0.49661648418491483 0.0 0.49738736646539716
0.5399305555555556 0.0 0.0 0.5694045262322083 0.5349883414436334 0.0 0.4611298188574082
0.4904513888888889 0.0 0.0 0.566190426798445 0.48622516220600165 0.0 0.512482582443103
0.5286458333333334 0.0 0.0 0.5745259942140732 0.5254714111922141 0.0 0.4669647004180212
0.4869791666666667 0.0 0.0 0.570020955827078 0.48554085563665855 0.0 0.5107988852763587
0.5208333333333334 0.0 0.0 0.570938068495029 0.5220245336577454 0.0 0.47605085926614044
0.5364583333333334 0.0 0.0 0.5773690699858808 0.5387393552311436 0.0 0.4538870181142589
0.4973958333333333 0.0 0.0 0.5798923709137034 0.5038523925385239 0.0 0.49166860195076645
0.5017361111111112 0.0 0.0 0.5698465550758464 0.49884681670721814 0.0 0.4964003715745471
0.5225694444444444 0.0 0.0 0.573391232796611 0.520389801297648 0.0 0.4738156061309803
0.5321180555555556 0.0 0.0 0.5713217996305098 0.5315161192214112 0.0 0.46490362285183484
0.4748263888888889 0.0 0.0 0.5640752545997847 0.47041007704785076 0.0 0.5315257779842085
0.4921875 0.0 0.0 0.5792117239409313 0.49650243309002434 0.0 0.4978663492800742
0.5086805555555556 0.0 0.0 0.5701261837572811 0.5058926399026764 0.0 0.48941883418485854
0.4947916666666667 0.0 0.0 0.5739362622017848 0.49267538523925386 0.0 0.5018578727357181
0.5078125 0.0 0.0 0.5666904996948433 0.5018248175182481 0.0 0.49375870877844896
0.5286458333333334 0.0 0.0 0.5823828030969584 0.533771796431468 0.0 0.4583139804923356
0.515625 0.0 0.0 0.5649186827440319 0.5110502838605029 0.0 0.488823734324199
0.5060763888888888 0.0 0.0 0.573305237398017 0.508477798053528 0.0 0.487227124941942
0.5121527777777778 0.0 0.0 0.5744786748816411 0.5114811435523114 0.0 0.4815664189503017
0.4861111111111111 0.0 0.0 0.576172186972832 0.48835411597729117 0.0 0.5067928471899676
0.5034722222222222 0.0 0.0 0.5740801176382215 0.5009504257907542 0.0 0.49287331630283326
0.5147569444444444 0.0 0.0 0.5767553144369408 0.515992497972425 0.0 0.4775023223409195
0.4921875 0.0 0.0 0.5759587811625204 0.49327098540145986 0.0 0.5017852995819791
0.5078125 0.0 0.0 0.5702354718699654 0.5063868613138686 0.0 0.48960752438457966
0.4956597222222222 0.0 0.0 0.5769904787660283 0.49830190592051904 0.0 0.4958343009753834
0.4887152777777778 0.0 0.0 0.577441708389905 0.48785989456609896 0.0 0.5053123548536929
0.5225694444444444 0.0 0.0 0.569394190537496 0.5204404906731549 0.0 0.4765879006038086
0.484375 0.0 0.0 0.5743324939978144 0.48516068532035683 0.0 0.5103344170924293
0.5355902777777778 0.0 0.0 0.5782171956951593 0.5391448702351987 0.0 0.45384347422201543
0.4973958333333333 0.0 0.0 0.5735784634133492 0.49797242497972427 0.0 0.4976050859266141
0.4939236111111111 0.0 0.0 0.5782609933665527 0.4960462287104623 0.0 0.49847596377148184
0.5060763888888888 0.0 0.0 0.5714388720640486 0.5061207420924574 0.0 0.4901445657222486
0.4809027777777778 0.0 0.0 0.5710668766807764 0.4786597729115977 0.0 0.5177804226660481
0.5147569444444444 0.0 0.0 0.5768373193459811 0.5161699107866992 0.0 0.47734266140269377
0.5121527777777778 0.0 0.0 0.5762780235672994 0.5131665652879156 0.0 0.4805068509057129
0.5190972222222222 0.0 0.0 0.5628237098744721 0.512735705596107 0.0 0.48843183929400835
0.5329861111111112 0.0 0.0 0.5648068474697882 0.5284113949716139 0.0 0.4705498142127267
0.5347222222222222 0.0 0.0 0.5770489248324795 0.536838503649635 0.0 0.4559771249419411
0.5208333333333334 0.0 0.0 0.5771071847887159 0.5193506690997567 0.0 0.4724512308406872
0.5147569444444444 0.0 0.0 0.5726062801705147 0.514294403892944 0.0 0.480579424059452
0.5104166666666666 0.0 0.0 0.5690130844911191 0.5054871248986212 0.0 0.4898397584765444
0.5026041666666666 0.0 0.0 0.5717893115649004 0.4994677615571776 0.0 0.49551497909893183