0.5060763888888888 0.0 0.0 0.567228072240312 0.4984793187347932 0.0 0.4980114955875521
0.4696180555555556 0.0 0.0 0.5709466970399653 0.4722729115977291 0.0 0.5286373664653974
0.5477430555555556 0.0 0.0 0.5786105926459382 0.5480028386050284 0.0 0.44644101254064117
0.5277777777777778 0.0 0.0 0.5768365258254746 0.5256868410381184 0.0 0.46886611704598213
0.4765625 0.0 0.0 0.567509835189402 0.47348945660989455 0.0 0.5257344403158388
0.4852430555555556 0.0 0.0 0.5714854927122271 0.4841088807785888 0.0 0.5132518578727361
0.4765625 0.0 0.0 0.5695898355686922 0.4763787510137875 0.0 0.5227153971202978
0.4722222222222222 0.0 0.0 0.5771344933824951 0.4720828264395783 0.0 0.5229040873200188
0.4861111111111111 0.0 0.0 0.5716854924700255 0.4873023114355231 0.0 0.5108714584300983
0.5147569444444444 0.0 0.0 0.5744173243391927 0.5160938767234388 0.0 0.4802746168137485
0.46875 0.0 0.0 0.5754023595822061 0.4733120437956204 0.0 0.525719925685091
0.5069444444444444 0.0 0.0 0.5683161445741489 0.504764801297648 0.0 0.49365710636321436
0.4800347222222222 0.0 0.0 0.5792545691529781 0.48241078669910786 0.0 0.5126567580120764
0.4939236111111111 0.0 0.0 0.5704874933523104 0.4890384225466342 0.0 0.5067347886669764
0.5416666666666666 0.0 0.0 0.5690692778895199 0.5393222830494728 0.0 0.4605637482582441
0.5364583333333334 0.0 0.0 0.5767007768778307 0.5355966139497161 0.0 0.4599105898745939
0.46875 0.0 0.0 0.5715400273586618 0.4684458637469586 0.0 0.5292905248490481
0.5321180555555556 0.0 0.0 0.5802241104138873 0.5340252433090025 0.0 0.46037505805852286
0.5034722222222222 0.0 0.0 0.577079844645639 0.5066529805352799 0.0 0.4890704830469117
0.5104166666666666 0.0 0.0 0.5667001665851766 0.5033708434712084 0.0 0.49338132837900606
0.5095486111111112 0.0 0.0 0.5679234071937408 0.507007806163828 0.0 0.4913637947050631
0.4800347222222222 0.0 0.0 0.5662225828798467 0.47337540551500407 0.0 0.524442638179285
0.5451388888888888 0.0 0.0 0.5731028602309408 0.5444292376317924 0.0 0.4527113330236885
0.5104166666666666 0.0 0.0 0.5774575291792791 0.5158277575020276 0.0 0.48097131908964286
0.5138888888888888 0.0 0.0 0.5753137016851408 0.5133946674776967 0.0 0.4813196702275898
0.4704861111111111 0.0 0.0 0.564556074057558 0.46292072181670724 0.0 0.5355318160705995
0.4774305555555556 0.0 0.0 0.5730059149219517 0.47829227493917276 0.0 0.518607756618672
0.5130208333333334 0.0 0.0 0.5712871292199654 0.5083890916463909 0.0 0.48748838829540164
0.5008680555555556 0.0 0.0 0.5768047465530791 0.5067543592862936 0.0 0.49126219228982837
0.46875 0.0 0.0 0.5697591403888244 0.4684205190592052 0.0 0.5312645146307482
0.5208333333333334 0.0 0.0 0.5722637125114257 0.5201743714517437 0.0 0.4774152345564331
0.5225694444444444 0.0 0.0 0.5726360911155235 0.5258262368207623 0.0 0.4730318160705994
0.4557291666666667 0.0 0.0 0.5675913650327754 0.4510467356042174 0.0 0.5465339061774273
0.5347222222222222 0.0 0.0 0.5726132380367498 0.5364076439578265 0.0 0.46211681374825797
0.4947916666666667 0.0 0.0 0.575497028704551 0.5008363746958637 0.0 0.4977212029725969
0.5121527777777778 0.0 0.0 0.5751293785935208 0.512190794809408 0.0 0.4829307942405948
0.5399305555555556 0.0 0.0 0.5774028445152875 0.5406655515004055 0.0 0.454598235020901
0.5095486111111112 0.0 0.0 0.5726488202997083 0.5075907339821574 0.0 0.48853344170924307
0.46875 0.0 0.0 0.5676193593853937 0.4661648418491484 0.0 0.5329336971667443
0.4765625 0.0 0.0 0.5766797140002522 0.48099148418491483 0.0 0.5167353692522063
0.4722222222222222 0.0 0.0 0.5675387964372647 0.46911749797242497 0.0 0.5300017417556903
0.5390625 0.0 0.0 0.5728365897942932 0.5373200527169505 0.0 0.4595912679981419
0.5182291666666666 0.0 0.0 0.5775080103951018 0.5192999797242498 0.0 0.47564444960520225
0.4965277777777778 0.0 0.0 0.5721013304703932 0.4981625101378751 0.0 0.49966616349280124
0.4947916666666667 0.0 0.0 0.5717380779944252 0.49348641524736414 0.0 0.5020610775661871
0.5243055555555556 0.0 0.0 0.5779925541581898 0.5266626115166261 0.0 0.4683435903390619
0.5347222222222222 0.0 0.0 0.5701837003583544 0.53349300486618 0.0 0.46583255921969313
0.4878472222222222 0.0 0.0 0.5784999775320487 0.49404399837794 0.0 0.5033093358104972
0.4965277777777778 0.0 0.0 0.56893987141812 0.4907238442822384 0.0 0.5052978402229449
0.4921875 0.0 0.0 0.5790668996099638 0.4997465531224655 0.0 0.4974018810961456
0.4835069444444444 0.0 0.0 0.5701434484758483 0.48213199513381993 0.0 0.5164015327450069
0.4939236111111111 0.0 0.0 0.5751585061343808 0.49522252635847525 0.0 0.5005370413376686
0.4939236111111111 0.0 0.0 0.5766297519848955 0.49954379562043794 0.0 0.4980550394797959
0.4982638888888889 0.0 0.0 0.5745921264530387 0.495235198702352 0.0 0.4991291221551327
0.5434027777777778 0.0 0.0 0.5715454157958386 0.5437069140308192 0.0 0.45530945192754324
0.5095486111111112 0.0 0.0 0.5753316739687101 0.5093268450932684 0.0 0.4856305155596845
0.5095486111111112 0.0 0.0 0.56614643806054 0.5024204176804542 0.0 0.4947457036692987
0.4895833333333333 0.0 0.0 0.5718920399075837 0.4906604825628548 0.0 0.5075621226196012
0.4930555555555556 0.0 0.0 0.5761836287969498 0.4998352595296026 0.0 0.49921620993961946
0.4678819444444444 0.0 0.0 0.5679545889777801 0.46297141119221413 0.0 0.5351254064096613
0.4461805555555556 0.0 0.0 0.57036301840445 0.4435573803730738 0.0 0.5539363678588022
0.5251736111111112 0.0 0.0 0.5780805117017858 0.5275496755879967 0.0 0.4672985369252207
0.5147569444444444 0.0 0.0 0.5745889331924681 0.5145605231143552 0.0 0.48052136553646096
0.5190972222222222 0.0 0.0 0.5788197351145158 0.5206179034874291 0.0 0.4735398281467723
0.5017361111111112 0.0 0.0 0.5738189804493748 0.5054744525547445 0.0 0.49272816999535596
0.5052083333333334 0.0 0.0 0.577372516025356 0.5072992700729927 0.0 0.4877641662796103
0.5 0.0 0.0 0.5724269003766274 0.5016854217356043 0.0 0.4955440083604279
0.4956597222222222 0.0 0.0 0.5716989027888628 0.4985553527980535 0.0 0.5007257315373903
0.4800347222222222 0.0 0.0 0.5695760989539976 0.47696167883211676 0.0 0.5207704366000928
0.5494791666666666 0.0 0.0 0.5783383643975598 0.5494601581508516 0.0 0.44496052020436627
0.5 0.0 0.0 0.5779334675991532 0.5049422141119222 0.0 0.49123316302833286
0.4782986111111111 0.0 0.0 0.5696776249002284 0.47815287915652877 0.0 0.5209736414305626
0.5026041666666666 0.0 0.0 0.5752158245346818 0.5008743917274939 0.0 0.49359904784022324
0.4704861111111111 0.0 0.0 0.5775279260455842 0.4719814476885645 0.0 0.5231943799349748
0.4921875 0.0 0.0 0.5749685990929592 0.49522252635847525 0.0 0.5025400603808643
0.5 0.0 0.0 0.5680512463366642 0.4933596918085969 0.0 0.5032512772875055
0.4557291666666667 0.0 0.0 0.566743070701301 0.45180707623682076 0.0 0.548174059451928
0.4878472222222222 0.0 0.0 0.5743470367308505 0.4889370437956204 0.0 0.5079104737575482
0.4869791666666667 0.0 0.0 0.5684294717693965 0.48353862530413627 0.0 0.5142678820250812
0.5086805555555556 0.0 0.0 0.5793538352639754 0.5102772708840227 0.0 0.48446934509986117
0.4947916666666667 0.0 0.0 0.5774010482335389 0.49645174371451745 0.0 0.498896888063168
0.5121527777777778 0.0 0.0 0.5777558176780024 0.512735705596107 0.0 0.4820308871342317
0.5269097222222222 0.0 0.0 0.5692978518002089 0.5203264395782644 0.0 0.47623954946586133
0.515625 0.0 0.0 0.5775381020997733 0.5177919708029197 0.0 0.4775748954946586
0.4869791666666667 0.0 0.0 0.5704923739158344 0.48322181670721814 0.0 0.5121487459359033
0.4973958333333333 0.0 0.0 0.571941195300102 0.4982765612327656 0.0 0.49923072457036743
0.5017361111111112 0.0 0.0 0.5736169096030493 0.5000760340632603 0.0 0.49510856943799386
0.5069444444444444 0.0 0.0 0.5756691504652379 0.5088072789943228 0.0 0.4872706688341849
0.4861111111111111 0.0 0.0 0.5734579276559046 0.4852367193836172 0.0 0.5109150023223412
0.5225694444444444 0.0 0.0 0.5810900082268387 0.5265612327656123 0.0 0.46830004644681833
0.5286458333333334 0.0 0.0 0.5767905095701449 0.5281706204379562 0.0 0.4663550859266141
0.4722222222222222 0.0 0.0 0.5706877511850583 0.46935827250608275 0.0 0.5279261495587557
0.4930555555555556 0.0 0.0 0.5741043813688176 0.4912307380373074 0.0 0.5049204598235024
0.4913194444444444 0.0 0.0 0.5715088712891878 0.4910786699107867 0.0 0.5057187645146313
0.53125 0.0 0.0 0.5743162484190495 0.5298940592051906 0.0 0.46610833720390155
0.5069444444444444 0.0 0.0 0.5718916540096824 0.5033328264395782 0.0 0.4928878309335808
0.4991319444444444 0.0 0.0 0.57386888683719 0.5046380778588808 0.0 0.49474570366929893
0.5147569444444444 0.0 0.0 0.5798152882627257 0.5190845498783455 0.0 0.47487517417556924
0.4791666666666667 0.0 0.0 0.5687712772695163 0.4792933901054339 0.0 0.5203785415699027
0.5190972222222222 0.0 0.0 0.577554988987431 0.5204404906731549 0.0 0.4748461449140735
0.546875 0.0 0.0 0.5707969550880936 0.5462540551500406 0.0 0.452362981885741
0.5529513888888888 0.0 0.0 0.5794452897196213 0.5540602189781022 0.0 0.4406641895030192
0.4670138888888889 0.0 0.0 0.5709350591428121 0.46407390510948904 0.0 0.5336158848118908
0.4774305555555556 0.0 0.0 0.5735546856640595 0.47864710056772103 0.0 0.5181432884347429
0.5164930555555556 0.0 0.0 0.5708459606765878 0.5147379359286294 0.0 0.4823356943799354
0.515625 0.0 0.0 0.5769042217788093 0.5170823195458232 0.0 0.4782715977705526
0.53125 0.0 0.0 0.5722947929033652 0.5293998377939984 0.0 0.4684451927542965
0.515625 0.0 0.0 0.5736419079231322 0.5146112124898621 0.0 0.48169705062703183
0.5052083333333334 0.0 0.0 0.5782806860640446 0.5091240875912408 0.0 0.48587726428239675
0.5069444444444444 0.0 0.0 0.5722773690593035 0.5089340024330901 0.0 0.4891720854621461
0.5173611111111112 0.0 0.0 0.5747636552252706 0.5169429237631792 0.0 0.4788812122619598
0.5138888888888888 0.0 0.0 0.5660411939070829 0.506602291159773 0.0 0.490492916860195