69,0.6160714285714286
33,0.29464285714285715
44,0.39285714285714285
85,0.7589285714285714
28,0.25
84,0.75
26,0.23214285714285715
48,0.42857142857142855
13,0.11607142857142858
55,0.49107142857142855
73,0.6517857142857143
106,0.9464285714285714
106,0.9464285714285714
59,0.5267857142857143
22,0.19642857142857142
58,0.5178571428571429
45,0.4017857142857143
55,0.49107142857142855
54,0.48214285714285715
24,0.21428571428571427
75,0.6696428571428571
28,0.25
70,0.625
61,0.5446428571428571
47,0.41964285714285715
50,0.44642857142857145
53,0.4732142857142857
66,0.5892857142857143
83,0.7410714285714286
88,0.7857142857142857
23,0.20535714285714285
75,0.6696428571428571
36,0.32142857142857145
79,0.7053571428571429
83,0.7410714285714286
48,0.42857142857142855
36,0.32142857142857145
13,0.11607142857142858
26,0.23214285714285715
13,0.11607142857142858
84,0.75
41,0.36607142857142855
44,0.39285714285714285
74,0.6607142857142857
41,0.36607142857142855
39,0.3482142857142857
88,0.7857142857142857
19,0.16964285714285715
64,0.5714285714285714
84,0.75
58,0.5178571428571429
62,0.5535714285714286
20,0.17857142857142858
42,0.375
44,0.39285714285714285
30,0.26785714285714285
31,0.2767857142857143
79,0.7053571428571429
84,0.75
28,0.25
14,0.125
46,0.4107142857142857
89,0.7946428571428571
64,0.5714285714285714
69,0.6160714285714286
22,0.19642857142857142
78,0.6964285714285714
65,0.5803571428571429
26,0.23214285714285715
54,0.48214285714285715
51,0.45535714285714285
83,0.7410714285714286
66,0.5892857142857143
9,0.08035714285714286
103,0.9196428571428571
92,0.8214285714285714
40,0.35714285714285715
71,0.6339285714285714
88,0.7857142857142857
81,0.7232142857142857
48,0.42857142857142855
32,0.2857142857142857
97,0.8660714285714286
66,0.5892857142857143
61,0.5446428571428571
101,0.9017857142857143
17,0.15178571428571427
45,0.4017857142857143
26,0.23214285714285715
59,0.5267857142857143
48,0.42857142857142855
37,0.33035714285714285
76,0.6785714285714286
65,0.5803571428571429
57,0.5089285714285714
81,0.7232142857142857
19,0.16964285714285715
67,0.5982142857142857
73,0.6517857142857143
24,0.21428571428571427
49,0.4375
54,0.48214285714285715
93,0.8303571428571429
47,0.41964285714285715
50,0.44642857142857145
90,0.8035714285714286
8,0.07142857142857142
48,0.42857142857142855
70,0.625
48,0.42857142857142855
63,0.5625
47,0.41964285714285715
50,0.44642857142857145
48,0.42857142857142855
43,0.38392857142857145
36,0.32142857142857145
30,0.26785714285714285
38,0.3392857142857143
25,0.22321428571428573
90,0.8035714285714286
40,0.35714285714285715
94,0.8392857142857143
30,0.26785714285714285
83,0.7410714285714286
81,0.7232142857142857
73,0.6517857142857143
82,0.7321428571428571
98,0.875
13,0.11607142857142858
81,0.7232142857142857
31,0.2767857142857143
49,0.4375
49,0.4375
79,0.7053571428571429
71,0.6339285714285714
69,0.6160714285714286
68,0.6071428571428571
20,0.17857142857142858
59,0.5267857142857143
24,0.21428571428571427
23,0.20535714285714285
60,0.5357142857142857
71,0.6339285714285714
51,0.45535714285714285
46,0.4107142857142857
56,0.5
39,0.3482142857142857
83,0.7410714285714286
25,0.22321428571428573
65,0.5803571428571429
45,0.4017857142857143
65,0.5803571428571429
47,0.41964285714285715
41,0.36607142857142855
40,0.35714285714285715
87,0.7767857142857143
72,0.6428571428571429
44,0.39285714285714285
83,0.7410714285714286
45,0.4017857142857143
32,0.2857142857142857
29,0.25892857142857145
22,0.19642857142857142
66,0.5892857142857143
71,0.6339285714285714
75,0.6696428571428571
50,0.44642857142857145
59,0.5267857142857143
56,0.5
40,0.35714285714285715
66,0.5892857142857143
71,0.6339285714285714
30,0.26785714285714285
31,0.2767857142857143
56,0.5
65,0.5803571428571429
79,0.7053571428571429
22,0.19642857142857142
37,0.33035714285714285
42,0.375
60,0.5357142857142857
35,0.3125
61,0.5446428571428571
61,0.5446428571428571
46,0.4107142857142857
34,0.30357142857142855
81,0.7232142857142857
42,0.375
66,0.5892857142857143
60,0.5357142857142857
66,0.5892857142857143
25,0.22321428571428573
86,0.7678571428571429
15,0.13392857142857142
106,0.9464285714285714
44,0.39285714285714285
97,0.8660714285714286
63,0.5625
51,0.45535714285714285
39,0.3482142857142857
52,0.4642857142857143
58,0.5178571428571429
59,0.5267857142857143
41,0.36607142857142855
69,0.6160714285714286
24,0.21428571428571427
83,0.7410714285714286
89,0.7946428571428571
25,0.22321428571428573
87,0.7767857142857143
28,0.25
43,0.38392857142857145
92,0.8214285714285714
92,0.8214285714285714
79,0.7053571428571429
59,0.5267857142857143
28,0.25
40,0.35714285714285715
82,0.7321428571428571
29,0.25892857142857145
77,0.6875
54,0.48214285714285715
20,0.17857142857142858
85,0.7589285714285714
24,0.21428571428571427
31,0.2767857142857143
81,0.7232142857142857
61,0.5446428571428571
39,0.3482142857142857
83,0.7410714285714286
13,0.11607142857142858
29,0.25892857142857145
81,0.7232142857142857
65,0.5803571428571429
51,0.45535714285714285
76,0.6785714285714286
74,0.6607142857142857
48,0.42857142857142855
34,0.30357142857142855
82,0.7321428571428571
58,0.5178571428571429
42,0.375
89,0.7946428571428571
35,0.3125
77,0.6875
55,0.49107142857142855
54,0.48214285714285715
66,0.5892857142857143
20,0.17857142857142858
59,0.5267857142857143
32,0.2857142857142857
6,0.05357142857142857
95,0.8482142857142857
50,0.44642857142857145
79,0.7053571428571429
48,0.42857142857142855
56,0.5
108,0.9642857142857143
52,0.4642857142857143
49,0.4375
60,0.5357142857142857
64,0.5714285714285714
98,0.875
92,0.8214285714285714
48,0.42857142857142855
51,0.45535714285714285
64,0.5714285714285714
82,0.7321428571428571
42,0.375
59,0.5267857142857143
66,0.5892857142857143
87,0.7767857142857143
54,0.48214285714285715
70,0.625
92,0.8214285714285714
105,0.9375
88,0.7857142857142857
102,0.9107142857142857
108,0.9642857142857143
48,0.42857142857142855
90,0.8035714285714286
75,0.6696428571428571
99,0.8839285714285714
59,0.5267857142857143
44,0.39285714285714285
12,0.10714285714285714
50,0.44642857142857145
52,0.4642857142857143
88,0.7857142857142857
12,0.10714285714285714
36,0.32142857142857145
35,0.3125
54,0.48214285714285715
101,0.9017857142857143
46,0.4107142857142857
37,0.33035714285714285
46,0.4107142857142857
49,0.4375
68,0.6071428571428571
53,0.4732142857142857
71,0.6339285714285714
14,0.125
62,0.5535714285714286
32,0.2857142857142857
56,0.5
99,0.8839285714285714
71,0.6339285714285714
37,0.33035714285714285
25,0.22321428571428573
70,0.625
64,0.5714285714285714
57,0.5089285714285714
63,0.5625
42,0.375
44,0.39285714285714285
100,0.8928571428571429
65,0.5803571428571429
73,0.6517857142857143
68,0.6071428571428571
92,0.8214285714285714
22,0.19642857142857142
70,0.625
53,0.4732142857142857
58,0.5178571428571429
93,0.8303571428571429
41,0.36607142857142855
53,0.4732142857142857
54,0.48214285714285715
95,0.8482142857142857
68,0.6071428571428571
24,0.21428571428571427
39,0.3482142857142857
72,0.6428571428571429
69,0.6160714285714286
67,0.5982142857142857
104,0.9285714285714286
60,0.5357142857142857
67,0.5982142857142857
51,0.45535714285714285
66,0.5892857142857143
65,0.5803571428571429
75,0.6696428571428571
66,0.5892857142857143
91,0.8125
62,0.5535714285714286
70,0.625
43,0.38392857142857145
35,0.3125
25,0.22321428571428573
78,0.6964285714285714
82,0.7321428571428571
98,0.875
61,0.5446428571428571
26,0.23214285714285715
12,0.10714285714285714
45,0.4017857142857143
18,0.16071428571428573
26,0.23214285714285715
70,0.625
52,0.4642857142857143
26,0.23214285714285715
19,0.16964285714285715
54,0.48214285714285715
88,0.7857142857142857
23,0.20535714285714285
11,0.09821428571428571
89,0.7946428571428571
79,0.7053571428571429
7,0.0625
110,0.9821428571428571
96,0.8571428571428571
23,0.20535714285714285
66,0.5892857142857143
59,0.5267857142857143
68,0.6071428571428571
51,0.45535714285714285
96,0.8571428571428571
14,0.125
62,0.5535714285714286
92,0.8214285714285714
24,0.21428571428571427
12,0.10714285714285714
48,0.42857142857142855
18,0.16071428571428573
66,0.5892857142857143
70,0.625
28,0.25
86,0.7678571428571429
64,0.5714285714285714
39,0.3482142857142857
19,0.16964285714285715
7,0.0625
20,0.17857142857142858
13,0.11607142857142858
54,0.48214285714285715
54,0.48214285714285715
6,0.05357142857142857
69,0.6160714285714286
52,0.4642857142857143
50,0.44642857142857145
54,0.48214285714285715
23,0.20535714285714285
63,0.5625
7,0.0625
54,0.48214285714285715
52,0.4642857142857143
78,0.6964285714285714
59,0.5267857142857143
96,0.8571428571428571
55,0.49107142857142855
84,0.75
28,0.25
9,0.08035714285714286
29,0.25892857142857145
59,0.5267857142857143
54,0.48214285714285715
32,0.2857142857142857
26,0.23214285714285715
60,0.5357142857142857
29,0.25892857142857145
40,0.35714285714285715
16,0.14285714285714285
30,0.26785714285714285
60,0.5357142857142857
100,0.8928571428571429
25,0.22321428571428573
94,0.8392857142857143
28,0.25
51,0.45535714285714285
44,0.39285714285714285
96,0.8571428571428571
66,0.5892857142857143
71,0.6339285714285714
56,0.5
7,0.0625
23,0.20535714285714285
68,0.6071428571428571
28,0.25
56,0.5
47,0.41964285714285715
61,0.5446428571428571
76,0.6785714285714286
13,0.11607142857142858
93,0.8303571428571429
50,0.44642857142857145
49,0.4375
97,0.8660714285714286
52,0.4642857142857143
97,0.8660714285714286
85,0.7589285714285714
58,0.5178571428571429
12,0.10714285714285714
42,0.375
105,0.9375
54,0.48214285714285715
54,0.48214285714285715
2,0.017857142857142856
86,0.7678571428571429
21,0.1875
91,0.8125
97,0.8660714285714286
57,0.5089285714285714
50,0.44642857142857145
20,0.17857142857142858
58,0.5178571428571429
84,0.75
54,0.48214285714285715
38,0.3392857142857143
57,0.5089285714285714
41,0.36607142857142855
42,0.375
51,0.45535714285714285
24,0.21428571428571427
45,0.4017857142857143
68,0.6071428571428571
22,0.19642857142857142
13,0.11607142857142858
69,0.6160714285714286
57,0.5089285714285714
14,0.125
69,0.6160714285714286
95,0.8482142857142857
68,0.6071428571428571
84,0.75
24,0.21428571428571427
69,0.6160714285714286
55,0.49107142857142855
50,0.44642857142857145
20,0.17857142857142858
51,0.45535714285714285
58,0.5178571428571429
79,0.7053571428571429
56,0.5
42,0.375
7,0.0625
58,0.5178571428571429
54,0.48214285714285715
66,0.5892857142857143
27,0.24107142857142858
61,0.5446428571428571
47,0.41964285714285715
58,0.5178571428571429
14,0.125
94,0.8392857142857143
25,0.22321428571428573
87,0.7767857142857143
50,0.44642857142857145
45,0.4017857142857143
52,0.4642857142857143
49,0.4375
64,0.5714285714285714
52,0.4642857142857143
13,0.11607142857142858
53,0.4732142857142857
51,0.45535714285714285
25,0.22321428571428573
55,0.49107142857142855
83,0.7410714285714286
28,0.25
52,0.4642857142857143
51,0.45535714285714285
89,0.7946428571428571
49,0.4375
48,0.42857142857142855
98,0.875
90,0.8035714285714286
16,0.14285714285714285
47,0.41964285714285715
44,0.39285714285714285
54,0.48214285714285715
16,0.14285714285714285
31,0.2767857142857143
52,0.4642857142857143
11,0.09821428571428571
70,0.625
32,0.2857142857142857
7,0.0625
93,0.8303571428571429
34,0.30357142857142855
71,0.6339285714285714
76,0.6785714285714286
49,0.4375
62,0.5535714285714286
44,0.39285714285714285
36,0.32142857142857145
42,0.375
9,0.08035714285714286
49,0.4375
47,0.41964285714285715
88,0.7857142857142857
58,0.5178571428571429
17,0.15178571428571427
37,0.33035714285714285
67,0.5982142857142857
53,0.4732142857142857
42,0.375
79,0.7053571428571429
75,0.6696428571428571
58,0.5178571428571429
66,0.5892857142857143
67,0.5982142857142857
44,0.39285714285714285
31,0.2767857142857143
52,0.4642857142857143
48,0.42857142857142855
46,0.4107142857142857
72,0.6428571428571429
75,0.6696428571428571
66,0.5892857142857143
53,0.4732142857142857
13,0.11607142857142858
39,0.3482142857142857
68,0.6071428571428571
26,0.23214285714285715
92,0.8214285714285714
11,0.09821428571428571
13,0.11607142857142858
79,0.7053571428571429
94,0.8392857142857143
41,0.36607142857142855
48,0.42857142857142855
42,0.375
26,0.23214285714285715
49,0.4375
19,0.16964285714285715
27,0.24107142857142858
82,0.7321428571428571
55,0.49107142857142855
65,0.5803571428571429
29,0.25892857142857145
76,0.6785714285714286
33,0.29464285714285715
41,0.36607142857142855
51,0.45535714285714285
87,0.7767857142857143
88,0.7857142857142857
51,0.45535714285714285
80,0.7142857142857143
49,0.4375
87,0.7767857142857143
81,0.7232142857142857
61,0.5446428571428571
69,0.6160714285714286
56,0.5
31,0.2767857142857143
96,0.8571428571428571
82,0.7321428571428571
33,0.29464285714285715
52,0.4642857142857143
41,0.36607142857142855
64,0.5714285714285714
77,0.6875
65,0.5803571428571429
69,0.6160714285714286
44,0.39285714285714285
71,0.6339285714285714
52,0.4642857142857143
73,0.6517857142857143
50,0.44642857142857145
82,0.7321428571428571
57,0.5089285714285714
42,0.375
82,0.7321428571428571
34,0.30357142857142855
66,0.5892857142857143
24,0.21428571428571427
36,0.32142857142857145
43,0.38392857142857145
87,0.7767857142857143
49,0.4375
69,0.6160714285714286
89,0.7946428571428571
75,0.6696428571428571
76,0.6785714285714286
42,0.375
87,0.7767857142857143
64,0.5714285714285714
61,0.5446428571428571
98,0.875
51,0.45535714285714285
52,0.4642857142857143
75,0.6696428571428571
70,0.625
73,0.6517857142857143
37,0.33035714285714285
90,0.8035714285714286
52,0.4642857142857143
69,0.6160714285714286
78,0.6964285714285714
36,0.32142857142857145
76,0.6785714285714286
79,0.7053571428571429
52,0.4642857142857143
91,0.8125
78,0.6964285714285714
92,0.8214285714285714
45,0.4017857142857143
56,0.5
24,0.21428571428571427
50,0.44642857142857145
66,0.5892857142857143
55,0.49107142857142855
50,0.44642857142857145
14,0.125
39,0.3482142857142857
46,0.4107142857142857
54,0.48214285714285715
68,0.6071428571428571
61,0.5446428571428571
57,0.5089285714285714
41,0.36607142857142855
86,0.7678571428571429
75,0.6696428571428571
63,0.5625
52,0.4642857142857143
44,0.39285714285714285
46,0.4107142857142857
70,0.625
26,0.23214285714285715
56,0.5
84,0.75
31,0.2767857142857143
26,0.23214285714285715
32,0.2857142857142857
50,0.44642857142857145
48,0.42857142857142855
62,0.5535714285714286
57,0.5089285714285714
20,0.17857142857142858
33,0.29464285714285715
63,0.5625
51,0.45535714285714285
62,0.5535714285714286
37,0.33035714285714285
74,0.6607142857142857
36,0.32142857142857145
37,0.33035714285714285
78,0.6964285714285714
61,0.5446428571428571
50,0.44642857142857145
52,0.4642857142857143
25,0.22321428571428573
55,0.49107142857142855
37,0.33035714285714285
46,0.4107142857142857
71,0.6339285714285714
65,0.5803571428571429
56,0.5
83,0.7410714285714286
13,0.11607142857142858
66,0.5892857142857143
49,0.4375
50,0.44642857142857145
70,0.625
44,0.39285714285714285
41,0.36607142857142855
53,0.4732142857142857
35,0.3125
87,0.7767857142857143
35,0.3125
45,0.4017857142857143
57,0.5089285714285714
29,0.25892857142857145
52,0.4642857142857143
30,0.26785714285714285
87,0.7767857142857143
80,0.7142857142857143
38,0.3392857142857143
31,0.2767857142857143
68,0.6071428571428571
73,0.6517857142857143
59,0.5267857142857143
76,0.6785714285714286
11,0.09821428571428571
61,0.5446428571428571
14,0.125
80,0.7142857142857143
62,0.5535714285714286
61,0.5446428571428571
52,0.4642857142857143
48,0.42857142857142855
66,0.5892857142857143
65,0.5803571428571429
63,0.5625
48,0.42857142857142855
52,0.4642857142857143
68,0.6071428571428571
70,0.625
61,0.5446428571428571
81,0.7232142857142857
46,0.4107142857142857
51,0.45535714285714285
41,0.36607142857142855
74,0.6607142857142857
89,0.7946428571428571
55,0.49107142857142855
57,0.5089285714285714
90,0.8035714285714286
66,0.5892857142857143
15,0.13392857142857142
77,0.6875
31,0.2767857142857143
59,0.5267857142857143
68,0.6071428571428571
90,0.8035714285714286
78,0.6964285714285714
71,0.6339285714285714
40,0.35714285714285715
53,0.4732142857142857
82,0.7321428571428571
53,0.4732142857142857
69,0.6160714285714286
50,0.44642857142857145
46,0.4107142857142857
27,0.24107142857142858
31,0.2767857142857143
90,0.8035714285714286
73,0.6517857142857143
70,0.625
42,0.375
42,0.375
66,0.5892857142857143
81,0.7232142857142857
71,0.6339285714285714
79,0.7053571428571429
49,0.4375
66,0.5892857142857143
43,0.38392857142857145
66,0.5892857142857143
64,0.5714285714285714
46,0.4107142857142857
48,0.42857142857142855
42,0.375
53,0.4732142857142857
35,0.3125
71,0.6339285714285714
81,0.7232142857142857
80,0.7142857142857143
30,0.26785714285714285
56,0.5
57,0.5089285714285714
58,0.5178571428571429
50,0.44642857142857145
82,0.7321428571428571
37,0.33035714285714285
82,0.7321428571428571
75,0.6696428571428571
63,0.5625
58,0.5178571428571429
59,0.5267857142857143
45,0.4017857142857143
46,0.4107142857142857
51,0.45535714285714285
22,0.19642857142857142
36,0.32142857142857145
79,0.7053571428571429
55,0.49107142857142855
17,0.15178571428571427
62,0.5535714285714286
63,0.5625
76,0.6785714285714286
35,0.3125
43,0.38392857142857145
41,0.36607142857142855
71,0.6339285714285714
59,0.5267857142857143
62,0.5535714285714286
69,0.6160714285714286
83,0.7410714285714286
89,0.7946428571428571
71,0.6339285714285714
63,0.5625
51,0.45535714285714285
60,0.5357142857142857
40,0.35714285714285715
48,0.42857142857142855
60,0.5357142857142857
44,0.39285714285714285
72,0.6428571428571429
21,0.1875
63,0.5625
53,0.4732142857142857
44,0.39285714285714285
83,0.7410714285714286
69,0.6160714285714286
77,0.6875
78,0.6964285714285714
83,0.7410714285714286
42,0.375
37,0.33035714285714285
62,0.5535714285714286
83,0.7410714285714286
54,0.48214285714285715
61,0.5446428571428571
47,0.41964285714285715
39,0.3482142857142857
41,0.36607142857142855
81,0.7232142857142857
66,0.5892857142857143
56,0.5
62,0.5535714285714286
62,0.5535714285714286
65,0.5803571428571429
54,0.48214285714285715
69,0.6160714285714286
76,0.6785714285714286
75,0.6696428571428571
53,0.4732142857142857
87,0.7767857142857143
50,0.44642857142857145
71,0.6339285714285714
34,0.30357142857142855
71,0.6339285714285714
57,0.5089285714285714
87,0.7767857142857143
27,0.24107142857142858
51,0.45535714285714285
46,0.4107142857142857
86,0.7678571428571429
47,0.41964285714285715
73,0.6517857142857143
55,0.49107142857142855
83,0.7410714285714286
48,0.42857142857142855
36,0.32142857142857145
78,0.6964285714285714
46,0.4107142857142857
59,0.5267857142857143
85,0.7589285714285714
39,0.3482142857142857
53,0.4732142857142857
82,0.7321428571428571
82,0.7321428571428571
35,0.3125
65,0.5803571428571429
33,0.29464285714285715
20,0.17857142857142858
22,0.19642857142857142
38,0.3392857142857143
44,0.39285714285714285
77,0.6875
66,0.5892857142857143
59,0.5267857142857143
43,0.38392857142857145
39,0.3482142857142857
51,0.45535714285714285
60,0.5357142857142857
55,0.49107142857142855
86,0.7678571428571429
77,0.6875
74,0.6607142857142857
73,0.6517857142857143
48,0.42857142857142855
34,0.30357142857142855
62,0.5535714285714286
62,0.5535714285714286
76,0.6785714285714286
73,0.6517857142857143
69,0.6160714285714286
56,0.5
61,0.5446428571428571
48,0.42857142857142855
53,0.4732142857142857
62,0.5535714285714286
50,0.44642857142857145
86,0.7678571428571429
67,0.5982142857142857
16,0.14285714285714285
50,0.44642857142857145
60,0.5357142857142857
42,0.375
40,0.35714285714285715
64,0.5714285714285714
31,0.2767857142857143
58,0.5178571428571429
38,0.3392857142857143
31,0.2767857142857143
38,0.3392857142857143
32,0.2857142857142857
80,0.7142857142857143
59,0.5267857142857143
46,0.4107142857142857
35,0.3125
18,0.16071428571428573
74,0.6607142857142857
67,0.5982142857142857
48,0.42857142857142855
42,0.375
70,0.625
51,0.45535714285714285
34,0.30357142857142855
76,0.6785714285714286
44,0.39285714285714285
85,0.7589285714285714
17,0.15178571428571427
63,0.5625
54,0.48214285714285715
41,0.36607142857142855
43,0.38392857142857145
44,0.39285714285714285
57,0.5089285714285714
73,0.6517857142857143
48,0.42857142857142855
33,0.29464285714285715
77,0.6875
60,0.5357142857142857
63,0.5625
35,0.3125
47,0.41964285714285715
84,0.75
16,0.14285714285714285
55,0.49107142857142855
45,0.4017857142857143
76,0.6785714285714286
50,0.44642857142857145
62,0.5535714285714286
31,0.2767857142857143
63,0.5625
72,0.6428571428571429
87,0.7767857142857143
68,0.6071428571428571
88,0.7857142857142857
91,0.8125
36,0.32142857142857145
43,0.38392857142857145
77,0.6875
47,0.41964285714285715
80,0.7142857142857143
52,0.4642857142857143
81,0.7232142857142857
24,0.21428571428571427
78,0.6964285714285714
50,0.44642857142857145
68,0.6071428571428571
44,0.39285714285714285
68,0.6071428571428571
93,0.8303571428571429
23,0.20535714285714285
76,0.6785714285714286
54,0.48214285714285715
73,0.6517857142857143
27,0.24107142857142858
61,0.5446428571428571
69,0.6160714285714286
50,0.44642857142857145
88,0.7857142857142857
80,0.7142857142857143
61,0.5446428571428571
44,0.39285714285714285
41,0.36607142857142855
43,0.38392857142857145
67,0.5982142857142857
48,0.42857142857142855
26,0.23214285714285715
53,0.4732142857142857
38,0.3392857142857143
77,0.6875
66,0.5892857142857143
53,0.4732142857142857
65,0.5803571428571429
48,0.42857142857142855
46,0.4107142857142857
39,0.3482142857142857
34,0.30357142857142855
30,0.26785714285714285
47,0.41964285714285715
69,0.6160714285714286
74,0.6607142857142857
26,0.23214285714285715
40,0.35714285714285715
42,0.375
72,0.6428571428571429
42,0.375
89,0.7946428571428571
52,0.4642857142857143
43,0.38392857142857145
41,0.36607142857142855
31,0.2767857142857143
32,0.2857142857142857
54,0.48214285714285715
49,0.4375
70,0.625
58,0.5178571428571429
53,0.4732142857142857
72,0.6428571428571429
79,0.7053571428571429
73,0.6517857142857143
21,0.1875
55,0.49107142857142855
32,0.2857142857142857
46,0.4107142857142857
31,0.2767857142857143
49,0.4375
42,0.375
47,0.41964285714285715
65,0.5803571428571429
13,0.11607142857142858
40,0.35714285714285715
39,0.3482142857142857
71,0.6339285714285714
43,0.38392857142857145
56,0.5
69,0.6160714285714286
54,0.48214285714285715
79,0.7053571428571429
58,0.5178571428571429
94,0.8392857142857143
40,0.35714285714285715
89,0.7946428571428571
41,0.36607142857142855
43,0.38392857142857145
57,0.5089285714285714
45,0.4017857142857143
46,0.4107142857142857
58,0.5178571428571429
43,0.38392857142857145
74,0.6607142857142857
51,0.45535714285714285
32,0.2857142857142857
25,0.22321428571428573
76,0.6785714285714286
77,0.6875
28,0.25
42,0.375
84,0.75
78,0.6964285714285714
66,0.5892857142857143
42,0.375
24,0.21428571428571427
75,0.6696428571428571
91,0.8125
50,0.44642857142857145
36,0.32142857142857145
78,0.6964285714285714
67,0.5982142857142857
36,0.32142857142857145
59,0.5267857142857143
68,0.6071428571428571
51,0.45535714285714285
46,0.4107142857142857
70,0.625
62,0.5535714285714286
75,0.6696428571428571
56,0.5
103,0.9196428571428571
60,0.5357142857142857
80,0.7142857142857143
51,0.45535714285714285
86,0.7678571428571429
30,0.26785714285714285
70,0.625
66,0.5892857142857143
59,0.5267857142857143
62,0.5535714285714286
57,0.5089285714285714
67,0.5982142857142857
62,0.5535714285714286
38,0.3392857142857143
55,0.49107142857142855
81,0.7232142857142857
80,0.7142857142857143
42,0.375
39,0.3482142857142857
15,0.13392857142857142
66,0.5892857142857143
24,0.21428571428571427
66,0.5892857142857143
46,0.4107142857142857
75,0.6696428571428571
54,0.48214285714285715
41,0.36607142857142855
81,0.7232142857142857
53,0.4732142857142857
15,0.13392857142857142
64,0.5714285714285714
18,0.16071428571428573
36,0.32142857142857145
52,0.4642857142857143
34,0.30357142857142855
34,0.30357142857142855
62,0.5535714285714286
73,0.6517857142857143
68,0.6071428571428571
45,0.4017857142857143
33,0.29464285714285715
55,0.49107142857142855
47,0.41964285714285715
59,0.5267857142857143
68,0.6071428571428571
47,0.41964285714285715
55,0.49107142857142855
76,0.6785714285714286
