92,0.8214285714285714
61,0.5446428571428571
95,0.8482142857142857
29,0.25892857142857145
70,0.625
40,0.35714285714285715
39,0.3482142857142857
89,0.7946428571428571
96,0.8571428571428571
37,0.33035714285714285
46,0.4107142857142857
87,0.7767857142857143
54,0.48214285714285715
43,0.38392857142857145
42,0.375
73,0.6517857142857143
49,0.4375
43,0.38392857142857145
72,0.6428571428571429
56,0.5
25,0.22321428571428573
75,0.6696428571428571
32,0.2857142857142857
42,0.375
39,0.3482142857142857
98,0.875
64,0.5714285714285714
48,0.42857142857142855
65,0.5803571428571429
67,0.5982142857142857
88,0.7857142857142857
67,0.5982142857142857
46,0.4107142857142857
39,0.3482142857142857
58,0.5178571428571429
49,0.4375
55,0.49107142857142855
42,0.375
55,0.49107142857142855
80,0.7142857142857143
52,0.4642857142857143
44,0.39285714285714285
18,0.16071428571428573
33,0.29464285714285715
53,0.4732142857142857
18,0.16071428571428573
95,0.8482142857142857
37,0.33035714285714285
98,0.875
20,0.17857142857142858
55,0.49107142857142855
57,0.5089285714285714
67,0.5982142857142857
83,0.7410714285714286
22,0.19642857142857142
39,0.3482142857142857
36,0.32142857142857145
5,0.044642857142857144
74,0.6607142857142857
23,0.20535714285714285
54,0.48214285714285715
60,0.5357142857142857
78,0.6964285714285714
47,0.41964285714285715
62,0.5535714285714286
47,0.41964285714285715
80,0.7142857142857143
25,0.22321428571428573
76,0.6785714285714286
45,0.4017857142857143
60,0.5357142857142857
65,0.5803571428571429
29,0.25892857142857145
65,0.5803571428571429
87,0.7767857142857143
38,0.3392857142857143
8,0.07142857142857142
17,0.15178571428571427
31,0.2767857142857143
89,0.7946428571428571
58,0.5178571428571429
62,0.5535714285714286
25,0.22321428571428573
49,0.4375
50,0.44642857142857145
76,0.6785714285714286
40,0.35714285714285715
34,0.30357142857142855
21,0.1875
79,0.7053571428571429
79,0.7053571428571429
50,0.44642857142857145
55,0.49107142857142855
29,0.25892857142857145
64,0.5714285714285714
83,0.7410714285714286
58,0.5178571428571429
89,0.7946428571428571
62,0.5535714285714286
74,0.6607142857142857
33,0.29464285714285715
32,0.2857142857142857
8,0.07142857142857142
60,0.5357142857142857
59,0.5267857142857143
66,0.5892857142857143
34,0.30357142857142855
53,0.4732142857142857
38,0.3392857142857143
53,0.4732142857142857
21,0.1875
57,0.5089285714285714
59,0.5267857142857143
91,0.8125
63,0.5625
74,0.6607142857142857
25,0.22321428571428573
63,0.5625
51,0.45535714285714285
75,0.6696428571428571
31,0.2767857142857143
72,0.6428571428571429
60,0.5357142857142857
82,0.7321428571428571
97,0.8660714285714286
3,0.026785714285714284
72,0.6428571428571429
65,0.5803571428571429
81,0.7232142857142857
60,0.5357142857142857
77,0.6875
85,0.7589285714285714
41,0.36607142857142855
72,0.6428571428571429
94,0.8392857142857143
62,0.5535714285714286
48,0.42857142857142855
69,0.6160714285714286
68,0.6071428571428571
48,0.42857142857142855
88,0.7857142857142857
43,0.38392857142857145
63,0.5625
32,0.2857142857142857
18,0.16071428571428573
72,0.6428571428571429
57,0.5089285714285714
58,0.5178571428571429
72,0.6428571428571429
49,0.4375
62,0.5535714285714286
68,0.6071428571428571
50,0.44642857142857145
47,0.41964285714285715
43,0.38392857142857145
51,0.45535714285714285
76,0.6785714285714286
56,0.5
63,0.5625
77,0.6875
34,0.30357142857142855
46,0.4107142857142857
65,0.5803571428571429
48,0.42857142857142855
43,0.38392857142857145
57,0.5089285714285714
13,0.11607142857142858
74,0.6607142857142857
45,0.4017857142857143
30,0.26785714285714285
71,0.6339285714285714
58,0.5178571428571429
35,0.3125
30,0.26785714285714285
55,0.49107142857142855
66,0.5892857142857143
40,0.35714285714285715
28,0.25
82,0.7321428571428571
58,0.5178571428571429
47,0.41964285714285715
43,0.38392857142857145
28,0.25
52,0.4642857142857143
34,0.30357142857142855
31,0.2767857142857143
27,0.24107142857142858
41,0.36607142857142855
58,0.5178571428571429
57,0.5089285714285714
82,0.7321428571428571
47,0.41964285714285715
79,0.7053571428571429
33,0.29464285714285715
51,0.45535714285714285
84,0.75
26,0.23214285714285715
38,0.3392857142857143
59,0.5267857142857143
39,0.3482142857142857
41,0.36607142857142855
61,0.5446428571428571
45,0.4017857142857143
34,0.30357142857142855
69,0.6160714285714286
57,0.5089285714285714
43,0.38392857142857145
53,0.4732142857142857
71,0.6339285714285714
68,0.6071428571428571
54,0.48214285714285715
46,0.4107142857142857
77,0.6875
63,0.5625
90,0.8035714285714286
30,0.26785714285714285
29,0.25892857142857145
73,0.6517857142857143
84,0.75
70,0.625
35,0.3125
49,0.4375
29,0.25892857142857145
36,0.32142857142857145
7,0.0625
30,0.26785714285714285
59,0.5267857142857143
89,0.7946428571428571
65,0.5803571428571429
30,0.26785714285714285
95,0.8482142857142857
49,0.4375
86,0.7678571428571429
47,0.41964285714285715
69,0.6160714285714286
73,0.6517857142857143
80,0.7142857142857143
67,0.5982142857142857
75,0.6696428571428571
73,0.6517857142857143
70,0.625
71,0.6339285714285714
47,0.41964285714285715
60,0.5357142857142857
39,0.3482142857142857
59,0.5267857142857143
51,0.45535714285714285
67,0.5982142857142857
9,0.08035714285714286
88,0.7857142857142857
78,0.6964285714285714
60,0.5357142857142857
65,0.5803571428571429
56,0.5
72,0.6428571428571429
40,0.35714285714285715
82,0.7321428571428571
85,0.7589285714285714
30,0.26785714285714285
73,0.6517857142857143
54,0.48214285714285715
61,0.5446428571428571
62,0.5535714285714286
88,0.7857142857142857
79,0.7053571428571429
42,0.375
35,0.3125
67,0.5982142857142857
29,0.25892857142857145
87,0.7767857142857143
23,0.20535714285714285
34,0.30357142857142855
59,0.5267857142857143
42,0.375
74,0.6607142857142857
96,0.8571428571428571
80,0.7142857142857143
28,0.25
63,0.5625
43,0.38392857142857145
41,0.36607142857142855
51,0.45535714285714285
46,0.4107142857142857
83,0.7410714285714286
56,0.5
51,0.45535714285714285
29,0.25892857142857145
54,0.48214285714285715
29,0.25892857142857145
74,0.6607142857142857
66,0.5892857142857143
76,0.6785714285714286
11,0.09821428571428571
50,0.44642857142857145
42,0.375
48,0.42857142857142855
16,0.14285714285714285
48,0.42857142857142855
47,0.41964285714285715
19,0.16964285714285715
57,0.5089285714285714
56,0.5
75,0.6696428571428571
52,0.4642857142857143
50,0.44642857142857145
56,0.5
80,0.7142857142857143
66,0.5892857142857143
58,0.5178571428571429
30,0.26785714285714285
15,0.13392857142857142
45,0.4017857142857143
80,0.7142857142857143
74,0.6607142857142857
59,0.5267857142857143
42,0.375
72,0.6428571428571429
55,0.49107142857142855
82,0.7321428571428571
71,0.6339285714285714
62,0.5535714285714286
48,0.42857142857142855
82,0.7321428571428571
31,0.2767857142857143
17,0.15178571428571427
64,0.5714285714285714
91,0.8125
41,0.36607142857142855
74,0.6607142857142857
58,0.5178571428571429
39,0.3482142857142857
45,0.4017857142857143
26,0.23214285714285715
78,0.6964285714285714
31,0.2767857142857143
32,0.2857142857142857
43,0.38392857142857145
54,0.48214285714285715
71,0.6339285714285714
70,0.625
75,0.6696428571428571
34,0.30357142857142855
70,0.625
59,0.5267857142857143
36,0.32142857142857145
46,0.4107142857142857
71,0.6339285714285714
83,0.7410714285714286
30,0.26785714285714285
55,0.49107142857142855
35,0.3125
43,0.38392857142857145
66,0.5892857142857143
44,0.39285714285714285
47,0.41964285714285715
23,0.20535714285714285
65,0.5803571428571429
57,0.5089285714285714
68,0.6071428571428571
63,0.5625
47,0.41964285714285715
69,0.6160714285714286
41,0.36607142857142855
47,0.41964285714285715
57,0.5089285714285714
26,0.23214285714285715
56,0.5
52,0.4642857142857143
51,0.45535714285714285
63,0.5625
52,0.4642857142857143
40,0.35714285714285715
39,0.3482142857142857
33,0.29464285714285715
47,0.41964285714285715
70,0.625
39,0.3482142857142857
21,0.1875
25,0.22321428571428573
40,0.35714285714285715
61,0.5446428571428571
45,0.4017857142857143
37,0.33035714285714285
48,0.42857142857142855
74,0.6607142857142857
91,0.8125
59,0.5267857142857143
65,0.5803571428571429
66,0.5892857142857143
68,0.6071428571428571
42,0.375
71,0.6339285714285714
34,0.30357142857142855
47,0.41964285714285715
21,0.1875
59,0.5267857142857143
73,0.6517857142857143
49,0.4375
64,0.5714285714285714
63,0.5625
85,0.7589285714285714
72,0.6428571428571429
61,0.5446428571428571
42,0.375
54,0.48214285714285715
82,0.7321428571428571
27,0.24107142857142858
90,0.8035714285714286
69,0.6160714285714286
11,0.09821428571428571
52,0.4642857142857143
40,0.35714285714285715
52,0.4642857142857143
65,0.5803571428571429
49,0.4375
14,0.125
82,0.7321428571428571
33,0.29464285714285715
89,0.7946428571428571
68,0.6071428571428571
38,0.3392857142857143
24,0.21428571428571427
47,0.41964285714285715
18,0.16071428571428573
27,0.24107142857142858
57,0.5089285714285714
54,0.48214285714285715
76,0.6785714285714286
33,0.29464285714285715
46,0.4107142857142857
72,0.6428571428571429
31,0.2767857142857143
65,0.5803571428571429
82,0.7321428571428571
40,0.35714285714285715
28,0.25
60,0.5357142857142857
41,0.36607142857142855
8,0.07142857142857142
36,0.32142857142857145
48,0.42857142857142855
39,0.3482142857142857
78,0.6964285714285714
68,0.6071428571428571
16,0.14285714285714285
55,0.49107142857142855
24,0.21428571428571427
70,0.625
68,0.6071428571428571
54,0.48214285714285715
76,0.6785714285714286
65,0.5803571428571429
59,0.5267857142857143
28,0.25
69,0.6160714285714286
38,0.3392857142857143
36,0.32142857142857145
43,0.38392857142857145
54,0.48214285714285715
48,0.42857142857142855
34,0.30357142857142855
78,0.6964285714285714
38,0.3392857142857143
66,0.5892857142857143
58,0.5178571428571429
76,0.6785714285714286
55,0.49107142857142855
47,0.41964285714285715
54,0.48214285714285715
41,0.36607142857142855
81,0.7232142857142857
48,0.42857142857142855
54,0.48214285714285715
53,0.4732142857142857
33,0.29464285714285715
47,0.41964285714285715
74,0.6607142857142857
92,0.8214285714285714
59,0.5267857142857143
49,0.4375
54,0.48214285714285715
79,0.7053571428571429
53,0.4732142857142857
68,0.6071428571428571
76,0.6785714285714286
56,0.5
34,0.30357142857142855
18,0.16071428571428573
46,0.4107142857142857
65,0.5803571428571429
44,0.39285714285714285
83,0.7410714285714286
74,0.6607142857142857
22,0.19642857142857142
49,0.4375
61,0.5446428571428571
36,0.32142857142857145
44,0.39285714285714285
48,0.42857142857142855
26,0.23214285714285715
70,0.625
76,0.6785714285714286
83,0.7410714285714286
51,0.45535714285714285
64,0.5714285714285714
45,0.4017857142857143
38,0.3392857142857143
68,0.6071428571428571
30,0.26785714285714285
69,0.6160714285714286
63,0.5625
13,0.11607142857142858
77,0.6875
56,0.5
38,0.3392857142857143
59,0.5267857142857143
38,0.3392857142857143
74,0.6607142857142857
39,0.3482142857142857
23,0.20535714285714285
41,0.36607142857142855
76,0.6785714285714286
74,0.6607142857142857
75,0.6696428571428571
93,0.8303571428571429
41,0.36607142857142855
69,0.6160714285714286
62,0.5535714285714286
46,0.4107142857142857
89,0.7946428571428571
53,0.4732142857142857
26,0.23214285714285715
42,0.375
91,0.8125
61,0.5446428571428571
93,0.8303571428571429
61,0.5446428571428571
43,0.38392857142857145
59,0.5267857142857143
48,0.42857142857142855
87,0.7767857142857143
50,0.44642857142857145
39,0.3482142857142857
45,0.4017857142857143
45,0.4017857142857143
41,0.36607142857142855
57,0.5089285714285714
31,0.2767857142857143
48,0.42857142857142855
29,0.25892857142857145
39,0.3482142857142857
29,0.25892857142857145
62,0.5535714285714286
39,0.3482142857142857
47,0.41964285714285715
72,0.6428571428571429
20,0.17857142857142858
36,0.32142857142857145
62,0.5535714285714286
75,0.6696428571428571
76,0.6785714285714286
38,0.3392857142857143
55,0.49107142857142855
30,0.26785714285714285
52,0.4642857142857143
60,0.5357142857142857
53,0.4732142857142857
67,0.5982142857142857
72,0.6428571428571429
38,0.3392857142857143
28,0.25
79,0.7053571428571429
28,0.25
28,0.25
37,0.33035714285714285
78,0.6964285714285714
67,0.5982142857142857
44,0.39285714285714285
97,0.8660714285714286
57,0.5089285714285714
66,0.5892857142857143
68,0.6071428571428571
22,0.19642857142857142
31,0.2767857142857143
50,0.44642857142857145
89,0.7946428571428571
80,0.7142857142857143
33,0.29464285714285715
55,0.49107142857142855
55,0.49107142857142855
33,0.29464285714285715
86,0.7678571428571429
71,0.6339285714285714
49,0.4375
85,0.7589285714285714
70,0.625
67,0.5982142857142857
64,0.5714285714285714
45,0.4017857142857143
54,0.48214285714285715
47,0.41964285714285715
94,0.8392857142857143
42,0.375
24,0.21428571428571427
75,0.6696428571428571
60,0.5357142857142857
36,0.32142857142857145
37,0.33035714285714285
47,0.41964285714285715
92,0.8214285714285714
50,0.44642857142857145
50,0.44642857142857145
78,0.6964285714285714
50,0.44642857142857145
45,0.4017857142857143
56,0.5
31,0.2767857142857143
79,0.7053571428571429
51,0.45535714285714285
84,0.75
46,0.4107142857142857
60,0.5357142857142857
33,0.29464285714285715
33,0.29464285714285715
78,0.6964285714285714
40,0.35714285714285715
62,0.5535714285714286
38,0.3392857142857143
48,0.42857142857142855
45,0.4017857142857143
64,0.5714285714285714
79,0.7053571428571429
43,0.38392857142857145
55,0.49107142857142855
61,0.5446428571428571
83,0.7410714285714286
48,0.42857142857142855
51,0.45535714285714285
79,0.7053571428571429
63,0.5625
36,0.32142857142857145
47,0.41964285714285715
53,0.4732142857142857
58,0.5178571428571429
50,0.44642857142857145
70,0.625
108,0.9642857142857143
58,0.5178571428571429
62,0.5535714285714286
53,0.4732142857142857
77,0.6875
71,0.6339285714285714
57,0.5089285714285714
63,0.5625
50,0.44642857142857145
26,0.23214285714285715
66,0.5892857142857143
74,0.6607142857142857
52,0.4642857142857143
71,0.6339285714285714
54,0.48214285714285715
41,0.36607142857142855
49,0.4375
57,0.5089285714285714
79,0.7053571428571429
48,0.42857142857142855
83,0.7410714285714286
80,0.7142857142857143
57,0.5089285714285714
56,0.5
67,0.5982142857142857
87,0.7767857142857143
69,0.6160714285714286
89,0.7946428571428571
59,0.5267857142857143
22,0.19642857142857142
95,0.8482142857142857
25,0.22321428571428573
23,0.20535714285714285
34,0.30357142857142855
72,0.6428571428571429
63,0.5625
71,0.6339285714285714
92,0.8214285714285714
62,0.5535714285714286
64,0.5714285714285714
59,0.5267857142857143
87,0.7767857142857143
79,0.7053571428571429
31,0.2767857142857143
50,0.44642857142857145
63,0.5625
59,0.5267857142857143
43,0.38392857142857145
68,0.6071428571428571
73,0.6517857142857143
65,0.5803571428571429
72,0.6428571428571429
79,0.7053571428571429
49,0.4375
49,0.4375
24,0.21428571428571427
29,0.25892857142857145
38,0.3392857142857143
83,0.7410714285714286
66,0.5892857142857143
66,0.5892857142857143
70,0.625
26,0.23214285714285715
97,0.8660714285714286
88,0.7857142857142857
72,0.6428571428571429
88,0.7857142857142857
66,0.5892857142857143
99,0.8839285714285714
91,0.8125
40,0.35714285714285715
37,0.33035714285714285
49,0.4375
77,0.6875
33,0.29464285714285715
58,0.5178571428571429
66,0.5892857142857143
43,0.38392857142857145
63,0.5625
34,0.30357142857142855
76,0.6785714285714286
64,0.5714285714285714
87,0.7767857142857143
41,0.36607142857142855
65,0.5803571428571429
89,0.7946428571428571
89,0.7946428571428571
55,0.49107142857142855
73,0.6517857142857143
70,0.625
54,0.48214285714285715
71,0.6339285714285714
96,0.8571428571428571
44,0.39285714285714285
112,1.0
26,0.23214285714285715
87,0.7767857142857143
70,0.625
60,0.5357142857142857
65,0.5803571428571429
97,0.8660714285714286
57,0.5089285714285714
87,0.7767857142857143
59,0.5267857142857143
86,0.7678571428571429
56,0.5
99,0.8839285714285714
55,0.49107142857142855
46,0.4107142857142857
67,0.5982142857142857
36,0.32142857142857145
52,0.4642857142857143
75,0.6696428571428571
69,0.6160714285714286
87,0.7767857142857143
75,0.6696428571428571
53,0.4732142857142857
57,0.5089285714285714
67,0.5982142857142857
35,0.3125
40,0.35714285714285715
90,0.8035714285714286
59,0.5267857142857143
47,0.41964285714285715
51,0.45535714285714285
75,0.6696428571428571
86,0.7678571428571429
56,0.5
17,0.15178571428571427
61,0.5446428571428571
24,0.21428571428571427
78,0.6964285714285714
71,0.6339285714285714
75,0.6696428571428571
96,0.8571428571428571
53,0.4732142857142857
33,0.29464285714285715
81,0.7232142857142857
58,0.5178571428571429
77,0.6875
63,0.5625
17,0.15178571428571427
70,0.625
65,0.5803571428571429
57,0.5089285714285714
63,0.5625
41,0.36607142857142855
67,0.5982142857142857
59,0.5267857142857143
28,0.25
30,0.26785714285714285
38,0.3392857142857143
57,0.5089285714285714
33,0.29464285714285715
16,0.14285714285714285
44,0.39285714285714285
56,0.5
76,0.6785714285714286
58,0.5178571428571429
70,0.625
72,0.6428571428571429
64,0.5714285714285714
46,0.4107142857142857
67,0.5982142857142857
49,0.4375
33,0.29464285714285715
56,0.5
57,0.5089285714285714
65,0.5803571428571429
57,0.5089285714285714
56,0.5
58,0.5178571428571429
75,0.6696428571428571
52,0.4642857142857143
48,0.42857142857142855
19,0.16964285714285715
77,0.6875
39,0.3482142857142857
43,0.38392857142857145
55,0.49107142857142855
73,0.6517857142857143
52,0.4642857142857143
71,0.6339285714285714
35,0.3125
62,0.5535714285714286
52,0.4642857142857143
40,0.35714285714285715
57,0.5089285714285714
51,0.45535714285714285
52,0.4642857142857143
59,0.5267857142857143
56,0.5
52,0.4642857142857143
37,0.33035714285714285
42,0.375
63,0.5625
44,0.39285714285714285
61,0.5446428571428571
47,0.41964285714285715
41,0.36607142857142855
52,0.4642857142857143
47,0.41964285714285715
65,0.5803571428571429
86,0.7678571428571429
56,0.5
99,0.8839285714285714
50,0.44642857142857145
90,0.8035714285714286
18,0.16071428571428573
57,0.5089285714285714
11,0.09821428571428571
53,0.4732142857142857
52,0.4642857142857143
25,0.22321428571428573
39,0.3482142857142857
58,0.5178571428571429
58,0.5178571428571429
52,0.4642857142857143
55,0.49107142857142855
40,0.35714285714285715
40,0.35714285714285715
54,0.48214285714285715
74,0.6607142857142857
85,0.7589285714285714
57,0.5089285714285714
15,0.13392857142857142
25,0.22321428571428573
66,0.5892857142857143
45,0.4017857142857143
77,0.6875
80,0.7142857142857143
79,0.7053571428571429
54,0.48214285714285715
44,0.39285714285714285
16,0.14285714285714285
29,0.25892857142857145
69,0.6160714285714286
70,0.625
79,0.7053571428571429
36,0.32142857142857145
61,0.5446428571428571
52,0.4642857142857143
73,0.6517857142857143
37,0.33035714285714285
68,0.6071428571428571
47,0.41964285714285715
52,0.4642857142857143
15,0.13392857142857142
71,0.6339285714285714
63,0.5625
51,0.45535714285714285
49,0.4375
72,0.6428571428571429
76,0.6785714285714286
82,0.7321428571428571
85,0.7589285714285714
68,0.6071428571428571
72,0.6428571428571429
37,0.33035714285714285
69,0.6160714285714286
59,0.5267857142857143
42,0.375
64,0.5714285714285714
58,0.5178571428571429
48,0.42857142857142855
75,0.6696428571428571
90,0.8035714285714286
44,0.39285714285714285
90,0.8035714285714286
29,0.25892857142857145
77,0.6875
64,0.5714285714285714
57,0.5089285714285714
76,0.6785714285714286
38,0.3392857142857143
30,0.26785714285714285
37,0.33035714285714285
78,0.6964285714285714
42,0.375
64,0.5714285714285714
55,0.49107142857142855
38,0.3392857142857143
67,0.5982142857142857
24,0.21428571428571427
37,0.33035714285714285
59,0.5267857142857143
77,0.6875
62,0.5535714285714286
13,0.11607142857142858
47,0.41964285714285715
28,0.25
48,0.42857142857142855
54,0.48214285714285715
97,0.8660714285714286
77,0.6875
64,0.5714285714285714
74,0.6607142857142857
40,0.35714285714285715
89,0.7946428571428571
69,0.6160714285714286
38,0.3392857142857143
43,0.38392857142857145
45,0.4017857142857143
6,0.05357142857142857
84,0.75
47,0.41964285714285715
44,0.39285714285714285
29,0.25892857142857145
51,0.45535714285714285
62,0.5535714285714286
86,0.7678571428571429
38,0.3392857142857143
63,0.5625
27,0.24107142857142858
75,0.6696428571428571
79,0.7053571428571429
64,0.5714285714285714
62,0.5535714285714286
35,0.3125
74,0.6607142857142857
45,0.4017857142857143
80,0.7142857142857143
59,0.5267857142857143
28,0.25
68,0.6071428571428571
58,0.5178571428571429
59,0.5267857142857143
41,0.36607142857142855
76,0.6785714285714286
44,0.39285714285714285
88,0.7857142857142857
77,0.6875
70,0.625
91,0.8125
24,0.21428571428571427
36,0.32142857142857145
61,0.5446428571428571
26,0.23214285714285715
58,0.5178571428571429
67,0.5982142857142857
99,0.8839285714285714
54,0.48214285714285715
77,0.6875
61,0.5446428571428571
65,0.5803571428571429
48,0.42857142857142855
47,0.41964285714285715
39,0.3482142857142857
44,0.39285714285714285
47,0.41964285714285715
109,0.9732142857142857
35,0.3125
49,0.4375
74,0.6607142857142857
66,0.5892857142857143
81,0.7232142857142857
87,0.7767857142857143
35,0.3125
95,0.8482142857142857
56,0.5
55,0.49107142857142855
69,0.6160714285714286
33,0.29464285714285715
79,0.7053571428571429
64,0.5714285714285714
9,0.08035714285714286
67,0.5982142857142857
64,0.5714285714285714
49,0.4375
81,0.7232142857142857
70,0.625
39,0.3482142857142857
50,0.44642857142857145
74,0.6607142857142857
34,0.30357142857142855
77,0.6875
57,0.5089285714285714
67,0.5982142857142857
67,0.5982142857142857
71,0.6339285714285714
65,0.5803571428571429
34,0.30357142857142855
28,0.25
36,0.32142857142857145
38,0.3392857142857143
29,0.25892857142857145
68,0.6071428571428571
20,0.17857142857142858
76,0.6785714285714286
67,0.5982142857142857
65,0.5803571428571429
49,0.4375
75,0.6696428571428571
15,0.13392857142857142
42,0.375
49,0.4375
57,0.5089285714285714
77,0.6875
70,0.625
69,0.6160714285714286
29,0.25892857142857145
71,0.6339285714285714
47,0.41964285714285715
23,0.20535714285714285
38,0.3392857142857143
46,0.4107142857142857
57,0.5089285714285714
33,0.29464285714285715
66,0.5892857142857143
86,0.7678571428571429
97,0.8660714285714286
65,0.5803571428571429
33,0.29464285714285715
54,0.48214285714285715
78,0.6964285714285714
60,0.5357142857142857
94,0.8392857142857143
86,0.7678571428571429
106,0.9464285714285714
76,0.6785714285714286
43,0.38392857142857145
71,0.6339285714285714
33,0.29464285714285715
67,0.5982142857142857
57,0.5089285714285714
76,0.6785714285714286
74,0.6607142857142857
57,0.5089285714285714
51,0.45535714285714285
22,0.19642857142857142
41,0.36607142857142855
16,0.14285714285714285
31,0.2767857142857143
45,0.4017857142857143
32,0.2857142857142857
42,0.375
77,0.6875
34,0.30357142857142855
82,0.7321428571428571
39,0.3482142857142857
68,0.6071428571428571
65,0.5803571428571429
86,0.7678571428571429
43,0.38392857142857145
55,0.49107142857142855
55,0.49107142857142855
70,0.625
52,0.4642857142857143
17,0.15178571428571427
31,0.2767857142857143
62,0.5535714285714286
35,0.3125
60,0.5357142857142857
58,0.5178571428571429
55,0.49107142857142855
54,0.48214285714285715
80,0.7142857142857143
77,0.6875
46,0.4107142857142857
71,0.6339285714285714
50,0.44642857142857145
51,0.45535714285714285
43,0.38392857142857145
32,0.2857142857142857
61,0.5446428571428571
58,0.5178571428571429
69,0.6160714285714286
42,0.375
9,0.08035714285714286
103,0.9196428571428571
76,0.6785714285714286
54,0.48214285714285715
100,0.8928571428571429
89,0.7946428571428571
55,0.49107142857142855
43,0.38392857142857145
102,0.9107142857142857
22,0.19642857142857142
86,0.7678571428571429
71,0.6339285714285714
57,0.5089285714285714
69,0.6160714285714286
94,0.8392857142857143
63,0.5625
68,0.6071428571428571
71,0.6339285714285714
56,0.5
84,0.75
83,0.7410714285714286
42,0.375
59,0.5267857142857143
76,0.6785714285714286
94,0.8392857142857143
86,0.7678571428571429
80,0.7142857142857143
61,0.5446428571428571
79,0.7053571428571429
62,0.5535714285714286
59,0.5267857142857143
87,0.7767857142857143
57,0.5089285714285714
62,0.5535714285714286
45,0.4017857142857143
48,0.42857142857142855
69,0.6160714285714286
72,0.6428571428571429
