57,0.5089285714285714
62,0.5535714285714286
44,0.39285714285714285
55,0.49107142857142855
58,0.5178571428571429
28,0.25
34,0.30357142857142855
86,0.7678571428571429
100,0.8928571428571429
18,0.16071428571428573
52,0.4642857142857143
25,0.22321428571428573
65,0.5803571428571429
71,0.6339285714285714
50,0.44642857142857145
93,0.8303571428571429
28,0.25
85,0.7589285714285714
89,0.7946428571428571
110,0.9821428571428571
34,0.30357142857142855
107,0.9553571428571429
14,0.125
83,0.7410714285714286
88,0.7857142857142857
34,0.30357142857142855
88,0.7857142857142857
52,0.4642857142857143
52,0.4642857142857143
81,0.7232142857142857
82,0.7321428571428571
104,0.9285714285714286
87,0.7767857142857143
17,0.15178571428571427
61,0.5446428571428571
8,0.07142857142857142
30,0.26785714285714285
96,0.8571428571428571
37,0.33035714285714285
49,0.4375
27,0.24107142857142858
69,0.6160714285714286
36,0.32142857142857145
67,0.5982142857142857
44,0.39285714285714285
32,0.2857142857142857
73,0.6517857142857143
35,0.3125
19,0.16964285714285715
88,0.7857142857142857
53,0.4732142857142857
71,0.6339285714285714
16,0.14285714285714285
91,0.8125
23,0.20535714285714285
26,0.23214285714285715
77,0.6875
28,0.25
81,0.7232142857142857
22,0.19642857142857142
25,0.22321428571428573
95,0.8482142857142857
21,0.1875
9,0.08035714285714286
78,0.6964285714285714
21,0.1875
56,0.5
22,0.19642857142857142
25,0.22321428571428573
17,0.15178571428571427
29,0.25892857142857145
20,0.17857142857142858
11,0.09821428571428571
79,0.7053571428571429
103,0.9196428571428571
45,0.4017857142857143
69,0.6160714285714286
6,0.05357142857142857
68,0.6071428571428571
95,0.8482142857142857
15,0.13392857142857142
73,0.6517857142857143
88,0.7857142857142857
70,0.625
60,0.5357142857142857
38,0.3392857142857143
35,0.3125
21,0.1875
73,0.6517857142857143
8,0.07142857142857142
38,0.3392857142857143
17,0.15178571428571427
27,0.24107142857142858
25,0.22321428571428573
104,0.9285714285714286
24,0.21428571428571427
51,0.45535714285714285
16,0.14285714285714285
41,0.36607142857142855
30,0.26785714285714285
12,0.10714285714285714
44,0.39285714285714285
29,0.25892857142857145
41,0.36607142857142855
82,0.7321428571428571
31,0.2767857142857143
43,0.38392857142857145
94,0.8392857142857143
95,0.8482142857142857
28,0.25
87,0.7767857142857143
14,0.125
96,0.8571428571428571
49,0.4375
73,0.6517857142857143
91,0.8125
96,0.8571428571428571
83,0.7410714285714286
99,0.8839285714285714
78,0.6964285714285714
89,0.7946428571428571
83,0.7410714285714286
79,0.7053571428571429
89,0.7946428571428571
81,0.7232142857142857
51,0.45535714285714285
26,0.23214285714285715
95,0.8482142857142857
98,0.875
19,0.16964285714285715
98,0.875
32,0.2857142857142857
9,0.08035714285714286
17,0.15178571428571427
19,0.16964285714285715
104,0.9285714285714286
25,0.22321428571428573
78,0.6964285714285714
95,0.8482142857142857
86,0.7678571428571429
104,0.9285714285714286
82,0.7321428571428571
41,0.36607142857142855
11,0.09821428571428571
83,0.7410714285714286
23,0.20535714285714285
81,0.7232142857142857
104,0.9285714285714286
28,0.25
8,0.07142857142857142
33,0.29464285714285715
27,0.24107142857142858
24,0.21428571428571427
73,0.6517857142857143
91,0.8125
84,0.75
18,0.16071428571428573
90,0.8035714285714286
109,0.9732142857142857
26,0.23214285714285715
16,0.14285714285714285
106,0.9464285714285714
68,0.6071428571428571
85,0.7589285714285714
89,0.7946428571428571
12,0.10714285714285714
79,0.7053571428571429
85,0.7589285714285714
94,0.8392857142857143
17,0.15178571428571427
102,0.9107142857142857
87,0.7767857142857143
2,0.017857142857142856
86,0.7678571428571429
82,0.7321428571428571
21,0.1875
2,0.017857142857142856
50,0.44642857142857145
1,0.008928571428571428
9,0.08035714285714286
100,0.8928571428571429
3,0.026785714285714284
18,0.16071428571428573
29,0.25892857142857145
94,0.8392857142857143
37,0.33035714285714285
31,0.2767857142857143
102,0.9107142857142857
30,0.26785714285714285
17,0.15178571428571427
103,0.9196428571428571
13,0.11607142857142858
10,0.08928571428571429
18,0.16071428571428573
93,0.8303571428571429
30,0.26785714285714285
3,0.026785714285714284
97,0.8660714285714286
29,0.25892857142857145
82,0.7321428571428571
95,0.8482142857142857
44,0.39285714285714285
109,0.9732142857142857
13,0.11607142857142858
4,0.03571428571428571
101,0.9017857142857143
100,0.8928571428571429
95,0.8482142857142857
3,0.026785714285714284
95,0.8482142857142857
102,0.9107142857142857
23,0.20535714285714285
35,0.3125
7,0.0625
20,0.17857142857142858
86,0.7678571428571429
34,0.30357142857142855
93,0.8303571428571429
33,0.29464285714285715
71,0.6339285714285714
13,0.11607142857142858
36,0.32142857142857145
10,0.08928571428571429
79,0.7053571428571429
39,0.3482142857142857
19,0.16964285714285715
35,0.3125
12,0.10714285714285714
94,0.8392857142857143
16,0.14285714285714285
100,0.8928571428571429
27,0.24107142857142858
2,0.017857142857142856
27,0.24107142857142858
86,0.7678571428571429
14,0.125
2,0.017857142857142856
27,0.24107142857142858
83,0.7410714285714286
4,0.03571428571428571
90,0.8035714285714286
23,0.20535714285714285
88,0.7857142857142857
90,0.8035714285714286
18,0.16071428571428573
13,0.11607142857142858
37,0.33035714285714285
92,0.8214285714285714
96,0.8571428571428571
26,0.23214285714285715
36,0.32142857142857145
97,0.8660714285714286
14,0.125
42,0.375
40,0.35714285714285715
12,0.10714285714285714
12,0.10714285714285714
102,0.9107142857142857
83,0.7410714285714286
30,0.26785714285714285
23,0.20535714285714285
28,0.25
31,0.2767857142857143
88,0.7857142857142857
75,0.6696428571428571
76,0.6785714285714286
18,0.16071428571428573
22,0.19642857142857142
31,0.2767857142857143
110,0.9821428571428571
93,0.8303571428571429
25,0.22321428571428573
11,0.09821428571428571
9,0.08035714285714286
67,0.5982142857142857
102,0.9107142857142857
75,0.6696428571428571
109,0.9732142857142857
33,0.29464285714285715
94,0.8392857142857143
17,0.15178571428571427
110,0.9821428571428571
18,0.16071428571428573
22,0.19642857142857142
103,0.9196428571428571
16,0.14285714285714285
29,0.25892857142857145
93,0.8303571428571429
104,0.9285714285714286
100,0.8928571428571429
14,0.125
80,0.7142857142857143
23,0.20535714285714285
31,0.2767857142857143
17,0.15178571428571427
81,0.7232142857142857
91,0.8125
109,0.9732142857142857
24,0.21428571428571427
23,0.20535714285714285
102,0.9107142857142857
80,0.7142857142857143
93,0.8303571428571429
95,0.8482142857142857
27,0.24107142857142858
47,0.41964285714285715
21,0.1875
94,0.8392857142857143
42,0.375
100,0.8928571428571429
103,0.9196428571428571
96,0.8571428571428571
28,0.25
103,0.9196428571428571
94,0.8392857142857143
101,0.9017857142857143
99,0.8839285714285714
95,0.8482142857142857
103,0.9196428571428571
37,0.33035714285714285
69,0.6160714285714286
92,0.8214285714285714
18,0.16071428571428573
27,0.24107142857142858
87,0.7767857142857143
30,0.26785714285714285
32,0.2857142857142857
16,0.14285714285714285
111,0.9910714285714286
18,0.16071428571428573
105,0.9375
13,0.11607142857142858
80,0.7142857142857143
35,0.3125
79,0.7053571428571429
10,0.08928571428571429
19,0.16964285714285715
15,0.13392857142857142
95,0.8482142857142857
100,0.8928571428571429
93,0.8303571428571429
97,0.8660714285714286
83,0.7410714285714286
105,0.9375
21,0.1875
94,0.8392857142857143
29,0.25892857142857145
90,0.8035714285714286
21,0.1875
23,0.20535714285714285
91,0.8125
22,0.19642857142857142
21,0.1875
103,0.9196428571428571
81,0.7232142857142857
98,0.875
91,0.8125
23,0.20535714285714285
90,0.8035714285714286
14,0.125
72,0.6428571428571429
13,0.11607142857142858
18,0.16071428571428573
9,0.08035714285714286
93,0.8303571428571429
21,0.1875
9,0.08035714285714286
21,0.1875
28,0.25
32,0.2857142857142857
104,0.9285714285714286
106,0.9464285714285714
21,0.1875
79,0.7053571428571429
97,0.8660714285714286
35,0.3125
104,0.9285714285714286
97,0.8660714285714286
7,0.0625
10,0.08928571428571429
10,0.08928571428571429
93,0.8303571428571429
29,0.25892857142857145
18,0.16071428571428573
92,0.8214285714285714
90,0.8035714285714286
85,0.7589285714285714
9,0.08035714285714286
93,0.8303571428571429
26,0.23214285714285715
110,0.9821428571428571
90,0.8035714285714286
32,0.2857142857142857
17,0.15178571428571427
25,0.22321428571428573
10,0.08928571428571429
8,0.07142857142857142
93,0.8303571428571429
97,0.8660714285714286
91,0.8125
20,0.17857142857142858
109,0.9732142857142857
9,0.08035714285714286
104,0.9285714285714286
11,0.09821428571428571
98,0.875
14,0.125
110,0.9821428571428571
93,0.8303571428571429
19,0.16964285714285715
81,0.7232142857142857
9,0.08035714285714286
19,0.16964285714285715
103,0.9196428571428571
23,0.20535714285714285
94,0.8392857142857143
10,0.08928571428571429
10,0.08928571428571429
18,0.16071428571428573
23,0.20535714285714285
96,0.8571428571428571
74,0.6607142857142857
111,0.9910714285714286
23,0.20535714285714285
2,0.017857142857142856
94,0.8392857142857143
89,0.7946428571428571
29,0.25892857142857145
80,0.7142857142857143
0,0.0
24,0.21428571428571427
28,0.25
28,0.25
6,0.05357142857142857
27,0.24107142857142858
41,0.36607142857142855
100,0.8928571428571429
31,0.2767857142857143
15,0.13392857142857142
90,0.8035714285714286
16,0.14285714285714285
96,0.8571428571428571
94,0.8392857142857143
19,0.16964285714285715
27,0.24107142857142858
15,0.13392857142857142
27,0.24107142857142858
98,0.875
37,0.33035714285714285
33,0.29464285714285715
92,0.8214285714285714
46,0.4107142857142857
99,0.8839285714285714
77,0.6875
39,0.3482142857142857
65,0.5803571428571429
86,0.7678571428571429
80,0.7142857142857143
104,0.9285714285714286
54,0.48214285714285715
30,0.26785714285714285
54,0.48214285714285715
109,0.9732142857142857
89,0.7946428571428571
73,0.6517857142857143
85,0.7589285714285714
20,0.17857142857142858
84,0.75
36,0.32142857142857145
58,0.5178571428571429
27,0.24107142857142858
68,0.6071428571428571
97,0.8660714285714286
28,0.25
17,0.15178571428571427
73,0.6517857142857143
52,0.4642857142857143
21,0.1875
70,0.625
54,0.48214285714285715
20,0.17857142857142858
57,0.5089285714285714
80,0.7142857142857143
99,0.8839285714285714
2,0.017857142857142856
86,0.7678571428571429
83,0.7410714285714286
69,0.6160714285714286
52,0.4642857142857143
99,0.8839285714285714
42,0.375
68,0.6071428571428571
67,0.5982142857142857
83,0.7410714285714286
66,0.5892857142857143
89,0.7946428571428571
77,0.6875
59,0.5267857142857143
17,0.15178571428571427
35,0.3125
41,0.36607142857142855
29,0.25892857142857145
32,0.2857142857142857
32,0.2857142857142857
36,0.32142857142857145
21,0.1875
75,0.6696428571428571
82,0.7321428571428571
24,0.21428571428571427
44,0.39285714285714285
37,0.33035714285714285
84,0.75
80,0.7142857142857143
69,0.6160714285714286
70,0.625
90,0.8035714285714286
99,0.8839285714285714
92,0.8214285714285714
34,0.30357142857142855
74,0.6607142857142857
50,0.44642857142857145
69,0.6160714285714286
101,0.9017857142857143
71,0.6339285714285714
105,0.9375
72,0.6428571428571429
97,0.8660714285714286
9,0.08035714285714286
92,0.8214285714285714
93,0.8303571428571429
81,0.7232142857142857
80,0.7142857142857143
69,0.6160714285714286
90,0.8035714285714286
9,0.08035714285714286
44,0.39285714285714285
12,0.10714285714285714
82,0.7321428571428571
36,0.32142857142857145
21,0.1875
52,0.4642857142857143
78,0.6964285714285714
35,0.3125
30,0.26785714285714285
20,0.17857142857142858
77,0.6875
30,0.26785714285714285
81,0.7232142857142857
32,0.2857142857142857
52,0.4642857142857143
58,0.5178571428571429
82,0.7321428571428571
85,0.7589285714285714
82,0.7321428571428571
69,0.6160714285714286
60,0.5357142857142857
62,0.5535714285714286
37,0.33035714285714285
92,0.8214285714285714
38,0.3392857142857143
77,0.6875
63,0.5625
98,0.875
84,0.75
92,0.8214285714285714
76,0.6785714285714286
42,0.375
33,0.29464285714285715
32,0.2857142857142857
49,0.4375
48,0.42857142857142855
74,0.6607142857142857
32,0.2857142857142857
67,0.5982142857142857
28,0.25
52,0.4642857142857143
85,0.7589285714285714
33,0.29464285714285715
55,0.49107142857142855
88,0.7857142857142857
75,0.6696428571428571
9,0.08035714285714286
7,0.0625
9,0.08035714285714286
76,0.6785714285714286
83,0.7410714285714286
75,0.6696428571428571
64,0.5714285714285714
26,0.23214285714285715
69,0.6160714285714286
51,0.45535714285714285
79,0.7053571428571429
20,0.17857142857142858
64,0.5714285714285714
56,0.5
63,0.5625
89,0.7946428571428571
60,0.5357142857142857
50,0.44642857142857145
56,0.5
67,0.5982142857142857
48,0.42857142857142855
76,0.6785714285714286
89,0.7946428571428571
54,0.48214285714285715
59,0.5267857142857143
19,0.16964285714285715
63,0.5625
29,0.25892857142857145
52,0.4642857142857143
13,0.11607142857142858
76,0.6785714285714286
39,0.3482142857142857
54,0.48214285714285715
25,0.22321428571428573
67,0.5982142857142857
73,0.6517857142857143
29,0.25892857142857145
18,0.16071428571428573
78,0.6964285714285714
78,0.6964285714285714
47,0.41964285714285715
27,0.24107142857142858
47,0.41964285714285715
70,0.625
28,0.25
28,0.25
28,0.25
91,0.8125
39,0.3482142857142857
79,0.7053571428571429
85,0.7589285714285714
87,0.7767857142857143
23,0.20535714285714285
22,0.19642857142857142
54,0.48214285714285715
55,0.49107142857142855
64,0.5714285714285714
18,0.16071428571428573
90,0.8035714285714286
43,0.38392857142857145
60,0.5357142857142857
95,0.8482142857142857
72,0.6428571428571429
72,0.6428571428571429
75,0.6696428571428571
61,0.5446428571428571
8,0.07142857142857142
46,0.4107142857142857
59,0.5267857142857143
85,0.7589285714285714
76,0.6785714285714286
36,0.32142857142857145
48,0.42857142857142855
23,0.20535714285714285
39,0.3482142857142857
95,0.8482142857142857
81,0.7232142857142857
90,0.8035714285714286
59,0.5267857142857143
22,0.19642857142857142
61,0.5446428571428571
64,0.5714285714285714
95,0.8482142857142857
72,0.6428571428571429
52,0.4642857142857143
52,0.4642857142857143
65,0.5803571428571429
63,0.5625
54,0.48214285714285715
77,0.6875
33,0.29464285714285715
111,0.9910714285714286
26,0.23214285714285715
75,0.6696428571428571
45,0.4017857142857143
56,0.5
71,0.6339285714285714
67,0.5982142857142857
18,0.16071428571428573
47,0.41964285714285715
41,0.36607142857142855
59,0.5267857142857143
21,0.1875
43,0.38392857142857145
70,0.625
9,0.08035714285714286
54,0.48214285714285715
53,0.4732142857142857
40,0.35714285714285715
78,0.6964285714285714
69,0.6160714285714286
80,0.7142857142857143
30,0.26785714285714285
67,0.5982142857142857
44,0.39285714285714285
51,0.45535714285714285
92,0.8214285714285714
91,0.8125
55,0.49107142857142855
82,0.7321428571428571
72,0.6428571428571429
50,0.44642857142857145
49,0.4375
76,0.6785714285714286
51,0.45535714285714285
80,0.7142857142857143
76,0.6785714285714286
45,0.4017857142857143
43,0.38392857142857145
79,0.7053571428571429
54,0.48214285714285715
31,0.2767857142857143
85,0.7589285714285714
41,0.36607142857142855
38,0.3392857142857143
68,0.6071428571428571
60,0.5357142857142857
44,0.39285714285714285
51,0.45535714285714285
74,0.6607142857142857
86,0.7678571428571429
32,0.2857142857142857
87,0.7767857142857143
55,0.49107142857142855
55,0.49107142857142855
55,0.49107142857142855
44,0.39285714285714285
45,0.4017857142857143
94,0.8392857142857143
63,0.5625
31,0.2767857142857143
56,0.5
60,0.5357142857142857
86,0.7678571428571429
58,0.5178571428571429
62,0.5535714285714286
68,0.6071428571428571
70,0.625
32,0.2857142857142857
57,0.5089285714285714
73,0.6517857142857143
38,0.3392857142857143
25,0.22321428571428573
33,0.29464285714285715
57,0.5089285714285714
23,0.20535714285714285
84,0.75
76,0.6785714285714286
82,0.7321428571428571
78,0.6964285714285714
39,0.3482142857142857
26,0.23214285714285715
34,0.30357142857142855
68,0.6071428571428571
45,0.4017857142857143
35,0.3125
97,0.8660714285714286
53,0.4732142857142857
43,0.38392857142857145
37,0.33035714285714285
56,0.5
62,0.5535714285714286
37,0.33035714285714285
41,0.36607142857142855
45,0.4017857142857143
42,0.375
65,0.5803571428571429
37,0.33035714285714285
44,0.39285714285714285
48,0.42857142857142855
71,0.6339285714285714
76,0.6785714285714286
61,0.5446428571428571
45,0.4017857142857143
46,0.4107142857142857
47,0.41964285714285715
67,0.5982142857142857
61,0.5446428571428571
63,0.5625
60,0.5357142857142857
68,0.6071428571428571
35,0.3125
50,0.44642857142857145
34,0.30357142857142855
72,0.6428571428571429
43,0.38392857142857145
27,0.24107142857142858
45,0.4017857142857143
53,0.4732142857142857
40,0.35714285714285715
80,0.7142857142857143
58,0.5178571428571429
74,0.6607142857142857
62,0.5535714285714286
44,0.39285714285714285
45,0.4017857142857143
47,0.41964285714285715
52,0.4642857142857143
100,0.8928571428571429
56,0.5
52,0.4642857142857143
73,0.6517857142857143
51,0.45535714285714285
40,0.35714285714285715
83,0.7410714285714286
30,0.26785714285714285
23,0.20535714285714285
57,0.5089285714285714
87,0.7767857142857143
45,0.4017857142857143
81,0.7232142857142857
90,0.8035714285714286
36,0.32142857142857145
58,0.5178571428571429
50,0.44642857142857145
65,0.5803571428571429
57,0.5089285714285714
33,0.29464285714285715
31,0.2767857142857143
85,0.7589285714285714
45,0.4017857142857143
86,0.7678571428571429
54,0.48214285714285715
44,0.39285714285714285
63,0.5625
34,0.30357142857142855
64,0.5714285714285714
62,0.5535714285714286
56,0.5
29,0.25892857142857145
97,0.8660714285714286
78,0.6964285714285714
48,0.42857142857142855
93,0.8303571428571429
46,0.4107142857142857
61,0.5446428571428571
41,0.36607142857142855
68,0.6071428571428571
48,0.42857142857142855
101,0.9017857142857143
82,0.7321428571428571
31,0.2767857142857143
50,0.44642857142857145
58,0.5178571428571429
40,0.35714285714285715
89,0.7946428571428571
59,0.5267857142857143
64,0.5714285714285714
52,0.4642857142857143
78,0.6964285714285714
24,0.21428571428571427
48,0.42857142857142855
70,0.625
46,0.4107142857142857
66,0.5892857142857143
86,0.7678571428571429
31,0.2767857142857143
74,0.6607142857142857
39,0.3482142857142857
60,0.5357142857142857
76,0.6785714285714286
28,0.25
54,0.48214285714285715
74,0.6607142857142857
71,0.6339285714285714
23,0.20535714285714285
44,0.39285714285714285
67,0.5982142857142857
74,0.6607142857142857
42,0.375
44,0.39285714285714285
66,0.5892857142857143
58,0.5178571428571429
57,0.5089285714285714
69,0.6160714285714286
41,0.36607142857142855
92,0.8214285714285714
78,0.6964285714285714
44,0.39285714285714285
68,0.6071428571428571
77,0.6875
27,0.24107142857142858
29,0.25892857142857145
47,0.41964285714285715
83,0.7410714285714286
67,0.5982142857142857
55,0.49107142857142855
34,0.30357142857142855
30,0.26785714285714285
43,0.38392857142857145
71,0.6339285714285714
48,0.42857142857142855
32,0.2857142857142857
53,0.4732142857142857
35,0.3125
65,0.5803571428571429
68,0.6071428571428571
70,0.625
72,0.6428571428571429
30,0.26785714285714285
41,0.36607142857142855
42,0.375
81,0.7232142857142857
52,0.4642857142857143
75,0.6696428571428571
72,0.6428571428571429
42,0.375
77,0.6875
39,0.3482142857142857
79,0.7053571428571429
59,0.5267857142857143
89,0.7946428571428571
71,0.6339285714285714
61,0.5446428571428571
53,0.4732142857142857
63,0.5625
55,0.49107142857142855
70,0.625
58,0.5178571428571429
64,0.5714285714285714
62,0.5535714285714286
77,0.6875
67,0.5982142857142857
75,0.6696428571428571
64,0.5714285714285714
76,0.6785714285714286
48,0.42857142857142855
49,0.4375
81,0.7232142857142857
59,0.5267857142857143
41,0.36607142857142855
45,0.4017857142857143
68,0.6071428571428571
101,0.9017857142857143
56,0.5
31,0.2767857142857143
73,0.6517857142857143
55,0.49107142857142855
38,0.3392857142857143
57,0.5089285714285714
44,0.39285714285714285
56,0.5
70,0.625
54,0.48214285714285715
70,0.625
53,0.4732142857142857
63,0.5625
97,0.8660714285714286
45,0.4017857142857143
45,0.4017857142857143
61,0.5446428571428571
89,0.7946428571428571
36,0.32142857142857145
61,0.5446428571428571
84,0.75
41,0.36607142857142855
96,0.8571428571428571
41,0.36607142857142855
22,0.19642857142857142
36,0.32142857142857145
68,0.6071428571428571
74,0.6607142857142857
13,0.11607142857142858
48,0.42857142857142855
79,0.7053571428571429
79,0.7053571428571429
80,0.7142857142857143
41,0.36607142857142855
63,0.5625
90,0.8035714285714286
89,0.7946428571428571
80,0.7142857142857143
73,0.6517857142857143
36,0.32142857142857145
11,0.09821428571428571
89,0.7946428571428571
30,0.26785714285714285
82,0.7321428571428571
93,0.8303571428571429
72,0.6428571428571429
69,0.6160714285714286
91,0.8125
88,0.7857142857142857
90,0.8035714285714286
77,0.6875
47,0.41964285714285715
45,0.4017857142857143
63,0.5625
89,0.7946428571428571
83,0.7410714285714286
39,0.3482142857142857
25,0.22321428571428573
40,0.35714285714285715
96,0.8571428571428571
75,0.6696428571428571
44,0.39285714285714285
38,0.3392857142857143
36,0.32142857142857145
70,0.625
38,0.3392857142857143
33,0.29464285714285715
78,0.6964285714285714
81,0.7232142857142857
47,0.41964285714285715
41,0.36607142857142855
24,0.21428571428571427
26,0.23214285714285715
61,0.5446428571428571
10,0.08928571428571429
80,0.7142857142857143
9,0.08035714285714286
33,0.29464285714285715
37,0.33035714285714285
39,0.3482142857142857
23,0.20535714285714285
58,0.5178571428571429
81,0.7232142857142857
83,0.7410714285714286
58,0.5178571428571429
53,0.4732142857142857
86,0.7678571428571429
71,0.6339285714285714
88,0.7857142857142857
32,0.2857142857142857
95,0.8482142857142857
80,0.7142857142857143
21,0.1875
39,0.3482142857142857
13,0.11607142857142858
15,0.13392857142857142
63,0.5625
47,0.41964285714285715
1,0.008928571428571428
3,0.026785714285714284
73,0.6517857142857143
25,0.22321428571428573
34,0.30357142857142855
32,0.2857142857142857
40,0.35714285714285715
45,0.4017857142857143
30,0.26785714285714285
80,0.7142857142857143
69,0.6160714285714286
67,0.5982142857142857
66,0.5892857142857143
40,0.35714285714285715
46,0.4107142857142857
45,0.4017857142857143
87,0.7767857142857143
46,0.4107142857142857
34,0.30357142857142855
61,0.5446428571428571
102,0.9107142857142857
93,0.8303571428571429
47,0.41964285714285715
57,0.5089285714285714
58,0.5178571428571429
34,0.30357142857142855
57,0.5089285714285714
34,0.30357142857142855
29,0.25892857142857145
43,0.38392857142857145
14,0.125
75,0.6696428571428571
91,0.8125
90,0.8035714285714286
35,0.3125
17,0.15178571428571427
56,0.5
37,0.33035714285714285
68,0.6071428571428571
88,0.7857142857142857
4,0.03571428571428571
23,0.20535714285714285
63,0.5625
58,0.5178571428571429
58,0.5178571428571429
41,0.36607142857142855
88,0.7857142857142857
31,0.2767857142857143
12,0.10714285714285714
45,0.4017857142857143
55,0.49107142857142855
60,0.5357142857142857
13,0.11607142857142858
50,0.44642857142857145
71,0.6339285714285714
60,0.5357142857142857
66,0.5892857142857143
20,0.17857142857142858
80,0.7142857142857143
88,0.7857142857142857
18,0.16071428571428573
44,0.39285714285714285
62,0.5535714285714286
43,0.38392857142857145
39,0.3482142857142857
64,0.5714285714285714
61,0.5446428571428571
46,0.4107142857142857
67,0.5982142857142857
22,0.19642857142857142
97,0.8660714285714286
70,0.625
102,0.9107142857142857
92,0.8214285714285714
26,0.23214285714285715
12,0.10714285714285714
41,0.36607142857142855
94,0.8392857142857143
73,0.6517857142857143
55,0.49107142857142855
56,0.5
67,0.5982142857142857
49,0.4375
64,0.5714285714285714
29,0.25892857142857145
41,0.36607142857142855
42,0.375
56,0.5
72,0.6428571428571429
85,0.7589285714285714
88,0.7857142857142857
71,0.6339285714285714
85,0.7589285714285714
63,0.5625
87,0.7767857142857143
16,0.14285714285714285
25,0.22321428571428573
92,0.8214285714285714
58,0.5178571428571429
23,0.20535714285714285
56,0.5
22,0.19642857142857142
57,0.5089285714285714
42,0.375
13,0.11607142857142858
56,0.5
44,0.39285714285714285
20,0.17857142857142858
58,0.5178571428571429
54,0.48214285714285715
85,0.7589285714285714
92,0.8214285714285714
37,0.33035714285714285
46,0.4107142857142857
108,0.9642857142857143
21,0.1875
24,0.21428571428571427
62,0.5535714285714286
66,0.5892857142857143
