1143,0.5238313473877176
1069,0.48991750687442714
1086,0.4977085242896425
1127,0.5164986251145738
1070,0.4903758020164986
1158,0.5307057745187901
1261,0.577910174152154
1333,0.6109074243813015
1054,0.4830430797433547
1015,0.46516956920256647
1207,0.5531622364802933
1048,0.48029330889092575
1070,0.4903758020164986
1227,0.5623281393217232
1134,0.5197066911090742
1271,0.5824931255728689
954,0.43721356553620533
1161,0.5320806599450045
1073,0.4917506874427131
1229,0.5632447296058661
1082,0.49587534372135655
1114,0.5105407882676444
980,0.44912923923006415
1084,0.49679193400549954
1148,0.5261228230980751
1292,0.5921173235563703
1146,0.5252062328139322
1276,0.5847846012832264
1259,0.576993583868011
1437,0.6585701191567369
1235,0.5659945004582951
1359,0.6228230980751605
917,0.42025664527956
1118,0.5123739688359303
1038,0.47571035747021084
1142,0.5233730522456462
961,0.4404216315307058
1021,0.4679193400549954
784,0.3593033913840513
987,0.4523373052245646
848,0.38863428047662696
1031,0.4725022914757104
888,0.4069660861594867
855,0.3918423464711274
828,0.3794683776351971
999,0.45783684692942256
1106,0.5068744271310724
1086,0.4977085242896425
1015,0.46516956920256647
861,0.39459211732355637
1023,0.4688359303391384
1036,0.4747937671860678
980,0.44912923923006415
1088,0.4986251145737855
858,0.39321723189734187
765,0.35059578368469296
1025,0.4697525206232814
1079,0.49450045829514205
1162,0.532538955087076
1053,0.48258478460128323
795,0.36434463794683775
832,0.38130155820348305
792,0.3629697525206233
856,0.3923006416131989
950,0.43538038496791936
1025,0.4697525206232814
918,0.42071494042163154
866,0.39688359303391385
727,0.33318056828597614
761,0.34876260311640694
833,0.3817598533455545
892,0.40879926672777267
919,0.421173235563703
983,0.45050412465627865
1139,0.5219981668194317
1006,0.461044912923923
704,0.3226397800183318
890,0.4078826764436297
1035,0.47433547204399634
901,0.4129239230064161
843,0.3863428047662695
1086,0.4977085242896425
811,0.37167736021998166
966,0.4427131072410632
959,0.4395050412465628
1007,0.4615032080659945
847,0.38817598533455544
981,0.44958753437213567
1008,0.461961503208066
868,0.39780018331805683
906,0.4152153987167736
703,0.3221814848762603
1107,0.5073327222731439
1129,0.5174152153987168
1063,0.48716773602199814
1076,0.4931255728689276
925,0.423923006416132
1065,0.4880843263061412
1062,0.4867094408799267
1139,0.5219981668194317
898,0.41154903758020167
960,0.4399633363886343
815,0.3735105407882676
1005,0.4605866177818515
1087,0.49816681943171404
858,0.39321723189734187
939,0.4303391384051329
1171,0.5366636113657195
1114,0.5105407882676444
1109,0.5082493125572869
1030,0.47204399633363886
941,0.4312557286892759
1063,0.48716773602199814
971,0.4450045829514207
1034,0.4738771769019248
1131,0.5183318056828597
954,0.43721356553620533
1166,0.534372135655362
971,0.4450045829514207
1107,0.5073327222731439
1076,0.4931255728689276
1195,0.5476626947754354
1120,0.5132905591200734
1074,0.4922089825847846
990,0.4537121906507791
1026,0.4702108157653529
1103,0.5054995417048579
1230,0.5637030247479377
1204,0.5517873510540788
988,0.45279560036663613
1114,0.5105407882676444
1036,0.4747937671860678
1007,0.4615032080659945
978,0.44821264894592117
989,0.4532538955087076
1293,0.5925756186984418
994,0.4555453712190651
935,0.4285059578368469
1061,0.48625114573785516
1026,0.4702108157653529
1204,0.5517873510540788
1245,0.5705774518790101
1064,0.48762603116406966
1030,0.47204399633363886
863,0.39550870760769935
1033,0.47341888175985336
792,0.3629697525206233
1137,0.5210815765352887
1066,0.48854262144821264
1036,0.4747937671860678
1123,0.5146654445462878
1159,0.5311640696608616
932,0.4271310724106325
1256,0.5756186984417965
990,0.4537121906507791
1009,0.46241979835013747
1212,0.5554537121906508
1094,0.5013748854262144
1190,0.5453712190650779
1032,0.47296058661778184
754,0.34555453712190654
914,0.4188817598533456
1145,0.5247479376718607
1063,0.48716773602199814
1037,0.4752520623281393
992,0.4546287809349221
1071,0.4908340971585701
921,0.422089825847846
1287,0.5898258478460129
1198,0.5490375802016498
1092,0.5004582951420715
1113,0.5100824931255729
868,0.39780018331805683
929,0.425756186984418
1054,0.4830430797433547
973,0.4459211732355637
1010,0.462878093492209
830,0.38038496791934007
916,0.41979835013748856
863,0.39550870760769935
948,0.4344637946837763
949,0.43492208982584785
937,0.4294225481209899
1069,0.48991750687442714
1017,0.46608615948670945
916,0.41979835013748856
909,0.4165902841429881
1104,0.5059578368469294
1019,0.46700274977085243
1163,0.5329972502291476
1083,0.4963336388634281
971,0.4450045829514207
1101,0.504582951420715
991,0.4541704857928506
1038,0.47571035747021084
962,0.44087992667277726
990,0.4537121906507791
1326,0.6076993583868011
1039,0.4761686526122823
982,0.45004582951420713
1257,0.576076993583868
1104,0.5059578368469294
1259,0.576993583868011
1308,0.5994500458295142
1249,0.5724106324472961
1245,0.5705774518790101
1140,0.5224564619615032
1281,0.5870760769935839
1270,0.5820348304307974
1348,0.617781851512374
952,0.43629697525206235
953,0.4367552703941338
1078,0.4940421631530706
1008,0.461961503208066
1155,0.5293308890925756
1088,0.4986251145737855
937,0.4294225481209899
1389,0.6365719523373052
1116,0.5114573785517873
1115,0.5109990834097159
805,0.3689275893675527
1077,0.49358386801099907
929,0.425756186984418
893,0.4092575618698442
1159,0.5311640696608616
977,0.4477543538038497
916,0.41979835013748856
1123,0.5146654445462878
1162,0.532538955087076
1230,0.5637030247479377
1235,0.5659945004582951
1007,0.4615032080659945
1031,0.4725022914757104
1208,0.5536205316223648
1292,0.5921173235563703
1284,0.5884509624197983
1130,0.5178735105407882
1259,0.576993583868011
1101,0.504582951420715
1099,0.5036663611365719
1170,0.536205316223648
1235,0.5659945004582951
1166,0.534372135655362
1305,0.5980751604032998
1030,0.47204399633363886
1167,0.5348304307974335
1084,0.49679193400549954
1266,0.5802016498625114
972,0.4454628780934922
934,0.42804766269477545
929,0.425756186984418
1054,0.4830430797433547
1070,0.4903758020164986
998,0.45737855178735104
1052,0.4821264894592117
1174,0.538038496791934
1033,0.47341888175985336
1100,0.5041246562786434
1173,0.5375802016498625
1129,0.5174152153987168
1238,0.5673693858845096
1291,0.5916590284142988
1170,0.536205316223648
1215,0.5568285976168652
869,0.3982584784601283
895,0.41017415215398717
961,0.4404216315307058
920,0.4216315307057745
912,0.41796516956920254
1030,0.47204399633363886
945,0.4330889092575619
1066,0.48854262144821264
1085,0.49725022914757105
1018,0.4665444546287809
903,0.4138405132905591
1328,0.608615948670944
1072,0.4912923923006416
1247,0.571494042163153
1041,0.4770852428964253
955,0.4376718606782768
1137,0.5210815765352887
1207,0.5531622364802933
920,0.4216315307057745
1020,0.4674610449129239
1040,0.4766269477543538
1030,0.47204399633363886
1169,0.5357470210815766
1060,0.4857928505957837
1152,0.5279560036663611
1011,0.46333638863428045
956,0.4381301558203483
1113,0.5100824931255729
968,0.44362969752520626
1144,0.5242896425297892
1135,0.5201649862511457
1010,0.462878093492209
1153,0.5284142988084326
1226,0.5618698441796517
1201,0.5504124656278644
1224,0.5609532538955087
1116,0.5114573785517873
1014,0.46471127406049495
1277,0.5852428964252979
1341,0.6145737855178736
1149,0.5265811182401466
1171,0.5366636113657195
1082,0.49587534372135655
1268,0.5811182401466545
1153,0.5284142988084326
1300,0.5957836846929423
1096,0.5022914757103575
1170,0.536205316223648
1280,0.5866177818515124
1188,0.5444546287809349
1323,0.6063244729605867
1303,0.5971585701191567
1185,0.5430797433547204
1207,0.5531622364802933
1072,0.4912923923006416
1213,0.5559120073327223
973,0.4459211732355637
1115,0.5109990834097159
960,0.4399633363886343
1152,0.5279560036663611
1170,0.536205316223648
1179,0.5403299725022914
1116,0.5114573785517873
1213,0.5559120073327223
1090,0.4995417048579285
1250,0.5728689275893676
1111,0.5091659028414299
1291,0.5916590284142988
950,0.43538038496791936
1133,0.5192483959670028
1167,0.5348304307974335
1138,0.5215398716773603
940,0.4307974335472044
1022,0.46837763519706693
956,0.4381301558203483
1033,0.47341888175985336
1373,0.6292392300641613
1064,0.48762603116406966
1148,0.5261228230980751
1257,0.576076993583868
1008,0.461961503208066
1274,0.5838680109990834
888,0.4069660861594867
1076,0.4931255728689276
989,0.4532538955087076
1086,0.4977085242896425
937,0.4294225481209899
1192,0.5462878093492209
1091,0.5
1047,0.4798350137488543
962,0.44087992667277726
1072,0.4912923923006416
1053,0.48258478460128323
1041,0.4770852428964253
1110,0.5087076076993584
1061,0.48625114573785516
1342,0.615032080659945
1176,0.538955087076077
1106,0.5068744271310724
1257,0.576076993583868
1025,0.4697525206232814
1064,0.48762603116406966
1092,0.5004582951420715
1157,0.5302474793767186
1174,0.538038496791934
1303,0.5971585701191567
1190,0.5453712190650779
1156,0.5297891842346472
1088,0.4986251145737855
1167,0.5348304307974335
1278,0.5857011915673694
1405,0.6439046746104491
937,0.4294225481209899
1105,0.5064161319890009
796,0.36480293308890926
873,0.4000916590284143
806,0.3693858845096242
1058,0.4848762603116407
849,0.3890925756186984
700,0.3208065994500458
1211,0.5549954170485792
1315,0.6026581118240146
1083,0.4963336388634281
1125,0.5155820348304307
1144,0.5242896425297892
1132,0.5187901008249313
838,0.384051329055912
1057,0.4844179651695692
655,0.3001833180568286
1076,0.4931255728689276
919,0.421173235563703
1043,0.47800183318056827
1214,0.5563703024747938
1251,0.5733272227314391
1095,0.501833180568286
1064,0.48762603116406966
1073,0.4917506874427131
1039,0.4761686526122823
880,0.4032997250229148
817,0.37442713107241066
832,0.38130155820348305
1125,0.5155820348304307
973,0.4459211732355637
1393,0.6384051329055912
1261,0.577910174152154
1023,0.4688359303391384
1060,0.4857928505957837
800,0.36663611365719523
827,0.37901008249312557
1356,0.6214482126489459
1297,0.5944087992667277
964,0.44179651695692024
1011,0.46333638863428045
989,0.4532538955087076
1166,0.534372135655362
1047,0.4798350137488543
1243,0.5696608615948671
1135,0.5201649862511457
1196,0.5481209899175069
894,0.40971585701191565
1300,0.5957836846929423
805,0.3689275893675527
957,0.4385884509624198
1059,0.4853345554537122
1166,0.534372135655362
1325,0.6072410632447296
1115,0.5109990834097159
1009,0.46241979835013747
1200,0.5499541704857929
1148,0.5261228230980751
844,0.386801099908341
819,0.37534372135655364
1219,0.5586617781851513
1191,0.5458295142071494
846,0.387717690192484
910,0.41704857928505956
1089,0.499083409715857
972,0.4454628780934922
1196,0.5481209899175069
1003,0.4596700274977085
1000,0.458295142071494
1105,0.5064161319890009
1118,0.5123739688359303
952,0.43629697525206235
849,0.3890925756186984
950,0.43538038496791936
1207,0.5531622364802933
1196,0.5481209899175069
1173,0.5375802016498625
1125,0.5155820348304307
1216,0.5572868927589367
1121,0.5137488542621448
1014,0.46471127406049495
1135,0.5201649862511457
1194,0.5472043996333639
1199,0.5494958753437214
894,0.40971585701191565
1099,0.5036663611365719
1399,0.6411549037580202
1222,0.5600366636113657
989,0.4532538955087076
889,0.4074243813015582
1120,0.5132905591200734
1202,0.5508707607699358
922,0.4225481209899175
851,0.3900091659028414
974,0.4463794683776352
890,0.4078826764436297
1023,0.4688359303391384
1070,0.4903758020164986
717,0.32859761686526123
772,0.3538038496791934
968,0.44362969752520626
1107,0.5073327222731439
934,0.42804766269477545
1125,0.5155820348304307
1211,0.5549954170485792
1171,0.5366636113657195
897,0.41109074243813015
919,0.421173235563703
1003,0.4596700274977085
1115,0.5109990834097159
863,0.39550870760769935
1140,0.5224564619615032
1031,0.4725022914757104
940,0.4307974335472044
1053,0.48258478460128323
797,0.36526122823098073
999,0.45783684692942256
956,0.4381301558203483
972,0.4454628780934922
944,0.43263061411549036
1212,0.5554537121906508
1052,0.4821264894592117
988,0.45279560036663613
926,0.42438130155820347
1117,0.5119156736938588
1219,0.5586617781851513
906,0.4152153987167736
1076,0.4931255728689276
1100,0.5041246562786434
896,0.4106324472960587
983,0.45050412465627865
745,0.34142988084326303
827,0.37901008249312557
931,0.42667277726856095
831,0.38084326306141153
776,0.3556370302474794
985,0.45142071494042163
1081,0.49541704857928504
1060,0.4857928505957837
1093,0.500916590284143
1184,0.5426214482126489
1158,0.5307057745187901
976,0.4472960586617782
1118,0.5123739688359303
1137,0.5210815765352887
1235,0.5659945004582951
1183,0.5421631530705775
1056,0.48395967002749773
1199,0.5494958753437214
1460,0.6691109074243813
977,0.4477543538038497
1136,0.5206232813932172
1111,0.5091659028414299
1089,0.499083409715857
1028,0.4711274060494959
980,0.44912923923006415
1133,0.5192483959670028
1247,0.571494042163153
1001,0.45875343721356554
1041,0.4770852428964253
988,0.45279560036663613
1084,0.49679193400549954
1185,0.5430797433547204
812,0.3721356553620532
1180,0.5407882676443629
1170,0.536205316223648
1009,0.46241979835013747
1016,0.46562786434463793
892,0.40879926672777267
1160,0.5316223648029331
943,0.4321723189734189
851,0.3900091659028414
1016,0.46562786434463793
1282,0.5875343721356554
920,0.4216315307057745
954,0.43721356553620533
964,0.44179651695692024
1297,0.5944087992667277
1131,0.5183318056828597
1190,0.5453712190650779
729,0.3340971585701192
1139,0.5219981668194317
893,0.4092575618698442
857,0.3927589367552704
1086,0.4977085242896425
1187,0.5439963336388635
1353,0.6200733272227315
1395,0.6393217231897342
939,0.4303391384051329
1186,0.5435380384967919
1053,0.48258478460128323
939,0.4303391384051329
955,0.4376718606782768
1282,0.5875343721356554
1162,0.532538955087076
1273,0.583409715857012
891,0.4083409715857012
985,0.45142071494042163
933,0.42758936755270394
1001,0.45875343721356554
875,0.4010082493125573
1164,0.5334555453712191
986,0.45187901008249315
1222,0.5600366636113657
835,0.38267644362969755
892,0.40879926672777267
919,0.421173235563703
1039,0.4761686526122823
1012,0.46379468377635197
981,0.44958753437213567
1047,0.4798350137488543
1134,0.5197066911090742
781,0.3579285059578369
1057,0.4844179651695692
788,0.3611365719523373
1091,0.5
1186,0.5435380384967919
1167,0.5348304307974335
1205,0.5522456461961504
1435,0.657653528872594
1022,0.46837763519706693
1048,0.48029330889092575
1061,0.48625114573785516
1084,0.49679193400549954
1022,0.46837763519706693
1298,0.5948670944087993
1099,0.5036663611365719
1348,0.617781851512374
1018,0.4665444546287809
900,0.41246562786434465
979,0.4486709440879927
983,0.45050412465627865
983,0.45050412465627865
1299,0.5953253895508708
749,0.34326306141154905
1065,0.4880843263061412
1117,0.5119156736938588
1324,0.6067827681026581
806,0.3693858845096242
881,0.40375802016498624
1150,0.5270394133822182
1103,0.5054995417048579
1063,0.48716773602199814
1090,0.4995417048579285
1147,0.5256645279560037
1172,0.537121906507791
964,0.44179651695692024
1054,0.4830430797433547
1162,0.532538955087076
961,0.4404216315307058
893,0.4092575618698442
1158,0.5307057745187901
1324,0.6067827681026581
1306,0.5985334555453712
1266,0.5802016498625114
1135,0.5201649862511457
1052,0.4821264894592117
1101,0.504582951420715
1144,0.5242896425297892
922,0.4225481209899175
964,0.44179651695692024
1051,0.48166819431714025
1111,0.5091659028414299
1180,0.5407882676443629
1324,0.6067827681026581
1270,0.5820348304307974
1242,0.5692025664527957
872,0.3996333638863428
1242,0.5692025664527957
1096,0.5022914757103575
1389,0.6365719523373052
1066,0.48854262144821264
1150,0.5270394133822182
1173,0.5375802016498625
1219,0.5586617781851513
1072,0.4912923923006416
1111,0.5091659028414299
1219,0.5586617781851513
916,0.41979835013748856
1008,0.461961503208066
1161,0.5320806599450045
1323,0.6063244729605867
1172,0.537121906507791
1298,0.5948670944087993
1109,0.5082493125572869
1273,0.583409715857012
1118,0.5123739688359303
926,0.42438130155820347
1026,0.4702108157653529
1106,0.5068744271310724
1097,0.502749770852429
1238,0.5673693858845096
1023,0.4688359303391384
1374,0.6296975252062328
1206,0.5527039413382218
1052,0.4821264894592117
1365,0.6255728689275893
1084,0.49679193400549954
839,0.3845096241979835
1172,0.537121906507791
1140,0.5224564619615032
1104,0.5059578368469294
882,0.40421631530705776
1025,0.4697525206232814
945,0.4330889092575619
746,0.34188817598533455
848,0.38863428047662696
1074,0.4922089825847846
1109,0.5082493125572869
1061,0.48625114573785516
1214,0.5563703024747938
1192,0.5462878093492209
1077,0.49358386801099907
990,0.4537121906507791
1206,0.5527039413382218
1055,0.4835013748854262
1105,0.5064161319890009
785,0.35976168652612284
1236,0.5664527956003667
1082,0.49587534372135655
1166,0.534372135655362
1400,0.6416131989000916
1191,0.5458295142071494
1148,0.5261228230980751
1166,0.534372135655362
1091,0.5
1108,0.5077910174152154
1053,0.48258478460128323
1389,0.6365719523373052
1097,0.502749770852429
1341,0.6145737855178736
1230,0.5637030247479377
1106,0.5068744271310724
1210,0.5545371219065078
1311,0.6008249312557287
1289,0.5907424381301558
1119,0.5128322639780019
1406,0.6443629697525206
1372,0.6287809349220899
1024,0.4692942254812099
1143,0.5238313473877176
1154,0.5288725939505041
1141,0.5229147571035747
1200,0.5499541704857929
1236,0.5664527956003667
1314,0.6021998166819432
1170,0.536205316223648
1141,0.5229147571035747
1173,0.5375802016498625
1124,0.5151237396883593
1332,0.6104491292392301
1240,0.5682859761686526
1107,0.5073327222731439
1219,0.5586617781851513
1204,0.5517873510540788
1383,0.6338221814848762
1152,0.5279560036663611
902,0.41338221814848763
1241,0.5687442713107241
956,0.4381301558203483
1162,0.532538955087076
1197,0.5485792850595783
1446,0.6626947754353804
1007,0.4615032080659945
1271,0.5824931255728689
1080,0.49495875343721357
956,0.4381301558203483
931,0.42667277726856095
1057,0.4844179651695692
1104,0.5059578368469294
966,0.4427131072410632
1033,0.47341888175985336
1261,0.577910174152154
1297,0.5944087992667277
1265,0.5797433547204399
946,0.43354720439963335
1173,0.5375802016498625
1091,0.5
1100,0.5041246562786434
1054,0.4830430797433547
867,0.3973418881759853
1101,0.504582951420715
1218,0.5582034830430798
1069,0.48991750687442714
1075,0.4926672777268561
1076,0.4931255728689276
1279,0.5861594867094408
955,0.4376718606782768
1076,0.4931255728689276
1158,0.5307057745187901
913,0.41842346471127406
1254,0.5747021081576535
1059,0.4853345554537122
1116,0.5114573785517873
1331,0.6099908340971586
1268,0.5811182401466545
1215,0.5568285976168652
1391,0.6374885426214482
962,0.44087992667277726
1029,0.4715857011915674
1190,0.5453712190650779
1224,0.5609532538955087
1303,0.5971585701191567
951,0.43583868010999083
1268,0.5811182401466545
1428,0.6544454628780935
1091,0.5
1291,0.5916590284142988
1251,0.5733272227314391
1232,0.5646196150320807
1210,0.5545371219065078
1159,0.5311640696608616
1160,0.5316223648029331
1098,0.5032080659945004
994,0.4555453712190651
1128,0.5169569202566453
1014,0.46471127406049495
908,0.4161319890009166
983,0.45050412465627865
1145,0.5247479376718607
1313,0.6017415215398717
998,0.45737855178735104
1362,0.6241979835013749
1328,0.608615948670944
961,0.4404216315307058
1289,0.5907424381301558
1212,0.5554537121906508
1188,0.5444546287809349
1253,0.574243813015582
1190,0.5453712190650779
1388,0.6361136571952337
1057,0.4844179651695692
1036,0.4747937671860678
1025,0.4697525206232814
1061,0.48625114573785516
1085,0.49725022914757105
1384,0.6342804766269478
1303,0.5971585701191567
992,0.4546287809349221
1252,0.5737855178735105
1024,0.4692942254812099
1135,0.5201649862511457
1067,0.48900091659028416
1340,0.614115490375802
1151,0.5274977085242897
1217,0.5577451879010082
1345,0.6164069660861595
1073,0.4917506874427131
997,0.4569202566452796
1204,0.5517873510540788
1085,0.49725022914757105
939,0.4303391384051329
1252,0.5737855178735105
1223,0.5604949587534372
1041,0.4770852428964253
926,0.42438130155820347
1166,0.534372135655362
1112,0.5096241979835013
1087,0.49816681943171404
1047,0.4798350137488543
986,0.45187901008249315
1204,0.5517873510540788
860,0.39413382218148485
1033,0.47341888175985336
1173,0.5375802016498625
1217,0.5577451879010082
905,0.41475710357470214
1193,0.5467461044912924
1096,0.5022914757103575
1087,0.49816681943171404
1277,0.5852428964252979
1148,0.5261228230980751
1158,0.5307057745187901
1050,0.48120989917506873
1292,0.5921173235563703
1425,0.653070577451879
1000,0.458295142071494
1133,0.5192483959670028
1346,0.6168652612282309
1231,0.5641613198900092
1201,0.5504124656278644
1118,0.5123739688359303
1295,0.5934922089825848
945,0.4330889092575619
1049,0.48075160403299727
1254,0.5747021081576535
1249,0.5724106324472961
1142,0.5233730522456462
1187,0.5439963336388635
1374,0.6296975252062328
1492,0.6837763519706691
988,0.45279560036663613
1119,0.5128322639780019
1239,0.5678276810265811
1161,0.5320806599450045
814,0.37305224564619616
1155,0.5293308890925756
1332,0.6104491292392301
1120,0.5132905591200734
873,0.4000916590284143
1092,0.5004582951420715
930,0.42621448212648944
1107,0.5073327222731439
886,0.4060494958753437
1007,0.4615032080659945
1056,0.48395967002749773
1234,0.5655362053162236
1354,0.620531622364803
903,0.4138405132905591
1149,0.5265811182401466
994,0.4555453712190651
1168,0.535288725939505
1152,0.5279560036663611
1089,0.499083409715857
1023,0.4688359303391384
1028,0.4711274060494959
928,0.42529789184234645
1014,0.46471127406049495
789,0.3615948670944088
1058,0.4848762603116407
1108,0.5077910174152154
921,0.422089825847846
1027,0.47066911090742436
1020,0.4674610449129239
1189,0.5449129239230064
1005,0.4605866177818515
1044,0.4784601283226398
1165,0.5339138405132906
1266,0.5802016498625114
922,0.4225481209899175
1175,0.5384967919340055
1096,0.5022914757103575
1156,0.5297891842346472
1126,0.5160403299725023
1119,0.5128322639780019
1180,0.5407882676443629
1220,0.5591200733272227
1236,0.5664527956003667
1287,0.5898258478460129
1051,0.48166819431714025
1230,0.5637030247479377
1191,0.5458295142071494
1360,0.6232813932172319
1163,0.5329972502291476
1340,0.614115490375802
978,0.44821264894592117
929,0.425756186984418
1024,0.4692942254812099
1012,0.46379468377635197
985,0.45142071494042163
1036,0.4747937671860678
944,0.43263061411549036
938,0.4298808432630614
902,0.41338221814848763
1031,0.4725022914757104
1142,0.5233730522456462
1237,0.5669110907424382
1187,0.5439963336388635
1073,0.4917506874427131
1074,0.4922089825847846
1009,0.46241979835013747
920,0.4216315307057745
1097,0.502749770852429
1150,0.5270394133822182
1130,0.5178735105407882
1276,0.5847846012832264
965,0.44225481209899176
1249,0.5724106324472961
1141,0.5229147571035747
1207,0.5531622364802933
1342,0.615032080659945
1181,0.5412465627864345
1156,0.5297891842346472
975,0.44683776351970667
899,0.41200733272227313
955,0.4376718606782768
891,0.4083409715857012
840,0.384967919340055
1086,0.4977085242896425
1159,0.5311640696608616
1271,0.5824931255728689
956,0.4381301558203483
1169,0.5357470210815766
961,0.4404216315307058
1039,0.4761686526122823
1251,0.5733272227314391
1323,0.6063244729605867
1072,0.4912923923006416
948,0.4344637946837763
1155,0.5293308890925756
1268,0.5811182401466545
1127,0.5164986251145738
1306,0.5985334555453712
1122,0.5142071494042163
1059,0.4853345554537122
1226,0.5618698441796517
1025,0.4697525206232814
1035,0.47433547204399634
1180,0.5407882676443629
1101,0.504582951420715
1078,0.4940421631530706
1205,0.5522456461961504
1367,0.6264894592117324
1210,0.5545371219065078
1329,0.6090742438130156
997,0.4569202566452796
1136,0.5206232813932172
1205,0.5522456461961504
1257,0.576076993583868
1450,0.6645279560036663
1528,0.7002749770852429
1178,0.53987167736022
1327,0.6081576535288726
1217,0.5577451879010082
1299,0.5953253895508708
1242,0.5692025664527957
1206,0.5527039413382218
1244,0.5701191567369386
1286,0.5893675527039414
1153,0.5284142988084326
1512,0.692942254812099
898,0.41154903758020167
880,0.4032997250229148
964,0.44179651695692024
1143,0.5238313473877176
1277,0.5852428964252979
1265,0.5797433547204399
1000,0.458295142071494
1013,0.4642529789184235
1054,0.4830430797433547
1035,0.47433547204399634
906,0.4152153987167736
1214,0.5563703024747938
1160,0.5316223648029331
1279,0.5861594867094408
1023,0.4688359303391384
1166,0.534372135655362
1180,0.5407882676443629
1186,0.5435380384967919
1158,0.5307057745187901
1234,0.5655362053162236
1432,0.6562786434463794
1448,0.6636113657195234
1149,0.5265811182401466
1307,0.5989917506874427
798,0.36571952337305225
1154,0.5288725939505041
973,0.4459211732355637
983,0.45050412465627865
1131,0.5183318056828597
874,0.4005499541704858
756,0.3464711274060495
777,0.35609532538955085
781,0.3579285059578369
913,0.41842346471127406
873,0.4000916590284143
1081,0.49541704857928504
947,0.43400549954170486
946,0.43354720439963335
728,0.33363886342804766
830,0.38038496791934007
836,0.383134738771769
1213,0.5559120073327223
1028,0.4711274060494959
946,0.43354720439963335
893,0.4092575618698442
1036,0.4747937671860678
891,0.4083409715857012
1182,0.541704857928506
924,0.4234647112740605
780,0.35747021081576535
1091,0.5
1159,0.5311640696608616
812,0.3721356553620532
1297,0.5944087992667277
710,0.32538955087076077
987,0.4523373052245646
1127,0.5164986251145738
1023,0.4688359303391384
1024,0.4692942254812099
1023,0.4688359303391384
1081,0.49541704857928504
944,0.43263061411549036
1069,0.48991750687442714
1030,0.47204399633363886
1088,0.4986251145737855
1206,0.5527039413382218
918,0.42071494042163154
1049,0.48075160403299727
1295,0.5934922089825848
1107,0.5073327222731439
1097,0.502749770852429
1195,0.5476626947754354
885,0.4055912007332722
1162,0.532538955087076
1064,0.48762603116406966
1237,0.5669110907424382
867,0.3973418881759853
884,0.40513290559120074
982,0.45004582951420713
1024,0.4692942254812099
1011,0.46333638863428045
963,0.4413382218148488
935,0.4285059578368469
873,0.4000916590284143
885,0.4055912007332722
920,0.4216315307057745
1019,0.46700274977085243
1039,0.4761686526122823
765,0.35059578368469296
965,0.44225481209899176
1079,0.49450045829514205
868,0.39780018331805683
1121,0.5137488542621448
827,0.37901008249312557
1014,0.46471127406049495
1035,0.47433547204399634
933,0.42758936755270394
1123,0.5146654445462878
973,0.4459211732355637
1248,0.5719523373052245
958,0.4390467461044913
1115,0.5109990834097159
1198,0.5490375802016498
1384,0.6342804766269478
1161,0.5320806599450045
1243,0.5696608615948671
1326,0.6076993583868011
1389,0.6365719523373052
1406,0.6443629697525206
1384,0.6342804766269478
1087,0.49816681943171404
1090,0.4995417048579285
1060,0.4857928505957837
1249,0.5724106324472961
1149,0.5265811182401466
975,0.44683776351970667
975,0.44683776351970667
1214,0.5563703024747938
1106,0.5068744271310724
1401,0.6420714940421631
1269,0.581576535288726
1264,0.5792850595783685
1006,0.461044912923923
1119,0.5128322639780019
1276,0.5847846012832264
1156,0.5297891842346472
969,0.4440879926672777
1311,0.6008249312557287
1086,0.4977085242896425
1339,0.6136571952337305
1186,0.5435380384967919
1387,0.6356553620531622
1127,0.5164986251145738
1199,0.5494958753437214
1134,0.5197066911090742
1167,0.5348304307974335
983,0.45050412465627865
949,0.43492208982584785
1097,0.502749770852429
818,0.3748854262144821
1043,0.47800183318056827
1045,0.47891842346471125
1075,0.4926672777268561
1175,0.5384967919340055
1177,0.5394133822181485
1314,0.6021998166819432
1325,0.6072410632447296
1100,0.5041246562786434
972,0.4454628780934922
999,0.45783684692942256
1105,0.5064161319890009
873,0.4000916590284143
1066,0.48854262144821264
1332,0.6104491292392301
1383,0.6338221814848762
