81,0.7232142857142857
100,0.8928571428571429
48,0.42857142857142855
45,0.4017857142857143
36,0.32142857142857145
44,0.39285714285714285
94,0.8392857142857143
89,0.7946428571428571
50,0.44642857142857145
64,0.5714285714285714
76,0.6785714285714286
64,0.5714285714285714
71,0.6339285714285714
50,0.44642857142857145
35,0.3125
53,0.4732142857142857
62,0.5535714285714286
40,0.35714285714285715
70,0.625
99,0.8839285714285714
31,0.2767857142857143
43,0.38392857142857145
28,0.25
32,0.2857142857142857
11,0.09821428571428571
80,0.7142857142857143
57,0.5089285714285714
51,0.45535714285714285
26,0.23214285714285715
79,0.7053571428571429
67,0.5982142857142857
51,0.45535714285714285
57,0.5089285714285714
73,0.6517857142857143
32,0.2857142857142857
54,0.48214285714285715
48,0.42857142857142855
54,0.48214285714285715
61,0.5446428571428571
60,0.5357142857142857
21,0.1875
18,0.16071428571428573
37,0.33035714285714285
23,0.20535714285714285
68,0.6071428571428571
55,0.49107142857142855
63,0.5625
61,0.5446428571428571
41,0.36607142857142855
51,0.45535714285714285
33,0.29464285714285715
47,0.41964285714285715
45,0.4017857142857143
84,0.75
27,0.24107142857142858
36,0.32142857142857145
96,0.8571428571428571
21,0.1875
54,0.48214285714285715
50,0.44642857142857145
66,0.5892857142857143
67,0.5982142857142857
36,0.32142857142857145
57,0.5089285714285714
82,0.7321428571428571
63,0.5625
11,0.09821428571428571
24,0.21428571428571427
74,0.6607142857142857
98,0.875
60,0.5357142857142857
41,0.36607142857142855
62,0.5535714285714286
38,0.3392857142857143
94,0.8392857142857143
42,0.375
61,0.5446428571428571
43,0.38392857142857145
37,0.33035714285714285
77,0.6875
10,0.08928571428571429
18,0.16071428571428573
15,0.13392857142857142
84,0.75
29,0.25892857142857145
28,0.25
66,0.5892857142857143
35,0.3125
60,0.5357142857142857
25,0.22321428571428573
84,0.75
64,0.5714285714285714
54,0.48214285714285715
81,0.7232142857142857
64,0.5714285714285714
26,0.23214285714285715
43,0.38392857142857145
68,0.6071428571428571
83,0.7410714285714286
76,0.6785714285714286
30,0.26785714285714285
67,0.5982142857142857
75,0.6696428571428571
48,0.42857142857142855
32,0.2857142857142857
26,0.23214285714285715
45,0.4017857142857143
55,0.49107142857142855
47,0.41964285714285715
69,0.6160714285714286
64,0.5714285714285714
99,0.8839285714285714
22,0.19642857142857142
84,0.75
66,0.5892857142857143
31,0.2767857142857143
56,0.5
56,0.5
26,0.23214285714285715
78,0.6964285714285714
26,0.23214285714285715
71,0.6339285714285714
55,0.49107142857142855
61,0.5446428571428571
14,0.125
35,0.3125
63,0.5625
30,0.26785714285714285
74,0.6607142857142857
69,0.6160714285714286
28,0.25
57,0.5089285714285714
34,0.30357142857142855
47,0.41964285714285715
44,0.39285714285714285
37,0.33035714285714285
89,0.7946428571428571
32,0.2857142857142857
59,0.5267857142857143
64,0.5714285714285714
95,0.8482142857142857
49,0.4375
38,0.3392857142857143
57,0.5089285714285714
61,0.5446428571428571
85,0.7589285714285714
67,0.5982142857142857
47,0.41964285714285715
74,0.6607142857142857
44,0.39285714285714285
58,0.5178571428571429
58,0.5178571428571429
53,0.4732142857142857
95,0.8482142857142857
82,0.7321428571428571
52,0.4642857142857143
96,0.8571428571428571
74,0.6607142857142857
92,0.8214285714285714
34,0.30357142857142855
26,0.23214285714285715
57,0.5089285714285714
71,0.6339285714285714
72,0.6428571428571429
57,0.5089285714285714
20,0.17857142857142858
33,0.29464285714285715
33,0.29464285714285715
48,0.42857142857142855
52,0.4642857142857143
94,0.8392857142857143
64,0.5714285714285714
70,0.625
21,0.1875
38,0.3392857142857143
64,0.5714285714285714
27,0.24107142857142858
48,0.42857142857142855
51,0.45535714285714285
49,0.4375
59,0.5267857142857143
58,0.5178571428571429
94,0.8392857142857143
69,0.6160714285714286
67,0.5982142857142857
53,0.4732142857142857
80,0.7142857142857143
68,0.6071428571428571
17,0.15178571428571427
37,0.33035714285714285
48,0.42857142857142855
71,0.6339285714285714
75,0.6696428571428571
48,0.42857142857142855
48,0.42857142857142855
56,0.5
75,0.6696428571428571
39,0.3482142857142857
55,0.49107142857142855
77,0.6875
67,0.5982142857142857
78,0.6964285714285714
42,0.375
81,0.7232142857142857
36,0.32142857142857145
48,0.42857142857142855
73,0.6517857142857143
50,0.44642857142857145
58,0.5178571428571429
61,0.5446428571428571
57,0.5089285714285714
20,0.17857142857142858
83,0.7410714285714286
49,0.4375
66,0.5892857142857143
70,0.625
85,0.7589285714285714
64,0.5714285714285714
53,0.4732142857142857
68,0.6071428571428571
72,0.6428571428571429
83,0.7410714285714286
57,0.5089285714285714
65,0.5803571428571429
6,0.05357142857142857
21,0.1875
69,0.6160714285714286
47,0.41964285714285715
52,0.4642857142857143
59,0.5267857142857143
44,0.39285714285714285
34,0.30357142857142855
73,0.6517857142857143
70,0.625
61,0.5446428571428571
77,0.6875
70,0.625
71,0.6339285714285714
48,0.42857142857142855
42,0.375
84,0.75
56,0.5
68,0.6071428571428571
91,0.8125
51,0.45535714285714285
60,0.5357142857142857
69,0.6160714285714286
49,0.4375
51,0.45535714285714285
61,0.5446428571428571
38,0.3392857142857143
20,0.17857142857142858
57,0.5089285714285714
30,0.26785714285714285
69,0.6160714285714286
51,0.45535714285714285
50,0.44642857142857145
28,0.25
45,0.4017857142857143
23,0.20535714285714285
53,0.4732142857142857
88,0.7857142857142857
63,0.5625
55,0.49107142857142855
59,0.5267857142857143
47,0.41964285714285715
42,0.375
84,0.75
43,0.38392857142857145
68,0.6071428571428571
67,0.5982142857142857
35,0.3125
56,0.5
73,0.6517857142857143
21,0.1875
79,0.7053571428571429
62,0.5535714285714286
46,0.4107142857142857
81,0.7232142857142857
69,0.6160714285714286
102,0.9107142857142857
68,0.6071428571428571
42,0.375
63,0.5625
33,0.29464285714285715
46,0.4107142857142857
57,0.5089285714285714
39,0.3482142857142857
37,0.33035714285714285
68,0.6071428571428571
39,0.3482142857142857
73,0.6517857142857143
63,0.5625
48,0.42857142857142855
50,0.44642857142857145
18,0.16071428571428573
31,0.2767857142857143
38,0.3392857142857143
32,0.2857142857142857
59,0.5267857142857143
42,0.375
56,0.5
57,0.5089285714285714
68,0.6071428571428571
47,0.41964285714285715
59,0.5267857142857143
57,0.5089285714285714
59,0.5267857142857143
63,0.5625
64,0.5714285714285714
29,0.25892857142857145
54,0.48214285714285715
42,0.375
61,0.5446428571428571
61,0.5446428571428571
64,0.5714285714285714
33,0.29464285714285715
64,0.5714285714285714
52,0.4642857142857143
74,0.6607142857142857
51,0.45535714285714285
53,0.4732142857142857
32,0.2857142857142857
59,0.5267857142857143
22,0.19642857142857142
63,0.5625
42,0.375
66,0.5892857142857143
54,0.48214285714285715
43,0.38392857142857145
65,0.5803571428571429
45,0.4017857142857143
58,0.5178571428571429
85,0.7589285714285714
88,0.7857142857142857
68,0.6071428571428571
36,0.32142857142857145
59,0.5267857142857143
23,0.20535714285714285
44,0.39285714285714285
95,0.8482142857142857
50,0.44642857142857145
69,0.6160714285714286
44,0.39285714285714285
16,0.14285714285714285
93,0.8303571428571429
78,0.6964285714285714
56,0.5
36,0.32142857142857145
43,0.38392857142857145
12,0.10714285714285714
43,0.38392857142857145
78,0.6964285714285714
78,0.6964285714285714
17,0.15178571428571427
46,0.4107142857142857
49,0.4375
43,0.38392857142857145
83,0.7410714285714286
62,0.5535714285714286
73,0.6517857142857143
73,0.6517857142857143
70,0.625
42,0.375
60,0.5357142857142857
82,0.7321428571428571
86,0.7678571428571429
41,0.36607142857142855
34,0.30357142857142855
54,0.48214285714285715
92,0.8214285714285714
56,0.5
42,0.375
85,0.7589285714285714
84,0.75
76,0.6785714285714286
57,0.5089285714285714
31,0.2767857142857143
79,0.7053571428571429
36,0.32142857142857145
16,0.14285714285714285
43,0.38392857142857145
50,0.44642857142857145
46,0.4107142857142857
60,0.5357142857142857
51,0.45535714285714285
47,0.41964285714285715
71,0.6339285714285714
74,0.6607142857142857
88,0.7857142857142857
58,0.5178571428571429
80,0.7142857142857143
71,0.6339285714285714
28,0.25
75,0.6696428571428571
27,0.24107142857142858
83,0.7410714285714286
49,0.4375
49,0.4375
58,0.5178571428571429
38,0.3392857142857143
65,0.5803571428571429
53,0.4732142857142857
34,0.30357142857142855
67,0.5982142857142857
54,0.48214285714285715
75,0.6696428571428571
81,0.7232142857142857
93,0.8303571428571429
60,0.5357142857142857
66,0.5892857142857143
34,0.30357142857142855
71,0.6339285714285714
92,0.8214285714285714
79,0.7053571428571429
83,0.7410714285714286
71,0.6339285714285714
62,0.5535714285714286
54,0.48214285714285715
36,0.32142857142857145
11,0.09821428571428571
79,0.7053571428571429
65,0.5803571428571429
47,0.41964285714285715
53,0.4732142857142857
38,0.3392857142857143
51,0.45535714285714285
28,0.25
76,0.6785714285714286
37,0.33035714285714285
66,0.5892857142857143
80,0.7142857142857143
48,0.42857142857142855
19,0.16964285714285715
76,0.6785714285714286
77,0.6875
50,0.44642857142857145
90,0.8035714285714286
29,0.25892857142857145
9,0.08035714285714286
89,0.7946428571428571
30,0.26785714285714285
68,0.6071428571428571
64,0.5714285714285714
91,0.8125
19,0.16964285714285715
69,0.6160714285714286
28,0.25
46,0.4107142857142857
63,0.5625
84,0.75
98,0.875
89,0.7946428571428571
39,0.3482142857142857
71,0.6339285714285714
41,0.36607142857142855
20,0.17857142857142858
84,0.75
46,0.4107142857142857
78,0.6964285714285714
54,0.48214285714285715
38,0.3392857142857143
85,0.7589285714285714
66,0.5892857142857143
41,0.36607142857142855
65,0.5803571428571429
31,0.2767857142857143
77,0.6875
12,0.10714285714285714
13,0.11607142857142858
10,0.08928571428571429
80,0.7142857142857143
49,0.4375
14,0.125
55,0.49107142857142855
4,0.03571428571428571
51,0.45535714285714285
66,0.5892857142857143
36,0.32142857142857145
50,0.44642857142857145
67,0.5982142857142857
67,0.5982142857142857
41,0.36607142857142855
57,0.5089285714285714
88,0.7857142857142857
55,0.49107142857142855
7,0.0625
72,0.6428571428571429
72,0.6428571428571429
56,0.5
28,0.25
10,0.08928571428571429
23,0.20535714285714285
12,0.10714285714285714
46,0.4107142857142857
51,0.45535714285714285
53,0.4732142857142857
40,0.35714285714285715
35,0.3125
16,0.14285714285714285
83,0.7410714285714286
89,0.7946428571428571
50,0.44642857142857145
49,0.4375
33,0.29464285714285715
57,0.5089285714285714
33,0.29464285714285715
74,0.6607142857142857
52,0.4642857142857143
28,0.25
16,0.14285714285714285
57,0.5089285714285714
14,0.125
57,0.5089285714285714
47,0.41964285714285715
45,0.4017857142857143
42,0.375
53,0.4732142857142857
53,0.4732142857142857
65,0.5803571428571429
80,0.7142857142857143
54,0.48214285714285715
54,0.48214285714285715
52,0.4642857142857143
69,0.6160714285714286
78,0.6964285714285714
28,0.25
45,0.4017857142857143
57,0.5089285714285714
63,0.5625
65,0.5803571428571429
71,0.6339285714285714
61,0.5446428571428571
88,0.7857142857142857
79,0.7053571428571429
64,0.5714285714285714
70,0.625
77,0.6875
53,0.4732142857142857
80,0.7142857142857143
61,0.5446428571428571
69,0.6160714285714286
66,0.5892857142857143
79,0.7053571428571429
49,0.4375
61,0.5446428571428571
22,0.19642857142857142
20,0.17857142857142858
37,0.33035714285714285
52,0.4642857142857143
59,0.5267857142857143
54,0.48214285714285715
48,0.42857142857142855
67,0.5982142857142857
57,0.5089285714285714
86,0.7678571428571429
38,0.3392857142857143
47,0.41964285714285715
25,0.22321428571428573
36,0.32142857142857145
103,0.9196428571428571
33,0.29464285714285715
88,0.7857142857142857
68,0.6071428571428571
52,0.4642857142857143
60,0.5357142857142857
17,0.15178571428571427
67,0.5982142857142857
27,0.24107142857142858
31,0.2767857142857143
80,0.7142857142857143
57,0.5089285714285714
58,0.5178571428571429
35,0.3125
57,0.5089285714285714
67,0.5982142857142857
37,0.33035714285714285
81,0.7232142857142857
38,0.3392857142857143
46,0.4107142857142857
60,0.5357142857142857
68,0.6071428571428571
53,0.4732142857142857
36,0.32142857142857145
91,0.8125
34,0.30357142857142855
58,0.5178571428571429
39,0.3482142857142857
94,0.8392857142857143
20,0.17857142857142858
90,0.8035714285714286
74,0.6607142857142857
91,0.8125
56,0.5
77,0.6875
97,0.8660714285714286
75,0.6696428571428571
44,0.39285714285714285
81,0.7232142857142857
28,0.25
64,0.5714285714285714
49,0.4375
43,0.38392857142857145
76,0.6785714285714286
55,0.49107142857142855
48,0.42857142857142855
39,0.3482142857142857
76,0.6785714285714286
82,0.7321428571428571
73,0.6517857142857143
11,0.09821428571428571
73,0.6517857142857143
61,0.5446428571428571
85,0.7589285714285714
28,0.25
52,0.4642857142857143
71,0.6339285714285714
25,0.22321428571428573
43,0.38392857142857145
63,0.5625
74,0.6607142857142857
76,0.6785714285714286
33,0.29464285714285715
51,0.45535714285714285
70,0.625
12,0.10714285714285714
59,0.5267857142857143
86,0.7678571428571429
92,0.8214285714285714
88,0.7857142857142857
51,0.45535714285714285
46,0.4107142857142857
50,0.44642857142857145
64,0.5714285714285714
47,0.41964285714285715
30,0.26785714285714285
58,0.5178571428571429
65,0.5803571428571429
49,0.4375
42,0.375
87,0.7767857142857143
20,0.17857142857142858
103,0.9196428571428571
81,0.7232142857142857
91,0.8125
94,0.8392857142857143
111,0.9910714285714286
33,0.29464285714285715
64,0.5714285714285714
69,0.6160714285714286
30,0.26785714285714285
55,0.49107142857142855
49,0.4375
51,0.45535714285714285
53,0.4732142857142857
41,0.36607142857142855
78,0.6964285714285714
54,0.48214285714285715
65,0.5803571428571429
38,0.3392857142857143
23,0.20535714285714285
65,0.5803571428571429
43,0.38392857142857145
23,0.20535714285714285
47,0.41964285714285715
32,0.2857142857142857
103,0.9196428571428571
39,0.3482142857142857
52,0.4642857142857143
49,0.4375
57,0.5089285714285714
48,0.42857142857142855
45,0.4017857142857143
57,0.5089285714285714
51,0.45535714285714285
72,0.6428571428571429
74,0.6607142857142857
75,0.6696428571428571
18,0.16071428571428573
41,0.36607142857142855
34,0.30357142857142855
24,0.21428571428571427
59,0.5267857142857143
9,0.08035714285714286
50,0.44642857142857145
58,0.5178571428571429
46,0.4107142857142857
76,0.6785714285714286
21,0.1875
46,0.4107142857142857
92,0.8214285714285714
84,0.75
50,0.44642857142857145
42,0.375
60,0.5357142857142857
76,0.6785714285714286
72,0.6428571428571429
87,0.7767857142857143
59,0.5267857142857143
96,0.8571428571428571
36,0.32142857142857145
93,0.8303571428571429
50,0.44642857142857145
50,0.44642857142857145
58,0.5178571428571429
55,0.49107142857142855
65,0.5803571428571429
58,0.5178571428571429
58,0.5178571428571429
65,0.5803571428571429
54,0.48214285714285715
63,0.5625
84,0.75
28,0.25
70,0.625
39,0.3482142857142857
64,0.5714285714285714
50,0.44642857142857145
14,0.125
71,0.6339285714285714
98,0.875
78,0.6964285714285714
47,0.41964285714285715
54,0.48214285714285715
70,0.625
22,0.19642857142857142
49,0.4375
85,0.7589285714285714
68,0.6071428571428571
74,0.6607142857142857
93,0.8303571428571429
44,0.39285714285714285
26,0.23214285714285715
29,0.25892857142857145
46,0.4107142857142857
91,0.8125
71,0.6339285714285714
63,0.5625
93,0.8303571428571429
23,0.20535714285714285
73,0.6517857142857143
82,0.7321428571428571
44,0.39285714285714285
24,0.21428571428571427
32,0.2857142857142857
63,0.5625
70,0.625
25,0.22321428571428573
57,0.5089285714285714
62,0.5535714285714286
83,0.7410714285714286
58,0.5178571428571429
41,0.36607142857142855
48,0.42857142857142855
72,0.6428571428571429
32,0.2857142857142857
69,0.6160714285714286
59,0.5267857142857143
18,0.16071428571428573
48,0.42857142857142855
81,0.7232142857142857
58,0.5178571428571429
44,0.39285714285714285
49,0.4375
62,0.5535714285714286
50,0.44642857142857145
88,0.7857142857142857
62,0.5535714285714286
51,0.45535714285714285
83,0.7410714285714286
94,0.8392857142857143
35,0.3125
45,0.4017857142857143
24,0.21428571428571427
39,0.3482142857142857
66,0.5892857142857143
55,0.49107142857142855
58,0.5178571428571429
66,0.5892857142857143
38,0.3392857142857143
75,0.6696428571428571
57,0.5089285714285714
26,0.23214285714285715
67,0.5982142857142857
51,0.45535714285714285
73,0.6517857142857143
82,0.7321428571428571
80,0.7142857142857143
81,0.7232142857142857
67,0.5982142857142857
24,0.21428571428571427
50,0.44642857142857145
85,0.7589285714285714
81,0.7232142857142857
45,0.4017857142857143
82,0.7321428571428571
82,0.7321428571428571
44,0.39285714285714285
65,0.5803571428571429
89,0.7946428571428571
74,0.6607142857142857
49,0.4375
41,0.36607142857142855
78,0.6964285714285714
70,0.625
38,0.3392857142857143
93,0.8303571428571429
27,0.24107142857142858
63,0.5625
15,0.13392857142857142
50,0.44642857142857145
73,0.6517857142857143
91,0.8125
84,0.75
38,0.3392857142857143
56,0.5
54,0.48214285714285715
51,0.45535714285714285
59,0.5267857142857143
76,0.6785714285714286
57,0.5089285714285714
59,0.5267857142857143
48,0.42857142857142855
56,0.5
17,0.15178571428571427
58,0.5178571428571429
9,0.08035714285714286
34,0.30357142857142855
97,0.8660714285714286
71,0.6339285714285714
28,0.25
35,0.3125
83,0.7410714285714286
42,0.375
48,0.42857142857142855
27,0.24107142857142858
58,0.5178571428571429
99,0.8839285714285714
13,0.11607142857142858
46,0.4107142857142857
87,0.7767857142857143
57,0.5089285714285714
36,0.32142857142857145
90,0.8035714285714286
66,0.5892857142857143
64,0.5714285714285714
52,0.4642857142857143
25,0.22321428571428573
78,0.6964285714285714
70,0.625
69,0.6160714285714286
70,0.625
67,0.5982142857142857
48,0.42857142857142855
53,0.4732142857142857
49,0.4375
56,0.5
41,0.36607142857142855
75,0.6696428571428571
70,0.625
69,0.6160714285714286
67,0.5982142857142857
52,0.4642857142857143
75,0.6696428571428571
73,0.6517857142857143
66,0.5892857142857143
70,0.625
83,0.7410714285714286
69,0.6160714285714286
55,0.49107142857142855
89,0.7946428571428571
94,0.8392857142857143
63,0.5625
59,0.5267857142857143
71,0.6339285714285714
71,0.6339285714285714
51,0.45535714285714285
32,0.2857142857142857
78,0.6964285714285714
50,0.44642857142857145
69,0.6160714285714286
84,0.75
30,0.26785714285714285
50,0.44642857142857145
43,0.38392857142857145
27,0.24107142857142858
59,0.5267857142857143
40,0.35714285714285715
73,0.6517857142857143
25,0.22321428571428573
54,0.48214285714285715
59,0.5267857142857143
33,0.29464285714285715
46,0.4107142857142857
81,0.7232142857142857
53,0.4732142857142857
93,0.8303571428571429
50,0.44642857142857145
77,0.6875
54,0.48214285714285715
45,0.4017857142857143
62,0.5535714285714286
47,0.41964285714285715
73,0.6517857142857143
67,0.5982142857142857
92,0.8214285714285714
49,0.4375
62,0.5535714285714286
75,0.6696428571428571
63,0.5625
75,0.6696428571428571
55,0.49107142857142855
80,0.7142857142857143
46,0.4107142857142857
49,0.4375
28,0.25
101,0.9017857142857143
40,0.35714285714285715
43,0.38392857142857145
71,0.6339285714285714
93,0.8303571428571429
42,0.375
43,0.38392857142857145
41,0.36607142857142855
48,0.42857142857142855
42,0.375
54,0.48214285714285715
59,0.5267857142857143
79,0.7053571428571429
86,0.7678571428571429
21,0.1875
34,0.30357142857142855
91,0.8125
67,0.5982142857142857
79,0.7053571428571429
50,0.44642857142857145
70,0.625
16,0.14285714285714285
49,0.4375
41,0.36607142857142855
50,0.44642857142857145
79,0.7053571428571429
91,0.8125
68,0.6071428571428571
89,0.7946428571428571
50,0.44642857142857145
56,0.5
78,0.6964285714285714
59,0.5267857142857143
55,0.49107142857142855
51,0.45535714285714285
68,0.6071428571428571
45,0.4017857142857143
69,0.6160714285714286
63,0.5625
56,0.5
53,0.4732142857142857
40,0.35714285714285715
50,0.44642857142857145
57,0.5089285714285714
37,0.33035714285714285
53,0.4732142857142857
50,0.44642857142857145
21,0.1875
59,0.5267857142857143
65,0.5803571428571429
59,0.5267857142857143
37,0.33035714285714285
37,0.33035714285714285
76,0.6785714285714286
53,0.4732142857142857
62,0.5535714285714286
42,0.375
44,0.39285714285714285
50,0.44642857142857145
32,0.2857142857142857
40,0.35714285714285715
42,0.375
42,0.375
72,0.6428571428571429
64,0.5714285714285714
79,0.7053571428571429
57,0.5089285714285714
65,0.5803571428571429
43,0.38392857142857145
57,0.5089285714285714
57,0.5089285714285714
82,0.7321428571428571
33,0.29464285714285715
78,0.6964285714285714
42,0.375
68,0.6071428571428571
70,0.625
92,0.8214285714285714
84,0.75
86,0.7678571428571429
47,0.41964285714285715
42,0.375
46,0.4107142857142857
34,0.30357142857142855
45,0.4017857142857143
53,0.4732142857142857
39,0.3482142857142857
31,0.2767857142857143
51,0.45535714285714285
72,0.6428571428571429
58,0.5178571428571429
68,0.6071428571428571
38,0.3392857142857143
64,0.5714285714285714
51,0.45535714285714285
54,0.48214285714285715
50,0.44642857142857145
58,0.5178571428571429
69,0.6160714285714286
85,0.7589285714285714
92,0.8214285714285714
61,0.5446428571428571
43,0.38392857142857145
90,0.8035714285714286
89,0.7946428571428571
77,0.6875
62,0.5535714285714286
90,0.8035714285714286
77,0.6875
62,0.5535714285714286
87,0.7767857142857143
48,0.42857142857142855
46,0.4107142857142857
79,0.7053571428571429
46,0.4107142857142857
75,0.6696428571428571
59,0.5267857142857143
24,0.21428571428571427
15,0.13392857142857142
42,0.375
32,0.2857142857142857
54,0.48214285714285715
78,0.6964285714285714
25,0.22321428571428573
47,0.41964285714285715
29,0.25892857142857145
39,0.3482142857142857
47,0.41964285714285715
2,0.017857142857142856
61,0.5446428571428571
49,0.4375
81,0.7232142857142857
32,0.2857142857142857
60,0.5357142857142857
30,0.26785714285714285
62,0.5535714285714286
80,0.7142857142857143
82,0.7321428571428571
23,0.20535714285714285
14,0.125
84,0.75
72,0.6428571428571429
75,0.6696428571428571
58,0.5178571428571429
45,0.4017857142857143
48,0.42857142857142855
65,0.5803571428571429
75,0.6696428571428571
64,0.5714285714285714
51,0.45535714285714285
28,0.25
74,0.6607142857142857
45,0.4017857142857143
37,0.33035714285714285
33,0.29464285714285715
18,0.16071428571428573
90,0.8035714285714286
54,0.48214285714285715
20,0.17857142857142858
51,0.45535714285714285
75,0.6696428571428571
23,0.20535714285714285
53,0.4732142857142857
23,0.20535714285714285
35,0.3125
21,0.1875
26,0.23214285714285715
48,0.42857142857142855
67,0.5982142857142857
54,0.48214285714285715
43,0.38392857142857145
49,0.4375
26,0.23214285714285715
54,0.48214285714285715
5,0.044642857142857144
69,0.6160714285714286
23,0.20535714285714285
53,0.4732142857142857
83,0.7410714285714286
85,0.7589285714285714
76,0.6785714285714286
56,0.5
30,0.26785714285714285
53,0.4732142857142857
80,0.7142857142857143
16,0.14285714285714285
79,0.7053571428571429
101,0.9017857142857143
43,0.38392857142857145
61,0.5446428571428571
79,0.7053571428571429
33,0.29464285714285715
75,0.6696428571428571
63,0.5625
35,0.3125
50,0.44642857142857145
48,0.42857142857142855
34,0.30357142857142855
51,0.45535714285714285
81,0.7232142857142857
69,0.6160714285714286
95,0.8482142857142857
71,0.6339285714285714
27,0.24107142857142858
43,0.38392857142857145
63,0.5625
56,0.5
41,0.36607142857142855
39,0.3482142857142857
75,0.6696428571428571
73,0.6517857142857143
36,0.32142857142857145
52,0.4642857142857143
77,0.6875
73,0.6517857142857143
84,0.75
30,0.26785714285714285
27,0.24107142857142858
36,0.32142857142857145
51,0.45535714285714285
50,0.44642857142857145
38,0.3392857142857143
49,0.4375
62,0.5535714285714286
77,0.6875
61,0.5446428571428571
47,0.41964285714285715
85,0.7589285714285714
79,0.7053571428571429
96,0.8571428571428571
84,0.75
71,0.6339285714285714
52,0.4642857142857143
41,0.36607142857142855
94,0.8392857142857143
51,0.45535714285714285
