82,0.7321428571428571
62,0.5535714285714286
48,0.42857142857142855
71,0.6339285714285714
68,0.6071428571428571
78,0.6964285714285714
62,0.5535714285714286
69,0.6160714285714286
76,0.6785714285714286
59,0.5267857142857143
37,0.33035714285714285
76,0.6785714285714286
28,0.25
19,0.16964285714285715
71,0.6339285714285714
68,0.6071428571428571
37,0.33035714285714285
51,0.45535714285714285
70,0.625
73,0.6517857142857143
68,0.6071428571428571
75,0.6696428571428571
29,0.25892857142857145
11,0.09821428571428571
68,0.6071428571428571
85,0.7589285714285714
41,0.36607142857142855
57,0.5089285714285714
43,0.38392857142857145
54,0.48214285714285715
92,0.8214285714285714
71,0.6339285714285714
81,0.7232142857142857
50,0.44642857142857145
19,0.16964285714285715
55,0.49107142857142855
52,0.4642857142857143
53,0.4732142857142857
57,0.5089285714285714
47,0.41964285714285715
57,0.5089285714285714
64,0.5714285714285714
29,0.25892857142857145
47,0.41964285714285715
23,0.20535714285714285
75,0.6696428571428571
67,0.5982142857142857
75,0.6696428571428571
45,0.4017857142857143
39,0.3482142857142857
56,0.5
49,0.4375
88,0.7857142857142857
67,0.5982142857142857
55,0.49107142857142855
34,0.30357142857142855
47,0.41964285714285715
26,0.23214285714285715
52,0.4642857142857143
64,0.5714285714285714
63,0.5625
40,0.35714285714285715
58,0.5178571428571429
41,0.36607142857142855
34,0.30357142857142855
54,0.48214285714285715
63,0.5625
76,0.6785714285714286
32,0.2857142857142857
42,0.375
46,0.4107142857142857
64,0.5714285714285714
32,0.2857142857142857
53,0.4732142857142857
58,0.5178571428571429
69,0.6160714285714286
32,0.2857142857142857
56,0.5
32,0.2857142857142857
47,0.41964285714285715
63,0.5625
52,0.4642857142857143
63,0.5625
47,0.41964285714285715
61,0.5446428571428571
40,0.35714285714285715
43,0.38392857142857145
32,0.2857142857142857
31,0.2767857142857143
73,0.6517857142857143
60,0.5357142857142857
64,0.5714285714285714
59,0.5267857142857143
56,0.5
60,0.5357142857142857
93,0.8303571428571429
24,0.21428571428571427
52,0.4642857142857143
65,0.5803571428571429
80,0.7142857142857143
59,0.5267857142857143
63,0.5625
42,0.375
44,0.39285714285714285
38,0.3392857142857143
70,0.625
46,0.4107142857142857
78,0.6964285714285714
52,0.4642857142857143
83,0.7410714285714286
57,0.5089285714285714
58,0.5178571428571429
42,0.375
55,0.49107142857142855
27,0.24107142857142858
27,0.24107142857142858
48,0.42857142857142855
51,0.45535714285714285
38,0.3392857142857143
65,0.5803571428571429
46,0.4107142857142857
79,0.7053571428571429
34,0.30357142857142855
40,0.35714285714285715
51,0.45535714285714285
51,0.45535714285714285
77,0.6875
47,0.41964285714285715
63,0.5625
74,0.6607142857142857
24,0.21428571428571427
47,0.41964285714285715
21,0.1875
43,0.38392857142857145
46,0.4107142857142857
23,0.20535714285714285
25,0.22321428571428573
81,0.7232142857142857
31,0.2767857142857143
60,0.5357142857142857
68,0.6071428571428571
89,0.7946428571428571
63,0.5625
62,0.5535714285714286
24,0.21428571428571427
60,0.5357142857142857
58,0.5178571428571429
69,0.6160714285714286
65,0.5803571428571429
49,0.4375
80,0.7142857142857143
73,0.6517857142857143
43,0.38392857142857145
51,0.45535714285714285
39,0.3482142857142857
18,0.16071428571428573
59,0.5267857142857143
48,0.42857142857142855
30,0.26785714285714285
80,0.7142857142857143
31,0.2767857142857143
84,0.75
44,0.39285714285714285
52,0.4642857142857143
66,0.5892857142857143
33,0.29464285714285715
49,0.4375
40,0.35714285714285715
36,0.32142857142857145
56,0.5
50,0.44642857142857145
59,0.5267857142857143
49,0.4375
56,0.5
27,0.24107142857142858
44,0.39285714285714285
57,0.5089285714285714
57,0.5089285714285714
60,0.5357142857142857
36,0.32142857142857145
49,0.4375
28,0.25
75,0.6696428571428571
76,0.6785714285714286
44,0.39285714285714285
79,0.7053571428571429
43,0.38392857142857145
21,0.1875
43,0.38392857142857145
41,0.36607142857142855
30,0.26785714285714285
28,0.25
76,0.6785714285714286
37,0.33035714285714285
57,0.5089285714285714
16,0.14285714285714285
56,0.5
74,0.6607142857142857
55,0.49107142857142855
69,0.6160714285714286
43,0.38392857142857145
83,0.7410714285714286
42,0.375
92,0.8214285714285714
68,0.6071428571428571
65,0.5803571428571429
94,0.8392857142857143
72,0.6428571428571429
74,0.6607142857142857
60,0.5357142857142857
70,0.625
87,0.7767857142857143
15,0.13392857142857142
46,0.4107142857142857
5,0.044642857142857144
62,0.5535714285714286
67,0.5982142857142857
77,0.6875
72,0.6428571428571429
36,0.32142857142857145
37,0.33035714285714285
73,0.6517857142857143
52,0.4642857142857143
26,0.23214285714285715
67,0.5982142857142857
48,0.42857142857142855
43,0.38392857142857145
86,0.7678571428571429
81,0.7232142857142857
74,0.6607142857142857
34,0.30357142857142855
80,0.7142857142857143
24,0.21428571428571427
37,0.33035714285714285
66,0.5892857142857143
34,0.30357142857142855
46,0.4107142857142857
88,0.7857142857142857
85,0.7589285714285714
72,0.6428571428571429
62,0.5535714285714286
54,0.48214285714285715
74,0.6607142857142857
34,0.30357142857142855
46,0.4107142857142857
51,0.45535714285714285
68,0.6071428571428571
86,0.7678571428571429
45,0.4017857142857143
25,0.22321428571428573
38,0.3392857142857143
103,0.9196428571428571
17,0.15178571428571427
70,0.625
47,0.41964285714285715
53,0.4732142857142857
26,0.23214285714285715
83,0.7410714285714286
21,0.1875
26,0.23214285714285715
75,0.6696428571428571
58,0.5178571428571429
60,0.5357142857142857
70,0.625
22,0.19642857142857142
55,0.49107142857142855
50,0.44642857142857145
18,0.16071428571428573
75,0.6696428571428571
69,0.6160714285714286
39,0.3482142857142857
58,0.5178571428571429
74,0.6607142857142857
17,0.15178571428571427
11,0.09821428571428571
49,0.4375
53,0.4732142857142857
77,0.6875
51,0.45535714285714285
86,0.7678571428571429
84,0.75
68,0.6071428571428571
58,0.5178571428571429
38,0.3392857142857143
56,0.5
71,0.6339285714285714
69,0.6160714285714286
60,0.5357142857142857
45,0.4017857142857143
62,0.5535714285714286
53,0.4732142857142857
68,0.6071428571428571
48,0.42857142857142855
80,0.7142857142857143
82,0.7321428571428571
41,0.36607142857142855
62,0.5535714285714286
65,0.5803571428571429
62,0.5535714285714286
36,0.32142857142857145
53,0.4732142857142857
82,0.7321428571428571
30,0.26785714285714285
55,0.49107142857142855
58,0.5178571428571429
34,0.30357142857142855
65,0.5803571428571429
59,0.5267857142857143
15,0.13392857142857142
77,0.6875
83,0.7410714285714286
63,0.5625
54,0.48214285714285715
41,0.36607142857142855
34,0.30357142857142855
69,0.6160714285714286
45,0.4017857142857143
65,0.5803571428571429
68,0.6071428571428571
49,0.4375
83,0.7410714285714286
75,0.6696428571428571
40,0.35714285714285715
37,0.33035714285714285
58,0.5178571428571429
50,0.44642857142857145
34,0.30357142857142855
28,0.25
53,0.4732142857142857
79,0.7053571428571429
54,0.48214285714285715
35,0.3125
43,0.38392857142857145
52,0.4642857142857143
94,0.8392857142857143
13,0.11607142857142858
61,0.5446428571428571
26,0.23214285714285715
61,0.5446428571428571
50,0.44642857142857145
45,0.4017857142857143
84,0.75
54,0.48214285714285715
60,0.5357142857142857
34,0.30357142857142855
51,0.45535714285714285
33,0.29464285714285715
89,0.7946428571428571
58,0.5178571428571429
73,0.6517857142857143
68,0.6071428571428571
46,0.4107142857142857
78,0.6964285714285714
61,0.5446428571428571
52,0.4642857142857143
34,0.30357142857142855
39,0.3482142857142857
75,0.6696428571428571
29,0.25892857142857145
29,0.25892857142857145
57,0.5089285714285714
75,0.6696428571428571
43,0.38392857142857145
94,0.8392857142857143
41,0.36607142857142855
85,0.7589285714285714
56,0.5
61,0.5446428571428571
83,0.7410714285714286
55,0.49107142857142855
33,0.29464285714285715
43,0.38392857142857145
92,0.8214285714285714
65,0.5803571428571429
66,0.5892857142857143
98,0.875
25,0.22321428571428573
52,0.4642857142857143
34,0.30357142857142855
76,0.6785714285714286
61,0.5446428571428571
56,0.5
71,0.6339285714285714
29,0.25892857142857145
27,0.24107142857142858
43,0.38392857142857145
63,0.5625
44,0.39285714285714285
28,0.25
29,0.25892857142857145
24,0.21428571428571427
88,0.7857142857142857
49,0.4375
65,0.5803571428571429
40,0.35714285714285715
63,0.5625
73,0.6517857142857143
48,0.42857142857142855
62,0.5535714285714286
72,0.6428571428571429
57,0.5089285714285714
38,0.3392857142857143
28,0.25
23,0.20535714285714285
8,0.07142857142857142
77,0.6875
75,0.6696428571428571
8,0.07142857142857142
75,0.6696428571428571
76,0.6785714285714286
33,0.29464285714285715
26,0.23214285714285715
34,0.30357142857142855
66,0.5892857142857143
42,0.375
56,0.5
77,0.6875
0,0.0
70,0.625
81,0.7232142857142857
92,0.8214285714285714
14,0.125
79,0.7053571428571429
51,0.45535714285714285
60,0.5357142857142857
40,0.35714285714285715
30,0.26785714285714285
7,0.0625
60,0.5357142857142857
40,0.35714285714285715
57,0.5089285714285714
50,0.44642857142857145
60,0.5357142857142857
52,0.4642857142857143
51,0.45535714285714285
62,0.5535714285714286
85,0.7589285714285714
87,0.7767857142857143
69,0.6160714285714286
44,0.39285714285714285
64,0.5714285714285714
50,0.44642857142857145
86,0.7678571428571429
62,0.5535714285714286
38,0.3392857142857143
64,0.5714285714285714
49,0.4375
97,0.8660714285714286
50,0.44642857142857145
65,0.5803571428571429
42,0.375
73,0.6517857142857143
92,0.8214285714285714
48,0.42857142857142855
69,0.6160714285714286
9,0.08035714285714286
44,0.39285714285714285
23,0.20535714285714285
105,0.9375
102,0.9107142857142857
25,0.22321428571428573
58,0.5178571428571429
78,0.6964285714285714
27,0.24107142857142858
92,0.8214285714285714
71,0.6339285714285714
14,0.125
50,0.44642857142857145
58,0.5178571428571429
64,0.5714285714285714
49,0.4375
43,0.38392857142857145
75,0.6696428571428571
20,0.17857142857142858
32,0.2857142857142857
62,0.5535714285714286
99,0.8839285714285714
46,0.4107142857142857
40,0.35714285714285715
67,0.5982142857142857
40,0.35714285714285715
9,0.08035714285714286
105,0.9375
71,0.6339285714285714
73,0.6517857142857143
44,0.39285714285714285
47,0.41964285714285715
47,0.41964285714285715
9,0.08035714285714286
37,0.33035714285714285
29,0.25892857142857145
39,0.3482142857142857
44,0.39285714285714285
58,0.5178571428571429
58,0.5178571428571429
40,0.35714285714285715
49,0.4375
45,0.4017857142857143
79,0.7053571428571429
7,0.0625
38,0.3392857142857143
17,0.15178571428571427
7,0.0625
49,0.4375
46,0.4107142857142857
55,0.49107142857142855
64,0.5714285714285714
26,0.23214285714285715
13,0.11607142857142858
47,0.41964285714285715
26,0.23214285714285715
91,0.8125
48,0.42857142857142855
44,0.39285714285714285
43,0.38392857142857145
67,0.5982142857142857
61,0.5446428571428571
61,0.5446428571428571
65,0.5803571428571429
34,0.30357142857142855
40,0.35714285714285715
79,0.7053571428571429
26,0.23214285714285715
82,0.7321428571428571
66,0.5892857142857143
61,0.5446428571428571
40,0.35714285714285715
22,0.19642857142857142
49,0.4375
37,0.33035714285714285
43,0.38392857142857145
55,0.49107142857142855
53,0.4732142857142857
57,0.5089285714285714
4,0.03571428571428571
50,0.44642857142857145
42,0.375
20,0.17857142857142858
42,0.375
67,0.5982142857142857
59,0.5267857142857143
64,0.5714285714285714
65,0.5803571428571429
75,0.6696428571428571
52,0.4642857142857143
58,0.5178571428571429
26,0.23214285714285715
58,0.5178571428571429
27,0.24107142857142858
37,0.33035714285714285
63,0.5625
12,0.10714285714285714
46,0.4107142857142857
85,0.7589285714285714
61,0.5446428571428571
58,0.5178571428571429
52,0.4642857142857143
73,0.6517857142857143
59,0.5267857142857143
42,0.375
15,0.13392857142857142
69,0.6160714285714286
73,0.6517857142857143
55,0.49107142857142855
10,0.08928571428571429
63,0.5625
72,0.6428571428571429
61,0.5446428571428571
38,0.3392857142857143
73,0.6517857142857143
91,0.8125
75,0.6696428571428571
68,0.6071428571428571
33,0.29464285714285715
47,0.41964285714285715
67,0.5982142857142857
71,0.6339285714285714
76,0.6785714285714286
76,0.6785714285714286
60,0.5357142857142857
88,0.7857142857142857
76,0.6785714285714286
38,0.3392857142857143
65,0.5803571428571429
61,0.5446428571428571
35,0.3125
7,0.0625
77,0.6875
34,0.30357142857142855
70,0.625
26,0.23214285714285715
62,0.5535714285714286
80,0.7142857142857143
67,0.5982142857142857
84,0.75
64,0.5714285714285714
26,0.23214285714285715
46,0.4107142857142857
18,0.16071428571428573
66,0.5892857142857143
18,0.16071428571428573
41,0.36607142857142855
58,0.5178571428571429
81,0.7232142857142857
41,0.36607142857142855
92,0.8214285714285714
26,0.23214285714285715
38,0.3392857142857143
71,0.6339285714285714
48,0.42857142857142855
16,0.14285714285714285
51,0.45535714285714285
67,0.5982142857142857
47,0.41964285714285715
30,0.26785714285714285
16,0.14285714285714285
16,0.14285714285714285
60,0.5357142857142857
23,0.20535714285714285
102,0.9107142857142857
41,0.36607142857142855
39,0.3482142857142857
71,0.6339285714285714
40,0.35714285714285715
89,0.7946428571428571
37,0.33035714285714285
56,0.5
69,0.6160714285714286
90,0.8035714285714286
67,0.5982142857142857
81,0.7232142857142857
72,0.6428571428571429
43,0.38392857142857145
43,0.38392857142857145
50,0.44642857142857145
76,0.6785714285714286
59,0.5267857142857143
64,0.5714285714285714
64,0.5714285714285714
34,0.30357142857142855
77,0.6875
79,0.7053571428571429
102,0.9107142857142857
2,0.017857142857142856
96,0.8571428571428571
26,0.23214285714285715
93,0.8303571428571429
64,0.5714285714285714
44,0.39285714285714285
96,0.8571428571428571
65,0.5803571428571429
63,0.5625
49,0.4375
46,0.4107142857142857
78,0.6964285714285714
106,0.9464285714285714
81,0.7232142857142857
56,0.5
87,0.7767857142857143
39,0.3482142857142857
27,0.24107142857142858
77,0.6875
72,0.6428571428571429
31,0.2767857142857143
84,0.75
84,0.75
64,0.5714285714285714
37,0.33035714285714285
39,0.3482142857142857
104,0.9285714285714286
70,0.625
38,0.3392857142857143
71,0.6339285714285714
70,0.625
26,0.23214285714285715
57,0.5089285714285714
36,0.32142857142857145
104,0.9285714285714286
65,0.5803571428571429
67,0.5982142857142857
88,0.7857142857142857
32,0.2857142857142857
22,0.19642857142857142
41,0.36607142857142855
84,0.75
16,0.14285714285714285
70,0.625
64,0.5714285714285714
70,0.625
98,0.875
96,0.8571428571428571
87,0.7767857142857143
72,0.6428571428571429
36,0.32142857142857145
53,0.4732142857142857
59,0.5267857142857143
49,0.4375
57,0.5089285714285714
53,0.4732142857142857
70,0.625
79,0.7053571428571429
78,0.6964285714285714
92,0.8214285714285714
76,0.6785714285714286
61,0.5446428571428571
100,0.8928571428571429
91,0.8125
56,0.5
92,0.8214285714285714
45,0.4017857142857143
69,0.6160714285714286
42,0.375
79,0.7053571428571429
72,0.6428571428571429
51,0.45535714285714285
71,0.6339285714285714
96,0.8571428571428571
48,0.42857142857142855
58,0.5178571428571429
98,0.875
72,0.6428571428571429
80,0.7142857142857143
35,0.3125
84,0.75
52,0.4642857142857143
72,0.6428571428571429
48,0.42857142857142855
29,0.25892857142857145
69,0.6160714285714286
81,0.7232142857142857
55,0.49107142857142855
75,0.6696428571428571
93,0.8303571428571429
65,0.5803571428571429
58,0.5178571428571429
30,0.26785714285714285
59,0.5267857142857143
94,0.8392857142857143
65,0.5803571428571429
75,0.6696428571428571
23,0.20535714285714285
88,0.7857142857142857
59,0.5267857142857143
21,0.1875
97,0.8660714285714286
35,0.3125
45,0.4017857142857143
57,0.5089285714285714
49,0.4375
83,0.7410714285714286
58,0.5178571428571429
21,0.1875
41,0.36607142857142855
60,0.5357142857142857
33,0.29464285714285715
23,0.20535714285714285
49,0.4375
41,0.36607142857142855
81,0.7232142857142857
59,0.5267857142857143
18,0.16071428571428573
0,0.0
91,0.8125
23,0.20535714285714285
94,0.8392857142857143
93,0.8303571428571429
12,0.10714285714285714
30,0.26785714285714285
68,0.6071428571428571
58,0.5178571428571429
30,0.26785714285714285
67,0.5982142857142857
91,0.8125
91,0.8125
62,0.5535714285714286
52,0.4642857142857143
57,0.5089285714285714
85,0.7589285714285714
90,0.8035714285714286
43,0.38392857142857145
83,0.7410714285714286
92,0.8214285714285714
40,0.35714285714285715
84,0.75
85,0.7589285714285714
84,0.75
45,0.4017857142857143
63,0.5625
29,0.25892857142857145
95,0.8482142857142857
24,0.21428571428571427
31,0.2767857142857143
74,0.6607142857142857
54,0.48214285714285715
81,0.7232142857142857
85,0.7589285714285714
49,0.4375
27,0.24107142857142858
71,0.6339285714285714
52,0.4642857142857143
89,0.7946428571428571
25,0.22321428571428573
104,0.9285714285714286
6,0.05357142857142857
99,0.8839285714285714
33,0.29464285714285715
35,0.3125
49,0.4375
32,0.2857142857142857
66,0.5892857142857143
59,0.5267857142857143
50,0.44642857142857145
57,0.5089285714285714
98,0.875
48,0.42857142857142855
61,0.5446428571428571
87,0.7767857142857143
40,0.35714285714285715
69,0.6160714285714286
55,0.49107142857142855
23,0.20535714285714285
77,0.6875
35,0.3125
48,0.42857142857142855
56,0.5
89,0.7946428571428571
59,0.5267857142857143
53,0.4732142857142857
85,0.7589285714285714
94,0.8392857142857143
33,0.29464285714285715
37,0.33035714285714285
11,0.09821428571428571
30,0.26785714285714285
48,0.42857142857142855
58,0.5178571428571429
91,0.8125
101,0.9017857142857143
47,0.41964285714285715
72,0.6428571428571429
92,0.8214285714285714
40,0.35714285714285715
55,0.49107142857142855
41,0.36607142857142855
56,0.5
58,0.5178571428571429
37,0.33035714285714285
51,0.45535714285714285
53,0.4732142857142857
39,0.3482142857142857
46,0.4107142857142857
93,0.8303571428571429
76,0.6785714285714286
64,0.5714285714285714
64,0.5714285714285714
46,0.4107142857142857
103,0.9196428571428571
89,0.7946428571428571
81,0.7232142857142857
22,0.19642857142857142
68,0.6071428571428571
53,0.4732142857142857
38,0.3392857142857143
37,0.33035714285714285
87,0.7767857142857143
57,0.5089285714285714
97,0.8660714285714286
59,0.5267857142857143
40,0.35714285714285715
83,0.7410714285714286
36,0.32142857142857145
73,0.6517857142857143
65,0.5803571428571429
51,0.45535714285714285
37,0.33035714285714285
62,0.5535714285714286
62,0.5535714285714286
39,0.3482142857142857
51,0.45535714285714285
68,0.6071428571428571
29,0.25892857142857145
64,0.5714285714285714
37,0.33035714285714285
69,0.6160714285714286
48,0.42857142857142855
28,0.25
74,0.6607142857142857
72,0.6428571428571429
49,0.4375
39,0.3482142857142857
71,0.6339285714285714
101,0.9017857142857143
33,0.29464285714285715
33,0.29464285714285715
77,0.6875
54,0.48214285714285715
66,0.5892857142857143
50,0.44642857142857145
43,0.38392857142857145
23,0.20535714285714285
99,0.8839285714285714
83,0.7410714285714286
45,0.4017857142857143
33,0.29464285714285715
91,0.8125
84,0.75
53,0.4732142857142857
70,0.625
50,0.44642857142857145
94,0.8392857142857143
78,0.6964285714285714
53,0.4732142857142857
80,0.7142857142857143
50,0.44642857142857145
61,0.5446428571428571
58,0.5178571428571429
68,0.6071428571428571
49,0.4375
94,0.8392857142857143
49,0.4375
57,0.5089285714285714
87,0.7767857142857143
66,0.5892857142857143
54,0.48214285714285715
25,0.22321428571428573
64,0.5714285714285714
59,0.5267857142857143
37,0.33035714285714285
20,0.17857142857142858
40,0.35714285714285715
18,0.16071428571428573
37,0.33035714285714285
19,0.16964285714285715
70,0.625
41,0.36607142857142855
76,0.6785714285714286
21,0.1875
32,0.2857142857142857
63,0.5625
94,0.8392857142857143
33,0.29464285714285715
74,0.6607142857142857
52,0.4642857142857143
96,0.8571428571428571
66,0.5892857142857143
74,0.6607142857142857
72,0.6428571428571429
44,0.39285714285714285
68,0.6071428571428571
48,0.42857142857142855
61,0.5446428571428571
54,0.48214285714285715
64,0.5714285714285714
50,0.44642857142857145
10,0.08928571428571429
72,0.6428571428571429
75,0.6696428571428571
30,0.26785714285714285
51,0.45535714285714285
16,0.14285714285714285
50,0.44642857142857145
56,0.5
87,0.7767857142857143
59,0.5267857142857143
62,0.5535714285714286
97,0.8660714285714286
68,0.6071428571428571
38,0.3392857142857143
73,0.6517857142857143
36,0.32142857142857145
79,0.7053571428571429
61,0.5446428571428571
19,0.16964285714285715
70,0.625
21,0.1875
52,0.4642857142857143
82,0.7321428571428571
58,0.5178571428571429
44,0.39285714285714285
57,0.5089285714285714
74,0.6607142857142857
52,0.4642857142857143
22,0.19642857142857142
88,0.7857142857142857
61,0.5446428571428571
80,0.7142857142857143
26,0.23214285714285715
111,0.9910714285714286
79,0.7053571428571429
78,0.6964285714285714
36,0.32142857142857145
65,0.5803571428571429
22,0.19642857142857142
46,0.4107142857142857
87,0.7767857142857143
65,0.5803571428571429
32,0.2857142857142857
52,0.4642857142857143
59,0.5267857142857143
40,0.35714285714285715
55,0.49107142857142855
36,0.32142857142857145
59,0.5267857142857143
84,0.75
19,0.16964285714285715
53,0.4732142857142857
38,0.3392857142857143
5,0.044642857142857144
44,0.39285714285714285
76,0.6785714285714286
74,0.6607142857142857
69,0.6160714285714286
80,0.7142857142857143
86,0.7678571428571429
5,0.044642857142857144
65,0.5803571428571429
73,0.6517857142857143
90,0.8035714285714286
61,0.5446428571428571
52,0.4642857142857143
65,0.5803571428571429
46,0.4107142857142857
53,0.4732142857142857
44,0.39285714285714285
65,0.5803571428571429
21,0.1875
68,0.6071428571428571
26,0.23214285714285715
31,0.2767857142857143
45,0.4017857142857143
43,0.38392857142857145
23,0.20535714285714285
55,0.49107142857142855
76,0.6785714285714286
80,0.7142857142857143
34,0.30357142857142855
17,0.15178571428571427
74,0.6607142857142857
54,0.48214285714285715
29,0.25892857142857145
60,0.5357142857142857
13,0.11607142857142858
69,0.6160714285714286
70,0.625
49,0.4375
94,0.8392857142857143
98,0.875
68,0.6071428571428571
64,0.5714285714285714
43,0.38392857142857145
73,0.6517857142857143
37,0.33035714285714285
42,0.375
46,0.4107142857142857
35,0.3125
55,0.49107142857142855
67,0.5982142857142857
58,0.5178571428571429
39,0.3482142857142857
48,0.42857142857142855
5,0.044642857142857144
81,0.7232142857142857
63,0.5625
52,0.4642857142857143
74,0.6607142857142857
51,0.45535714285714285
75,0.6696428571428571
36,0.32142857142857145
103,0.9196428571428571
40,0.35714285714285715
65,0.5803571428571429
34,0.30357142857142855
68,0.6071428571428571
76,0.6785714285714286
42,0.375
79,0.7053571428571429
81,0.7232142857142857
63,0.5625
2,0.017857142857142856
60,0.5357142857142857
59,0.5267857142857143
67,0.5982142857142857
92,0.8214285714285714
16,0.14285714285714285
54,0.48214285714285715
20,0.17857142857142858
14,0.125
44,0.39285714285714285
38,0.3392857142857143
27,0.24107142857142858
67,0.5982142857142857
32,0.2857142857142857
70,0.625
39,0.3482142857142857
37,0.33035714285714285
13,0.11607142857142858
59,0.5267857142857143
77,0.6875
73,0.6517857142857143
31,0.2767857142857143
105,0.9375
27,0.24107142857142858
62,0.5535714285714286
49,0.4375
107,0.9553571428571429
30,0.26785714285714285
86,0.7678571428571429
26,0.23214285714285715
64,0.5714285714285714
60,0.5357142857142857
85,0.7589285714285714
76,0.6785714285714286
24,0.21428571428571427
24,0.21428571428571427
104,0.9285714285714286
71,0.6339285714285714
46,0.4107142857142857
67,0.5982142857142857
91,0.8125
86,0.7678571428571429
79,0.7053571428571429
104,0.9285714285714286
45,0.4017857142857143
16,0.14285714285714285
30,0.26785714285714285
67,0.5982142857142857
65,0.5803571428571429
75,0.6696428571428571
75,0.6696428571428571
66,0.5892857142857143
60,0.5357142857142857
54,0.48214285714285715
89,0.7946428571428571
40,0.35714285714285715
21,0.1875
61,0.5446428571428571
33,0.29464285714285715
70,0.625
57,0.5089285714285714
74,0.6607142857142857
76,0.6785714285714286
45,0.4017857142857143
87,0.7767857142857143
60,0.5357142857142857
47,0.41964285714285715
33,0.29464285714285715
92,0.8214285714285714
43,0.38392857142857145
39,0.3482142857142857
83,0.7410714285714286
67,0.5982142857142857
103,0.9196428571428571
