25,0.22321428571428573
47,0.41964285714285715
18,0.16071428571428573
90,0.8035714285714286
46,0.4107142857142857
87,0.7767857142857143
74,0.6607142857142857
56,0.5
59,0.5267857142857143
93,0.8303571428571429
26,0.23214285714285715
56,0.5
70,0.625
54,0.48214285714285715
32,0.2857142857142857
63,0.5625
67,0.5982142857142857
66,0.5892857142857143
32,0.2857142857142857
105,0.9375
4,0.03571428571428571
65,0.5803571428571429
41,0.36607142857142855
54,0.48214285714285715
88,0.7857142857142857
65,0.5803571428571429
51,0.45535714285714285
106,0.9464285714285714
110,0.9821428571428571
111,0.9910714285714286
33,0.29464285714285715
92,0.8214285714285714
60,0.5357142857142857
104,0.9285714285714286
99,0.8839285714285714
75,0.6696428571428571
83,0.7410714285714286
46,0.4107142857142857
76,0.6785714285714286
41,0.36607142857142855
42,0.375
107,0.9553571428571429
17,0.15178571428571427
6,0.05357142857142857
73,0.6517857142857143
76,0.6785714285714286
8,0.07142857142857142
48,0.42857142857142855
76,0.6785714285714286
71,0.6339285714285714
105,0.9375
99,0.8839285714285714
45,0.4017857142857143
21,0.1875
27,0.24107142857142858
61,0.5446428571428571
24,0.21428571428571427
47,0.41964285714285715
85,0.7589285714285714
67,0.5982142857142857
44,0.39285714285714285
20,0.17857142857142858
5,0.044642857142857144
64,0.5714285714285714
45,0.4017857142857143
74,0.6607142857142857
37,0.33035714285714285
6,0.05357142857142857
1,0.008928571428571428
4,0.03571428571428571
49,0.4375
69,0.6160714285714286
37,0.33035714285714285
42,0.375
57,0.5089285714285714
6,0.05357142857142857
29,0.25892857142857145
45,0.4017857142857143
62,0.5535714285714286
20,0.17857142857142858
22,0.19642857142857142
23,0.20535714285714285
13,0.11607142857142858
44,0.39285714285714285
48,0.42857142857142855
40,0.35714285714285715
57,0.5089285714285714
69,0.6160714285714286
20,0.17857142857142858
33,0.29464285714285715
73,0.6517857142857143
36,0.32142857142857145
62,0.5535714285714286
77,0.6875
91,0.8125
90,0.8035714285714286
20,0.17857142857142858
71,0.6339285714285714
68,0.6071428571428571
15,0.13392857142857142
35,0.3125
58,0.5178571428571429
10,0.08928571428571429
78,0.6964285714285714
77,0.6875
71,0.6339285714285714
44,0.39285714285714285
58,0.5178571428571429
59,0.5267857142857143
56,0.5
49,0.4375
73,0.6517857142857143
67,0.5982142857142857
2,0.017857142857142856
15,0.13392857142857142
56,0.5
3,0.026785714285714284
18,0.16071428571428573
55,0.49107142857142855
62,0.5535714285714286
39,0.3482142857142857
34,0.30357142857142855
36,0.32142857142857145
86,0.7678571428571429
111,0.9910714285714286
73,0.6517857142857143
59,0.5267857142857143
40,0.35714285714285715
45,0.4017857142857143
39,0.3482142857142857
80,0.7142857142857143
21,0.1875
39,0.3482142857142857
63,0.5625
68,0.6071428571428571
83,0.7410714285714286
28,0.25
79,0.7053571428571429
7,0.0625
102,0.9107142857142857
93,0.8303571428571429
94,0.8392857142857143
77,0.6875
50,0.44642857142857145
54,0.48214285714285715
3,0.026785714285714284
52,0.4642857142857143
54,0.48214285714285715
29,0.25892857142857145
17,0.15178571428571427
56,0.5
77,0.6875
32,0.2857142857142857
39,0.3482142857142857
31,0.2767857142857143
78,0.6964285714285714
31,0.2767857142857143
90,0.8035714285714286
108,0.9642857142857143
65,0.5803571428571429
41,0.36607142857142855
105,0.9375
73,0.6517857142857143
62,0.5535714285714286
24,0.21428571428571427
28,0.25
75,0.6696428571428571
6,0.05357142857142857
91,0.8125
89,0.7946428571428571
30,0.26785714285714285
36,0.32142857142857145
2,0.017857142857142856
8,0.07142857142857142
47,0.41964285714285715
20,0.17857142857142858
73,0.6517857142857143
1,0.008928571428571428
90,0.8035714285714286
34,0.30357142857142855
19,0.16964285714285715
47,0.41964285714285715
16,0.14285714285714285
13,0.11607142857142858
40,0.35714285714285715
90,0.8035714285714286
34,0.30357142857142855
36,0.32142857142857145
78,0.6964285714285714
83,0.7410714285714286
39,0.3482142857142857
79,0.7053571428571429
74,0.6607142857142857
54,0.48214285714285715
80,0.7142857142857143
31,0.2767857142857143
42,0.375
90,0.8035714285714286
29,0.25892857142857145
68,0.6071428571428571
17,0.15178571428571427
53,0.4732142857142857
77,0.6875
73,0.6517857142857143
30,0.26785714285714285
56,0.5
40,0.35714285714285715
39,0.3482142857142857
59,0.5267857142857143
76,0.6785714285714286
28,0.25
79,0.7053571428571429
38,0.3392857142857143
74,0.6607142857142857
87,0.7767857142857143
25,0.22321428571428573
29,0.25892857142857145
71,0.6339285714285714
37,0.33035714285714285
85,0.7589285714285714
27,0.24107142857142858
29,0.25892857142857145
55,0.49107142857142855
18,0.16071428571428573
71,0.6339285714285714
69,0.6160714285714286
61,0.5446428571428571
82,0.7321428571428571
70,0.625
70,0.625
46,0.4107142857142857
58,0.5178571428571429
33,0.29464285714285715
59,0.5267857142857143
71,0.6339285714285714
68,0.6071428571428571
71,0.6339285714285714
59,0.5267857142857143
61,0.5446428571428571
43,0.38392857142857145
49,0.4375
46,0.4107142857142857
65,0.5803571428571429
91,0.8125
19,0.16964285714285715
95,0.8482142857142857
13,0.11607142857142858
30,0.26785714285714285
45,0.4017857142857143
63,0.5625
15,0.13392857142857142
55,0.49107142857142855
80,0.7142857142857143
54,0.48214285714285715
49,0.4375
68,0.6071428571428571
45,0.4017857142857143
59,0.5267857142857143
63,0.5625
40,0.35714285714285715
45,0.4017857142857143
73,0.6517857142857143
70,0.625
62,0.5535714285714286
26,0.23214285714285715
25,0.22321428571428573
52,0.4642857142857143
27,0.24107142857142858
85,0.7589285714285714
44,0.39285714285714285
65,0.5803571428571429
72,0.6428571428571429
40,0.35714285714285715
70,0.625
58,0.5178571428571429
69,0.6160714285714286
29,0.25892857142857145
69,0.6160714285714286
37,0.33035714285714285
89,0.7946428571428571
49,0.4375
53,0.4732142857142857
16,0.14285714285714285
69,0.6160714285714286
35,0.3125
64,0.5714285714285714
45,0.4017857142857143
86,0.7678571428571429
76,0.6785714285714286
29,0.25892857142857145
34,0.30357142857142855
78,0.6964285714285714
73,0.6517857142857143
40,0.35714285714285715
56,0.5
32,0.2857142857142857
55,0.49107142857142855
31,0.2767857142857143
90,0.8035714285714286
66,0.5892857142857143
81,0.7232142857142857
65,0.5803571428571429
49,0.4375
43,0.38392857142857145
72,0.6428571428571429
73,0.6517857142857143
66,0.5892857142857143
31,0.2767857142857143
59,0.5267857142857143
32,0.2857142857142857
54,0.48214285714285715
82,0.7321428571428571
75,0.6696428571428571
87,0.7767857142857143
98,0.875
63,0.5625
85,0.7589285714285714
71,0.6339285714285714
87,0.7767857142857143
68,0.6071428571428571
47,0.41964285714285715
67,0.5982142857142857
50,0.44642857142857145
48,0.42857142857142855
55,0.49107142857142855
62,0.5535714285714286
36,0.32142857142857145
68,0.6071428571428571
82,0.7321428571428571
49,0.4375
54,0.48214285714285715
76,0.6785714285714286
14,0.125
46,0.4107142857142857
75,0.6696428571428571
36,0.32142857142857145
51,0.45535714285714285
26,0.23214285714285715
61,0.5446428571428571
23,0.20535714285714285
50,0.44642857142857145
16,0.14285714285714285
33,0.29464285714285715
96,0.8571428571428571
2,0.017857142857142856
74,0.6607142857142857
31,0.2767857142857143
22,0.19642857142857142
45,0.4017857142857143
52,0.4642857142857143
39,0.3482142857142857
59,0.5267857142857143
52,0.4642857142857143
36,0.32142857142857145
21,0.1875
40,0.35714285714285715
28,0.25
54,0.48214285714285715
73,0.6517857142857143
85,0.7589285714285714
99,0.8839285714285714
66,0.5892857142857143
76,0.6785714285714286
65,0.5803571428571429
41,0.36607142857142855
39,0.3482142857142857
64,0.5714285714285714
66,0.5892857142857143
67,0.5982142857142857
25,0.22321428571428573
69,0.6160714285714286
76,0.6785714285714286
89,0.7946428571428571
79,0.7053571428571429
44,0.39285714285714285
80,0.7142857142857143
32,0.2857142857142857
49,0.4375
25,0.22321428571428573
70,0.625
49,0.4375
34,0.30357142857142855
63,0.5625
71,0.6339285714285714
56,0.5
40,0.35714285714285715
50,0.44642857142857145
89,0.7946428571428571
70,0.625
71,0.6339285714285714
42,0.375
64,0.5714285714285714
36,0.32142857142857145
50,0.44642857142857145
72,0.6428571428571429
70,0.625
47,0.41964285714285715
66,0.5892857142857143
66,0.5892857142857143
74,0.6607142857142857
35,0.3125
39,0.3482142857142857
57,0.5089285714285714
23,0.20535714285714285
80,0.7142857142857143
66,0.5892857142857143
73,0.6517857142857143
88,0.7857142857142857
93,0.8303571428571429
58,0.5178571428571429
67,0.5982142857142857
57,0.5089285714285714
58,0.5178571428571429
32,0.2857142857142857
40,0.35714285714285715
67,0.5982142857142857
43,0.38392857142857145
32,0.2857142857142857
37,0.33035714285714285
75,0.6696428571428571
73,0.6517857142857143
77,0.6875
10,0.08928571428571429
35,0.3125
45,0.4017857142857143
58,0.5178571428571429
23,0.20535714285714285
64,0.5714285714285714
42,0.375
80,0.7142857142857143
103,0.9196428571428571
51,0.45535714285714285
72,0.6428571428571429
68,0.6071428571428571
27,0.24107142857142858
42,0.375
77,0.6875
95,0.8482142857142857
37,0.33035714285714285
25,0.22321428571428573
34,0.30357142857142855
62,0.5535714285714286
70,0.625
41,0.36607142857142855
65,0.5803571428571429
20,0.17857142857142858
38,0.3392857142857143
72,0.6428571428571429
49,0.4375
13,0.11607142857142858
64,0.5714285714285714
29,0.25892857142857145
63,0.5625
50,0.44642857142857145
23,0.20535714285714285
56,0.5
21,0.1875
75,0.6696428571428571
47,0.41964285714285715
16,0.14285714285714285
23,0.20535714285714285
93,0.8303571428571429
75,0.6696428571428571
79,0.7053571428571429
74,0.6607142857142857
62,0.5535714285714286
35,0.3125
51,0.45535714285714285
101,0.9017857142857143
26,0.23214285714285715
74,0.6607142857142857
53,0.4732142857142857
46,0.4107142857142857
35,0.3125
31,0.2767857142857143
73,0.6517857142857143
56,0.5
65,0.5803571428571429
60,0.5357142857142857
69,0.6160714285714286
54,0.48214285714285715
49,0.4375
55,0.49107142857142855
77,0.6875
72,0.6428571428571429
64,0.5714285714285714
45,0.4017857142857143
10,0.08928571428571429
68,0.6071428571428571
34,0.30357142857142855
83,0.7410714285714286
58,0.5178571428571429
54,0.48214285714285715
64,0.5714285714285714
54,0.48214285714285715
39,0.3482142857142857
31,0.2767857142857143
75,0.6696428571428571
70,0.625
76,0.6785714285714286
35,0.3125
29,0.25892857142857145
32,0.2857142857142857
66,0.5892857142857143
61,0.5446428571428571
72,0.6428571428571429
59,0.5267857142857143
38,0.3392857142857143
66,0.5892857142857143
55,0.49107142857142855
43,0.38392857142857145
39,0.3482142857142857
63,0.5625
50,0.44642857142857145
58,0.5178571428571429
61,0.5446428571428571
36,0.32142857142857145
77,0.6875
76,0.6785714285714286
46,0.4107142857142857
74,0.6607142857142857
66,0.5892857142857143
75,0.6696428571428571
37,0.33035714285714285
66,0.5892857142857143
47,0.41964285714285715
55,0.49107142857142855
68,0.6071428571428571
75,0.6696428571428571
22,0.19642857142857142
38,0.3392857142857143
47,0.41964285714285715
54,0.48214285714285715
44,0.39285714285714285
17,0.15178571428571427
37,0.33035714285714285
47,0.41964285714285715
28,0.25
66,0.5892857142857143
49,0.4375
71,0.6339285714285714
48,0.42857142857142855
64,0.5714285714285714
76,0.6785714285714286
66,0.5892857142857143
76,0.6785714285714286
52,0.4642857142857143
48,0.42857142857142855
52,0.4642857142857143
55,0.49107142857142855
70,0.625
77,0.6875
38,0.3392857142857143
47,0.41964285714285715
87,0.7767857142857143
22,0.19642857142857142
44,0.39285714285714285
54,0.48214285714285715
26,0.23214285714285715
17,0.15178571428571427
25,0.22321428571428573
28,0.25
78,0.6964285714285714
41,0.36607142857142855
67,0.5982142857142857
36,0.32142857142857145
35,0.3125
52,0.4642857142857143
48,0.42857142857142855
36,0.32142857142857145
55,0.49107142857142855
48,0.42857142857142855
13,0.11607142857142858
81,0.7232142857142857
36,0.32142857142857145
48,0.42857142857142855
44,0.39285714285714285
49,0.4375
48,0.42857142857142855
90,0.8035714285714286
28,0.25
45,0.4017857142857143
30,0.26785714285714285
75,0.6696428571428571
73,0.6517857142857143
70,0.625
28,0.25
56,0.5
59,0.5267857142857143
66,0.5892857142857143
17,0.15178571428571427
57,0.5089285714285714
57,0.5089285714285714
83,0.7410714285714286
42,0.375
60,0.5357142857142857
77,0.6875
66,0.5892857142857143
45,0.4017857142857143
18,0.16071428571428573
58,0.5178571428571429
61,0.5446428571428571
60,0.5357142857142857
88,0.7857142857142857
93,0.8303571428571429
8,0.07142857142857142
60,0.5357142857142857
52,0.4642857142857143
53,0.4732142857142857
41,0.36607142857142855
39,0.3482142857142857
64,0.5714285714285714
43,0.38392857142857145
33,0.29464285714285715
47,0.41964285714285715
97,0.8660714285714286
69,0.6160714285714286
80,0.7142857142857143
49,0.4375
84,0.75
39,0.3482142857142857
34,0.30357142857142855
22,0.19642857142857142
21,0.1875
36,0.32142857142857145
66,0.5892857142857143
87,0.7767857142857143
54,0.48214285714285715
66,0.5892857142857143
59,0.5267857142857143
20,0.17857142857142858
65,0.5803571428571429
38,0.3392857142857143
37,0.33035714285714285
56,0.5
61,0.5446428571428571
74,0.6607142857142857
76,0.6785714285714286
60,0.5357142857142857
55,0.49107142857142855
49,0.4375
96,0.8571428571428571
81,0.7232142857142857
73,0.6517857142857143
64,0.5714285714285714
53,0.4732142857142857
28,0.25
100,0.8928571428571429
57,0.5089285714285714
50,0.44642857142857145
51,0.45535714285714285
50,0.44642857142857145
26,0.23214285714285715
93,0.8303571428571429
50,0.44642857142857145
53,0.4732142857142857
93,0.8303571428571429
62,0.5535714285714286
66,0.5892857142857143
47,0.41964285714285715
43,0.38392857142857145
76,0.6785714285714286
76,0.6785714285714286
85,0.7589285714285714
78,0.6964285714285714
27,0.24107142857142858
61,0.5446428571428571
63,0.5625
56,0.5
63,0.5625
47,0.41964285714285715
79,0.7053571428571429
92,0.8214285714285714
57,0.5089285714285714
14,0.125
24,0.21428571428571427
80,0.7142857142857143
92,0.8214285714285714
100,0.8928571428571429
42,0.375
51,0.45535714285714285
48,0.42857142857142855
22,0.19642857142857142
57,0.5089285714285714
78,0.6964285714285714
57,0.5089285714285714
32,0.2857142857142857
60,0.5357142857142857
66,0.5892857142857143
55,0.49107142857142855
106,0.9464285714285714
51,0.45535714285714285
92,0.8214285714285714
54,0.48214285714285715
80,0.7142857142857143
37,0.33035714285714285
49,0.4375
93,0.8303571428571429
53,0.4732142857142857
42,0.375
32,0.2857142857142857
37,0.33035714285714285
54,0.48214285714285715
35,0.3125
37,0.33035714285714285
38,0.3392857142857143
82,0.7321428571428571
4,0.03571428571428571
11,0.09821428571428571
62,0.5535714285714286
106,0.9464285714285714
60,0.5357142857142857
66,0.5892857142857143
94,0.8392857142857143
86,0.7678571428571429
19,0.16964285714285715
58,0.5178571428571429
90,0.8035714285714286
67,0.5982142857142857
96,0.8571428571428571
85,0.7589285714285714
93,0.8303571428571429
37,0.33035714285714285
45,0.4017857142857143
36,0.32142857142857145
46,0.4107142857142857
52,0.4642857142857143
67,0.5982142857142857
44,0.39285714285714285
36,0.32142857142857145
12,0.10714285714285714
77,0.6875
23,0.20535714285714285
84,0.75
79,0.7053571428571429
63,0.5625
80,0.7142857142857143
96,0.8571428571428571
105,0.9375
17,0.15178571428571427
106,0.9464285714285714
96,0.8571428571428571
50,0.44642857142857145
78,0.6964285714285714
33,0.29464285714285715
43,0.38392857142857145
27,0.24107142857142858
63,0.5625
53,0.4732142857142857
106,0.9464285714285714
46,0.4107142857142857
85,0.7589285714285714
48,0.42857142857142855
59,0.5267857142857143
25,0.22321428571428573
65,0.5803571428571429
12,0.10714285714285714
66,0.5892857142857143
59,0.5267857142857143
11,0.09821428571428571
42,0.375
102,0.9107142857142857
47,0.41964285714285715
16,0.14285714285714285
48,0.42857142857142855
101,0.9017857142857143
65,0.5803571428571429
85,0.7589285714285714
34,0.30357142857142855
58,0.5178571428571429
101,0.9017857142857143
60,0.5357142857142857
82,0.7321428571428571
90,0.8035714285714286
25,0.22321428571428573
13,0.11607142857142858
101,0.9017857142857143
72,0.6428571428571429
99,0.8839285714285714
51,0.45535714285714285
52,0.4642857142857143
57,0.5089285714285714
19,0.16964285714285715
99,0.8839285714285714
51,0.45535714285714285
88,0.7857142857142857
44,0.39285714285714285
10,0.08928571428571429
41,0.36607142857142855
46,0.4107142857142857
99,0.8839285714285714
21,0.1875
56,0.5
28,0.25
7,0.0625
98,0.875
87,0.7767857142857143
17,0.15178571428571427
85,0.7589285714285714
85,0.7589285714285714
19,0.16964285714285715
97,0.8660714285714286
24,0.21428571428571427
15,0.13392857142857142
65,0.5803571428571429
49,0.4375
97,0.8660714285714286
32,0.2857142857142857
32,0.2857142857142857
38,0.3392857142857143
16,0.14285714285714285
98,0.875
95,0.8482142857142857
48,0.42857142857142855
56,0.5
101,0.9017857142857143
22,0.19642857142857142
93,0.8303571428571429
62,0.5535714285714286
61,0.5446428571428571
96,0.8571428571428571
52,0.4642857142857143
64,0.5714285714285714
57,0.5089285714285714
6,0.05357142857142857
4,0.03571428571428571
95,0.8482142857142857
23,0.20535714285714285
88,0.7857142857142857
96,0.8571428571428571
33,0.29464285714285715
35,0.3125
59,0.5267857142857143
98,0.875
88,0.7857142857142857
19,0.16964285714285715
40,0.35714285714285715
26,0.23214285714285715
30,0.26785714285714285
70,0.625
49,0.4375
21,0.1875
75,0.6696428571428571
33,0.29464285714285715
93,0.8303571428571429
66,0.5892857142857143
23,0.20535714285714285
25,0.22321428571428573
42,0.375
86,0.7678571428571429
92,0.8214285714285714
56,0.5
15,0.13392857142857142
53,0.4732142857142857
105,0.9375
57,0.5089285714285714
75,0.6696428571428571
61,0.5446428571428571
105,0.9375
47,0.41964285714285715
71,0.6339285714285714
100,0.8928571428571429
30,0.26785714285714285
61,0.5446428571428571
32,0.2857142857142857
87,0.7767857142857143
65,0.5803571428571429
83,0.7410714285714286
17,0.15178571428571427
5,0.044642857142857144
51,0.45535714285714285
52,0.4642857142857143
87,0.7767857142857143
70,0.625
37,0.33035714285714285
36,0.32142857142857145
93,0.8303571428571429
57,0.5089285714285714
69,0.6160714285714286
97,0.8660714285714286
69,0.6160714285714286
42,0.375
101,0.9017857142857143
40,0.35714285714285715
53,0.4732142857142857
53,0.4732142857142857
17,0.15178571428571427
31,0.2767857142857143
43,0.38392857142857145
96,0.8571428571428571
59,0.5267857142857143
59,0.5267857142857143
44,0.39285714285714285
54,0.48214285714285715
24,0.21428571428571427
64,0.5714285714285714
23,0.20535714285714285
52,0.4642857142857143
35,0.3125
86,0.7678571428571429
80,0.7142857142857143
49,0.4375
43,0.38392857142857145
99,0.8839285714285714
75,0.6696428571428571
27,0.24107142857142858
56,0.5
62,0.5535714285714286
82,0.7321428571428571
57,0.5089285714285714
48,0.42857142857142855
100,0.8928571428571429
7,0.0625
35,0.3125
76,0.6785714285714286
40,0.35714285714285715
43,0.38392857142857145
46,0.4107142857142857
24,0.21428571428571427
92,0.8214285714285714
51,0.45535714285714285
24,0.21428571428571427
29,0.25892857142857145
56,0.5
26,0.23214285714285715
51,0.45535714285714285
55,0.49107142857142855
81,0.7232142857142857
42,0.375
44,0.39285714285714285
85,0.7589285714285714
46,0.4107142857142857
52,0.4642857142857143
92,0.8214285714285714
97,0.8660714285714286
51,0.45535714285714285
100,0.8928571428571429
50,0.44642857142857145
29,0.25892857142857145
52,0.4642857142857143
80,0.7142857142857143
53,0.4732142857142857
59,0.5267857142857143
29,0.25892857142857145
57,0.5089285714285714
42,0.375
68,0.6071428571428571
68,0.6071428571428571
43,0.38392857142857145
35,0.3125
69,0.6160714285714286
22,0.19642857142857142
82,0.7321428571428571
86,0.7678571428571429
37,0.33035714285714285
57,0.5089285714285714
103,0.9196428571428571
68,0.6071428571428571
94,0.8392857142857143
94,0.8392857142857143
62,0.5535714285714286
65,0.5803571428571429
92,0.8214285714285714
43,0.38392857142857145
63,0.5625
106,0.9464285714285714
27,0.24107142857142858
45,0.4017857142857143
65,0.5803571428571429
48,0.42857142857142855
66,0.5892857142857143
62,0.5535714285714286
79,0.7053571428571429
60,0.5357142857142857
89,0.7946428571428571
53,0.4732142857142857
55,0.49107142857142855
54,0.48214285714285715
72,0.6428571428571429
32,0.2857142857142857
83,0.7410714285714286
26,0.23214285714285715
76,0.6785714285714286
18,0.16071428571428573
81,0.7232142857142857
62,0.5535714285714286
96,0.8571428571428571
41,0.36607142857142855
96,0.8571428571428571
45,0.4017857142857143
67,0.5982142857142857
112,1.0
93,0.8303571428571429
56,0.5
74,0.6607142857142857
85,0.7589285714285714
45,0.4017857142857143
66,0.5892857142857143
29,0.25892857142857145
75,0.6696428571428571
60,0.5357142857142857
60,0.5357142857142857
44,0.39285714285714285
52,0.4642857142857143
75,0.6696428571428571
70,0.625
79,0.7053571428571429
56,0.5
34,0.30357142857142855
51,0.45535714285714285
3,0.026785714285714284
23,0.20535714285714285
66,0.5892857142857143
68,0.6071428571428571
91,0.8125
39,0.3482142857142857
56,0.5
61,0.5446428571428571
83,0.7410714285714286
109,0.9732142857142857
50,0.44642857142857145
98,0.875
21,0.1875
58,0.5178571428571429
25,0.22321428571428573
41,0.36607142857142855
15,0.13392857142857142
44,0.39285714285714285
24,0.21428571428571427
64,0.5714285714285714
48,0.42857142857142855
44,0.39285714285714285
73,0.6517857142857143
35,0.3125
52,0.4642857142857143
30,0.26785714285714285
29,0.25892857142857145
21,0.1875
88,0.7857142857142857
58,0.5178571428571429
35,0.3125
48,0.42857142857142855
56,0.5
67,0.5982142857142857
73,0.6517857142857143
46,0.4107142857142857
58,0.5178571428571429
84,0.75
12,0.10714285714285714
83,0.7410714285714286
32,0.2857142857142857
32,0.2857142857142857
83,0.7410714285714286
6,0.05357142857142857
70,0.625
34,0.30357142857142855
91,0.8125
88,0.7857142857142857
55,0.49107142857142855
45,0.4017857142857143
39,0.3482142857142857
71,0.6339285714285714
69,0.6160714285714286
15,0.13392857142857142
76,0.6785714285714286
91,0.8125
10,0.08928571428571429
26,0.23214285714285715
80,0.7142857142857143
0,0.0
57,0.5089285714285714
55,0.49107142857142855
50,0.44642857142857145
78,0.6964285714285714
3,0.026785714285714284
57,0.5089285714285714
103,0.9196428571428571
100,0.8928571428571429
21,0.1875
25,0.22321428571428573
60,0.5357142857142857
2,0.017857142857142856
31,0.2767857142857143
43,0.38392857142857145
57,0.5089285714285714
74,0.6607142857142857
51,0.45535714285714285
103,0.9196428571428571
77,0.6875
71,0.6339285714285714
49,0.4375
54,0.48214285714285715
46,0.4107142857142857
68,0.6071428571428571
90,0.8035714285714286
65,0.5803571428571429
88,0.7857142857142857
52,0.4642857142857143
49,0.4375
42,0.375
91,0.8125
13,0.11607142857142858
74,0.6607142857142857
79,0.7053571428571429
58,0.5178571428571429
21,0.1875
47,0.41964285714285715
45,0.4017857142857143
69,0.6160714285714286
36,0.32142857142857145
61,0.5446428571428571
69,0.6160714285714286
61,0.5446428571428571
31,0.2767857142857143
74,0.6607142857142857
88,0.7857142857142857
87,0.7767857142857143
38,0.3392857142857143
59,0.5267857142857143
73,0.6517857142857143
46,0.4107142857142857
53,0.4732142857142857
47,0.41964285714285715
15,0.13392857142857142
90,0.8035714285714286
70,0.625
45,0.4017857142857143
97,0.8660714285714286
76,0.6785714285714286
28,0.25
15,0.13392857142857142
77,0.6875
59,0.5267857142857143
34,0.30357142857142855
29,0.25892857142857145
61,0.5446428571428571
51,0.45535714285714285
54,0.48214285714285715
69,0.6160714285714286
50,0.44642857142857145
38,0.3392857142857143
41,0.36607142857142855
67,0.5982142857142857
42,0.375
33,0.29464285714285715
50,0.44642857142857145
30,0.26785714285714285
86,0.7678571428571429
49,0.4375
86,0.7678571428571429
50,0.44642857142857145
51,0.45535714285714285
