69,0.6160714285714286
13,0.11607142857142858
71,0.6339285714285714
12,0.10714285714285714
77,0.6875
5,0.044642857142857144
56,0.5
52,0.4642857142857143
44,0.39285714285714285
47,0.41964285714285715
69,0.6160714285714286
0,0.0
49,0.4375
75,0.6696428571428571
31,0.2767857142857143
108,0.9642857142857143
67,0.5982142857142857
38,0.3392857142857143
56,0.5
112,1.0
66,0.5892857142857143
20,0.17857142857142858
80,0.7142857142857143
26,0.23214285714285715
49,0.4375
108,0.9642857142857143
67,0.5982142857142857
60,0.5357142857142857
60,0.5357142857142857
82,0.7321428571428571
46,0.4107142857142857
70,0.625
45,0.4017857142857143
68,0.6071428571428571
55,0.49107142857142855
55,0.49107142857142855
43,0.38392857142857145
41,0.36607142857142855
4,0.03571428571428571
68,0.6071428571428571
35,0.3125
27,0.24107142857142858
48,0.42857142857142855
35,0.3125
42,0.375
65,0.5803571428571429
32,0.2857142857142857
82,0.7321428571428571
23,0.20535714285714285
62,0.5535714285714286
61,0.5446428571428571
81,0.7232142857142857
22,0.19642857142857142
38,0.3392857142857143
41,0.36607142857142855
69,0.6160714285714286
48,0.42857142857142855
82,0.7321428571428571
69,0.6160714285714286
69,0.6160714285714286
39,0.3482142857142857
77,0.6875
33,0.29464285714285715
66,0.5892857142857143
103,0.9196428571428571
85,0.7589285714285714
88,0.7857142857142857
64,0.5714285714285714
57,0.5089285714285714
28,0.25
33,0.29464285714285715
73,0.6517857142857143
51,0.45535714285714285
29,0.25892857142857145
40,0.35714285714285715
1,0.008928571428571428
27,0.24107142857142858
65,0.5803571428571429
16,0.14285714285714285
52,0.4642857142857143
27,0.24107142857142858
31,0.2767857142857143
10,0.08928571428571429
60,0.5357142857142857
79,0.7053571428571429
28,0.25
35,0.3125
86,0.7678571428571429
71,0.6339285714285714
25,0.22321428571428573
48,0.42857142857142855
11,0.09821428571428571
11,0.09821428571428571
54,0.48214285714285715
29,0.25892857142857145
22,0.19642857142857142
29,0.25892857142857145
58,0.5178571428571429
83,0.7410714285714286
38,0.3392857142857143
28,0.25
33,0.29464285714285715
12,0.10714285714285714
51,0.45535714285714285
62,0.5535714285714286
55,0.49107142857142855
49,0.4375
87,0.7767857142857143
69,0.6160714285714286
74,0.6607142857142857
49,0.4375
13,0.11607142857142858
57,0.5089285714285714
19,0.16964285714285715
65,0.5803571428571429
76,0.6785714285714286
94,0.8392857142857143
82,0.7321428571428571
73,0.6517857142857143
19,0.16964285714285715
43,0.38392857142857145
56,0.5
98,0.875
26,0.23214285714285715
22,0.19642857142857142
62,0.5535714285714286
62,0.5535714285714286
64,0.5714285714285714
61,0.5446428571428571
11,0.09821428571428571
94,0.8392857142857143
102,0.9107142857142857
77,0.6875
79,0.7053571428571429
61,0.5446428571428571
48,0.42857142857142855
15,0.13392857142857142
24,0.21428571428571427
74,0.6607142857142857
73,0.6517857142857143
69,0.6160714285714286
42,0.375
44,0.39285714285714285
45,0.4017857142857143
44,0.39285714285714285
78,0.6964285714285714
31,0.2767857142857143
44,0.39285714285714285
59,0.5267857142857143
40,0.35714285714285715
60,0.5357142857142857
40,0.35714285714285715
97,0.8660714285714286
89,0.7946428571428571
101,0.9017857142857143
40,0.35714285714285715
85,0.7589285714285714
50,0.44642857142857145
78,0.6964285714285714
70,0.625
45,0.4017857142857143
56,0.5
77,0.6875
43,0.38392857142857145
52,0.4642857142857143
53,0.4732142857142857
95,0.8482142857142857
95,0.8482142857142857
108,0.9642857142857143
63,0.5625
93,0.8303571428571429
24,0.21428571428571427
31,0.2767857142857143
27,0.24107142857142858
41,0.36607142857142855
90,0.8035714285714286
40,0.35714285714285715
67,0.5982142857142857
54,0.48214285714285715
78,0.6964285714285714
14,0.125
48,0.42857142857142855
37,0.33035714285714285
56,0.5
13,0.11607142857142858
53,0.4732142857142857
61,0.5446428571428571
98,0.875
62,0.5535714285714286
49,0.4375
53,0.4732142857142857
62,0.5535714285714286
54,0.48214285714285715
89,0.7946428571428571
29,0.25892857142857145
63,0.5625
106,0.9464285714285714
49,0.4375
22,0.19642857142857142
18,0.16071428571428573
28,0.25
74,0.6607142857142857
84,0.75
103,0.9196428571428571
100,0.8928571428571429
56,0.5
83,0.7410714285714286
59,0.5267857142857143
38,0.3392857142857143
79,0.7053571428571429
18,0.16071428571428573
36,0.32142857142857145
45,0.4017857142857143
23,0.20535714285714285
57,0.5089285714285714
47,0.41964285714285715
32,0.2857142857142857
87,0.7767857142857143
57,0.5089285714285714
58,0.5178571428571429
12,0.10714285714285714
49,0.4375
50,0.44642857142857145
16,0.14285714285714285
21,0.1875
17,0.15178571428571427
70,0.625
71,0.6339285714285714
65,0.5803571428571429
91,0.8125
45,0.4017857142857143
31,0.2767857142857143
53,0.4732142857142857
97,0.8660714285714286
31,0.2767857142857143
88,0.7857142857142857
14,0.125
48,0.42857142857142855
51,0.45535714285714285
62,0.5535714285714286
25,0.22321428571428573
80,0.7142857142857143
24,0.21428571428571427
69,0.6160714285714286
57,0.5089285714285714
60,0.5357142857142857
94,0.8392857142857143
72,0.6428571428571429
16,0.14285714285714285
16,0.14285714285714285
69,0.6160714285714286
68,0.6071428571428571
13,0.11607142857142858
60,0.5357142857142857
65,0.5803571428571429
93,0.8303571428571429
62,0.5535714285714286
52,0.4642857142857143
48,0.42857142857142855
71,0.6339285714285714
88,0.7857142857142857
37,0.33035714285714285
24,0.21428571428571427
78,0.6964285714285714
62,0.5535714285714286
18,0.16071428571428573
55,0.49107142857142855
31,0.2767857142857143
15,0.13392857142857142
52,0.4642857142857143
22,0.19642857142857142
28,0.25
15,0.13392857142857142
12,0.10714285714285714
50,0.44642857142857145
94,0.8392857142857143
59,0.5267857142857143
107,0.9553571428571429
60,0.5357142857142857
9,0.08035714285714286
18,0.16071428571428573
56,0.5
57,0.5089285714285714
7,0.0625
24,0.21428571428571427
103,0.9196428571428571
59,0.5267857142857143
108,0.9642857142857143
74,0.6607142857142857
21,0.1875
18,0.16071428571428573
64,0.5714285714285714
18,0.16071428571428573
88,0.7857142857142857
55,0.49107142857142855
59,0.5267857142857143
99,0.8839285714285714
57,0.5089285714285714
59,0.5267857142857143
105,0.9375
9,0.08035714285714286
13,0.11607142857142858
16,0.14285714285714285
21,0.1875
70,0.625
15,0.13392857142857142
47,0.41964285714285715
109,0.9732142857142857
14,0.125
68,0.6071428571428571
25,0.22321428571428573
36,0.32142857142857145
56,0.5
60,0.5357142857142857
91,0.8125
72,0.6428571428571429
25,0.22321428571428573
42,0.375
74,0.6607142857142857
93,0.8303571428571429
19,0.16964285714285715
31,0.2767857142857143
85,0.7589285714285714
88,0.7857142857142857
69,0.6160714285714286
61,0.5446428571428571
41,0.36607142857142855
54,0.48214285714285715
21,0.1875
61,0.5446428571428571
64,0.5714285714285714
48,0.42857142857142855
12,0.10714285714285714
106,0.9464285714285714
71,0.6339285714285714
57,0.5089285714285714
7,0.0625
106,0.9464285714285714
28,0.25
82,0.7321428571428571
102,0.9107142857142857
66,0.5892857142857143
37,0.33035714285714285
44,0.39285714285714285
17,0.15178571428571427
82,0.7321428571428571
95,0.8482142857142857
84,0.75
40,0.35714285714285715
53,0.4732142857142857
35,0.3125
55,0.49107142857142855
73,0.6517857142857143
3,0.026785714285714284
102,0.9107142857142857
26,0.23214285714285715
98,0.875
72,0.6428571428571429
100,0.8928571428571429
31,0.2767857142857143
49,0.4375
23,0.20535714285714285
18,0.16071428571428573
72,0.6428571428571429
77,0.6875
39,0.3482142857142857
40,0.35714285714285715
44,0.39285714285714285
41,0.36607142857142855
73,0.6517857142857143
3,0.026785714285714284
35,0.3125
36,0.32142857142857145
61,0.5446428571428571
87,0.7767857142857143
109,0.9732142857142857
27,0.24107142857142858
46,0.4107142857142857
24,0.21428571428571427
12,0.10714285714285714
95,0.8482142857142857
35,0.3125
5,0.044642857142857144
47,0.41964285714285715
37,0.33035714285714285
53,0.4732142857142857
47,0.41964285714285715
53,0.4732142857142857
87,0.7767857142857143
75,0.6696428571428571
90,0.8035714285714286
92,0.8214285714285714
8,0.07142857142857142
29,0.25892857142857145
25,0.22321428571428573
38,0.3392857142857143
45,0.4017857142857143
74,0.6607142857142857
30,0.26785714285714285
33,0.29464285714285715
70,0.625
26,0.23214285714285715
14,0.125
14,0.125
64,0.5714285714285714
67,0.5982142857142857
35,0.3125
51,0.45535714285714285
85,0.7589285714285714
44,0.39285714285714285
71,0.6339285714285714
40,0.35714285714285715
1,0.008928571428571428
50,0.44642857142857145
77,0.6875
48,0.42857142857142855
85,0.7589285714285714
27,0.24107142857142858
107,0.9553571428571429
32,0.2857142857142857
50,0.44642857142857145
49,0.4375
54,0.48214285714285715
59,0.5267857142857143
51,0.45535714285714285
41,0.36607142857142855
52,0.4642857142857143
82,0.7321428571428571
64,0.5714285714285714
90,0.8035714285714286
62,0.5535714285714286
68,0.6071428571428571
70,0.625
104,0.9285714285714286
67,0.5982142857142857
49,0.4375
71,0.6339285714285714
59,0.5267857142857143
93,0.8303571428571429
15,0.13392857142857142
23,0.20535714285714285
31,0.2767857142857143
45,0.4017857142857143
86,0.7678571428571429
62,0.5535714285714286
79,0.7053571428571429
53,0.4732142857142857
17,0.15178571428571427
62,0.5535714285714286
37,0.33035714285714285
18,0.16071428571428573
94,0.8392857142857143
90,0.8035714285714286
91,0.8125
74,0.6607142857142857
32,0.2857142857142857
50,0.44642857142857145
99,0.8839285714285714
90,0.8035714285714286
39,0.3482142857142857
68,0.6071428571428571
97,0.8660714285714286
97,0.8660714285714286
89,0.7946428571428571
33,0.29464285714285715
31,0.2767857142857143
96,0.8571428571428571
12,0.10714285714285714
31,0.2767857142857143
90,0.8035714285714286
65,0.5803571428571429
22,0.19642857142857142
11,0.09821428571428571
93,0.8303571428571429
12,0.10714285714285714
42,0.375
70,0.625
33,0.29464285714285715
31,0.2767857142857143
88,0.7857142857142857
30,0.26785714285714285
92,0.8214285714285714
16,0.14285714285714285
73,0.6517857142857143
67,0.5982142857142857
97,0.8660714285714286
9,0.08035714285714286
101,0.9017857142857143
38,0.3392857142857143
15,0.13392857142857142
66,0.5892857142857143
25,0.22321428571428573
87,0.7767857142857143
3,0.026785714285714284
23,0.20535714285714285
46,0.4107142857142857
89,0.7946428571428571
16,0.14285714285714285
20,0.17857142857142858
45,0.4017857142857143
101,0.9017857142857143
58,0.5178571428571429
68,0.6071428571428571
27,0.24107142857142858
29,0.25892857142857145
85,0.7589285714285714
39,0.3482142857142857
23,0.20535714285714285
33,0.29464285714285715
23,0.20535714285714285
73,0.6517857142857143
56,0.5
49,0.4375
23,0.20535714285714285
20,0.17857142857142858
49,0.4375
57,0.5089285714285714
41,0.36607142857142855
104,0.9285714285714286
44,0.39285714285714285
88,0.7857142857142857
80,0.7142857142857143
71,0.6339285714285714
70,0.625
47,0.41964285714285715
45,0.4017857142857143
43,0.38392857142857145
58,0.5178571428571429
46,0.4107142857142857
45,0.4017857142857143
58,0.5178571428571429
40,0.35714285714285715
34,0.30357142857142855
61,0.5446428571428571
81,0.7232142857142857
49,0.4375
56,0.5
35,0.3125
97,0.8660714285714286
44,0.39285714285714285
93,0.8303571428571429
37,0.33035714285714285
43,0.38392857142857145
20,0.17857142857142858
38,0.3392857142857143
43,0.38392857142857145
36,0.32142857142857145
80,0.7142857142857143
52,0.4642857142857143
77,0.6875
31,0.2767857142857143
51,0.45535714285714285
51,0.45535714285714285
67,0.5982142857142857
44,0.39285714285714285
15,0.13392857142857142
48,0.42857142857142855
51,0.45535714285714285
59,0.5267857142857143
100,0.8928571428571429
72,0.6428571428571429
13,0.11607142857142858
12,0.10714285714285714
83,0.7410714285714286
58,0.5178571428571429
44,0.39285714285714285
96,0.8571428571428571
56,0.5
70,0.625
85,0.7589285714285714
49,0.4375
75,0.6696428571428571
52,0.4642857142857143
57,0.5089285714285714
68,0.6071428571428571
103,0.9196428571428571
80,0.7142857142857143
35,0.3125
75,0.6696428571428571
80,0.7142857142857143
51,0.45535714285714285
18,0.16071428571428573
48,0.42857142857142855
26,0.23214285714285715
63,0.5625
46,0.4107142857142857
44,0.39285714285714285
47,0.41964285714285715
19,0.16964285714285715
89,0.7946428571428571
81,0.7232142857142857
68,0.6071428571428571
87,0.7767857142857143
98,0.875
52,0.4642857142857143
70,0.625
64,0.5714285714285714
71,0.6339285714285714
82,0.7321428571428571
49,0.4375
39,0.3482142857142857
73,0.6517857142857143
58,0.5178571428571429
60,0.5357142857142857
55,0.49107142857142855
18,0.16071428571428573
77,0.6875
67,0.5982142857142857
45,0.4017857142857143
92,0.8214285714285714
50,0.44642857142857145
91,0.8125
27,0.24107142857142858
56,0.5
39,0.3482142857142857
63,0.5625
64,0.5714285714285714
60,0.5357142857142857
61,0.5446428571428571
19,0.16964285714285715
26,0.23214285714285715
20,0.17857142857142858
37,0.33035714285714285
38,0.3392857142857143
59,0.5267857142857143
97,0.8660714285714286
63,0.5625
20,0.17857142857142858
80,0.7142857142857143
77,0.6875
50,0.44642857142857145
84,0.75
35,0.3125
47,0.41964285714285715
68,0.6071428571428571
65,0.5803571428571429
71,0.6339285714285714
21,0.1875
48,0.42857142857142855
88,0.7857142857142857
82,0.7321428571428571
81,0.7232142857142857
68,0.6071428571428571
29,0.25892857142857145
65,0.5803571428571429
44,0.39285714285714285
74,0.6607142857142857
31,0.2767857142857143
65,0.5803571428571429
39,0.3482142857142857
82,0.7321428571428571
26,0.23214285714285715
61,0.5446428571428571
53,0.4732142857142857
35,0.3125
5,0.044642857142857144
59,0.5267857142857143
81,0.7232142857142857
74,0.6607142857142857
42,0.375
34,0.30357142857142855
82,0.7321428571428571
54,0.48214285714285715
67,0.5982142857142857
45,0.4017857142857143
23,0.20535714285714285
35,0.3125
89,0.7946428571428571
34,0.30357142857142855
103,0.9196428571428571
76,0.6785714285714286
21,0.1875
49,0.4375
20,0.17857142857142858
92,0.8214285714285714
24,0.21428571428571427
59,0.5267857142857143
49,0.4375
64,0.5714285714285714
4,0.03571428571428571
4,0.03571428571428571
17,0.15178571428571427
4,0.03571428571428571
71,0.6339285714285714
7,0.0625
35,0.3125
83,0.7410714285714286
49,0.4375
18,0.16071428571428573
78,0.6964285714285714
18,0.16071428571428573
37,0.33035714285714285
19,0.16964285714285715
9,0.08035714285714286
67,0.5982142857142857
32,0.2857142857142857
65,0.5803571428571429
64,0.5714285714285714
29,0.25892857142857145
23,0.20535714285714285
71,0.6339285714285714
43,0.38392857142857145
85,0.7589285714285714
58,0.5178571428571429
45,0.4017857142857143
74,0.6607142857142857
78,0.6964285714285714
94,0.8392857142857143
71,0.6339285714285714
40,0.35714285714285715
87,0.7767857142857143
93,0.8303571428571429
50,0.44642857142857145
53,0.4732142857142857
70,0.625
35,0.3125
41,0.36607142857142855
41,0.36607142857142855
61,0.5446428571428571
110,0.9821428571428571
85,0.7589285714285714
73,0.6517857142857143
73,0.6517857142857143
4,0.03571428571428571
80,0.7142857142857143
43,0.38392857142857145
69,0.6160714285714286
93,0.8303571428571429
69,0.6160714285714286
81,0.7232142857142857
51,0.45535714285714285
19,0.16964285714285715
55,0.49107142857142855
63,0.5625
63,0.5625
25,0.22321428571428573
63,0.5625
63,0.5625
68,0.6071428571428571
10,0.08928571428571429
89,0.7946428571428571
90,0.8035714285714286
26,0.23214285714285715
45,0.4017857142857143
86,0.7678571428571429
86,0.7678571428571429
44,0.39285714285714285
23,0.20535714285714285
50,0.44642857142857145
88,0.7857142857142857
41,0.36607142857142855
71,0.6339285714285714
35,0.3125
27,0.24107142857142858
89,0.7946428571428571
67,0.5982142857142857
84,0.75
34,0.30357142857142855
66,0.5892857142857143
95,0.8482142857142857
40,0.35714285714285715
30,0.26785714285714285
67,0.5982142857142857
49,0.4375
51,0.45535714285714285
75,0.6696428571428571
54,0.48214285714285715
97,0.8660714285714286
27,0.24107142857142858
57,0.5089285714285714
99,0.8839285714285714
109,0.9732142857142857
39,0.3482142857142857
76,0.6785714285714286
25,0.22321428571428573
47,0.41964285714285715
18,0.16071428571428573
51,0.45535714285714285
19,0.16964285714285715
71,0.6339285714285714
67,0.5982142857142857
63,0.5625
52,0.4642857142857143
84,0.75
74,0.6607142857142857
88,0.7857142857142857
41,0.36607142857142855
69,0.6160714285714286
61,0.5446428571428571
79,0.7053571428571429
41,0.36607142857142855
85,0.7589285714285714
42,0.375
50,0.44642857142857145
68,0.6071428571428571
40,0.35714285714285715
92,0.8214285714285714
109,0.9732142857142857
27,0.24107142857142858
80,0.7142857142857143
92,0.8214285714285714
51,0.45535714285714285
80,0.7142857142857143
48,0.42857142857142855
64,0.5714285714285714
67,0.5982142857142857
78,0.6964285714285714
37,0.33035714285714285
97,0.8660714285714286
28,0.25
96,0.8571428571428571
94,0.8392857142857143
80,0.7142857142857143
73,0.6517857142857143
49,0.4375
15,0.13392857142857142
15,0.13392857142857142
25,0.22321428571428573
71,0.6339285714285714
77,0.6875
67,0.5982142857142857
82,0.7321428571428571
81,0.7232142857142857
15,0.13392857142857142
55,0.49107142857142855
84,0.75
31,0.2767857142857143
71,0.6339285714285714
81,0.7232142857142857
82,0.7321428571428571
77,0.6875
57,0.5089285714285714
59,0.5267857142857143
30,0.26785714285714285
67,0.5982142857142857
96,0.8571428571428571
104,0.9285714285714286
85,0.7589285714285714
32,0.2857142857142857
64,0.5714285714285714
95,0.8482142857142857
88,0.7857142857142857
29,0.25892857142857145
7,0.0625
32,0.2857142857142857
79,0.7053571428571429
92,0.8214285714285714
84,0.75
68,0.6071428571428571
46,0.4107142857142857
57,0.5089285714285714
103,0.9196428571428571
47,0.41964285714285715
77,0.6875
77,0.6875
34,0.30357142857142855
49,0.4375
95,0.8482142857142857
90,0.8035714285714286
79,0.7053571428571429
20,0.17857142857142858
76,0.6785714285714286
91,0.8125
74,0.6607142857142857
75,0.6696428571428571
27,0.24107142857142858
89,0.7946428571428571
79,0.7053571428571429
98,0.875
77,0.6875
79,0.7053571428571429
12,0.10714285714285714
91,0.8125
78,0.6964285714285714
90,0.8035714285714286
55,0.49107142857142855
15,0.13392857142857142
10,0.08928571428571429
23,0.20535714285714285
72,0.6428571428571429
75,0.6696428571428571
27,0.24107142857142858
88,0.7857142857142857
90,0.8035714285714286
15,0.13392857142857142
99,0.8839285714285714
67,0.5982142857142857
21,0.1875
96,0.8571428571428571
89,0.7946428571428571
11,0.09821428571428571
20,0.17857142857142858
35,0.3125
34,0.30357142857142855
47,0.41964285714285715
33,0.29464285714285715
93,0.8303571428571429
19,0.16964285714285715
36,0.32142857142857145
91,0.8125
105,0.9375
46,0.4107142857142857
85,0.7589285714285714
44,0.39285714285714285
96,0.8571428571428571
34,0.30357142857142855
97,0.8660714285714286
39,0.3482142857142857
30,0.26785714285714285
86,0.7678571428571429
112,1.0
103,0.9196428571428571
16,0.14285714285714285
73,0.6517857142857143
93,0.8303571428571429
76,0.6785714285714286
67,0.5982142857142857
84,0.75
82,0.7321428571428571
11,0.09821428571428571
102,0.9107142857142857
23,0.20535714285714285
46,0.4107142857142857
23,0.20535714285714285
88,0.7857142857142857
36,0.32142857142857145
23,0.20535714285714285
6,0.05357142857142857
31,0.2767857142857143
101,0.9017857142857143
83,0.7410714285714286
49,0.4375
75,0.6696428571428571
40,0.35714285714285715
74,0.6607142857142857
25,0.22321428571428573
83,0.7410714285714286
11,0.09821428571428571
80,0.7142857142857143
40,0.35714285714285715
43,0.38392857142857145
32,0.2857142857142857
17,0.15178571428571427
61,0.5446428571428571
17,0.15178571428571427
36,0.32142857142857145
79,0.7053571428571429
112,1.0
28,0.25
16,0.14285714285714285
108,0.9642857142857143
60,0.5357142857142857
0,0.0
20,0.17857142857142858
62,0.5535714285714286
12,0.10714285714285714
109,0.9732142857142857
20,0.17857142857142858
28,0.25
24,0.21428571428571427
30,0.26785714285714285
80,0.7142857142857143
29,0.25892857142857145
74,0.6607142857142857
29,0.25892857142857145
56,0.5
104,0.9285714285714286
82,0.7321428571428571
23,0.20535714285714285
94,0.8392857142857143
26,0.23214285714285715
106,0.9464285714285714
64,0.5714285714285714
23,0.20535714285714285
72,0.6428571428571429
75,0.6696428571428571
100,0.8928571428571429
82,0.7321428571428571
98,0.875
77,0.6875
32,0.2857142857142857
32,0.2857142857142857
37,0.33035714285714285
33,0.29464285714285715
89,0.7946428571428571
110,0.9821428571428571
41,0.36607142857142855
22,0.19642857142857142
84,0.75
82,0.7321428571428571
36,0.32142857142857145
21,0.1875
32,0.2857142857142857
40,0.35714285714285715
93,0.8303571428571429
20,0.17857142857142858
55,0.49107142857142855
81,0.7232142857142857
18,0.16071428571428573
88,0.7857142857142857
36,0.32142857142857145
88,0.7857142857142857
83,0.7410714285714286
29,0.25892857142857145
91,0.8125
60,0.5357142857142857
38,0.3392857142857143
24,0.21428571428571427
72,0.6428571428571429
81,0.7232142857142857
30,0.26785714285714285
94,0.8392857142857143
27,0.24107142857142858
77,0.6875
105,0.9375
13,0.11607142857142858
102,0.9107142857142857
79,0.7053571428571429
101,0.9017857142857143
90,0.8035714285714286
55,0.49107142857142855
28,0.25
34,0.30357142857142855
2,0.017857142857142856
13,0.11607142857142858
84,0.75
85,0.7589285714285714
3,0.026785714285714284
76,0.6785714285714286
10,0.08928571428571429
76,0.6785714285714286
62,0.5535714285714286
33,0.29464285714285715
20,0.17857142857142858
62,0.5535714285714286
1,0.008928571428571428
74,0.6607142857142857
84,0.75
36,0.32142857142857145
97,0.8660714285714286
43,0.38392857142857145
74,0.6607142857142857
51,0.45535714285714285
21,0.1875
26,0.23214285714285715
2,0.017857142857142856
14,0.125
18,0.16071428571428573
79,0.7053571428571429
48,0.42857142857142855
99,0.8839285714285714
23,0.20535714285714285
3,0.026785714285714284
97,0.8660714285714286
41,0.36607142857142855
92,0.8214285714285714
26,0.23214285714285715
67,0.5982142857142857
34,0.30357142857142855
68,0.6071428571428571
109,0.9732142857142857
67,0.5982142857142857
73,0.6517857142857143
9,0.08035714285714286
11,0.09821428571428571
109,0.9732142857142857
63,0.5625
70,0.625
65,0.5803571428571429
37,0.33035714285714285
38,0.3392857142857143
83,0.7410714285714286
92,0.8214285714285714
70,0.625
42,0.375
53,0.4732142857142857
60,0.5357142857142857
76,0.6785714285714286
33,0.29464285714285715
0,0.0
112,1.0
60,0.5357142857142857
29,0.25892857142857145
85,0.7589285714285714
75,0.6696428571428571
33,0.29464285714285715
16,0.14285714285714285
62,0.5535714285714286
17,0.15178571428571427
32,0.2857142857142857
12,0.10714285714285714
14,0.125
71,0.6339285714285714
97,0.8660714285714286
79,0.7053571428571429
17,0.15178571428571427
82,0.7321428571428571
32,0.2857142857142857
1,0.008928571428571428
90,0.8035714285714286
69,0.6160714285714286
78,0.6964285714285714
86,0.7678571428571429
32,0.2857142857142857
81,0.7232142857142857
24,0.21428571428571427
77,0.6875
41,0.36607142857142855
52,0.4642857142857143
87,0.7767857142857143
104,0.9285714285714286
96,0.8571428571428571
70,0.625
22,0.19642857142857142
106,0.9464285714285714
44,0.39285714285714285
85,0.7589285714285714
90,0.8035714285714286
82,0.7321428571428571
21,0.1875
27,0.24107142857142858
103,0.9196428571428571
76,0.6785714285714286
19,0.16964285714285715
23,0.20535714285714285
26,0.23214285714285715
103,0.9196428571428571
108,0.9642857142857143
58,0.5178571428571429
50,0.44642857142857145
26,0.23214285714285715
26,0.23214285714285715
29,0.25892857142857145
96,0.8571428571428571
3,0.026785714285714284
35,0.3125
27,0.24107142857142858
65,0.5803571428571429
66,0.5892857142857143
74,0.6607142857142857
97,0.8660714285714286
110,0.9821428571428571
96,0.8571428571428571
90,0.8035714285714286
0,0.0
22,0.19642857142857142
33,0.29464285714285715
18,0.16071428571428573
11,0.09821428571428571
67,0.5982142857142857
88,0.7857142857142857
111,0.9910714285714286
