78,0.6964285714285714
82,0.7321428571428571
93,0.8303571428571429
15,0.13392857142857142
83,0.7410714285714286
49,0.4375
66,0.5892857142857143
96,0.8571428571428571
41,0.36607142857142855
70,0.625
21,0.1875
64,0.5714285714285714
57,0.5089285714285714
23,0.20535714285714285
50,0.44642857142857145
48,0.42857142857142855
50,0.44642857142857145
59,0.5267857142857143
88,0.7857142857142857
66,0.5892857142857143
44,0.39285714285714285
87,0.7767857142857143
61,0.5446428571428571
36,0.32142857142857145
78,0.6964285714285714
85,0.7589285714285714
96,0.8571428571428571
67,0.5982142857142857
52,0.4642857142857143
53,0.4732142857142857
67,0.5982142857142857
61,0.5446428571428571
59,0.5267857142857143
93,0.8303571428571429
42,0.375
74,0.6607142857142857
72,0.6428571428571429
55,0.49107142857142855
29,0.25892857142857145
90,0.8035714285714286
66,0.5892857142857143
28,0.25
80,0.7142857142857143
77,0.6875
42,0.375
51,0.45535714285714285
94,0.8392857142857143
58,0.5178571428571429
40,0.35714285714285715
52,0.4642857142857143
75,0.6696428571428571
23,0.20535714285714285
30,0.26785714285714285
21,0.1875
79,0.7053571428571429
43,0.38392857142857145
46,0.4107142857142857
96,0.8571428571428571
47,0.41964285714285715
89,0.7946428571428571
57,0.5089285714285714
25,0.22321428571428573
41,0.36607142857142855
51,0.45535714285714285
22,0.19642857142857142
32,0.2857142857142857
62,0.5535714285714286
70,0.625
18,0.16071428571428573
19,0.16964285714285715
68,0.6071428571428571
59,0.5267857142857143
68,0.6071428571428571
11,0.09821428571428571
80,0.7142857142857143
54,0.48214285714285715
36,0.32142857142857145
38,0.3392857142857143
70,0.625
62,0.5535714285714286
48,0.42857142857142855
28,0.25
52,0.4642857142857143
45,0.4017857142857143
64,0.5714285714285714
66,0.5892857142857143
38,0.3392857142857143
59,0.5267857142857143
83,0.7410714285714286
45,0.4017857142857143
30,0.26785714285714285
50,0.44642857142857145
74,0.6607142857142857
58,0.5178571428571429
55,0.49107142857142855
49,0.4375
40,0.35714285714285715
41,0.36607142857142855
40,0.35714285714285715
16,0.14285714285714285
43,0.38392857142857145
58,0.5178571428571429
35,0.3125
45,0.4017857142857143
39,0.3482142857142857
31,0.2767857142857143
43,0.38392857142857145
65,0.5803571428571429
16,0.14285714285714285
43,0.38392857142857145
22,0.19642857142857142
42,0.375
62,0.5535714285714286
34,0.30357142857142855
87,0.7767857142857143
65,0.5803571428571429
85,0.7589285714285714
69,0.6160714285714286
51,0.45535714285714285
96,0.8571428571428571
22,0.19642857142857142
92,0.8214285714285714
22,0.19642857142857142
20,0.17857142857142858
72,0.6428571428571429
77,0.6875
36,0.32142857142857145
45,0.4017857142857143
45,0.4017857142857143
62,0.5535714285714286
103,0.9196428571428571
59,0.5267857142857143
65,0.5803571428571429
63,0.5625
63,0.5625
38,0.3392857142857143
53,0.4732142857142857
75,0.6696428571428571
95,0.8482142857142857
63,0.5625
83,0.7410714285714286
82,0.7321428571428571
28,0.25
93,0.8303571428571429
52,0.4642857142857143
54,0.48214285714285715
75,0.6696428571428571
65,0.5803571428571429
42,0.375
72,0.6428571428571429
54,0.48214285714285715
33,0.29464285714285715
34,0.30357142857142855
86,0.7678571428571429
79,0.7053571428571429
57,0.5089285714285714
72,0.6428571428571429
60,0.5357142857142857
23,0.20535714285714285
75,0.6696428571428571
55,0.49107142857142855
67,0.5982142857142857
55,0.49107142857142855
56,0.5
45,0.4017857142857143
76,0.6785714285714286
63,0.5625
38,0.3392857142857143
48,0.42857142857142855
61,0.5446428571428571
27,0.24107142857142858
45,0.4017857142857143
53,0.4732142857142857
32,0.2857142857142857
79,0.7053571428571429
56,0.5
51,0.45535714285714285
52,0.4642857142857143
45,0.4017857142857143
59,0.5267857142857143
58,0.5178571428571429
33,0.29464285714285715
85,0.7589285714285714
104,0.9285714285714286
79,0.7053571428571429
30,0.26785714285714285
68,0.6071428571428571
105,0.9375
56,0.5
47,0.41964285714285715
66,0.5892857142857143
40,0.35714285714285715
57,0.5089285714285714
84,0.75
62,0.5535714285714286
13,0.11607142857142858
71,0.6339285714285714
59,0.5267857142857143
15,0.13392857142857142
33,0.29464285714285715
45,0.4017857142857143
91,0.8125
33,0.29464285714285715
88,0.7857142857142857
54,0.48214285714285715
100,0.8928571428571429
54,0.48214285714285715
41,0.36607142857142855
32,0.2857142857142857
63,0.5625
36,0.32142857142857145
34,0.30357142857142855
84,0.75
57,0.5089285714285714
83,0.7410714285714286
80,0.7142857142857143
70,0.625
32,0.2857142857142857
45,0.4017857142857143
88,0.7857142857142857
21,0.1875
46,0.4107142857142857
27,0.24107142857142858
59,0.5267857142857143
65,0.5803571428571429
40,0.35714285714285715
76,0.6785714285714286
21,0.1875
68,0.6071428571428571
91,0.8125
59,0.5267857142857143
61,0.5446428571428571
57,0.5089285714285714
42,0.375
80,0.7142857142857143
54,0.48214285714285715
53,0.4732142857142857
71,0.6339285714285714
57,0.5089285714285714
51,0.45535714285714285
75,0.6696428571428571
43,0.38392857142857145
43,0.38392857142857145
91,0.8125
86,0.7678571428571429
25,0.22321428571428573
34,0.30357142857142855
51,0.45535714285714285
61,0.5446428571428571
43,0.38392857142857145
12,0.10714285714285714
18,0.16071428571428573
38,0.3392857142857143
101,0.9017857142857143
63,0.5625
51,0.45535714285714285
60,0.5357142857142857
61,0.5446428571428571
91,0.8125
20,0.17857142857142858
43,0.38392857142857145
67,0.5982142857142857
51,0.45535714285714285
73,0.6517857142857143
68,0.6071428571428571
43,0.38392857142857145
79,0.7053571428571429
68,0.6071428571428571
20,0.17857142857142858
106,0.9464285714285714
61,0.5446428571428571
105,0.9375
65,0.5803571428571429
63,0.5625
58,0.5178571428571429
36,0.32142857142857145
23,0.20535714285714285
80,0.7142857142857143
68,0.6071428571428571
11,0.09821428571428571
70,0.625
37,0.33035714285714285
22,0.19642857142857142
88,0.7857142857142857
42,0.375
45,0.4017857142857143
78,0.6964285714285714
74,0.6607142857142857
46,0.4107142857142857
67,0.5982142857142857
39,0.3482142857142857
87,0.7767857142857143
74,0.6607142857142857
70,0.625
71,0.6339285714285714
57,0.5089285714285714
57,0.5089285714285714
56,0.5
77,0.6875
87,0.7767857142857143
46,0.4107142857142857
68,0.6071428571428571
91,0.8125
53,0.4732142857142857
45,0.4017857142857143
89,0.7946428571428571
58,0.5178571428571429
66,0.5892857142857143
15,0.13392857142857142
39,0.3482142857142857
51,0.45535714285714285
46,0.4107142857142857
54,0.48214285714285715
87,0.7767857142857143
29,0.25892857142857145
83,0.7410714285714286
35,0.3125
78,0.6964285714285714
31,0.2767857142857143
89,0.7946428571428571
16,0.14285714285714285
99,0.8839285714285714
79,0.7053571428571429
54,0.48214285714285715
47,0.41964285714285715
33,0.29464285714285715
39,0.3482142857142857
66,0.5892857142857143
99,0.8839285714285714
48,0.42857142857142855
42,0.375
86,0.7678571428571429
38,0.3392857142857143
48,0.42857142857142855
39,0.3482142857142857
94,0.8392857142857143
91,0.8125
110,0.9821428571428571
27,0.24107142857142858
31,0.2767857142857143
10,0.08928571428571429
41,0.36607142857142855
59,0.5267857142857143
84,0.75
68,0.6071428571428571
61,0.5446428571428571
34,0.30357142857142855
21,0.1875
61,0.5446428571428571
60,0.5357142857142857
90,0.8035714285714286
38,0.3392857142857143
35,0.3125
38,0.3392857142857143
101,0.9017857142857143
85,0.7589285714285714
15,0.13392857142857142
81,0.7232142857142857
68,0.6071428571428571
37,0.33035714285714285
2,0.017857142857142856
84,0.75
84,0.75
43,0.38392857142857145
25,0.22321428571428573
19,0.16964285714285715
81,0.7232142857142857
66,0.5892857142857143
67,0.5982142857142857
60,0.5357142857142857
81,0.7232142857142857
64,0.5714285714285714
65,0.5803571428571429
53,0.4732142857142857
60,0.5357142857142857
101,0.9017857142857143
45,0.4017857142857143
85,0.7589285714285714
27,0.24107142857142858
97,0.8660714285714286
40,0.35714285714285715
35,0.3125
21,0.1875
16,0.14285714285714285
44,0.39285714285714285
54,0.48214285714285715
86,0.7678571428571429
38,0.3392857142857143
53,0.4732142857142857
16,0.14285714285714285
23,0.20535714285714285
66,0.5892857142857143
38,0.3392857142857143
29,0.25892857142857145
37,0.33035714285714285
77,0.6875
103,0.9196428571428571
47,0.41964285714285715
50,0.44642857142857145
37,0.33035714285714285
75,0.6696428571428571
100,0.8928571428571429
65,0.5803571428571429
87,0.7767857142857143
81,0.7232142857142857
83,0.7410714285714286
56,0.5
81,0.7232142857142857
57,0.5089285714285714
20,0.17857142857142858
88,0.7857142857142857
42,0.375
62,0.5535714285714286
40,0.35714285714285715
53,0.4732142857142857
14,0.125
41,0.36607142857142855
84,0.75
11,0.09821428571428571
100,0.8928571428571429
50,0.44642857142857145
82,0.7321428571428571
48,0.42857142857142855
71,0.6339285714285714
80,0.7142857142857143
54,0.48214285714285715
33,0.29464285714285715
78,0.6964285714285714
42,0.375
17,0.15178571428571427
95,0.8482142857142857
4,0.03571428571428571
77,0.6875
81,0.7232142857142857
106,0.9464285714285714
69,0.6160714285714286
30,0.26785714285714285
93,0.8303571428571429
29,0.25892857142857145
21,0.1875
44,0.39285714285714285
40,0.35714285714285715
89,0.7946428571428571
12,0.10714285714285714
18,0.16071428571428573
39,0.3482142857142857
50,0.44642857142857145
38,0.3392857142857143
17,0.15178571428571427
76,0.6785714285714286
79,0.7053571428571429
90,0.8035714285714286
76,0.6785714285714286
69,0.6160714285714286
41,0.36607142857142855
68,0.6071428571428571
70,0.625
15,0.13392857142857142
50,0.44642857142857145
29,0.25892857142857145
88,0.7857142857142857
88,0.7857142857142857
54,0.48214285714285715
48,0.42857142857142855
55,0.49107142857142855
56,0.5
94,0.8392857142857143
50,0.44642857142857145
21,0.1875
24,0.21428571428571427
7,0.0625
47,0.41964285714285715
41,0.36607142857142855
72,0.6428571428571429
69,0.6160714285714286
12,0.10714285714285714
32,0.2857142857142857
35,0.3125
52,0.4642857142857143
51,0.45535714285714285
59,0.5267857142857143
77,0.6875
25,0.22321428571428573
55,0.49107142857142855
37,0.33035714285714285
46,0.4107142857142857
56,0.5
86,0.7678571428571429
37,0.33035714285714285
53,0.4732142857142857
44,0.39285714285714285
52,0.4642857142857143
51,0.45535714285714285
78,0.6964285714285714
65,0.5803571428571429
68,0.6071428571428571
75,0.6696428571428571
23,0.20535714285714285
35,0.3125
42,0.375
56,0.5
30,0.26785714285714285
20,0.17857142857142858
96,0.8571428571428571
61,0.5446428571428571
68,0.6071428571428571
32,0.2857142857142857
56,0.5
112,1.0
42,0.375
42,0.375
70,0.625
39,0.3482142857142857
71,0.6339285714285714
61,0.5446428571428571
67,0.5982142857142857
11,0.09821428571428571
103,0.9196428571428571
58,0.5178571428571429
63,0.5625
82,0.7321428571428571
69,0.6160714285714286
80,0.7142857142857143
37,0.33035714285714285
20,0.17857142857142858
79,0.7053571428571429
58,0.5178571428571429
105,0.9375
21,0.1875
46,0.4107142857142857
20,0.17857142857142858
4,0.03571428571428571
34,0.30357142857142855
90,0.8035714285714286
88,0.7857142857142857
94,0.8392857142857143
30,0.26785714285714285
65,0.5803571428571429
15,0.13392857142857142
63,0.5625
50,0.44642857142857145
72,0.6428571428571429
41,0.36607142857142855
40,0.35714285714285715
34,0.30357142857142855
65,0.5803571428571429
60,0.5357142857142857
53,0.4732142857142857
70,0.625
90,0.8035714285714286
82,0.7321428571428571
43,0.38392857142857145
45,0.4017857142857143
89,0.7946428571428571
75,0.6696428571428571
52,0.4642857142857143
63,0.5625
45,0.4017857142857143
20,0.17857142857142858
30,0.26785714285714285
67,0.5982142857142857
51,0.45535714285714285
71,0.6339285714285714
71,0.6339285714285714
61,0.5446428571428571
76,0.6785714285714286
59,0.5267857142857143
94,0.8392857142857143
50,0.44642857142857145
46,0.4107142857142857
57,0.5089285714285714
62,0.5535714285714286
94,0.8392857142857143
64,0.5714285714285714
72,0.6428571428571429
78,0.6964285714285714
36,0.32142857142857145
70,0.625
4,0.03571428571428571
99,0.8839285714285714
71,0.6339285714285714
38,0.3392857142857143
20,0.17857142857142858
50,0.44642857142857145
74,0.6607142857142857
80,0.7142857142857143
98,0.875
54,0.48214285714285715
66,0.5892857142857143
69,0.6160714285714286
54,0.48214285714285715
59,0.5267857142857143
18,0.16071428571428573
50,0.44642857142857145
65,0.5803571428571429
77,0.6875
64,0.5714285714285714
24,0.21428571428571427
80,0.7142857142857143
77,0.6875
25,0.22321428571428573
74,0.6607142857142857
16,0.14285714285714285
88,0.7857142857142857
62,0.5535714285714286
45,0.4017857142857143
41,0.36607142857142855
80,0.7142857142857143
35,0.3125
75,0.6696428571428571
74,0.6607142857142857
75,0.6696428571428571
66,0.5892857142857143
28,0.25
20,0.17857142857142858
37,0.33035714285714285
54,0.48214285714285715
77,0.6875
69,0.6160714285714286
40,0.35714285714285715
36,0.32142857142857145
11,0.09821428571428571
37,0.33035714285714285
74,0.6607142857142857
22,0.19642857142857142
36,0.32142857142857145
64,0.5714285714285714
53,0.4732142857142857
87,0.7767857142857143
77,0.6875
55,0.49107142857142855
69,0.6160714285714286
84,0.75
52,0.4642857142857143
63,0.5625
47,0.41964285714285715
64,0.5714285714285714
70,0.625
39,0.3482142857142857
56,0.5
97,0.8660714285714286
39,0.3482142857142857
44,0.39285714285714285
81,0.7232142857142857
38,0.3392857142857143
101,0.9017857142857143
80,0.7142857142857143
57,0.5089285714285714
33,0.29464285714285715
65,0.5803571428571429
78,0.6964285714285714
70,0.625
61,0.5446428571428571
67,0.5982142857142857
68,0.6071428571428571
54,0.48214285714285715
36,0.32142857142857145
60,0.5357142857142857
72,0.6428571428571429
33,0.29464285714285715
46,0.4107142857142857
49,0.4375
100,0.8928571428571429
55,0.49107142857142855
33,0.29464285714285715
46,0.4107142857142857
84,0.75
72,0.6428571428571429
72,0.6428571428571429
53,0.4732142857142857
64,0.5714285714285714
26,0.23214285714285715
56,0.5
68,0.6071428571428571
69,0.6160714285714286
88,0.7857142857142857
55,0.49107142857142855
21,0.1875
43,0.38392857142857145
25,0.22321428571428573
49,0.4375
38,0.3392857142857143
42,0.375
43,0.38392857142857145
31,0.2767857142857143
38,0.3392857142857143
66,0.5892857142857143
72,0.6428571428571429
47,0.41964285714285715
60,0.5357142857142857
81,0.7232142857142857
80,0.7142857142857143
81,0.7232142857142857
23,0.20535714285714285
75,0.6696428571428571
16,0.14285714285714285
70,0.625
33,0.29464285714285715
57,0.5089285714285714
85,0.7589285714285714
59,0.5267857142857143
53,0.4732142857142857
46,0.4107142857142857
28,0.25
41,0.36607142857142855
81,0.7232142857142857
55,0.49107142857142855
81,0.7232142857142857
58,0.5178571428571429
17,0.15178571428571427
82,0.7321428571428571
87,0.7767857142857143
74,0.6607142857142857
25,0.22321428571428573
45,0.4017857142857143
60,0.5357142857142857
72,0.6428571428571429
37,0.33035714285714285
63,0.5625
45,0.4017857142857143
45,0.4017857142857143
81,0.7232142857142857
41,0.36607142857142855
94,0.8392857142857143
47,0.41964285714285715
59,0.5267857142857143
55,0.49107142857142855
34,0.30357142857142855
72,0.6428571428571429
57,0.5089285714285714
36,0.32142857142857145
50,0.44642857142857145
39,0.3482142857142857
11,0.09821428571428571
50,0.44642857142857145
31,0.2767857142857143
57,0.5089285714285714
81,0.7232142857142857
33,0.29464285714285715
46,0.4107142857142857
42,0.375
27,0.24107142857142858
53,0.4732142857142857
23,0.20535714285714285
72,0.6428571428571429
30,0.26785714285714285
16,0.14285714285714285
61,0.5446428571428571
55,0.49107142857142855
94,0.8392857142857143
42,0.375
38,0.3392857142857143
67,0.5982142857142857
51,0.45535714285714285
72,0.6428571428571429
21,0.1875
79,0.7053571428571429
87,0.7767857142857143
89,0.7946428571428571
36,0.32142857142857145
68,0.6071428571428571
67,0.5982142857142857
85,0.7589285714285714
77,0.6875
44,0.39285714285714285
26,0.23214285714285715
45,0.4017857142857143
49,0.4375
28,0.25
73,0.6517857142857143
47,0.41964285714285715
69,0.6160714285714286
77,0.6875
42,0.375
31,0.2767857142857143
59,0.5267857142857143
64,0.5714285714285714
65,0.5803571428571429
69,0.6160714285714286
34,0.30357142857142855
29,0.25892857142857145
39,0.3482142857142857
79,0.7053571428571429
41,0.36607142857142855
46,0.4107142857142857
59,0.5267857142857143
65,0.5803571428571429
33,0.29464285714285715
66,0.5892857142857143
38,0.3392857142857143
60,0.5357142857142857
93,0.8303571428571429
36,0.32142857142857145
32,0.2857142857142857
24,0.21428571428571427
36,0.32142857142857145
75,0.6696428571428571
38,0.3392857142857143
72,0.6428571428571429
93,0.8303571428571429
66,0.5892857142857143
17,0.15178571428571427
66,0.5892857142857143
49,0.4375
69,0.6160714285714286
51,0.45535714285714285
27,0.24107142857142858
71,0.6339285714285714
61,0.5446428571428571
64,0.5714285714285714
66,0.5892857142857143
46,0.4107142857142857
52,0.4642857142857143
65,0.5803571428571429
78,0.6964285714285714
57,0.5089285714285714
50,0.44642857142857145
61,0.5446428571428571
79,0.7053571428571429
58,0.5178571428571429
74,0.6607142857142857
96,0.8571428571428571
62,0.5535714285714286
71,0.6339285714285714
43,0.38392857142857145
34,0.30357142857142855
88,0.7857142857142857
82,0.7321428571428571
50,0.44642857142857145
76,0.6785714285714286
62,0.5535714285714286
38,0.3392857142857143
71,0.6339285714285714
71,0.6339285714285714
63,0.5625
83,0.7410714285714286
74,0.6607142857142857
28,0.25
6,0.05357142857142857
52,0.4642857142857143
44,0.39285714285714285
65,0.5803571428571429
38,0.3392857142857143
43,0.38392857142857145
39,0.3482142857142857
50,0.44642857142857145
75,0.6696428571428571
80,0.7142857142857143
101,0.9017857142857143
50,0.44642857142857145
67,0.5982142857142857
35,0.3125
57,0.5089285714285714
83,0.7410714285714286
76,0.6785714285714286
43,0.38392857142857145
61,0.5446428571428571
66,0.5892857142857143
78,0.6964285714285714
81,0.7232142857142857
63,0.5625
66,0.5892857142857143
71,0.6339285714285714
33,0.29464285714285715
33,0.29464285714285715
70,0.625
62,0.5535714285714286
65,0.5803571428571429
86,0.7678571428571429
55,0.49107142857142855
50,0.44642857142857145
51,0.45535714285714285
74,0.6607142857142857
69,0.6160714285714286
66,0.5892857142857143
39,0.3482142857142857
57,0.5089285714285714
67,0.5982142857142857
71,0.6339285714285714
90,0.8035714285714286
84,0.75
86,0.7678571428571429
80,0.7142857142857143
41,0.36607142857142855
67,0.5982142857142857
94,0.8392857142857143
88,0.7857142857142857
74,0.6607142857142857
92,0.8214285714285714
16,0.14285714285714285
73,0.6517857142857143
63,0.5625
55,0.49107142857142855
37,0.33035714285714285
67,0.5982142857142857
33,0.29464285714285715
71,0.6339285714285714
57,0.5089285714285714
53,0.4732142857142857
31,0.2767857142857143
31,0.2767857142857143
59,0.5267857142857143
62,0.5535714285714286
82,0.7321428571428571
82,0.7321428571428571
62,0.5535714285714286
73,0.6517857142857143
63,0.5625
78,0.6964285714285714
87,0.7767857142857143
80,0.7142857142857143
34,0.30357142857142855
57,0.5089285714285714
55,0.49107142857142855
76,0.6785714285714286
42,0.375
64,0.5714285714285714
41,0.36607142857142855
61,0.5446428571428571
54,0.48214285714285715
95,0.8482142857142857
76,0.6785714285714286
38,0.3392857142857143
78,0.6964285714285714
37,0.33035714285714285
74,0.6607142857142857
46,0.4107142857142857
88,0.7857142857142857
56,0.5
44,0.39285714285714285
68,0.6071428571428571
46,0.4107142857142857
48,0.42857142857142855
74,0.6607142857142857
76,0.6785714285714286
110,0.9821428571428571
57,0.5089285714285714
51,0.45535714285714285
55,0.49107142857142855
89,0.7946428571428571
53,0.4732142857142857
84,0.75
84,0.75
88,0.7857142857142857
57,0.5089285714285714
54,0.48214285714285715
73,0.6517857142857143
53,0.4732142857142857
71,0.6339285714285714
74,0.6607142857142857
29,0.25892857142857145
38,0.3392857142857143
40,0.35714285714285715
58,0.5178571428571429
37,0.33035714285714285
45,0.4017857142857143
44,0.39285714285714285
47,0.41964285714285715
42,0.375
64,0.5714285714285714
65,0.5803571428571429
82,0.7321428571428571
76,0.6785714285714286
78,0.6964285714285714
35,0.3125
94,0.8392857142857143
66,0.5892857142857143
57,0.5089285714285714
33,0.29464285714285715
68,0.6071428571428571
40,0.35714285714285715
73,0.6517857142857143
38,0.3392857142857143
51,0.45535714285714285
54,0.48214285714285715
55,0.49107142857142855
46,0.4107142857142857
30,0.26785714285714285
22,0.19642857142857142
80,0.7142857142857143
71,0.6339285714285714
58,0.5178571428571429
62,0.5535714285714286
78,0.6964285714285714
53,0.4732142857142857
72,0.6428571428571429
108,0.9642857142857143
27,0.24107142857142858
68,0.6071428571428571
78,0.6964285714285714
78,0.6964285714285714
53,0.4732142857142857
64,0.5714285714285714
72,0.6428571428571429
44,0.39285714285714285
91,0.8125
41,0.36607142857142855
20,0.17857142857142858
35,0.3125
33,0.29464285714285715
65,0.5803571428571429
43,0.38392857142857145
47,0.41964285714285715
62,0.5535714285714286
46,0.4107142857142857
71,0.6339285714285714
58,0.5178571428571429
76,0.6785714285714286
41,0.36607142857142855
45,0.4017857142857143
83,0.7410714285714286
68,0.6071428571428571
21,0.1875
24,0.21428571428571427
37,0.33035714285714285
41,0.36607142857142855
72,0.6428571428571429
38,0.3392857142857143
77,0.6875
59,0.5267857142857143
49,0.4375
62,0.5535714285714286
63,0.5625
57,0.5089285714285714
39,0.3482142857142857
16,0.14285714285714285
48,0.42857142857142855
59,0.5267857142857143
8,0.07142857142857142
60,0.5357142857142857
25,0.22321428571428573
48,0.42857142857142855
93,0.8303571428571429
42,0.375
35,0.3125
36,0.32142857142857145
53,0.4732142857142857
26,0.23214285714285715
75,0.6696428571428571
19,0.16964285714285715
39,0.3482142857142857
78,0.6964285714285714
69,0.6160714285714286
58,0.5178571428571429
34,0.30357142857142855
74,0.6607142857142857
50,0.44642857142857145
47,0.41964285714285715
63,0.5625
38,0.3392857142857143
37,0.33035714285714285
55,0.49107142857142855
56,0.5
84,0.75
89,0.7946428571428571
61,0.5446428571428571
66,0.5892857142857143
53,0.4732142857142857
71,0.6339285714285714
45,0.4017857142857143
52,0.4642857142857143
68,0.6071428571428571
52,0.4642857142857143
75,0.6696428571428571
23,0.20535714285714285
72,0.6428571428571429
22,0.19642857142857142
36,0.32142857142857145
54,0.48214285714285715
49,0.4375
72,0.6428571428571429
30,0.26785714285714285
57,0.5089285714285714
38,0.3392857142857143
71,0.6339285714285714
44,0.39285714285714285
69,0.6160714285714286
70,0.625
35,0.3125
53,0.4732142857142857
53,0.4732142857142857
22,0.19642857142857142
30,0.26785714285714285
32,0.2857142857142857
38,0.3392857142857143
46,0.4107142857142857
44,0.39285714285714285
62,0.5535714285714286
81,0.7232142857142857
53,0.4732142857142857
65,0.5803571428571429
24,0.21428571428571427
69,0.6160714285714286
84,0.75
57,0.5089285714285714
53,0.4732142857142857
32,0.2857142857142857
73,0.6517857142857143
39,0.3482142857142857
76,0.6785714285714286
95,0.8482142857142857
84,0.75
94,0.8392857142857143
54,0.48214285714285715
99,0.8839285714285714
84,0.75
64,0.5714285714285714
71,0.6339285714285714
47,0.41964285714285715
51,0.45535714285714285
85,0.7589285714285714
67,0.5982142857142857
69,0.6160714285714286
32,0.2857142857142857
42,0.375
81,0.7232142857142857
44,0.39285714285714285
33,0.29464285714285715
86,0.7678571428571429
78,0.6964285714285714
89,0.7946428571428571
84,0.75
71,0.6339285714285714
80,0.7142857142857143
53,0.4732142857142857
46,0.4107142857142857
59,0.5267857142857143
59,0.5267857142857143
60,0.5357142857142857
55,0.49107142857142855
81,0.7232142857142857
29,0.25892857142857145
71,0.6339285714285714
31,0.2767857142857143
49,0.4375
49,0.4375
23,0.20535714285714285
47,0.41964285714285715
51,0.45535714285714285
58,0.5178571428571429
70,0.625
64,0.5714285714285714
85,0.7589285714285714
79,0.7053571428571429
51,0.45535714285714285
86,0.7678571428571429
68,0.6071428571428571
78,0.6964285714285714
53,0.4732142857142857
53,0.4732142857142857
100,0.8928571428571429
39,0.3482142857142857
