79,0.7053571428571429
96,0.8571428571428571
60,0.5357142857142857
86,0.7678571428571429
46,0.4107142857142857
24,0.21428571428571427
94,0.8392857142857143
19,0.16964285714285715
54,0.48214285714285715
40,0.35714285714285715
48,0.42857142857142855
28,0.25
7,0.0625
88,0.7857142857142857
87,0.7767857142857143
86,0.7678571428571429
62,0.5535714285714286
94,0.8392857142857143
43,0.38392857142857145
16,0.14285714285714285
76,0.6785714285714286
25,0.22321428571428573
63,0.5625
75,0.6696428571428571
72,0.6428571428571429
68,0.6071428571428571
88,0.7857142857142857
72,0.6428571428571429
66,0.5892857142857143
98,0.875
41,0.36607142857142855
37,0.33035714285714285
23,0.20535714285714285
55,0.49107142857142855
54,0.48214285714285715
55,0.49107142857142855
66,0.5892857142857143
38,0.3392857142857143
45,0.4017857142857143
75,0.6696428571428571
79,0.7053571428571429
40,0.35714285714285715
9,0.08035714285714286
17,0.15178571428571427
35,0.3125
65,0.5803571428571429
75,0.6696428571428571
81,0.7232142857142857
51,0.45535714285714285
39,0.3482142857142857
65,0.5803571428571429
60,0.5357142857142857
79,0.7053571428571429
85,0.7589285714285714
21,0.1875
42,0.375
15,0.13392857142857142
90,0.8035714285714286
40,0.35714285714285715
29,0.25892857142857145
30,0.26785714285714285
29,0.25892857142857145
43,0.38392857142857145
35,0.3125
35,0.3125
71,0.6339285714285714
47,0.41964285714285715
51,0.45535714285714285
68,0.6071428571428571
58,0.5178571428571429
66,0.5892857142857143
64,0.5714285714285714
46,0.4107142857142857
90,0.8035714285714286
36,0.32142857142857145
51,0.45535714285714285
44,0.39285714285714285
12,0.10714285714285714
62,0.5535714285714286
17,0.15178571428571427
10,0.08928571428571429
51,0.45535714285714285
47,0.41964285714285715
39,0.3482142857142857
27,0.24107142857142858
26,0.23214285714285715
38,0.3392857142857143
20,0.17857142857142858
48,0.42857142857142855
87,0.7767857142857143
41,0.36607142857142855
52,0.4642857142857143
44,0.39285714285714285
79,0.7053571428571429
51,0.45535714285714285
52,0.4642857142857143
79,0.7053571428571429
41,0.36607142857142855
43,0.38392857142857145
53,0.4732142857142857
30,0.26785714285714285
39,0.3482142857142857
16,0.14285714285714285
62,0.5535714285714286
66,0.5892857142857143
41,0.36607142857142855
60,0.5357142857142857
50,0.44642857142857145
54,0.48214285714285715
44,0.39285714285714285
30,0.26785714285714285
56,0.5
82,0.7321428571428571
45,0.4017857142857143
60,0.5357142857142857
27,0.24107142857142858
33,0.29464285714285715
43,0.38392857142857145
49,0.4375
61,0.5446428571428571
95,0.8482142857142857
87,0.7767857142857143
39,0.3482142857142857
93,0.8303571428571429
13,0.11607142857142858
63,0.5625
35,0.3125
51,0.45535714285714285
59,0.5267857142857143
80,0.7142857142857143
33,0.29464285714285715
82,0.7321428571428571
97,0.8660714285714286
70,0.625
42,0.375
36,0.32142857142857145
46,0.4107142857142857
30,0.26785714285714285
15,0.13392857142857142
40,0.35714285714285715
71,0.6339285714285714
88,0.7857142857142857
62,0.5535714285714286
60,0.5357142857142857
19,0.16964285714285715
37,0.33035714285714285
52,0.4642857142857143
96,0.8571428571428571
27,0.24107142857142858
88,0.7857142857142857
71,0.6339285714285714
50,0.44642857142857145
77,0.6875
60,0.5357142857142857
30,0.26785714285714285
29,0.25892857142857145
69,0.6160714285714286
50,0.44642857142857145
74,0.6607142857142857
45,0.4017857142857143
30,0.26785714285714285
53,0.4732142857142857
70,0.625
75,0.6696428571428571
25,0.22321428571428573
37,0.33035714285714285
70,0.625
24,0.21428571428571427
90,0.8035714285714286
93,0.8303571428571429
42,0.375
26,0.23214285714285715
33,0.29464285714285715
83,0.7410714285714286
26,0.23214285714285715
67,0.5982142857142857
80,0.7142857142857143
39,0.3482142857142857
79,0.7053571428571429
36,0.32142857142857145
19,0.16964285714285715
72,0.6428571428571429
23,0.20535714285714285
95,0.8482142857142857
46,0.4107142857142857
46,0.4107142857142857
53,0.4732142857142857
35,0.3125
17,0.15178571428571427
35,0.3125
58,0.5178571428571429
50,0.44642857142857145
38,0.3392857142857143
30,0.26785714285714285
30,0.26785714285714285
36,0.32142857142857145
65,0.5803571428571429
93,0.8303571428571429
66,0.5892857142857143
56,0.5
84,0.75
74,0.6607142857142857
41,0.36607142857142855
41,0.36607142857142855
87,0.7767857142857143
71,0.6339285714285714
93,0.8303571428571429
35,0.3125
57,0.5089285714285714
64,0.5714285714285714
81,0.7232142857142857
75,0.6696428571428571
69,0.6160714285714286
32,0.2857142857142857
62,0.5535714285714286
52,0.4642857142857143
40,0.35714285714285715
35,0.3125
63,0.5625
42,0.375
33,0.29464285714285715
54,0.48214285714285715
23,0.20535714285714285
73,0.6517857142857143
49,0.4375
71,0.6339285714285714
64,0.5714285714285714
49,0.4375
27,0.24107142857142858
91,0.8125
83,0.7410714285714286
35,0.3125
53,0.4732142857142857
71,0.6339285714285714
20,0.17857142857142858
64,0.5714285714285714
40,0.35714285714285715
77,0.6875
51,0.45535714285714285
40,0.35714285714285715
52,0.4642857142857143
90,0.8035714285714286
55,0.49107142857142855
59,0.5267857142857143
17,0.15178571428571427
77,0.6875
61,0.5446428571428571
99,0.8839285714285714
20,0.17857142857142858
31,0.2767857142857143
18,0.16071428571428573
20,0.17857142857142858
101,0.9017857142857143
37,0.33035714285714285
46,0.4107142857142857
55,0.49107142857142855
69,0.6160714285714286
73,0.6517857142857143
48,0.42857142857142855
46,0.4107142857142857
72,0.6428571428571429
78,0.6964285714285714
48,0.42857142857142855
36,0.32142857142857145
21,0.1875
40,0.35714285714285715
28,0.25
52,0.4642857142857143
41,0.36607142857142855
41,0.36607142857142855
29,0.25892857142857145
72,0.6428571428571429
53,0.4732142857142857
87,0.7767857142857143
55,0.49107142857142855
36,0.32142857142857145
70,0.625
81,0.7232142857142857
30,0.26785714285714285
83,0.7410714285714286
71,0.6339285714285714
73,0.6517857142857143
71,0.6339285714285714
18,0.16071428571428573
90,0.8035714285714286
23,0.20535714285714285
43,0.38392857142857145
86,0.7678571428571429
54,0.48214285714285715
94,0.8392857142857143
37,0.33035714285714285
59,0.5267857142857143
33,0.29464285714285715
47,0.41964285714285715
69,0.6160714285714286
20,0.17857142857142858
80,0.7142857142857143
83,0.7410714285714286
63,0.5625
37,0.33035714285714285
71,0.6339285714285714
30,0.26785714285714285
40,0.35714285714285715
75,0.6696428571428571
73,0.6517857142857143
56,0.5
27,0.24107142857142858
76,0.6785714285714286
20,0.17857142857142858
41,0.36607142857142855
71,0.6339285714285714
43,0.38392857142857145
80,0.7142857142857143
42,0.375
61,0.5446428571428571
75,0.6696428571428571
61,0.5446428571428571
59,0.5267857142857143
73,0.6517857142857143
22,0.19642857142857142
44,0.39285714285714285
52,0.4642857142857143
68,0.6071428571428571
36,0.32142857142857145
75,0.6696428571428571
66,0.5892857142857143
66,0.5892857142857143
64,0.5714285714285714
27,0.24107142857142858
89,0.7946428571428571
31,0.2767857142857143
51,0.45535714285714285
47,0.41964285714285715
32,0.2857142857142857
105,0.9375
31,0.2767857142857143
73,0.6517857142857143
58,0.5178571428571429
48,0.42857142857142855
30,0.26785714285714285
63,0.5625
47,0.41964285714285715
92,0.8214285714285714
68,0.6071428571428571
52,0.4642857142857143
39,0.3482142857142857
57,0.5089285714285714
44,0.39285714285714285
102,0.9107142857142857
64,0.5714285714285714
57,0.5089285714285714
33,0.29464285714285715
48,0.42857142857142855
20,0.17857142857142858
47,0.41964285714285715
90,0.8035714285714286
47,0.41964285714285715
39,0.3482142857142857
55,0.49107142857142855
37,0.33035714285714285
75,0.6696428571428571
101,0.9017857142857143
107,0.9553571428571429
51,0.45535714285714285
91,0.8125
69,0.6160714285714286
67,0.5982142857142857
72,0.6428571428571429
44,0.39285714285714285
63,0.5625
81,0.7232142857142857
59,0.5267857142857143
47,0.41964285714285715
67,0.5982142857142857
77,0.6875
47,0.41964285714285715
44,0.39285714285714285
45,0.4017857142857143
27,0.24107142857142858
70,0.625
46,0.4107142857142857
16,0.14285714285714285
80,0.7142857142857143
48,0.42857142857142855
91,0.8125
20,0.17857142857142858
68,0.6071428571428571
48,0.42857142857142855
94,0.8392857142857143
71,0.6339285714285714
44,0.39285714285714285
63,0.5625
47,0.41964285714285715
69,0.6160714285714286
33,0.29464285714285715
60,0.5357142857142857
20,0.17857142857142858
33,0.29464285714285715
40,0.35714285714285715
37,0.33035714285714285
81,0.7232142857142857
75,0.6696428571428571
43,0.38392857142857145
42,0.375
58,0.5178571428571429
59,0.5267857142857143
48,0.42857142857142855
70,0.625
57,0.5089285714285714
69,0.6160714285714286
43,0.38392857142857145
49,0.4375
45,0.4017857142857143
87,0.7767857142857143
70,0.625
71,0.6339285714285714
79,0.7053571428571429
36,0.32142857142857145
20,0.17857142857142858
35,0.3125
64,0.5714285714285714
45,0.4017857142857143
58,0.5178571428571429
75,0.6696428571428571
89,0.7946428571428571
54,0.48214285714285715
31,0.2767857142857143
45,0.4017857142857143
52,0.4642857142857143
29,0.25892857142857145
70,0.625
68,0.6071428571428571
60,0.5357142857142857
46,0.4107142857142857
37,0.33035714285714285
13,0.11607142857142858
79,0.7053571428571429
57,0.5089285714285714
29,0.25892857142857145
45,0.4017857142857143
65,0.5803571428571429
50,0.44642857142857145
42,0.375
63,0.5625
60,0.5357142857142857
89,0.7946428571428571
31,0.2767857142857143
61,0.5446428571428571
40,0.35714285714285715
4,0.03571428571428571
60,0.5357142857142857
52,0.4642857142857143
67,0.5982142857142857
84,0.75
68,0.6071428571428571
48,0.42857142857142855
84,0.75
55,0.49107142857142855
74,0.6607142857142857
54,0.48214285714285715
22,0.19642857142857142
70,0.625
76,0.6785714285714286
57,0.5089285714285714
65,0.5803571428571429
33,0.29464285714285715
56,0.5
67,0.5982142857142857
57,0.5089285714285714
34,0.30357142857142855
62,0.5535714285714286
68,0.6071428571428571
35,0.3125
53,0.4732142857142857
31,0.2767857142857143
24,0.21428571428571427
41,0.36607142857142855
55,0.49107142857142855
39,0.3482142857142857
54,0.48214285714285715
84,0.75
70,0.625
65,0.5803571428571429
28,0.25
77,0.6875
49,0.4375
65,0.5803571428571429
64,0.5714285714285714
49,0.4375
48,0.42857142857142855
34,0.30357142857142855
57,0.5089285714285714
59,0.5267857142857143
59,0.5267857142857143
38,0.3392857142857143
72,0.6428571428571429
40,0.35714285714285715
84,0.75
63,0.5625
72,0.6428571428571429
81,0.7232142857142857
32,0.2857142857142857
43,0.38392857142857145
39,0.3482142857142857
37,0.33035714285714285
82,0.7321428571428571
84,0.75
65,0.5803571428571429
10,0.08928571428571429
10,0.08928571428571429
64,0.5714285714285714
29,0.25892857142857145
52,0.4642857142857143
60,0.5357142857142857
66,0.5892857142857143
37,0.33035714285714285
60,0.5357142857142857
41,0.36607142857142855
56,0.5
69,0.6160714285714286
44,0.39285714285714285
40,0.35714285714285715
59,0.5267857142857143
35,0.3125
70,0.625
65,0.5803571428571429
82,0.7321428571428571
20,0.17857142857142858
70,0.625
58,0.5178571428571429
59,0.5267857142857143
21,0.1875
66,0.5892857142857143
45,0.4017857142857143
36,0.32142857142857145
66,0.5892857142857143
47,0.41964285714285715
83,0.7410714285714286
55,0.49107142857142855
40,0.35714285714285715
62,0.5535714285714286
61,0.5446428571428571
76,0.6785714285714286
24,0.21428571428571427
78,0.6964285714285714
48,0.42857142857142855
61,0.5446428571428571
17,0.15178571428571427
74,0.6607142857142857
50,0.44642857142857145
35,0.3125
45,0.4017857142857143
62,0.5535714285714286
63,0.5625
55,0.49107142857142855
83,0.7410714285714286
55,0.49107142857142855
51,0.45535714285714285
42,0.375
73,0.6517857142857143
73,0.6517857142857143
70,0.625
66,0.5892857142857143
95,0.8482142857142857
20,0.17857142857142858
38,0.3392857142857143
95,0.8482142857142857
45,0.4017857142857143
24,0.21428571428571427
80,0.7142857142857143
84,0.75
60,0.5357142857142857
38,0.3392857142857143
76,0.6785714285714286
89,0.7946428571428571
57,0.5089285714285714
57,0.5089285714285714
52,0.4642857142857143
84,0.75
41,0.36607142857142855
27,0.24107142857142858
53,0.4732142857142857
68,0.6071428571428571
56,0.5
67,0.5982142857142857
74,0.6607142857142857
61,0.5446428571428571
62,0.5535714285714286
61,0.5446428571428571
72,0.6428571428571429
44,0.39285714285714285
51,0.45535714285714285
22,0.19642857142857142
89,0.7946428571428571
57,0.5089285714285714
45,0.4017857142857143
55,0.49107142857142855
64,0.5714285714285714
52,0.4642857142857143
82,0.7321428571428571
67,0.5982142857142857
90,0.8035714285714286
59,0.5267857142857143
40,0.35714285714285715
60,0.5357142857142857
61,0.5446428571428571
70,0.625
85,0.7589285714285714
53,0.4732142857142857
65,0.5803571428571429
37,0.33035714285714285
73,0.6517857142857143
20,0.17857142857142858
83,0.7410714285714286
50,0.44642857142857145
65,0.5803571428571429
22,0.19642857142857142
35,0.3125
74,0.6607142857142857
50,0.44642857142857145
72,0.6428571428571429
43,0.38392857142857145
14,0.125
27,0.24107142857142858
67,0.5982142857142857
46,0.4107142857142857
46,0.4107142857142857
69,0.6160714285714286
43,0.38392857142857145
59,0.5267857142857143
40,0.35714285714285715
62,0.5535714285714286
64,0.5714285714285714
35,0.3125
61,0.5446428571428571
78,0.6964285714285714
38,0.3392857142857143
50,0.44642857142857145
54,0.48214285714285715
58,0.5178571428571429
58,0.5178571428571429
75,0.6696428571428571
83,0.7410714285714286
95,0.8482142857142857
51,0.45535714285714285
65,0.5803571428571429
52,0.4642857142857143
48,0.42857142857142855
63,0.5625
49,0.4375
59,0.5267857142857143
27,0.24107142857142858
36,0.32142857142857145
44,0.39285714285714285
86,0.7678571428571429
62,0.5535714285714286
42,0.375
63,0.5625
75,0.6696428571428571
22,0.19642857142857142
53,0.4732142857142857
68,0.6071428571428571
83,0.7410714285714286
52,0.4642857142857143
57,0.5089285714285714
60,0.5357142857142857
41,0.36607142857142855
30,0.26785714285714285
44,0.39285714285714285
79,0.7053571428571429
32,0.2857142857142857
52,0.4642857142857143
60,0.5357142857142857
60,0.5357142857142857
42,0.375
64,0.5714285714285714
61,0.5446428571428571
36,0.32142857142857145
37,0.33035714285714285
26,0.23214285714285715
80,0.7142857142857143
98,0.875
46,0.4107142857142857
52,0.4642857142857143
47,0.41964285714285715
33,0.29464285714285715
82,0.7321428571428571
70,0.625
88,0.7857142857142857
46,0.4107142857142857
79,0.7053571428571429
83,0.7410714285714286
69,0.6160714285714286
48,0.42857142857142855
31,0.2767857142857143
55,0.49107142857142855
71,0.6339285714285714
78,0.6964285714285714
38,0.3392857142857143
64,0.5714285714285714
52,0.4642857142857143
54,0.48214285714285715
11,0.09821428571428571
70,0.625
98,0.875
92,0.8214285714285714
72,0.6428571428571429
34,0.30357142857142855
35,0.3125
56,0.5
54,0.48214285714285715
57,0.5089285714285714
52,0.4642857142857143
99,0.8839285714285714
89,0.7946428571428571
39,0.3482142857142857
80,0.7142857142857143
29,0.25892857142857145
78,0.6964285714285714
71,0.6339285714285714
75,0.6696428571428571
69,0.6160714285714286
28,0.25
63,0.5625
57,0.5089285714285714
51,0.45535714285714285
69,0.6160714285714286
83,0.7410714285714286
29,0.25892857142857145
49,0.4375
81,0.7232142857142857
59,0.5267857142857143
53,0.4732142857142857
43,0.38392857142857145
47,0.41964285714285715
49,0.4375
76,0.6785714285714286
35,0.3125
103,0.9196428571428571
47,0.41964285714285715
67,0.5982142857142857
66,0.5892857142857143
49,0.4375
37,0.33035714285714285
51,0.45535714285714285
46,0.4107142857142857
37,0.33035714285714285
81,0.7232142857142857
20,0.17857142857142858
68,0.6071428571428571
44,0.39285714285714285
52,0.4642857142857143
67,0.5982142857142857
22,0.19642857142857142
56,0.5
48,0.42857142857142855
74,0.6607142857142857
52,0.4642857142857143
72,0.6428571428571429
53,0.4732142857142857
62,0.5535714285714286
72,0.6428571428571429
15,0.13392857142857142
39,0.3482142857142857
26,0.23214285714285715
28,0.25
76,0.6785714285714286
35,0.3125
74,0.6607142857142857
56,0.5
65,0.5803571428571429
72,0.6428571428571429
67,0.5982142857142857
43,0.38392857142857145
69,0.6160714285714286
36,0.32142857142857145
61,0.5446428571428571
75,0.6696428571428571
88,0.7857142857142857
86,0.7678571428571429
69,0.6160714285714286
97,0.8660714285714286
81,0.7232142857142857
97,0.8660714285714286
29,0.25892857142857145
79,0.7053571428571429
72,0.6428571428571429
84,0.75
52,0.4642857142857143
90,0.8035714285714286
39,0.3482142857142857
83,0.7410714285714286
31,0.2767857142857143
55,0.49107142857142855
24,0.21428571428571427
5,0.044642857142857144
21,0.1875
45,0.4017857142857143
63,0.5625
15,0.13392857142857142
91,0.8125
38,0.3392857142857143
66,0.5892857142857143
91,0.8125
90,0.8035714285714286
46,0.4107142857142857
99,0.8839285714285714
13,0.11607142857142858
30,0.26785714285714285
15,0.13392857142857142
76,0.6785714285714286
81,0.7232142857142857
73,0.6517857142857143
23,0.20535714285714285
56,0.5
56,0.5
72,0.6428571428571429
69,0.6160714285714286
20,0.17857142857142858
61,0.5446428571428571
64,0.5714285714285714
31,0.2767857142857143
33,0.29464285714285715
51,0.45535714285714285
80,0.7142857142857143
46,0.4107142857142857
73,0.6517857142857143
44,0.39285714285714285
40,0.35714285714285715
34,0.30357142857142855
28,0.25
75,0.6696428571428571
76,0.6785714285714286
36,0.32142857142857145
27,0.24107142857142858
18,0.16071428571428573
38,0.3392857142857143
68,0.6071428571428571
13,0.11607142857142858
30,0.26785714285714285
64,0.5714285714285714
64,0.5714285714285714
21,0.1875
41,0.36607142857142855
55,0.49107142857142855
106,0.9464285714285714
45,0.4017857142857143
96,0.8571428571428571
60,0.5357142857142857
41,0.36607142857142855
80,0.7142857142857143
74,0.6607142857142857
89,0.7946428571428571
79,0.7053571428571429
77,0.6875
60,0.5357142857142857
34,0.30357142857142855
67,0.5982142857142857
69,0.6160714285714286
77,0.6875
79,0.7053571428571429
58,0.5178571428571429
88,0.7857142857142857
72,0.6428571428571429
27,0.24107142857142858
51,0.45535714285714285
48,0.42857142857142855
46,0.4107142857142857
63,0.5625
83,0.7410714285714286
40,0.35714285714285715
40,0.35714285714285715
47,0.41964285714285715
49,0.4375
30,0.26785714285714285
29,0.25892857142857145
26,0.23214285714285715
17,0.15178571428571427
41,0.36607142857142855
65,0.5803571428571429
56,0.5
66,0.5892857142857143
81,0.7232142857142857
31,0.2767857142857143
72,0.6428571428571429
61,0.5446428571428571
37,0.33035714285714285
36,0.32142857142857145
45,0.4017857142857143
37,0.33035714285714285
89,0.7946428571428571
55,0.49107142857142855
59,0.5267857142857143
45,0.4017857142857143
87,0.7767857142857143
43,0.38392857142857145
37,0.33035714285714285
43,0.38392857142857145
83,0.7410714285714286
89,0.7946428571428571
89,0.7946428571428571
61,0.5446428571428571
68,0.6071428571428571
51,0.45535714285714285
39,0.3482142857142857
66,0.5892857142857143
32,0.2857142857142857
62,0.5535714285714286
93,0.8303571428571429
39,0.3482142857142857
72,0.6428571428571429
14,0.125
92,0.8214285714285714
20,0.17857142857142858
84,0.75
41,0.36607142857142855
67,0.5982142857142857
55,0.49107142857142855
87,0.7767857142857143
21,0.1875
84,0.75
29,0.25892857142857145
91,0.8125
47,0.41964285714285715
19,0.16964285714285715
68,0.6071428571428571
55,0.49107142857142855
74,0.6607142857142857
43,0.38392857142857145
71,0.6339285714285714
36,0.32142857142857145
73,0.6517857142857143
66,0.5892857142857143
63,0.5625
59,0.5267857142857143
103,0.9196428571428571
37,0.33035714285714285
53,0.4732142857142857
83,0.7410714285714286
39,0.3482142857142857
91,0.8125
61,0.5446428571428571
32,0.2857142857142857
45,0.4017857142857143
46,0.4107142857142857
57,0.5089285714285714
57,0.5089285714285714
32,0.2857142857142857
58,0.5178571428571429
92,0.8214285714285714
60,0.5357142857142857
42,0.375
43,0.38392857142857145
60,0.5357142857142857
86,0.7678571428571429
60,0.5357142857142857
54,0.48214285714285715
51,0.45535714285714285
47,0.41964285714285715
69,0.6160714285714286
58,0.5178571428571429
63,0.5625
83,0.7410714285714286
50,0.44642857142857145
66,0.5892857142857143
81,0.7232142857142857
73,0.6517857142857143
66,0.5892857142857143
74,0.6607142857142857
61,0.5446428571428571
74,0.6607142857142857
49,0.4375
35,0.3125
73,0.6517857142857143
68,0.6071428571428571
55,0.49107142857142855
62,0.5535714285714286
53,0.4732142857142857
46,0.4107142857142857
46,0.4107142857142857
73,0.6517857142857143
57,0.5089285714285714
44,0.39285714285714285
83,0.7410714285714286
57,0.5089285714285714
52,0.4642857142857143
57,0.5089285714285714
74,0.6607142857142857
94,0.8392857142857143
59,0.5267857142857143
75,0.6696428571428571
55,0.49107142857142855
81,0.7232142857142857
51,0.45535714285714285
56,0.5
50,0.44642857142857145
76,0.6785714285714286
52,0.4642857142857143
59,0.5267857142857143
73,0.6517857142857143
69,0.6160714285714286
64,0.5714285714285714
43,0.38392857142857145
53,0.4732142857142857
60,0.5357142857142857
96,0.8571428571428571
62,0.5535714285714286
52,0.4642857142857143
54,0.48214285714285715
54,0.48214285714285715
84,0.75
56,0.5
32,0.2857142857142857
35,0.3125
68,0.6071428571428571
70,0.625
56,0.5
57,0.5089285714285714
65,0.5803571428571429
48,0.42857142857142855
73,0.6517857142857143
40,0.35714285714285715
98,0.875
18,0.16071428571428573
60,0.5357142857142857
30,0.26785714285714285
26,0.23214285714285715
47,0.41964285714285715
67,0.5982142857142857
35,0.3125
50,0.44642857142857145
104,0.9285714285714286
52,0.4642857142857143
42,0.375
86,0.7678571428571429
54,0.48214285714285715
58,0.5178571428571429
41,0.36607142857142855
72,0.6428571428571429
43,0.38392857142857145
37,0.33035714285714285
49,0.4375
85,0.7589285714285714
77,0.6875
72,0.6428571428571429
75,0.6696428571428571
75,0.6696428571428571
49,0.4375
74,0.6607142857142857
47,0.41964285714285715
55,0.49107142857142855
9,0.08035714285714286
75,0.6696428571428571
66,0.5892857142857143
48,0.42857142857142855
63,0.5625
77,0.6875
59,0.5267857142857143
26,0.23214285714285715
22,0.19642857142857142
39,0.3482142857142857
82,0.7321428571428571
68,0.6071428571428571
75,0.6696428571428571
55,0.49107142857142855
69,0.6160714285714286
55,0.49107142857142855
76,0.6785714285714286
69,0.6160714285714286
57,0.5089285714285714
42,0.375
66,0.5892857142857143
74,0.6607142857142857
77,0.6875
46,0.4107142857142857
20,0.17857142857142858
59,0.5267857142857143
52,0.4642857142857143
85,0.7589285714285714
55,0.49107142857142855
77,0.6875
28,0.25
39,0.3482142857142857
31,0.2767857142857143
68,0.6071428571428571
19,0.16964285714285715
22,0.19642857142857142
44,0.39285714285714285
46,0.4107142857142857
76,0.6785714285714286
56,0.5
62,0.5535714285714286
69,0.6160714285714286
41,0.36607142857142855
53,0.4732142857142857
59,0.5267857142857143
78,0.6964285714285714
37,0.33035714285714285
69,0.6160714285714286
21,0.1875
21,0.1875
88,0.7857142857142857
51,0.45535714285714285
96,0.8571428571428571
102,0.9107142857142857
41,0.36607142857142855
50,0.44642857142857145
38,0.3392857142857143
70,0.625
12,0.10714285714285714
49,0.4375
59,0.5267857142857143
23,0.20535714285714285
33,0.29464285714285715
40,0.35714285714285715
72,0.6428571428571429
68,0.6071428571428571
82,0.7321428571428571
34,0.30357142857142855
46,0.4107142857142857
47,0.41964285714285715
61,0.5446428571428571
66,0.5892857142857143
68,0.6071428571428571
51,0.45535714285714285
41,0.36607142857142855
53,0.4732142857142857
81,0.7232142857142857
67,0.5982142857142857
103,0.9196428571428571
55,0.49107142857142855
29,0.25892857142857145
75,0.6696428571428571
34,0.30357142857142855
59,0.5267857142857143
29,0.25892857142857145
50,0.44642857142857145
87,0.7767857142857143
74,0.6607142857142857
79,0.7053571428571429
53,0.4732142857142857
63,0.5625
55,0.49107142857142855
77,0.6875
18,0.16071428571428573
69,0.6160714285714286
85,0.7589285714285714
64,0.5714285714285714
34,0.30357142857142855
80,0.7142857142857143
47,0.41964285714285715
31,0.2767857142857143
