60,0.5357142857142857
7,0.0625
63,0.5625
64,0.5714285714285714
46,0.4107142857142857
77,0.6875
90,0.8035714285714286
49,0.4375
54,0.48214285714285715
29,0.25892857142857145
21,0.1875
34,0.30357142857142855
52,0.4642857142857143
41,0.36607142857142855
48,0.42857142857142855
94,0.8392857142857143
61,0.5446428571428571
67,0.5982142857142857
43,0.38392857142857145
72,0.6428571428571429
50,0.44642857142857145
58,0.5178571428571429
40,0.35714285714285715
98,0.875
47,0.41964285714285715
64,0.5714285714285714
67,0.5982142857142857
43,0.38392857142857145
81,0.7232142857142857
76,0.6785714285714286
75,0.6696428571428571
49,0.4375
58,0.5178571428571429
47,0.41964285714285715
54,0.48214285714285715
42,0.375
39,0.3482142857142857
90,0.8035714285714286
44,0.39285714285714285
54,0.48214285714285715
59,0.5267857142857143
65,0.5803571428571429
61,0.5446428571428571
48,0.42857142857142855
57,0.5089285714285714
54,0.48214285714285715
55,0.49107142857142855
60,0.5357142857142857
46,0.4107142857142857
73,0.6517857142857143
31,0.2767857142857143
65,0.5803571428571429
74,0.6607142857142857
46,0.4107142857142857
60,0.5357142857142857
54,0.48214285714285715
26,0.23214285714285715
50,0.44642857142857145
40,0.35714285714285715
61,0.5446428571428571
53,0.4732142857142857
54,0.48214285714285715
41,0.36607142857142855
31,0.2767857142857143
70,0.625
51,0.45535714285714285
47,0.41964285714285715
50,0.44642857142857145
54,0.48214285714285715
16,0.14285714285714285
46,0.4107142857142857
58,0.5178571428571429
17,0.15178571428571427
55,0.49107142857142855
73,0.6517857142857143
78,0.6964285714285714
26,0.23214285714285715
17,0.15178571428571427
62,0.5535714285714286
67,0.5982142857142857
23,0.20535714285714285
30,0.26785714285714285
39,0.3482142857142857
84,0.75
75,0.6696428571428571
37,0.33035714285714285
22,0.19642857142857142
63,0.5625
36,0.32142857142857145
75,0.6696428571428571
64,0.5714285714285714
18,0.16071428571428573
26,0.23214285714285715
61,0.5446428571428571
79,0.7053571428571429
84,0.75
30,0.26785714285714285
41,0.36607142857142855
60,0.5357142857142857
95,0.8482142857142857
89,0.7946428571428571
41,0.36607142857142855
64,0.5714285714285714
62,0.5535714285714286
25,0.22321428571428573
85,0.7589285714285714
79,0.7053571428571429
85,0.7589285714285714
99,0.8839285714285714
90,0.8035714285714286
80,0.7142857142857143
18,0.16071428571428573
88,0.7857142857142857
97,0.8660714285714286
49,0.4375
55,0.49107142857142855
30,0.26785714285714285
73,0.6517857142857143
6,0.05357142857142857
38,0.3392857142857143
27,0.24107142857142858
24,0.21428571428571427
69,0.6160714285714286
52,0.4642857142857143
62,0.5535714285714286
55,0.49107142857142855
39,0.3482142857142857
47,0.41964285714285715
66,0.5892857142857143
42,0.375
71,0.6339285714285714
44,0.39285714285714285
81,0.7232142857142857
72,0.6428571428571429
50,0.44642857142857145
72,0.6428571428571429
78,0.6964285714285714
66,0.5892857142857143
52,0.4642857142857143
42,0.375
49,0.4375
33,0.29464285714285715
44,0.39285714285714285
52,0.4642857142857143
37,0.33035714285714285
47,0.41964285714285715
36,0.32142857142857145
38,0.3392857142857143
88,0.7857142857142857
37,0.33035714285714285
53,0.4732142857142857
78,0.6964285714285714
32,0.2857142857142857
18,0.16071428571428573
35,0.3125
59,0.5267857142857143
28,0.25
50,0.44642857142857145
82,0.7321428571428571
16,0.14285714285714285
34,0.30357142857142855
17,0.15178571428571427
62,0.5535714285714286
44,0.39285714285714285
22,0.19642857142857142
93,0.8303571428571429
78,0.6964285714285714
41,0.36607142857142855
56,0.5
99,0.8839285714285714
25,0.22321428571428573
44,0.39285714285714285
51,0.45535714285714285
70,0.625
93,0.8303571428571429
68,0.6071428571428571
21,0.1875
30,0.26785714285714285
56,0.5
52,0.4642857142857143
75,0.6696428571428571
48,0.42857142857142855
89,0.7946428571428571
34,0.30357142857142855
56,0.5
26,0.23214285714285715
24,0.21428571428571427
87,0.7767857142857143
79,0.7053571428571429
69,0.6160714285714286
92,0.8214285714285714
50,0.44642857142857145
50,0.44642857142857145
48,0.42857142857142855
107,0.9553571428571429
45,0.4017857142857143
63,0.5625
76,0.6785714285714286
19,0.16964285714285715
25,0.22321428571428573
73,0.6517857142857143
73,0.6517857142857143
54,0.48214285714285715
56,0.5
81,0.7232142857142857
104,0.9285714285714286
48,0.42857142857142855
66,0.5892857142857143
58,0.5178571428571429
67,0.5982142857142857
54,0.48214285714285715
29,0.25892857142857145
53,0.4732142857142857
52,0.4642857142857143
48,0.42857142857142855
40,0.35714285714285715
33,0.29464285714285715
69,0.6160714285714286
27,0.24107142857142858
87,0.7767857142857143
57,0.5089285714285714
37,0.33035714285714285
46,0.4107142857142857
57,0.5089285714285714
86,0.7678571428571429
82,0.7321428571428571
38,0.3392857142857143
70,0.625
41,0.36607142857142855
58,0.5178571428571429
82,0.7321428571428571
86,0.7678571428571429
95,0.8482142857142857
52,0.4642857142857143
95,0.8482142857142857
76,0.6785714285714286
27,0.24107142857142858
40,0.35714285714285715
90,0.8035714285714286
36,0.32142857142857145
87,0.7767857142857143
45,0.4017857142857143
14,0.125
87,0.7767857142857143
72,0.6428571428571429
77,0.6875
18,0.16071428571428573
60,0.5357142857142857
23,0.20535714285714285
55,0.49107142857142855
45,0.4017857142857143
62,0.5535714285714286
57,0.5089285714285714
73,0.6517857142857143
88,0.7857142857142857
95,0.8482142857142857
50,0.44642857142857145
47,0.41964285714285715
36,0.32142857142857145
101,0.9017857142857143
58,0.5178571428571429
96,0.8571428571428571
83,0.7410714285714286
42,0.375
74,0.6607142857142857
51,0.45535714285714285
65,0.5803571428571429
22,0.19642857142857142
103,0.9196428571428571
92,0.8214285714285714
71,0.6339285714285714
22,0.19642857142857142
98,0.875
44,0.39285714285714285
33,0.29464285714285715
59,0.5267857142857143
21,0.1875
52,0.4642857142857143
57,0.5089285714285714
27,0.24107142857142858
34,0.30357142857142855
27,0.24107142857142858
88,0.7857142857142857
33,0.29464285714285715
92,0.8214285714285714
33,0.29464285714285715
90,0.8035714285714286
27,0.24107142857142858
55,0.49107142857142855
14,0.125
46,0.4107142857142857
15,0.13392857142857142
52,0.4642857142857143
69,0.6160714285714286
56,0.5
75,0.6696428571428571
56,0.5
52,0.4642857142857143
37,0.33035714285714285
86,0.7678571428571429
56,0.5
82,0.7321428571428571
48,0.42857142857142855
93,0.8303571428571429
46,0.4107142857142857
29,0.25892857142857145
83,0.7410714285714286
57,0.5089285714285714
55,0.49107142857142855
98,0.875
53,0.4732142857142857
106,0.9464285714285714
100,0.8928571428571429
92,0.8214285714285714
68,0.6071428571428571
68,0.6071428571428571
40,0.35714285714285715
33,0.29464285714285715
21,0.1875
85,0.7589285714285714
77,0.6875
43,0.38392857142857145
54,0.48214285714285715
73,0.6517857142857143
78,0.6964285714285714
33,0.29464285714285715
25,0.22321428571428573
78,0.6964285714285714
59,0.5267857142857143
92,0.8214285714285714
36,0.32142857142857145
88,0.7857142857142857
83,0.7410714285714286
73,0.6517857142857143
99,0.8839285714285714
88,0.7857142857142857
22,0.19642857142857142
58,0.5178571428571429
35,0.3125
40,0.35714285714285715
87,0.7767857142857143
96,0.8571428571428571
43,0.38392857142857145
79,0.7053571428571429
44,0.39285714285714285
21,0.1875
26,0.23214285714285715
69,0.6160714285714286
84,0.75
73,0.6517857142857143
90,0.8035714285714286
67,0.5982142857142857
100,0.8928571428571429
89,0.7946428571428571
39,0.3482142857142857
83,0.7410714285714286
38,0.3392857142857143
86,0.7678571428571429
64,0.5714285714285714
48,0.42857142857142855
56,0.5
33,0.29464285714285715
63,0.5625
58,0.5178571428571429
39,0.3482142857142857
61,0.5446428571428571
57,0.5089285714285714
30,0.26785714285714285
57,0.5089285714285714
88,0.7857142857142857
78,0.6964285714285714
39,0.3482142857142857
70,0.625
95,0.8482142857142857
40,0.35714285714285715
33,0.29464285714285715
52,0.4642857142857143
86,0.7678571428571429
35,0.3125
39,0.3482142857142857
48,0.42857142857142855
39,0.3482142857142857
25,0.22321428571428573
45,0.4017857142857143
44,0.39285714285714285
60,0.5357142857142857
82,0.7321428571428571
70,0.625
73,0.6517857142857143
68,0.6071428571428571
55,0.49107142857142855
77,0.6875
17,0.15178571428571427
42,0.375
56,0.5
37,0.33035714285714285
37,0.33035714285714285
94,0.8392857142857143
94,0.8392857142857143
79,0.7053571428571429
49,0.4375
91,0.8125
84,0.75
22,0.19642857142857142
10,0.08928571428571429
80,0.7142857142857143
45,0.4017857142857143
74,0.6607142857142857
57,0.5089285714285714
38,0.3392857142857143
35,0.3125
30,0.26785714285714285
61,0.5446428571428571
105,0.9375
56,0.5
87,0.7767857142857143
53,0.4732142857142857
74,0.6607142857142857
31,0.2767857142857143
68,0.6071428571428571
65,0.5803571428571429
52,0.4642857142857143
40,0.35714285714285715
45,0.4017857142857143
29,0.25892857142857145
39,0.3482142857142857
12,0.10714285714285714
88,0.7857142857142857
69,0.6160714285714286
36,0.32142857142857145
83,0.7410714285714286
27,0.24107142857142858
91,0.8125
88,0.7857142857142857
30,0.26785714285714285
22,0.19642857142857142
36,0.32142857142857145
30,0.26785714285714285
82,0.7321428571428571
87,0.7767857142857143
95,0.8482142857142857
72,0.6428571428571429
94,0.8392857142857143
51,0.45535714285714285
15,0.13392857142857142
48,0.42857142857142855
62,0.5535714285714286
15,0.13392857142857142
20,0.17857142857142858
63,0.5625
44,0.39285714285714285
83,0.7410714285714286
83,0.7410714285714286
25,0.22321428571428573
41,0.36607142857142855
36,0.32142857142857145
83,0.7410714285714286
62,0.5535714285714286
51,0.45535714285714285
66,0.5892857142857143
20,0.17857142857142858
41,0.36607142857142855
76,0.6785714285714286
46,0.4107142857142857
25,0.22321428571428573
57,0.5089285714285714
34,0.30357142857142855
62,0.5535714285714286
57,0.5089285714285714
76,0.6785714285714286
89,0.7946428571428571
16,0.14285714285714285
80,0.7142857142857143
60,0.5357142857142857
16,0.14285714285714285
11,0.09821428571428571
38,0.3392857142857143
46,0.4107142857142857
23,0.20535714285714285
92,0.8214285714285714
62,0.5535714285714286
44,0.39285714285714285
35,0.3125
90,0.8035714285714286
33,0.29464285714285715
41,0.36607142857142855
45,0.4017857142857143
77,0.6875
23,0.20535714285714285
81,0.7232142857142857
75,0.6696428571428571
36,0.32142857142857145
23,0.20535714285714285
26,0.23214285714285715
19,0.16964285714285715
87,0.7767857142857143
29,0.25892857142857145
61,0.5446428571428571
42,0.375
76,0.6785714285714286
34,0.30357142857142855
87,0.7767857142857143
47,0.41964285714285715
101,0.9017857142857143
76,0.6785714285714286
51,0.45535714285714285
90,0.8035714285714286
55,0.49107142857142855
85,0.7589285714285714
82,0.7321428571428571
92,0.8214285714285714
22,0.19642857142857142
81,0.7232142857142857
97,0.8660714285714286
70,0.625
24,0.21428571428571427
95,0.8482142857142857
55,0.49107142857142855
23,0.20535714285714285
33,0.29464285714285715
3,0.026785714285714284
59,0.5267857142857143
67,0.5982142857142857
43,0.38392857142857145
40,0.35714285714285715
51,0.45535714285714285
77,0.6875
27,0.24107142857142858
89,0.7946428571428571
79,0.7053571428571429
86,0.7678571428571429
96,0.8571428571428571
75,0.6696428571428571
46,0.4107142857142857
91,0.8125
63,0.5625
85,0.7589285714285714
102,0.9107142857142857
26,0.23214285714285715
42,0.375
29,0.25892857142857145
25,0.22321428571428573
21,0.1875
79,0.7053571428571429
13,0.11607142857142858
87,0.7767857142857143
95,0.8482142857142857
69,0.6160714285714286
18,0.16071428571428573
91,0.8125
22,0.19642857142857142
87,0.7767857142857143
21,0.1875
5,0.044642857142857144
17,0.15178571428571427
77,0.6875
40,0.35714285714285715
16,0.14285714285714285
25,0.22321428571428573
21,0.1875
46,0.4107142857142857
85,0.7589285714285714
31,0.2767857142857143
89,0.7946428571428571
40,0.35714285714285715
47,0.41964285714285715
70,0.625
28,0.25
75,0.6696428571428571
66,0.5892857142857143
72,0.6428571428571429
31,0.2767857142857143
32,0.2857142857142857
33,0.29464285714285715
85,0.7589285714285714
94,0.8392857142857143
34,0.30357142857142855
44,0.39285714285714285
21,0.1875
3,0.026785714285714284
26,0.23214285714285715
14,0.125
65,0.5803571428571429
84,0.75
54,0.48214285714285715
9,0.08035714285714286
71,0.6339285714285714
89,0.7946428571428571
27,0.24107142857142858
77,0.6875
83,0.7410714285714286
66,0.5892857142857143
56,0.5
42,0.375
67,0.5982142857142857
86,0.7678571428571429
41,0.36607142857142855
62,0.5535714285714286
40,0.35714285714285715
40,0.35714285714285715
33,0.29464285714285715
73,0.6517857142857143
77,0.6875
45,0.4017857142857143
53,0.4732142857142857
55,0.49107142857142855
45,0.4017857142857143
72,0.6428571428571429
45,0.4017857142857143
61,0.5446428571428571
73,0.6517857142857143
37,0.33035714285714285
77,0.6875
76,0.6785714285714286
13,0.11607142857142858
73,0.6517857142857143
70,0.625
52,0.4642857142857143
66,0.5892857142857143
52,0.4642857142857143
38,0.3392857142857143
46,0.4107142857142857
101,0.9017857142857143
44,0.39285714285714285
49,0.4375
54,0.48214285714285715
51,0.45535714285714285
44,0.39285714285714285
39,0.3482142857142857
70,0.625
38,0.3392857142857143
59,0.5267857142857143
58,0.5178571428571429
57,0.5089285714285714
24,0.21428571428571427
48,0.42857142857142855
33,0.29464285714285715
92,0.8214285714285714
94,0.8392857142857143
2,0.017857142857142856
83,0.7410714285714286
99,0.8839285714285714
74,0.6607142857142857
48,0.42857142857142855
65,0.5803571428571429
6,0.05357142857142857
63,0.5625
67,0.5982142857142857
31,0.2767857142857143
39,0.3482142857142857
60,0.5357142857142857
40,0.35714285714285715
91,0.8125
93,0.8303571428571429
23,0.20535714285714285
96,0.8571428571428571
41,0.36607142857142855
71,0.6339285714285714
48,0.42857142857142855
62,0.5535714285714286
66,0.5892857142857143
66,0.5892857142857143
21,0.1875
47,0.41964285714285715
17,0.15178571428571427
61,0.5446428571428571
56,0.5
79,0.7053571428571429
29,0.25892857142857145
48,0.42857142857142855
18,0.16071428571428573
20,0.17857142857142858
88,0.7857142857142857
46,0.4107142857142857
41,0.36607142857142855
91,0.8125
34,0.30357142857142855
73,0.6517857142857143
19,0.16964285714285715
46,0.4107142857142857
38,0.3392857142857143
44,0.39285714285714285
62,0.5535714285714286
19,0.16964285714285715
62,0.5535714285714286
29,0.25892857142857145
68,0.6071428571428571
38,0.3392857142857143
59,0.5267857142857143
53,0.4732142857142857
39,0.3482142857142857
101,0.9017857142857143
64,0.5714285714285714
6,0.05357142857142857
73,0.6517857142857143
50,0.44642857142857145
77,0.6875
83,0.7410714285714286
97,0.8660714285714286
33,0.29464285714285715
67,0.5982142857142857
72,0.6428571428571429
35,0.3125
24,0.21428571428571427
56,0.5
90,0.8035714285714286
72,0.6428571428571429
82,0.7321428571428571
5,0.044642857142857144
62,0.5535714285714286
72,0.6428571428571429
54,0.48214285714285715
78,0.6964285714285714
83,0.7410714285714286
77,0.6875
51,0.45535714285714285
30,0.26785714285714285
42,0.375
50,0.44642857142857145
26,0.23214285714285715
60,0.5357142857142857
69,0.6160714285714286
62,0.5535714285714286
35,0.3125
85,0.7589285714285714
70,0.625
87,0.7767857142857143
91,0.8125
23,0.20535714285714285
44,0.39285714285714285
101,0.9017857142857143
86,0.7678571428571429
62,0.5535714285714286
16,0.14285714285714285
60,0.5357142857142857
55,0.49107142857142855
63,0.5625
69,0.6160714285714286
75,0.6696428571428571
35,0.3125
48,0.42857142857142855
69,0.6160714285714286
28,0.25
57,0.5089285714285714
67,0.5982142857142857
67,0.5982142857142857
58,0.5178571428571429
53,0.4732142857142857
62,0.5535714285714286
75,0.6696428571428571
69,0.6160714285714286
13,0.11607142857142858
50,0.44642857142857145
56,0.5
48,0.42857142857142855
69,0.6160714285714286
64,0.5714285714285714
48,0.42857142857142855
68,0.6071428571428571
83,0.7410714285714286
38,0.3392857142857143
75,0.6696428571428571
78,0.6964285714285714
32,0.2857142857142857
68,0.6071428571428571
32,0.2857142857142857
48,0.42857142857142855
45,0.4017857142857143
10,0.08928571428571429
66,0.5892857142857143
38,0.3392857142857143
80,0.7142857142857143
43,0.38392857142857145
33,0.29464285714285715
47,0.41964285714285715
32,0.2857142857142857
51,0.45535714285714285
36,0.32142857142857145
67,0.5982142857142857
83,0.7410714285714286
37,0.33035714285714285
62,0.5535714285714286
81,0.7232142857142857
49,0.4375
50,0.44642857142857145
62,0.5535714285714286
90,0.8035714285714286
48,0.42857142857142855
41,0.36607142857142855
50,0.44642857142857145
72,0.6428571428571429
97,0.8660714285714286
54,0.48214285714285715
52,0.4642857142857143
64,0.5714285714285714
65,0.5803571428571429
62,0.5535714285714286
48,0.42857142857142855
75,0.6696428571428571
79,0.7053571428571429
74,0.6607142857142857
62,0.5535714285714286
73,0.6517857142857143
63,0.5625
29,0.25892857142857145
60,0.5357142857142857
36,0.32142857142857145
82,0.7321428571428571
12,0.10714285714285714
37,0.33035714285714285
19,0.16964285714285715
48,0.42857142857142855
56,0.5
82,0.7321428571428571
47,0.41964285714285715
50,0.44642857142857145
85,0.7589285714285714
64,0.5714285714285714
14,0.125
57,0.5089285714285714
58,0.5178571428571429
70,0.625
45,0.4017857142857143
55,0.49107142857142855
40,0.35714285714285715
63,0.5625
61,0.5446428571428571
44,0.39285714285714285
81,0.7232142857142857
89,0.7946428571428571
26,0.23214285714285715
72,0.6428571428571429
31,0.2767857142857143
51,0.45535714285714285
56,0.5
69,0.6160714285714286
45,0.4017857142857143
49,0.4375
30,0.26785714285714285
46,0.4107142857142857
69,0.6160714285714286
62,0.5535714285714286
48,0.42857142857142855
68,0.6071428571428571
30,0.26785714285714285
54,0.48214285714285715
64,0.5714285714285714
77,0.6875
41,0.36607142857142855
72,0.6428571428571429
97,0.8660714285714286
60,0.5357142857142857
18,0.16071428571428573
59,0.5267857142857143
90,0.8035714285714286
54,0.48214285714285715
71,0.6339285714285714
38,0.3392857142857143
76,0.6785714285714286
25,0.22321428571428573
69,0.6160714285714286
63,0.5625
84,0.75
42,0.375
62,0.5535714285714286
53,0.4732142857142857
57,0.5089285714285714
34,0.30357142857142855
58,0.5178571428571429
66,0.5892857142857143
50,0.44642857142857145
63,0.5625
51,0.45535714285714285
44,0.39285714285714285
70,0.625
62,0.5535714285714286
56,0.5
24,0.21428571428571427
40,0.35714285714285715
54,0.48214285714285715
35,0.3125
60,0.5357142857142857
54,0.48214285714285715
75,0.6696428571428571
48,0.42857142857142855
106,0.9464285714285714
45,0.4017857142857143
71,0.6339285714285714
33,0.29464285714285715
46,0.4107142857142857
60,0.5357142857142857
31,0.2767857142857143
104,0.9285714285714286
65,0.5803571428571429
56,0.5
52,0.4642857142857143
58,0.5178571428571429
49,0.4375
54,0.48214285714285715
41,0.36607142857142855
74,0.6607142857142857
68,0.6071428571428571
71,0.6339285714285714
61,0.5446428571428571
51,0.45535714285714285
70,0.625
48,0.42857142857142855
75,0.6696428571428571
15,0.13392857142857142
40,0.35714285714285715
53,0.4732142857142857
78,0.6964285714285714
48,0.42857142857142855
36,0.32142857142857145
54,0.48214285714285715
101,0.9017857142857143
77,0.6875
57,0.5089285714285714
78,0.6964285714285714
42,0.375
39,0.3482142857142857
59,0.5267857142857143
75,0.6696428571428571
90,0.8035714285714286
72,0.6428571428571429
64,0.5714285714285714
74,0.6607142857142857
54,0.48214285714285715
52,0.4642857142857143
49,0.4375
46,0.4107142857142857
58,0.5178571428571429
47,0.41964285714285715
39,0.3482142857142857
22,0.19642857142857142
53,0.4732142857142857
67,0.5982142857142857
69,0.6160714285714286
80,0.7142857142857143
3,0.026785714285714284
88,0.7857142857142857
88,0.7857142857142857
67,0.5982142857142857
84,0.75
110,0.9821428571428571
78,0.6964285714285714
63,0.5625
32,0.2857142857142857
52,0.4642857142857143
33,0.29464285714285715
65,0.5803571428571429
34,0.30357142857142855
27,0.24107142857142858
41,0.36607142857142855
44,0.39285714285714285
68,0.6071428571428571
43,0.38392857142857145
15,0.13392857142857142
82,0.7321428571428571
43,0.38392857142857145
37,0.33035714285714285
12,0.10714285714285714
81,0.7232142857142857
63,0.5625
91,0.8125
72,0.6428571428571429
83,0.7410714285714286
39,0.3482142857142857
69,0.6160714285714286
95,0.8482142857142857
79,0.7053571428571429
108,0.9642857142857143
87,0.7767857142857143
87,0.7767857142857143
22,0.19642857142857142
33,0.29464285714285715
87,0.7767857142857143
16,0.14285714285714285
62,0.5535714285714286
40,0.35714285714285715
59,0.5267857142857143
80,0.7142857142857143
50,0.44642857142857145
86,0.7678571428571429
62,0.5535714285714286
76,0.6785714285714286
77,0.6875
75,0.6696428571428571
52,0.4642857142857143
62,0.5535714285714286
89,0.7946428571428571
65,0.5803571428571429
43,0.38392857142857145
54,0.48214285714285715
67,0.5982142857142857
59,0.5267857142857143
69,0.6160714285714286
38,0.3392857142857143
58,0.5178571428571429
7,0.0625
31,0.2767857142857143
24,0.21428571428571427
92,0.8214285714285714
19,0.16964285714285715
49,0.4375
36,0.32142857142857145
60,0.5357142857142857
78,0.6964285714285714
18,0.16071428571428573
58,0.5178571428571429
12,0.10714285714285714
56,0.5
90,0.8035714285714286
99,0.8839285714285714
47,0.41964285714285715
47,0.41964285714285715
76,0.6785714285714286
84,0.75
99,0.8839285714285714
40,0.35714285714285715
70,0.625
71,0.6339285714285714
82,0.7321428571428571
26,0.23214285714285715
45,0.4017857142857143
48,0.42857142857142855
53,0.4732142857142857
10,0.08928571428571429
64,0.5714285714285714
38,0.3392857142857143
34,0.30357142857142855
49,0.4375
56,0.5
17,0.15178571428571427
56,0.5
50,0.44642857142857145
70,0.625
29,0.25892857142857145
44,0.39285714285714285
66,0.5892857142857143
69,0.6160714285714286
20,0.17857142857142858
61,0.5446428571428571
2,0.017857142857142856
25,0.22321428571428573
60,0.5357142857142857
58,0.5178571428571429
76,0.6785714285714286
72,0.6428571428571429
59,0.5267857142857143
74,0.6607142857142857
47,0.41964285714285715
33,0.29464285714285715
34,0.30357142857142855
70,0.625
21,0.1875
66,0.5892857142857143
62,0.5535714285714286
64,0.5714285714285714
21,0.1875
13,0.11607142857142858
28,0.25
47,0.41964285714285715
14,0.125
12,0.10714285714285714
90,0.8035714285714286
90,0.8035714285714286
49,0.4375
45,0.4017857142857143
38,0.3392857142857143
91,0.8125
83,0.7410714285714286
87,0.7767857142857143
10,0.08928571428571429
71,0.6339285714285714
55,0.49107142857142855
93,0.8303571428571429
50,0.44642857142857145
27,0.24107142857142858
58,0.5178571428571429
50,0.44642857142857145
10,0.08928571428571429
33,0.29464285714285715
60,0.5357142857142857
75,0.6696428571428571
89,0.7946428571428571
68,0.6071428571428571
64,0.5714285714285714
37,0.33035714285714285
58,0.5178571428571429
61,0.5446428571428571
77,0.6875
22,0.19642857142857142
54,0.48214285714285715
50,0.44642857142857145
86,0.7678571428571429
86,0.7678571428571429
29,0.25892857142857145
80,0.7142857142857143
57,0.5089285714285714
80,0.7142857142857143
73,0.6517857142857143
70,0.625
75,0.6696428571428571
54,0.48214285714285715
76,0.6785714285714286
18,0.16071428571428573
46,0.4107142857142857
47,0.41964285714285715
9,0.08035714285714286
37,0.33035714285714285
62,0.5535714285714286
51,0.45535714285714285
91,0.8125
50,0.44642857142857145
45,0.4017857142857143
88,0.7857142857142857
35,0.3125
64,0.5714285714285714
40,0.35714285714285715
57,0.5089285714285714
56,0.5
40,0.35714285714285715
74,0.6607142857142857
83,0.7410714285714286
38,0.3392857142857143
92,0.8214285714285714
80,0.7142857142857143
73,0.6517857142857143
81,0.7232142857142857
22,0.19642857142857142
40,0.35714285714285715
4,0.03571428571428571
35,0.3125
24,0.21428571428571427
38,0.3392857142857143
42,0.375
40,0.35714285714285715
28,0.25
63,0.5625
78,0.6964285714285714
78,0.6964285714285714
30,0.26785714285714285
67,0.5982142857142857
47,0.41964285714285715
92,0.8214285714285714
54,0.48214285714285715
12,0.10714285714285714
46,0.4107142857142857
34,0.30357142857142855
81,0.7232142857142857
92,0.8214285714285714
