0.4088888888888889 0.0 0.0 0.6790538873206291 0.41066192803198576 0.0 0.5879749879749883
0.4866666666666667 0.0 0.0 0.6723405515459879 0.48455501258699835 0.0 0.5138688472021811
0.48 0.0 0.0 0.6717493339888045 0.4738930845550126 0.0 0.5235850569183906
0.54 0.0 0.0 0.6817660258571758 0.543817562564786 0.0 0.4498637165303836
0.5044444444444445 0.0 0.0 0.6818686036363607 0.5086035835924774 0.0 0.48465608465608534
0.4666666666666667 0.0 0.0 0.6729687557307132 0.4623130460536058 0.0 0.5344556677890017
0.4488888888888889 0.0 0.0 0.6837372244057363 0.45378350362801717 0.0 0.5407728074394744
0.46444444444444444 0.0 0.0 0.6735706487250659 0.4615134014512069 0.0 0.5353214686548026
0.5111111111111111 0.0 0.0 0.6845662776843049 0.5166888790167333 0.0 0.4767035433702106
0.4955555555555556 0.0 0.0 0.6812482522081852 0.5002517399674219 0.0 0.4940195606862281
0.4711111111111111 0.0 0.0 0.6799147228268925 0.4721160965496816 0.0 0.5220779220779225
0.47555555555555556 0.0 0.0 0.6825885441065033 0.47786169110025173 0.0 0.5145743145743152
0.48444444444444446 0.0 0.0 0.6723585292482064 0.48029024137420406 0.0 0.5177809844476514
0.4022222222222222 0.0 0.0 0.6770270641612249 0.40065156226862136 0.0 0.5981080647747319
0.5422222222222223 0.0 0.0 0.6800129534939968 0.5455649341033615 0.0 0.44858104858104897
0.48 0.0 0.0 0.673036916974479 0.4787501851029172 0.0 0.5191598524931864
0.42 0.0 0.0 0.6821512093457359 0.42348585813712425 0.0 0.5730319063652402
0.4533333333333333 0.0 0.0 0.6743397336792957 0.45239152969050794 0.0 0.5441718775052115
0.5288888888888889 0.0 0.0 0.6823099615519711 0.5310232489264031 0.0 0.46195286195286234
0.5355555555555556 0.0 0.0 0.6757573711752127 0.5329779357322671 0.0 0.4627865961199299
0.4533333333333333 0.0 0.0 0.6765349351792292 0.4510291722197542 0.0 0.544492544492545
0.49333333333333335 0.0 0.0 0.6756783718549552 0.49296608914556495 0.0 0.5030944364277703
0.5088888888888888 0.0 0.0 0.6817299062170652 0.5107359691988745 0.0 0.4821548821548828
0.5311111111111111 0.0 0.0 0.6840061999150171 0.5375092551458611 0.0 0.4563411896745232
0.47333333333333333 0.0 0.0 0.6726719941831926 0.4696579298089738 0.0 0.5277216610549949
0.5111111111111111 0.0 0.0 0.6741613263527424 0.5067673626536354 0.0 0.48994708994709035
0.5444444444444444 0.0 0.0 0.6775389155893802 0.5433436990966978 0.0 0.4516273849607184
0.41333333333333333 0.0 0.0 0.6802403321738307 0.41557826151340144 0.0 0.5812409812409816
0.5022222222222222 0.0 0.0 0.6820060964122091 0.5079816377906116 0.0 0.4861632194965537
0.5 0.0 0.0 0.6746434740172261 0.49649044868947134 0.0 0.49985569985570055
0.5 0.0 0.0 0.6771255632241858 0.4996890270990671 0.0 0.49453262786596186
0.4666666666666667 0.0 0.0 0.677227733842142 0.4639715681919147 0.0 0.5298701298701303
0.4777777777777778 0.0 0.0 0.6812303665793142 0.48230416111357916 0.0 0.5116562449895786
0.5111111111111111 0.0 0.0 0.6782317120027578 0.5133718347401155 0.0 0.48106461439794845
0.5444444444444444 0.0 0.0 0.6794153756457075 0.5458314823041611 0.0 0.44797178130511495
0.47555555555555556 0.0 0.0 0.6776354683195793 0.4786021027691396 0.0 0.5178451178451186
0.5111111111111111 0.0 0.0 0.6767924149592264 0.5100251739967422 0.0 0.48459195125861854
0.5488888888888889 0.0 0.0 0.6807262528166429 0.5514289945209536 0.0 0.4421997755331091
0.43555555555555553 0.0 0.0 0.6752369857164555 0.43515474603879756 0.0 0.5618406285072955
0.49333333333333335 0.0 0.0 0.6752493768642324 0.49341033614689767 0.0 0.5029661696328368
0.42 0.0 0.0 0.676593093912313 0.42058344439508366 0.0 0.5761423761423766
0.5088888888888888 0.0 0.0 0.6788951366471606 0.5105582703983415 0.0 0.48273208273208323
0.48444444444444446 0.0 0.0 0.6798559427419277 0.4864504664593514 0.0 0.5066859066859072
0.5155555555555555 0.0 0.0 0.6772312860141251 0.515237672145713 0.0 0.47974987974988037
0.5266666666666666 0.0 0.0 0.6823370864385825 0.529009329187028 0.0 0.4639730639730645
0.5444444444444444 0.0 0.0 0.6801874683217414 0.5464534281060269 0.0 0.4475549142215811
0.5177777777777778 0.0 0.0 0.6792292469431342 0.5195616762920183 0.0 0.47500400833734224
0.5088888888888888 0.0 0.0 0.6774536929102382 0.5090774470605657 0.0 0.4857784191117531
0.4444444444444444 0.0 0.0 0.6832672922868659 0.4493706500814453 0.0 0.5455186788520126
0.48 0.0 0.0 0.6829558224238051 0.4827187916481564 0.0 0.5097963764630439
0.44 0.0 0.0 0.6782447760428119 0.4385310232489264 0.0 0.5563892897226236
0.5044444444444445 0.0 0.0 0.6816196593317251 0.5079520213238561 0.0 0.4854577521244192
0.4666666666666667 0.0 0.0 0.6808899448390382 0.46755516066933217 0.0 0.5249639249639255
0.4088888888888889 0.0 0.0 0.6778687801118463 0.4084999259588331 0.0 0.590219656886324
0.4822222222222222 0.0 0.0 0.6823507359529691 0.4843476973197098 0.0 0.5079365079365088
0.4111111111111111 0.0 0.0 0.6799243953480871 0.412912779505405 0.0 0.5841269841269843
0.48444444444444446 0.0 0.0 0.6796725929398858 0.4853546571893973 0.0 0.507872374539042
0.49333333333333335 0.0 0.0 0.6741072837853315 0.4892640308011254 0.0 0.5071348404681744
0.42 0.0 0.0 0.6719247130543957 0.41557826151340144 0.0 0.5827160493827166
0.4888888888888889 0.0 0.0 0.677847193202706 0.48932326373463647 0.0 0.5048901715568387
0.4222222222222222 0.0 0.0 0.6766851389665606 0.42277506293499184 0.0 0.5739939073272411
0.4822222222222222 0.0 0.0 0.6754147215837039 0.479312897971272 0.0 0.5155042488375825
0.4444444444444444 0.0 0.0 0.6730224370950403 0.44178883459203316 0.0 0.5549783549783556
0.4866666666666667 0.0 0.0 0.6742866088851586 0.48482156078779803 0.0 0.5112073112073114
0.43333333333333335 0.0 0.0 0.6798026438183729 0.4350362801717755 0.0 0.5600769600769604
0.4888888888888889 0.0 0.0 0.6753824581396257 0.48597660299126316 0.0 0.5089626422959761
0.4688888888888889 0.0 0.0 0.67110092010117 0.46240189545387234 0.0 0.534744268077602
0.49777777777777776 0.0 0.0 0.6786250813115061 0.4981193543610247 0.0 0.4955266955266959
0.4822222222222222 0.0 0.0 0.6758164513998227 0.4827780245816674 0.0 0.5134840468173808
0.4488888888888889 0.0 0.0 0.677661589819776 0.45114763808677627 0.0 0.5457431457431463
0.49333333333333335 0.0 0.0 0.6758458553668635 0.4908633200059233 0.0 0.5042809042809047
0.48444444444444446 0.0 0.0 0.6857766314416527 0.4897082778024582 0.0 0.5026775693442367
0.44666666666666666 0.0 0.0 0.6784268532745049 0.44664593513993783 0.0 0.5483726150392823
0.43555555555555553 0.0 0.0 0.6719218218836526 0.4296756996890271 0.0 0.5685105018438357
0.4488888888888889 0.0 0.0 0.6750236681366357 0.44634977047238267 0.0 0.5488536155202826
0.47555555555555556 0.0 0.0 0.671558115914788 0.46977639567599583 0.0 0.5279461279461284
0.5022222222222222 0.0 0.0 0.6767604803935897 0.5021768103065304 0.0 0.493506493506494
0.5 0.0 0.0 0.6722072447236065 0.49560195468680585 0.0 0.5025172358505695
0.47555555555555556 0.0 0.0 0.6731783470937447 0.4733007552199023 0.0 0.5242584575917915
0.4488888888888889 0.0 0.0 0.6776815461844343 0.4504960758181549 0.0 0.5464486131152801
0.49333333333333335 0.0 0.0 0.6752910041982468 0.4933214867466311 0.0 0.5030303030303036
0.48444444444444446 0.0 0.0 0.6748338467391959 0.480171775507182 0.0 0.5147346480679819
0.5 0.0 0.0 0.6752650686978527 0.49945209536502294 0.0 0.49706589706589754
0.39555555555555555 0.0 0.0 0.6766308579733854 0.3938990078483637 0.0 0.6050344717011389
0.5066666666666667 0.0 0.0 0.6716140385779955 0.5019991115059973 0.0 0.49594356261022965
0.49777777777777776 0.0 0.0 0.6758062554002674 0.4956611876203169 0.0 0.49966329966330003
0.4955555555555556 0.0 0.0 0.6810817285106885 0.4973493262253813 0.0 0.49587942921276285
0.3933333333333333 0.0 0.0 0.6766516497148793 0.39173700577521103 0.0 0.6070226070226076
0.4111111111111111 0.0 0.0 0.6799601099658439 0.41338664297349326 0.0 0.5834856501523171
0.5288888888888889 0.0 0.0 0.6781076704549971 0.52998667258996 0.0 0.464389931056598
0.49333333333333335 0.0 0.0 0.6743480389773678 0.49169258107507774 0.0 0.5063331729998402
0.49777777777777776 0.0 0.0 0.6733207767555118 0.4926995409447653 0.0 0.5041847041847047
0.48 0.0 0.0 0.681945798804768 0.4804383237079816 0.0 0.5120410453743792
0.4955555555555556 0.0 0.0 0.6790798825156252 0.49423959721605215 0.0 0.4989898989898993
0.4955555555555556 0.0 0.0 0.6785986087819108 0.49542425588627276 0.0 0.49911816578483326
0.4822222222222222 0.0 0.0 0.6773093640675149 0.48123796831038057 0.0 0.5132275132275137
0.5177777777777778 0.0 0.0 0.6784072430289226 0.5190285798904191 0.0 0.4750681417348087
0.4311111111111111 0.0 0.0 0.6711361711200496 0.42514438027543316 0.0 0.5733846400513072
0.47555555555555556 0.0 0.0 0.6853192274366645 0.4828372575151784 0.0 0.5117845117845125
0.4444444444444444 0.0 0.0 0.6760482653903006 0.44581667407078335 0.0 0.5512265512265517
0.47333333333333333 0.0 0.0 0.6762453442611651 0.47264919295128094 0.0 0.5232643899310572
0.5088888888888888 0.0 0.0 0.6820795261891575 0.5142307122760255 0.0 0.4802950136283475
0.43333333333333335 0.0 0.0 0.672115164328938 0.4306234266252036 0.0 0.5665864999198336
0.4888888888888889 0.0 0.0 0.6767736916345837 0.48816822153117134 0.0 0.5065576398909738
0.5377777777777778 0.0 0.0 0.6784079117148807 0.536294980008885 0.0 0.45736732403399094
0.42 0.0 0.0 0.6795108059343893 0.42241966533392566 0.0 0.5759499759499762
0.4222222222222222 0.0 0.0 0.6722488269827485 0.41925070339108544 0.0 0.57970177970178
0.5088888888888888 0.0 0.0 0.6849998588815392 0.5141418628757589 0.0 0.47894821228154605
0.5044444444444445 0.0 0.0 0.6741850798359666 0.4993040130312454 0.0 0.49725829725829784