0.5133333333333333 0.0 0.0 0.6756359195380058 0.5141418628757589 0.0 0.4838864838864845
0.49333333333333335 0.0 0.0 0.6766971773385856 0.49284762327854287 0.0 0.5033830367163707
0.4288888888888889 0.0 0.0 0.6893035964082113 0.43660595290981785 0.0 0.5593073593073596
0.49777777777777776 0.0 0.0 0.6815793106357808 0.49883014956315713 0.0 0.49405162738496133
0.43777777777777777 0.0 0.0 0.6896053329079845 0.447060565674515 0.0 0.5483726150392823
0.5133333333333333 0.0 0.0 0.6747665259722798 0.5099955575299867 0.0 0.48680455347122065
0.5311111111111111 0.0 0.0 0.6767413829852986 0.5314378794609803 0.0 0.4646464646464653
0.4888888888888889 0.0 0.0 0.6762076739708164 0.4877535909965941 0.0 0.5083854417187754
0.5355555555555556 0.0 0.0 0.6795581596903444 0.5358803494743077 0.0 0.4583934583934589
0.5266666666666666 0.0 0.0 0.6806916587051165 0.5279135199170739 0.0 0.465864999198333
0.5244444444444445 0.0 0.0 0.6785883304950976 0.5247149415074781 0.0 0.47057880391213747
0.5555555555555556 0.0 0.0 0.6809517926981388 0.556730342070191 0.0 0.43848003848003925
0.5088888888888888 0.0 0.0 0.6765877247092831 0.508751665926255 0.0 0.4875420875420883
0.4533333333333333 0.0 0.0 0.680574957431129 0.45559010810010364 0.0 0.5395222061888735
0.45111111111111113 0.0 0.0 0.682318008205717 0.45410928476232787 0.0 0.5408369408369413
0.5533333333333333 0.0 0.0 0.6781998699001008 0.5540352435954391 0.0 0.4422639089305761
0.4622222222222222 0.0 0.0 0.6790735116602813 0.4666074337331556 0.0 0.5291325957992632
0.42 0.0 0.0 0.6833858028676923 0.4238116392714349 0.0 0.5748917748917756
0.5555555555555556 0.0 0.0 0.6796484018454854 0.5546868058640604 0.0 0.4405964405964411
0.49333333333333335 0.0 0.0 0.6775460686321558 0.49429883014956316 0.0 0.501042167708835
0.5222222222222223 0.0 0.0 0.6775414390055826 0.5201540056271287 0.0 0.4757736091069431
0.48 0.0 0.0 0.6760432903011176 0.47895750037020585 0.0 0.5166586499919841
0.4311111111111111 0.0 0.0 0.6779508655807104 0.4322819487635125 0.0 0.5638608305274978
0.49777777777777776 0.0 0.0 0.6734168359979609 0.493084555012587 0.0 0.5050184383517724
0.48444444444444446 0.0 0.0 0.6746021618497026 0.48215607877980154 0.0 0.5146705146705156
0.44 0.0 0.0 0.6761570505017265 0.44392122019843033 0.0 0.5531184864518204
0.5177777777777778 0.0 0.0 0.6741122703229422 0.5137864652746927 0.0 0.4829886163219502
0.4866666666666667 0.0 0.0 0.678419821732608 0.4832815045165112 0.0 0.5109828443161782
0.44 0.0 0.0 0.681860584758205 0.4456685917370058 0.0 0.5490780824114163
0.5266666666666666 0.0 0.0 0.6807315459445765 0.5280023693173405 0.0 0.46576879910213287
0.5022222222222222 0.0 0.0 0.679694939552692 0.5036280171775507 0.0 0.490428090428091
0.4888888888888889 0.0 0.0 0.6820928424586493 0.4915444987413002 0.0 0.5009139009139014
0.5133333333333333 0.0 0.0 0.673695233756879 0.5118613949355841 0.0 0.48632355299022056
0.48 0.0 0.0 0.675471013669428 0.4780393899007848 0.0 0.5181978515311854
0.5222222222222223 0.0 0.0 0.6813404903120991 0.5234710499037465 0.0 0.47000160333493723
0.4577777777777778 0.0 0.0 0.679085970739512 0.46186879905227307 0.0 0.5340067340067347
0.42 0.0 0.0 0.6870919100185426 0.42588479194432105 0.0 0.5698893698893703
0.5466666666666666 0.0 0.0 0.6750085276997598 0.543758329631275 0.0 0.45403238736572116
0.45555555555555555 0.0 0.0 0.6780372718779518 0.4595290981785873 0.0 0.5374058040724714
0.5288888888888889 0.0 0.0 0.6767399778573565 0.5294239597216052 0.0 0.46685906685906753
0.47555555555555556 0.0 0.0 0.6758166367862123 0.4743077150895898 0.0 0.5215969215969223
0.4777777777777778 0.0 0.0 0.6816029631965138 0.4812972012438916 0.0 0.5121372454705795
0.5511111111111111 0.0 0.0 0.6831521774021606 0.5570265067377462 0.0 0.43681257014590424
0.4777777777777778 0.0 0.0 0.6793859979834089 0.47996446023989336 0.0 0.5148629148629156
0.4911111111111111 0.0 0.0 0.6774387153833281 0.4884643861987265 0.0 0.5067179733846405
0.4288888888888889 0.0 0.0 0.6877617243304454 0.43622093884199614 0.0 0.5593394260060933
0.5422222222222223 0.0 0.0 0.6775147025940367 0.5402339700873686 0.0 0.45582812249478977
0.4911111111111111 0.0 0.0 0.6809846219913414 0.4957204205538279 0.0 0.497963764630432
0.4 0.0 0.0 0.6845893028802617 0.40328742780986226 0.0 0.59608786275453
0.48 0.0 0.0 0.6813129227474194 0.48455501258699835 0.0 0.5095719095719102
0.5222222222222223 0.0 0.0 0.6791864681587751 0.5248926403080113 0.0 0.4698412698412705
0.5488888888888889 0.0 0.0 0.6769658350416745 0.5490004442470013 0.0 0.4476511143177816
0.5022222222222222 0.0 0.0 0.681253753023903 0.5068265955871465 0.0 0.48699695366362095
0.48 0.0 0.0 0.6789956633909785 0.4796090626388272 0.0 0.5148629148629156
0.5066666666666667 0.0 0.0 0.681421324246638 0.510647119798608 0.0 0.4823793490460162
0.5244444444444445 0.0 0.0 0.6783796756556536 0.5246260921072116 0.0 0.4707391374058044
0.4444444444444444 0.0 0.0 0.6779256289779882 0.4459055234710499 0.0 0.5502645502645511
0.5088888888888888 0.0 0.0 0.6797267884893556 0.5104694209980749 0.0 0.483501683501684
0.5533333333333333 0.0 0.0 0.6793000893525745 0.5516659262549978 0.0 0.44335417668751054
0.4911111111111111 0.0 0.0 0.6769346882635925 0.4936176514141863 0.0 0.5020362353695694
0.4822222222222222 0.0 0.0 0.6766489141079796 0.4807048719087813 0.0 0.515440115440116
0.48 0.0 0.0 0.6776927697285844 0.47940174737153857 0.0 0.5162417829084502
0.49777777777777776 0.0 0.0 0.6814191708840216 0.5025322079075967 0.0 0.49039602372935764
0.4955555555555556 0.0 0.0 0.6819743836007851 0.4969050792240486 0.0 0.4957511624178297
0.5022222222222222 0.0 0.0 0.6783972247678967 0.49998519176662226 0.0 0.4946288279621618
0.4822222222222222 0.0 0.0 0.677626309944701 0.4818895305790019 0.0 0.5131313131313138
0.4777777777777778 0.0 0.0 0.6755875163946389 0.4746927291574115 0.0 0.5216931216931222
0.5244444444444445 0.0 0.0 0.6804428494098516 0.5266103953798312 0.0 0.4673080006413345
0.52 0.0 0.0 0.680248547295308 0.5220494594994817 0.0 0.47182940516273897
0.45555555555555555 0.0 0.0 0.6888348502780111 0.4644158151932474 0.0 0.5295173961840636
0.4688888888888889 0.0 0.0 0.6912952113075772 0.47824670516807344 0.0 0.5156325156325161
0.4955555555555556 0.0 0.0 0.6805417122450662 0.4971420109580927 0.0 0.496488696488697
0.5222222222222223 0.0 0.0 0.6830434880644274 0.5263438471790315 0.0 0.4658970658970666
0.5333333333333333 0.0 0.0 0.6773567450463883 0.530964015992892 0.0 0.4653198653198657
0.5177777777777778 0.0 0.0 0.6763898046480463 0.5191766622241967 0.0 0.47865961199294593
0.5222222222222223 0.0 0.0 0.6813787531324785 0.523441433436991 0.0 0.46993746993747043
0.44666666666666666 0.0 0.0 0.6897494952946762 0.45517547756552645 0.0 0.5396184062850734
0.4444444444444444 0.0 0.0 0.6923143663551398 0.4519768991559307 0.0 0.5409652076318747
0.5066666666666667 0.0 0.0 0.6794148446859238 0.5081889530579002 0.0 0.48667628667628726
0.5222222222222223 0.0 0.0 0.6789883347176541 0.5243595439064119 0.0 0.4702581369248042
0.5622222222222222 0.0 0.0 0.6778798804026915 0.558507330075522 0.0 0.4382876382876387
0.5177777777777778 0.0 0.0 0.6794716090374636 0.5210128831630386 0.0 0.47352894019560743
0.5155555555555555 0.0 0.0 0.6760674583907168 0.5118021620020732 0.0 0.48446368446368493
0.5088888888888888 0.0 0.0 0.679731747772661 0.5102917221975418 0.0 0.48385441718775113
0.47333333333333333 0.0 0.0 0.67988708749729 0.47371538575447947 0.0 0.5196729196729204
0.44666666666666666 0.0 0.0 0.6918251517670329 0.4551458610987709 0.0 0.5397466730800069
0.49333333333333335 0.0 0.0 0.6825841426455125 0.4982378202280468 0.0 0.4946929613596287
0.4711111111111111 0.0 0.0 0.6795931966994028 0.4714053013475492 0.0 0.522366522366523
0.5266666666666666 0.0 0.0 0.6762115531513311 0.5265215459795647 0.0 0.47000160333493735
0.5 0.0 0.0 0.6781864923634879 0.5001332741003999 0.0 0.49546256212922946
0.4777777777777778 0.0 0.0 0.678776121338897 0.47747667703243 0.0 0.5171075837742511
0.4222222222222222 0.0 0.0 0.6881019680257376 0.427602547016141 0.0 0.5664261664261669
0.4822222222222222 0.0 0.0 0.6744109349921144 0.47697319709758623 0.0 0.5203783870450542
0.5066666666666667 0.0 0.0 0.6774898666760926 0.5038945653783503 0.0 0.4914862914862921
0.4288888888888889 0.0 0.0 0.6893604411588681 0.43705019991115057 0.0 0.5590508257174929
0.43333333333333335 0.0 0.0 0.6916701185732195 0.44172960165852215 0.0 0.5528619528619535
0.5155555555555555 0.0 0.0 0.6781830839321995 0.5127795054050052 0.0 0.48225108225108293
0.45555555555555555 0.0 0.0 0.6826770873321202 0.45926254997778765 0.0 0.5356742023408696
0.5244444444444445 0.0 0.0 0.680928653072986 0.5254257367096106 0.0 0.46836620169953547
0.48 0.0 0.0 0.6820519212188227 0.48191914704575745 0.0 0.5108225108225113
0.44 0.0 0.0 0.6910458751188409 0.44960758181548943 0.0 0.5456790123456795
0.44222222222222224 0.0 0.0 0.6910516864379658 0.45212498148970826 0.0 0.5433702100368772
0.5266666666666666 0.0 0.0 0.6783613257369077 0.5284466163186732 0.0 0.4670835337502012
0.4777777777777778 0.0 0.0 0.6827427129867062 0.4828964904486895 0.0 0.5113035113035118
0.4577777777777778 0.0 0.0 0.6781865552531315 0.46186879905227307 0.0 0.5350328683662025
0.5155555555555555 0.0 0.0 0.6742296678924058 0.5116244632015401 0.0 0.48500881834215215
0.5555555555555556 0.0 0.0 0.6834765489057603 0.5619428402191619 0.0 0.43200256533589954
0.5177777777777778 0.0 0.0 0.683412180258409 0.5228787205686362 0.0 0.4701298701298705
0.4911111111111111 0.0 0.0 0.6752326990593812 0.48985636013623574 0.0 0.5065897065897074
0.4288888888888889 0.0 0.0 0.6754100274196329 0.4315415370946246 0.0 0.5657527657527663