0.5222222222222223 0.0 0.0 0.6894818445097644 0.530964015992892 0.0 0.4628827962161298
0.46444444444444444 0.0 0.0 0.6823258152619583 0.46841403820524213 0.0 0.5268237934904609
0.5177777777777778 0.0 0.0 0.691102379616114 0.5261365319117429 0.0 0.4666987333654006
0.5177777777777778 0.0 0.0 0.6910609272112153 0.5261661483784984 0.0 0.4667308000641339
0.5 0.0 0.0 0.6763048162018699 0.49977787649933364 0.0 0.49507776174442875
0.5333333333333333 0.0 0.0 0.6759913649606943 0.5346660743373316 0.0 0.4623697290363963
0.4955555555555556 0.0 0.0 0.6917404474357038 0.506115800385014 0.0 0.48760622093955475
0.4688888888888889 0.0 0.0 0.6820711429988829 0.4714941507478158 0.0 0.522879589546257
0.46 0.0 0.0 0.6783810357126725 0.4615726343847179 0.0 0.5342632675966015
0.4711111111111111 0.0 0.0 0.6795639371838819 0.4711683696135051 0.0 0.5228795895462572
0.47333333333333333 0.0 0.0 0.6875577260351866 0.47697319709758623 0.0 0.5152156485489826
0.5577777777777778 0.0 0.0 0.6763910890366525 0.555871464534281 0.0 0.4405964405964411
0.49777777777777776 0.0 0.0 0.6821835193615416 0.497734340293203 0.0 0.4948212281545621
0.52 0.0 0.0 0.6858698144271305 0.5274988893824967 0.0 0.4671476671476673
0.4622222222222222 0.0 0.0 0.6777712225445439 0.46000296164667553 0.0 0.5347763347763356
0.4533333333333333 0.0 0.0 0.6834433423461787 0.45798904190730044 0.0 0.536572069905404
0.5755555555555556 0.0 0.0 0.6777377434510595 0.5734636457870576 0.0 0.4226711560044898
0.5177777777777778 0.0 0.0 0.6911397457715094 0.5267584777136087 0.0 0.4661856661856667
0.4533333333333333 0.0 0.0 0.6802426282398184 0.45375388716126164 0.0 0.5409652076318752
0.5466666666666666 0.0 0.0 0.6750021497992335 0.5433140826299423 0.0 0.4523328523328529
0.5222222222222223 0.0 0.0 0.6914144537815883 0.5314971123944914 0.0 0.4612473945807286
0.4622222222222222 0.0 0.0 0.6846335233572132 0.46891751814008586 0.0 0.5267596600929937
0.44 0.0 0.0 0.6740917360609628 0.435065896638531 0.0 0.5637325637325642
0.5377777777777778 0.0 0.0 0.6868953320676607 0.5425144380275433 0.0 0.45069745069745126
0.48 0.0 0.0 0.6845053304243893 0.4848511772545535 0.0 0.5083213083213091
0.5066666666666667 0.0 0.0 0.6790358150147774 0.5032726195764845 0.0 0.4890171556838231
0.5888888888888889 0.0 0.0 0.6816502065986546 0.5909965941063231 0.0 0.4031425364758703
0.47333333333333333 0.0 0.0 0.6876116316229778 0.47768399229971864 0.0 0.5149270482603823
0.5 0.0 0.0 0.6734007606639465 0.49613505108840517 0.0 0.4992784992785
0.4488888888888889 0.0 0.0 0.6804421131281919 0.449696431215756 0.0 0.5448132114798787
0.5 0.0 0.0 0.6716273151352627 0.49560195468680585 0.0 0.5006894340227681
0.44222222222222224 0.0 0.0 0.673822098671663 0.4372278987116837 0.0 0.5618085618085623
0.5622222222222222 0.0 0.0 0.6814342073085745 0.5647860210276914 0.0 0.42876382876382935
0.46 0.0 0.0 0.6761511192403994 0.4584332889086332 0.0 0.5375982042648717
0.5666666666666667 0.0 0.0 0.6797449646660598 0.5650229527617355 0.0 0.42962962962963014
0.5533333333333333 0.0 0.0 0.6832502959008775 0.5545683399970384 0.0 0.43796697130030493
0.5066666666666667 0.0 0.0 0.6827473281366851 0.509669776395676 0.0 0.4833734167067506
0.4911111111111111 0.0 0.0 0.6817162789894693 0.49503924181845105 0.0 0.4989578322911665
0.5711111111111111 0.0 0.0 0.6804804997645694 0.5729601658522139 0.0 0.4219977553310892
0.4822222222222222 0.0 0.0 0.6788292236744883 0.48248185991411224 0.0 0.5120410453743793
0.4711111111111111 0.0 0.0 0.6877914793535108 0.47543314082629945 0.0 0.5165945165945173
0.5644444444444444 0.0 0.0 0.6814892557502041 0.5673034207019103 0.0 0.42629469296136024
0.5511111111111111 0.0 0.0 0.6786528420829677 0.5523767214571301 0.0 0.44296937630270994
0.5111111111111111 0.0 0.0 0.6738251513852657 0.5092255293943433 0.0 0.48693282026615414
0.5133333333333333 0.0 0.0 0.6776824988053067 0.5109432844661632 0.0 0.48199454866121605
0.4822222222222222 0.0 0.0 0.6726448279268625 0.4781874722345624 0.0 0.5172999839666514
0.5088888888888888 0.0 0.0 0.6793108984896227 0.5065008144528358 0.0 0.4856501523168196
0.5688888888888889 0.0 0.0 0.6829869421042101 0.5696135051088406 0.0 0.4236652236652243
0.5066666666666667 0.0 0.0 0.6795034127167598 0.5038649489115948 0.0 0.488568221901556
0.5488888888888889 0.0 0.0 0.6822884308957822 0.5486450466459352 0.0 0.4436427769761109
0.48 0.0 0.0 0.6886890608922728 0.4848511772545535 0.0 0.5072310405643746
0.4866666666666667 0.0 0.0 0.6767956009826491 0.4840811491189101 0.0 0.5101811768478441
0.5133333333333333 0.0 0.0 0.6783120025844341 0.5112098326669628 0.0 0.4810966810966818
0.5 0.0 0.0 0.6808873426692946 0.4995409447652895 0.0 0.4931537598204271
0.4955555555555556 0.0 0.0 0.6806830848431966 0.49856360136235744 0.0 0.49668109668109717
0.47555555555555556 0.0 0.0 0.6751652259333001 0.4733007552199023 0.0 0.5206990540323881
0.47333333333333333 0.0 0.0 0.6852230524425464 0.4762031689619428 0.0 0.5164662497995838
0.45555555555555555 0.0 0.0 0.6756574866804403 0.4544350658966385 0.0 0.5422158088824761
0.52 0.0 0.0 0.6740941349632449 0.5161557826151341 0.0 0.4794292127625468
0.5088888888888888 0.0 0.0 0.6822786321324518 0.513282985339849 0.0 0.48119288119288184
0.5577777777777778 0.0 0.0 0.6787300093310438 0.5596623722789871 0.0 0.4353375020041691
0.58 0.0 0.0 0.6779507777836826 0.5821116540796683 0.0 0.415231681898349
0.5066666666666667 0.0 0.0 0.6846637596288347 0.5081593365911447 0.0 0.4832772166105509
0.4955555555555556 0.0 0.0 0.6753196215226882 0.49258107507774324 0.0 0.5023889690556362
0.56 0.0 0.0 0.6822972063678622 0.562239004886717 0.0 0.43030303030303096
0.52 0.0 0.0 0.6866258368302154 0.5275877387827632 0.0 0.4667308000641337
0.5088888888888888 0.0 0.0 0.6810712043831473 0.5120094772693617 0.0 0.4827000160333499
0.5488888888888889 0.0 0.0 0.6775699496852935 0.5457130164371391 0.0 0.4488696488696494
0.58 0.0 0.0 0.6799283764317294 0.5830593810158448 0.0 0.41317941317941365
0.5488888888888889 0.0 0.0 0.6843625343553325 0.5571745890715237 0.0 0.4389931056597729
0.5111111111111111 0.0 0.0 0.6884687907279422 0.5166888790167333 0.0 0.47445887445887514
0.4688888888888889 0.0 0.0 0.6772552069868762 0.46897675107359693 0.0 0.5268558601891941
0.47333333333333333 0.0 0.0 0.6744621100463737 0.47063527321190585 0.0 0.5237774571107914
0.5311111111111111 0.0 0.0 0.6794370557240914 0.5274396564489856 0.0 0.4651915985249325
0.4666666666666667 0.0 0.0 0.6793936478613205 0.4671405301347549 0.0 0.526471059804394
0.5555555555555556 0.0 0.0 0.6769664921268944 0.5518436250555309 0.0 0.44444444444444486
0.5 0.0 0.0 0.6737966175447121 0.4965792980897379 0.0 0.49886163219496593
0.4866666666666667 0.0 0.0 0.6734057661152119 0.4816822153117133 0.0 0.5130992464325805
0.4577777777777778 0.0 0.0 0.681729648493423 0.4620761143195617 0.0 0.5338784672118011
0.49777777777777776 0.0 0.0 0.683439647501001 0.499570561232045 0.0 0.4932178932178939
0.4955555555555556 0.0 0.0 0.672931163680179 0.49169258107507774 0.0 0.503960237293571
0.4488888888888889 0.0 0.0 0.6729192801067767 0.4434769731970976 0.0 0.5566458233124905
0.5288888888888889 0.0 0.0 0.6895857922214329 0.5381608174144824 0.0 0.4556036556036559
0.5088888888888888 0.0 0.0 0.684624737974094 0.5104694209980749 0.0 0.4811928811928817
0.5311111111111111 0.0 0.0 0.6804878203183089 0.5316451947282689 0.0 0.4617925284591956
0.5555555555555556 0.0 0.0 0.6838673590064823 0.5573522878720568 0.0 0.4351451018117688
0.4711111111111111 0.0 0.0 0.6786226085262463 0.4714053013475492 0.0 0.5235529902196576
0.4955555555555556 0.0 0.0 0.6827025244625902 0.4956315711535614 0.0 0.49539842873176276
0.5066666666666667 0.0 0.0 0.6937554574861129 0.5162742484821561 0.0 0.47660734327401044
0.4777777777777778 0.0 0.0 0.678551204927471 0.47934251443802756 0.0 0.51595318261985
0.5466666666666666 0.0 0.0 0.6916696940530975 0.5548645046645935 0.0 0.4371973705307043
0.5377777777777778 0.0 0.0 0.6866812350859641 0.5449429883014957 0.0 0.449190315856983
0.54 0.0 0.0 0.6855932435924498 0.5460684140382053 0.0 0.4479397146063816
0.4866666666666667 0.0 0.0 0.6835987208896277 0.4879016733303717 0.0 0.5051787718454394
0.5444444444444444 0.0 0.0 0.6864142942007024 0.5488819783799793 0.0 0.44370691037357757
0.49777777777777776 0.0 0.0 0.6891440984789794 0.5029764549089294 0.0 0.48920955587622306
0.44222222222222224 0.0 0.0 0.6800779991290651 0.4390345031837702 0.0 0.557639890973225
0.4444444444444444 0.0 0.0 0.6753077434658821 0.4371982822449282 0.0 0.561423761423762
0.5288888888888889 0.0 0.0 0.6777126665171178 0.5281800681178735 0.0 0.4653519320185995
0.5022222222222222 0.0 0.0 0.6758975099260424 0.49663853102324895 0.0 0.4977713644380317
0.4666666666666667 0.0 0.0 0.6814836437169576 0.46974677920924035 0.0 0.5258938592271933
0.5666666666666667 0.0 0.0 0.6796194786327294 0.5686953946394195 0.0 0.42597402597402645
0.4533333333333333 0.0 0.0 0.6770455037177369 0.44709018214127055 0.0 0.5492384159050832
0.48444444444444446 0.0 0.0 0.680862838031932 0.4844069302532208 0.0 0.5102132435465776
0.44666666666666666 0.0 0.0 0.6784530480692723 0.4476232785428698 0.0 0.5482764149430823
0.4577777777777778 0.0 0.0 0.6755203221613397 0.4569820820376129 0.0 0.5394901394901401
0.5088888888888888 0.0 0.0 0.6773604776127187 0.5048422923145269 0.0 0.48872855539522275
0.5088888888888888 0.0 0.0 0.6907794759961967 0.5191470457574411 0.0 0.4750681417348088
0.5644444444444444 0.0 0.0 0.6785798079118982 0.5630682659558714 0.0 0.43197049863716586
0.5222222222222223 0.0 0.0 0.6904587198925075 0.5305790019250703 0.0 0.46269039602372986
0.48 0.0 0.0 0.6759171041381515 0.4779801569672738 0.0 0.5159211159211168