0.45555555555555555 0.0 0.0 0.678409093704863 0.4563897527025026 0.0 0.538111271444605
0.4666666666666667 0.0 0.0 0.6742100632521423 0.4658670220642677 0.0 0.5312810646143984
0.5777777777777777 0.0 0.0 0.6832710237659909 0.5822301199466904 0.0 0.4144941478274815
0.4177777777777778 0.0 0.0 0.6795731983264323 0.41729601658522136 0.0 0.5798300464967134
0.4577777777777778 0.0 0.0 0.6780234408583983 0.45964756404560936 0.0 0.5355138688472025
0.5044444444444445 0.0 0.0 0.681946028610154 0.5117133126018066 0.0 0.4831168831168837
0.4666666666666667 0.0 0.0 0.6743538440621841 0.46480082926106914 0.0 0.5319544652877992
0.4688888888888889 0.0 0.0 0.6731542407211232 0.4688286687398193 0.0 0.5284912618245956
0.5066666666666667 0.0 0.0 0.6717299693076809 0.506915444987413 0.0 0.4931537598204274
0.5822222222222222 0.0 0.0 0.6813204044956341 0.5851917666222419 0.0 0.4121212121212128
0.47333333333333333 0.0 0.0 0.678225692788065 0.4734192210869243 0.0 0.5208914542247878
0.5955555555555555 0.0 0.0 0.6774799513819716 0.5928624315119206 0.0 0.4043610710277379
0.5377777777777778 0.0 0.0 0.6778485051135851 0.5401747371538576 0.0 0.45502645502645567
0.4666666666666667 0.0 0.0 0.678259548934637 0.46607433733155634 0.0 0.5288439955106627
0.4488888888888889 0.0 0.0 0.6771197869932077 0.45022952761735524 0.0 0.5461920795254136
0.4911111111111111 0.0 0.0 0.6716977032517262 0.4909225529394343 0.0 0.5082571749238423
0.4666666666666667 0.0 0.0 0.6776815496454881 0.46942099807492965 0.0 0.5268558601891942
0.49777777777777776 0.0 0.0 0.6761348827005172 0.49817858729453574 0.0 0.4978354978354984
0.47555555555555556 0.0 0.0 0.6752889467791899 0.4739523174885236 0.0 0.5216610549943889
0.47555555555555556 0.0 0.0 0.6734317650198823 0.46980601214275136 0.0 0.5281064614397954
0.5333333333333333 0.0 0.0 0.6791495366027279 0.5359099659410632 0.0 0.4592271925605267
0.49777777777777776 0.0 0.0 0.6777880728883867 0.5007552199022657 0.0 0.4950777617444291
0.43777777777777777 0.0 0.0 0.6835352057786752 0.44362505553087517 0.0 0.5507776174442847
0.5444444444444444 0.0 0.0 0.6782151320461605 0.5465422775062935 0.0 0.44867724867724934
0.5355555555555556 0.0 0.0 0.6813094640127904 0.5397304901525248 0.0 0.4549943883277223
0.5288888888888889 0.0 0.0 0.679966200306465 0.5331260180660448 0.0 0.46121532788199515
0.5311111111111111 0.0 0.0 0.6755719539988234 0.5300162890567155 0.0 0.4672438672438677
0.5888888888888889 0.0 0.0 0.6769583823331009 0.586109877091663 0.0 0.411030944364278
0.4777777777777778 0.0 0.0 0.6768265546986015 0.4818895305790019 0.0 0.5145422478755817
0.4533333333333333 0.0 0.0 0.6789304480018646 0.4570116985043684 0.0 0.5382074715408053
0.5222222222222223 0.0 0.0 0.6768679948755267 0.522641788834592 0.0 0.4735930735930739
0.4777777777777778 0.0 0.0 0.679479674243904 0.4834888197837998 0.0 0.512073112073113
0.49333333333333335 0.0 0.0 0.6718911904943303 0.49358803494743075 0.0 0.5054994388327728
0.5155555555555555 0.0 0.0 0.677375381359843 0.5182289352880202 0.0 0.4776655443322114
0.4955555555555556 0.0 0.0 0.6774959949578568 0.5001332741003999 0.0 0.4958794292127632
0.43333333333333335 0.0 0.0 0.6767792337142874 0.4315415370946246 0.0 0.5644380311046981
0.54 0.0 0.0 0.6782489313220146 0.5392566266844365 0.0 0.45560365560365634
0.48444444444444446 0.0 0.0 0.681407861422508 0.49041907300459053 0.0 0.5039281705948377
0.5422222222222223 0.0 0.0 0.6773066028078144 0.5431363838294091 0.0 0.4517877184543857
0.5333333333333333 0.0 0.0 0.6814785685037994 0.535436102472975 0.0 0.45842552509219225
0.5377777777777778 0.0 0.0 0.677985360913159 0.5405893676884348 0.0 0.454705788039122
0.5311111111111111 0.0 0.0 0.6766936904096507 0.5302828372575151 0.0 0.46490299823633185
0.45111111111111113 0.0 0.0 0.6768703911789807 0.45277654375832965 0.0 0.5439474106140778
0.5 0.0 0.0 0.6727439331927725 0.5009329187027988 0.0 0.4978354978354985
0.4822222222222222 0.0 0.0 0.6796838648821373 0.4835184362505553 0.0 0.5100208433541771
0.5266666666666666 0.0 0.0 0.6778604729226884 0.5277654375832963 0.0 0.46753246753246824
0.5066666666666667 0.0 0.0 0.6775837239536194 0.50673774618688 0.0 0.48818342151675553
0.4777777777777778 0.0 0.0 0.6797732997255757 0.47895750037020585 0.0 0.5147346480679817
0.5844444444444444 0.0 0.0 0.6798732317564681 0.5856952465570857 0.0 0.4117364117364124
0.47333333333333333 0.0 0.0 0.6789005360780573 0.4747519620909226 0.0 0.5195446528779868
0.4777777777777778 0.0 0.0 0.6759038113335366 0.4807641048422923 0.0 0.515183581850249
0.5066666666666667 0.0 0.0 0.6773440334742896 0.5064415815193247 0.0 0.489113355780023
0.49333333333333335 0.0 0.0 0.6741702687298713 0.49503924181845105 0.0 0.5027096360429699
0.49333333333333335 0.0 0.0 0.6776216048635331 0.4960758181548941 0.0 0.4996312329645669
0.4666666666666667 0.0 0.0 0.675151262848374 0.4647415963275581 0.0 0.5316979316979322
0.49333333333333335 0.0 0.0 0.6816702932034746 0.4971420109580927 0.0 0.4958473625140295
0.5355555555555556 0.0 0.0 0.6783234968428644 0.5347549237375981 0.0 0.46018919352252763
0.5311111111111111 0.0 0.0 0.6776256613414368 0.5303420701910262 0.0 0.46448613115279824
0.5288888888888889 0.0 0.0 0.680571396431884 0.5300162890567155 0.0 0.464101330767998
0.6133333333333333 0.0 0.0 0.6780340545304878 0.6123204501702947 0.0 0.385313451980119
0.4866666666666667 0.0 0.0 0.6799189254427908 0.4879609062638827 0.0 0.5054032387365726
0.4888888888888889 0.0 0.0 0.6719319070898544 0.48802013919739373 0.0 0.5111431778098451
0.5622222222222222 0.0 0.0 0.6763116861564189 0.5619724566859173 0.0 0.436459836459837
0.5022222222222222 0.0 0.0 0.6759452190311757 0.5037760995113283 0.0 0.49280102613436005
0.5711111111111111 0.0 0.0 0.6770029641138666 0.5726343847179032 0.0 0.42590989257655987
0.5 0.0 0.0 0.6739945054177763 0.50158448097142 0.0 0.4956870290203629
0.4666666666666667 0.0 0.0 0.6775223726006492 0.47119798608026064 0.0 0.5255090588423927
0.4622222222222222 0.0 0.0 0.6747278556612448 0.4613949355841848 0.0 0.5356100689434029
0.5333333333333333 0.0 0.0 0.6755495318842114 0.531822893528802 0.0 0.4653198653198657
0.5066666666666667 0.0 0.0 0.6819766596452749 0.5110913667999407 0.0 0.482443482443483
0.49777777777777776 0.0 0.0 0.6713899485691687 0.4906856212053902 0.0 0.5084816418149758
0.5111111111111111 0.0 0.0 0.6792081471812816 0.5148230416111358 0.0 0.48093634760301474
0.4911111111111111 0.0 0.0 0.67401074605699 0.48600621945801864 0.0 0.5119448452781793
0.5044444444444445 0.0 0.0 0.6761945821589355 0.5054642381163927 0.0 0.49033189033189095
0.5044444444444445 0.0 0.0 0.6826802308800707 0.5123944913371835 0.0 0.4821548821548828
0.4777777777777778 0.0 0.0 0.6825304469805774 0.4841107655856656 0.0 0.5098925765592438
0.5377777777777778 0.0 0.0 0.6795197077769259 0.5380719680142159 0.0 0.4559563892897234
0.6044444444444445 0.0 0.0 0.6780640658667437 0.6035835924774174 0.0 0.394067660734328
0.4666666666666667 0.0 0.0 0.6793870035308666 0.47025025914408414 0.0 0.5239057239057245
0.47333333333333333 0.0 0.0 0.673460261703139 0.4733896046201688 0.0 0.5237133237133242
0.6177777777777778 0.0 0.0 0.6774561098042299 0.616585221383089 0.0 0.38088824755491457
0.4777777777777778 0.0 0.0 0.681887205892553 0.48322227158300013 0.0 0.5110149110149116
0.5222222222222223 0.0 0.0 0.6786564521015563 0.5241522286391234 0.0 0.4704505371172043
0.5266666666666666 0.0 0.0 0.6781863142610848 0.525277654375833 0.0 0.4693282026615364
0.5533333333333333 0.0 0.0 0.6778202948698444 0.5547460387975715 0.0 0.440404040404041
0.5133333333333333 0.0 0.0 0.6750807315517586 0.5144380275433141 0.0 0.48273208273208323
0.5755555555555556 0.0 0.0 0.6768299111800161 0.5723678365171035 0.0 0.42565335898669276
0.4955555555555556 0.0 0.0 0.681875159207354 0.499511328298534 0.0 0.49347442680776044
0.4888888888888889 0.0 0.0 0.6747488258299702 0.4920479786761439 0.0 0.5066859066859073
0.4955555555555556 0.0 0.0 0.677314679282608 0.49995557529986673 0.0 0.49613596280263006
0.5244444444444445 0.0 0.0 0.6737775589551476 0.5230564193691692 0.0 0.47356100689434066
0.4666666666666667 0.0 0.0 0.6736800146184816 0.46512661039537984 0.0 0.5321147987814661
0.48444444444444446 0.0 0.0 0.675217697121026 0.48704279579446175 0.0 0.5104697771364444
0.4711111111111111 0.0 0.0 0.6788796594268389 0.4753146749592774 0.0 0.5207952541285881
0.4911111111111111 0.0 0.0 0.6722456088554467 0.49222567747667706 0.0 0.5067179733846405
0.4711111111111111 0.0 0.0 0.6745887557345325 0.47327113875314675 0.0 0.5231040564373903
0.47333333333333333 0.0 0.0 0.6793003516567059 0.4739227010217681 0.0 0.520121853455187
0.47333333333333333 0.0 0.0 0.6728495819439149 0.4692729157411521 0.0 0.5297739297739305
0.5044444444444445 0.0 0.0 0.6818883923624293 0.5074189249222568 0.0 0.4864518197851536
0.5488888888888889 0.0 0.0 0.6789238205387365 0.5524063379238857 0.0 0.4433221099887773
0.5777777777777777 0.0 0.0 0.6783271306542112 0.5755664149266992 0.0 0.420426487093154
0.4888888888888889 0.0 0.0 0.6722916619142099 0.4903598400710795 0.0 0.5084816418149756
0.4777777777777778 0.0 0.0 0.6736771132975518 0.47800977343402934 0.0 0.5188391855058527
0.5466666666666666 0.0 0.0 0.6744182210243458 0.5482600325781134 0.0 0.44896584896584946
0.5355555555555556 0.0 0.0 0.6758370495368121 0.5333629498000888 0.0 0.46448613115279835
0.4577777777777778 0.0 0.0 0.6853584870759023 0.46536354212942393 0.0 0.5289401956068628
0.5377777777777778 0.0 0.0 0.6764504846384537 0.5371242410780394 0.0 0.45842552509219237
0.5644444444444444 0.0 0.0 0.6762727516263994 0.5646379386939138 0.0 0.4342472342472349
0.5155555555555555 0.0 0.0 0.6783690216646402 0.5160373167481119 0.0 0.47872374539041285
0.48444444444444446 0.0 0.0 0.6771027450546461 0.4883163038649489 0.0 0.5095077761744435
0.4777777777777778 0.0 0.0 0.6751420072288283 0.4786613357026507 0.0 0.5184864518197857
0.49333333333333335 0.0 0.0 0.6799318233264063 0.4957204205538279 0.0 0.497899631232965