0.5533333333333333 0.0 0.0 0.6780861781656726 0.5532652154597957 0.0 0.4451819785153125
0.4888888888888889 0.0 0.0 0.6770266983609208 0.4918702798756108 0.0 0.5054994388327728
0.5355555555555556 0.0 0.0 0.6764359100004332 0.5357322671405301 0.0 0.46243386243386286
0.5 0.0 0.0 0.6863230820006766 0.5081889530579002 0.0 0.4870931537598212
0.44222222222222224 0.0 0.0 0.6752793712849758 0.43610247297497406 0.0 0.5636363636363642
0.5244444444444445 0.0 0.0 0.679631817446938 0.5264030801125426 0.0 0.4697130030463368
0.54 0.0 0.0 0.6828363463583642 0.5452983859025619 0.0 0.45060125060125134
0.5422222222222223 0.0 0.0 0.6826189231068132 0.5490596771805124 0.0 0.4467853134519807
0.4777777777777778 0.0 0.0 0.6796890470075659 0.4796386791055827 0.0 0.5155363155363164
0.4622222222222222 0.0 0.0 0.6858076760877552 0.4717310824818599 0.0 0.5253807920474594
0.47555555555555556 0.0 0.0 0.6749343863534731 0.4734192210869243 0.0 0.523328523328524
0.5266666666666666 0.0 0.0 0.6746820102402593 0.5253665037760995 0.0 0.4734327400994074
0.49777777777777776 0.0 0.0 0.6764410109420852 0.49726047682511476 0.0 0.499535032868367
0.48 0.0 0.0 0.6792104672310628 0.4843476973197098 0.0 0.5122013788680463
0.5022222222222222 0.0 0.0 0.6810730553494636 0.5027099067081298 0.0 0.4914862914862921
0.48444444444444446 0.0 0.0 0.6827075028992113 0.48414038205242116 0.0 0.5100849767516441
0.52 0.0 0.0 0.6800840602518694 0.5257219013771657 0.0 0.47073913740580475
0.5044444444444445 0.0 0.0 0.67696474687437 0.503183770176218 0.0 0.49353856020522757
0.52 0.0 0.0 0.6791218380695653 0.5219902265659707 0.0 0.47461920795254164
0.5466666666666666 0.0 0.0 0.6749676258043482 0.5452687694358063 0.0 0.4543209876543216
0.44666666666666666 0.0 0.0 0.6796790824491508 0.4476825114763809 0.0 0.5470258136924809
0.44666666666666666 0.0 0.0 0.6806400861760794 0.4483044572782467 0.0 0.5456469456469464
0.4866666666666667 0.0 0.0 0.6756920391642927 0.4832815045165112 0.0 0.5132916466249807
0.48444444444444446 0.0 0.0 0.6836149047150712 0.4838738338516215 0.0 0.5100208433541774
0.5066666666666667 0.0 0.0 0.6766294153127339 0.5062638827187916 0.0 0.4906846240179581
0.46444444444444444 0.0 0.0 0.6815658349938448 0.4693025322079076 0.0 0.5251883918550593
0.5066666666666667 0.0 0.0 0.6807744715632089 0.5043980453131941 0.0 0.49058842392175794
0.4888888888888889 0.0 0.0 0.6780603488141783 0.48704279579446175 0.0 0.5084816418149759
0.5088888888888888 0.0 0.0 0.6811606748493623 0.5089589811935437 0.0 0.48539361872695275
0.5488888888888889 0.0 0.0 0.6821656846249601 0.555871464534281 0.0 0.44024370691037407
0.4866666666666667 0.0 0.0 0.6749890935527949 0.48393306678513254 0.0 0.5127144460477799
0.5333333333333333 0.0 0.0 0.6751464094983924 0.5320005923293352 0.0 0.4667308000641339
0.48444444444444446 0.0 0.0 0.6821635210138113 0.49000444247001335 0.0 0.5056597723264398
0.5133333333333333 0.0 0.0 0.6765416638668242 0.5129572042055383 0.0 0.4845598845598851
0.5333333333333333 0.0 0.0 0.6870625492145418 0.5422775062934991 0.0 0.4535834535834543
0.4822222222222222 0.0 0.0 0.6851510993412011 0.4846142455205094 0.0 0.5099246432579774
0.46444444444444444 0.0 0.0 0.6797787854873978 0.46539315859617947 0.0 0.5290684624017965
0.5155555555555555 0.0 0.0 0.6783072943851941 0.5185547164223309 0.0 0.47846721180054597
0.45555555555555555 0.0 0.0 0.6817136696031165 0.45920331704427664 0.0 0.535513868847203
0.4911111111111111 0.0 0.0 0.6797051127487483 0.49317340441285357 0.0 0.5021324354657697
0.4711111111111111 0.0 0.0 0.6844543160624811 0.47750629349918555 0.0 0.5181016514349854
0.4711111111111111 0.0 0.0 0.6840498574704986 0.4752554420257663 0.0 0.5190636523969863
0.46 0.0 0.0 0.6863332579991689 0.467318228935288 0.0 0.5273689273689279
0.5444444444444444 0.0 0.0 0.6786168894207888 0.549266992447801 0.0 0.44835658168991555
0.5111111111111111 0.0 0.0 0.6750760566590785 0.5131349030060713 0.0 0.4847843514510187
0.5333333333333333 0.0 0.0 0.6795196393799826 0.539049311417148 0.0 0.45807279140612533
0.5422222222222223 0.0 0.0 0.679909432645267 0.547549237375981 0.0 0.44896584896584957
0.47555555555555556 0.0 0.0 0.6774950682287353 0.4744854138901229 0.0 0.5207311207311214
0.4911111111111111 0.0 0.0 0.6837193929983143 0.4951577076854731 0.0 0.499021965688633
0.49333333333333335 0.0 0.0 0.6788393619745015 0.49018214127054643 0.0 0.5051467051467057
0.54 0.0 0.0 0.6790038225712187 0.5404412853546572 0.0 0.45608465608465654
0.5244444444444445 0.0 0.0 0.6743800465942881 0.5202724714941508 0.0 0.4776334776334782
0.47333333333333333 0.0 0.0 0.6781860996312296 0.4736265363542129 0.0 0.5210838544171883
0.5111111111111111 0.0 0.0 0.6791000403945816 0.510410188064564 0.0 0.48494468494468557
0.47333333333333333 0.0 0.0 0.6747337029727372 0.47087220494594995 0.0 0.5261183261183268
0.5044444444444445 0.0 0.0 0.6885675479386851 0.5121871760698948 0.0 0.4813211479878152
0.4888888888888889 0.0 0.0 0.6814467712517566 0.48760550866281654 0.0 0.506493506493507
0.5044444444444445 0.0 0.0 0.688257761471302 0.5127795054050052 0.0 0.4805836139169479
0.45111111111111113 0.0 0.0 0.6783416272892104 0.4501406782170887 0.0 0.5452300785634128
0.5 0.0 0.0 0.6794173145820279 0.5031541537094625 0.0 0.49264069264069343
0.5355555555555556 0.0 0.0 0.675383593515708 0.5325929216644454 0.0 0.4651915985249323
0.4711111111111111 0.0 0.0 0.6743270798039029 0.46740707833555456 0.0 0.5291325957992632
0.5533333333333333 0.0 0.0 0.6753438021792686 0.5529098178587295 0.0 0.4461760461760469
0.5044444444444445 0.0 0.0 0.6824633154106331 0.5074781578557678 0.0 0.486804553471221
0.5155555555555555 0.0 0.0 0.6802983616289481 0.5182289352880202 0.0 0.47760141093474484
0.5666666666666667 0.0 0.0 0.6769704183162972 0.5688730934399526 0.0 0.43043129709796424
0.5555555555555556 0.0 0.0 0.6806133494185848 0.5604620168813861 0.0 0.4360750360750367
0.52 0.0 0.0 0.676914187909544 0.5204501702946839 0.0 0.4769600769600777
0.5111111111111111 0.0 0.0 0.6779080437633594 0.5159188508810899 0.0 0.48193041526374913
0.5066666666666667 0.0 0.0 0.6752661956480422 0.5043388123796831 0.0 0.4928330928330934
0.4911111111111111 0.0 0.0 0.6754515506258276 0.48932326373463647 0.0 0.5071027737694411
0.5422222222222223 0.0 0.0 0.6761365593256445 0.5412409299570561 0.0 0.4563091229757902
0.4955555555555556 0.0 0.0 0.6781652150822662 0.4959573522878721 0.0 0.49963123296456713
0.49777777777777776 0.0 0.0 0.6814295684407768 0.5022656597067969 0.0 0.4930896264229605
0.4533333333333333 0.0 0.0 0.68024154443063 0.4560343551014364 0.0 0.5386243386243394
0.5622222222222222 0.0 0.0 0.6774882601648504 0.5621501554864504 0.0 0.4366522366522373
0.5044444444444445 0.0 0.0 0.67662015923105 0.5043091959129276 0.0 0.4927368927368935
0.5177777777777778 0.0 0.0 0.6771875081812238 0.5213090478305938 0.0 0.4767356100689438
0.5222222222222223 0.0 0.0 0.6828222914818736 0.5284762327854287 0.0 0.46759660092993494
0.45111111111111113 0.0 0.0 0.6838063435233234 0.45336887309343993 0.0 0.541414141414142
0.4666666666666667 0.0 0.0 0.6834321130314772 0.4704575744113727 0.0 0.5246753246753253
0.52 0.0 0.0 0.6832174775656931 0.5239449133718347 0.0 0.47061087061087126
0.5133333333333333 0.0 0.0 0.6771029150302025 0.5127795054050052 0.0 0.4839506172839514
0.4666666666666667 0.0 0.0 0.6790512075870362 0.4676736265363542 0.0 0.5272085938752612
0.44666666666666666 0.0 0.0 0.6866969048131127 0.45168073448837553 0.0 0.5418310084976757
0.49333333333333335 0.0 0.0 0.6807380062279436 0.4945653783503628 0.0 0.4993746993747
0.5066666666666667 0.0 0.0 0.6773590408291204 0.5057307863171924 0.0 0.490941157607825
0.4822222222222222 0.0 0.0 0.6752195663006362 0.477417444098919 0.0 0.5193201859868533
0.4711111111111111 0.0 0.0 0.6880700242823945 0.47750629349918555 0.0 0.5162417829084502
0.4444444444444444 0.0 0.0 0.6821434202736628 0.44931141714793427 0.0 0.5469296135962809
0.49777777777777776 0.0 0.0 0.6758957720421106 0.496756996890271 0.0 0.5004970338303679
0.4488888888888889 0.0 0.0 0.6851787372223137 0.4542277506293499 0.0 0.5399070065736737
0.5644444444444444 0.0 0.0 0.6784606570099242 0.5661187620316896 0.0 0.4324194324194329
0.5311111111111111 0.0 0.0 0.6754783823180548 0.5300459055234711 0.0 0.46836620169953547
0.5266666666666666 0.0 0.0 0.6753568857818392 0.5257515178439213 0.0 0.47263107263107307
0.45555555555555555 0.0 0.0 0.686090571693821 0.46222419665333925 0.0 0.5325957992624664
0.46444444444444444 0.0 0.0 0.685651025986576 0.4735673034207019 0.0 0.522366522366523
0.5244444444444445 0.0 0.0 0.6870172673631675 0.5322967569968903 0.0 0.4634279300945975
0.5266666666666666 0.0 0.0 0.6830612548783276 0.5336294980008885 0.0 0.4625621292287966
0.5133333333333333 0.0 0.0 0.6787456780920202 0.5189989634236636 0.0 0.478595478595479
0.5288888888888889 0.0 0.0 0.6819202525540535 0.5340737450022213 0.0 0.46227352894019635
0.4711111111111111 0.0 0.0 0.6873996497921963 0.48191914704575745 0.0 0.5133557800224475
0.49777777777777776 0.0 0.0 0.6764229981724784 0.4975270250259144 0.0 0.49985569985570055
0.5133333333333333 0.0 0.0 0.6833812292281825 0.5201243891603732 0.0 0.4749078082411423
0.5533333333333333 0.0 0.0 0.6767415850781483 0.5521397897230861 0.0 0.44688151354818073
0.48 0.0 0.0 0.6815365063405866 0.4846142455205094 0.0 0.5113355780022454
0.49777777777777776 0.0 0.0 0.6792062676189004 0.4969050792240486 0.0 0.4978354978354984
0.48 0.0 0.0 0.675945688258093 0.4786021027691396 0.0 0.5177809844476517
0.4444444444444444 0.0 0.0 0.6761779488748201 0.44214423219309934 0.0 0.5562289562289569
0.4622222222222222 0.0 0.0 0.6777376133443281 0.4593513993780542 0.0 0.5370530703864042
0.4533333333333333 0.0 0.0 0.6828130120199997 0.45887753590996594 0.0 0.537021003687671
0.4711111111111111 0.0 0.0 0.6828421617763446 0.471849548348882 0.0 0.5220458553791893