0.5622222222222222 0.0 0.0 0.6830032633004739 0.5686361617059085 0.0 0.4280904280904285
0.5066666666666667 0.0 0.0 0.6767095151583532 0.5076558566563009 0.0 0.4889530222863565
0.5355555555555556 0.0 0.0 0.6785629014887937 0.534577224937065 0.0 0.46220939554272944
0.5822222222222222 0.0 0.0 0.679311187936723 0.5850436842884644 0.0 0.41350008016674766
0.4911111111111111 0.0 0.0 0.6822118569807526 0.4998074929660892 0.0 0.49498156164822893
0.4711111111111111 0.0 0.0 0.6753272407878164 0.47107952021323857 0.0 0.5253807920474591
0.4777777777777778 0.0 0.0 0.6814722883096189 0.4816229823782023 0.0 0.5119127785794461
0.4533333333333333 0.0 0.0 0.6814569132113776 0.4584629053753887 0.0 0.5357704024370697
0.5 0.0 0.0 0.6802132212436716 0.5039537983118614 0.0 0.49036395703062463
0.4777777777777778 0.0 0.0 0.6869709064105456 0.48325188804975566 0.0 0.50928330928331
0.45111111111111113 0.0 0.0 0.679065610294264 0.4546127646971716 0.0 0.5405162738496081
0.4888888888888889 0.0 0.0 0.6808804596828477 0.49095216940618985 0.0 0.5033189033189043
0.4711111111111111 0.0 0.0 0.6792152759808928 0.47641048422923143 0.0 0.5190315856982529
0.48 0.0 0.0 0.6794400031409183 0.48325188804975566 0.0 0.5111111111111118
0.5266666666666666 0.0 0.0 0.6821194104344556 0.5322375240633792 0.0 0.4622414622414628
0.49333333333333335 0.0 0.0 0.6769439116863996 0.49669776395675996 0.0 0.5007215007215013
0.5466666666666666 0.0 0.0 0.6854324778732305 0.5525840367244188 0.0 0.44101330767997515
0.4622222222222222 0.0 0.0 0.6829931886040356 0.46897675107359693 0.0 0.5248356581689921
0.5022222222222222 0.0 0.0 0.6852794224372923 0.5080704871908781 0.0 0.4844957511624185
0.5822222222222222 0.0 0.0 0.6827716961490351 0.5875907004294387 0.0 0.40827320827320857
0.5066666666666667 0.0 0.0 0.6804488183381914 0.5108544350658967 0.0 0.483213083213084
0.5111111111111111 0.0 0.0 0.6830973628438313 0.5154153709462461 0.0 0.47699214365881104
0.5133333333333333 0.0 0.0 0.6795120636798525 0.5181993188212646 0.0 0.4773769440436114
0.5377777777777778 0.0 0.0 0.6782211415372025 0.5403820524211461 0.0 0.45688632355299075
0.5066666666666667 0.0 0.0 0.6770690223985727 0.5086628165259884 0.0 0.48805515472182215
0.48444444444444446 0.0 0.0 0.682513550021328 0.48967866133570265 0.0 0.5032868366201708
0.47555555555555556 0.0 0.0 0.6788908933828427 0.47839478750185105 0.0 0.5162097162097168
0.46 0.0 0.0 0.6749072553939892 0.46021027691396416 0.0 0.5371813371813378
0.5466666666666666 0.0 0.0 0.6789369120729071 0.5460387975714497 0.0 0.4501843835177176
0.5822222222222222 0.0 0.0 0.6791727913673795 0.5810158448097142 0.0 0.41561648228314974
0.4666666666666667 0.0 0.0 0.682976781491257 0.4736265363542129 0.0 0.520602853936188
0.6111111111111112 0.0 0.0 0.679771238406595 0.6106026950984748 0.0 0.38784672118005525
0.4577777777777778 0.0 0.0 0.677522386567579 0.4591737005775211 0.0 0.5362193362193368
0.4711111111111111 0.0 0.0 0.6790917458234368 0.473685769287724 0.0 0.5213403880070555
0.5155555555555555 0.0 0.0 0.6830839440746957 0.519887457426329 0.0 0.4726310726310732
0.5577777777777778 0.0 0.0 0.679924187760011 0.5587738782763216 0.0 0.4387365720699058
0.5377777777777778 0.0 0.0 0.6787271018748988 0.5371538575447949 0.0 0.4595478595478597
0.54 0.0 0.0 0.6787783863209536 0.5380423515474604 0.0 0.4588103254769923
0.5466666666666666 0.0 0.0 0.679063903899512 0.5459795646379387 0.0 0.4500561167227841
0.4911111111111111 0.0 0.0 0.6747853070337717 0.49021175773730197 0.0 0.5075837742504414
0.5066666666666667 0.0 0.0 0.6823462400586765 0.5103509551310529 0.0 0.4831810165143505
0.5 0.0 0.0 0.6796306442249075 0.500310972900933 0.0 0.4944364277697618
0.5044444444444445 0.0 0.0 0.6749933331095267 0.5034207019102621 0.0 0.49424402757736163
0.49777777777777776 0.0 0.0 0.6751528640342276 0.4997482600325781 0.0 0.4983485650152324
0.5333333333333333 0.0 0.0 0.6784399941983437 0.530904783059381 0.0 0.4644861311527986
0.5111111111111111 0.0 0.0 0.6825428363205336 0.5150895898119354 0.0 0.47766554433221187
0.44666666666666666 0.0 0.0 0.6782451097674574 0.4476232785428698 0.0 0.5483405483405487
0.5155555555555555 0.0 0.0 0.6820346067971542 0.517133126018066 0.0 0.4762546095879434
0.4488888888888889 0.0 0.0 0.6768293800856183 0.4512364874870428 0.0 0.5453904120570792
0.5933333333333334 0.0 0.0 0.6786099392140791 0.5965052569228491 0.0 0.40359147025813746
0.5288888888888889 0.0 0.0 0.6824182159672602 0.5348437731378647 0.0 0.4595157928491268
0.4688888888888889 0.0 0.0 0.6764927262228049 0.4701021768103065 0.0 0.5265672599005938
0.48 0.0 0.0 0.678228544324249 0.4788686509699393 0.0 0.5161776495109838
0.5466666666666666 0.0 0.0 0.6797372546749985 0.5494446912483341 0.0 0.4474907808241151
0.5 0.0 0.0 0.6771324397718101 0.49782318969346956 0.0 0.49873336540003244
0.5377777777777778 0.0 0.0 0.681274197013225 0.5394047090182141 0.0 0.4554753888087226
0.4666666666666667 0.0 0.0 0.6744894408327315 0.4678809418036428 0.0 0.5290684624017963
0.4577777777777778 0.0 0.0 0.677979320058785 0.46053605804827485 0.0 0.5344877344877352
0.5311111111111111 0.0 0.0 0.6774289376957189 0.5294831926551162 0.0 0.4670194003527338
0.47333333333333333 0.0 0.0 0.6743222327109323 0.47270842588479195 0.0 0.524226390893058
0.5155555555555555 0.0 0.0 0.6832684863388057 0.5218421442321931 0.0 0.47112393779060546
0.5933333333333334 0.0 0.0 0.6790503898591232 0.5950540500518288 0.0 0.4027898027898036
0.5577777777777778 0.0 0.0 0.6802724110785242 0.560402783947875 0.0 0.43597883597883647
0.5622222222222222 0.0 0.0 0.6773005931952608 0.5599289204797867 0.0 0.43889690556357275
0.5222222222222223 0.0 0.0 0.6796520040138151 0.5248630238412557 0.0 0.47160493827160577
0.52 0.0 0.0 0.6841834924846502 0.5274988893824967 0.0 0.46512746512746594
0.5511111111111111 0.0 0.0 0.6806549744074247 0.5560491633348141 0.0 0.43931377264710647
0.5355555555555556 0.0 0.0 0.6836761458291739 0.5426032874278098 0.0 0.4501202501202509
0.48 0.0 0.0 0.6759102102979346 0.4811195024433585 0.0 0.5156966490299832
0.58 0.0 0.0 0.6833834147689635 0.582615134014512 0.0 0.4112233445566783
0.5933333333333334 0.0 0.0 0.678931016997513 0.5945209536502295 0.0 0.40371973705307107
0.4622222222222222 0.0 0.0 0.6808727718472599 0.46601510439804533 0.0 0.528843995510663
0.5 0.0 0.0 0.6827881675739826 0.5050496075818155 0.0 0.4877665544332218
0.6088888888888889 0.0 0.0 0.6799081164057688 0.6084999259588331 0.0 0.38983485650152394
0.5177777777777778 0.0 0.0 0.6816159983750305 0.5192951280912187 0.0 0.4743626743626749
0.5022222222222222 0.0 0.0 0.6819582103443907 0.5076854731230565 0.0 0.48590668590668673
0.5111111111111111 0.0 0.0 0.6754582131289875 0.5085147341922108 0.0 0.489305755972423
0.49333333333333335 0.0 0.0 0.6768520176598507 0.4903006071375685 0.0 0.5053391053391061
0.5755555555555556 0.0 0.0 0.6809754381834411 0.5766326077298978 0.0 0.4201378868045542
0.52 0.0 0.0 0.6813537338576472 0.5248037909077448 0.0 0.47000160333493757
0.5888888888888889 0.0 0.0 0.6814280999879611 0.5903154153709462 0.0 0.4065416065416072
0.46 0.0 0.0 0.6746023424411695 0.46071375684880794 0.0 0.5357062690396031
0.5977777777777777 0.0 0.0 0.6791442214766239 0.5990522730638235 0.0 0.39919833253166637
0.5711111111111111 0.0 0.0 0.6831647893169194 0.5757441137272323 0.0 0.4199775533108874
0.47555555555555556 0.0 0.0 0.6769371868916602 0.4768843476973197 0.0 0.5191277857944532
0.5 0.0 0.0 0.6773896109394976 0.4980897378942692 0.0 0.4985730319063655
0.5022222222222222 0.0 0.0 0.6785196783439699 0.5021471938397749 0.0 0.49292929292929366
0.52 0.0 0.0 0.6798567523859206 0.5209240337627721 0.0 0.4747474747474755
0.4688888888888889 0.0 0.0 0.6862383243346928 0.47454464682363395 0.0 0.5180375180375186
0.5466666666666666 0.0 0.0 0.6808454838604313 0.5500666370501999 0.0 0.44591951258618
0.5822222222222222 0.0 0.0 0.6791048721420186 0.5820820376129128 0.0 0.41462241462241534
0.5355555555555556 0.0 0.0 0.6811645237331593 0.5393750925514587 0.0 0.4561167227833902
0.58 0.0 0.0 0.6806999825409611 0.5796534873389605 0.0 0.41651434984768365
0.5222222222222223 0.0 0.0 0.678646196161556 0.5234118169702354 0.0 0.4734327400994075
0.5066666666666667 0.0 0.0 0.6771084636567622 0.5074189249222568 0.0 0.48946608946609005
0.5511111111111111 0.0 0.0 0.6794883186401108 0.5514586109877092 0.0 0.4455988455988463
0.46444444444444444 0.0 0.0 0.6803439444735191 0.4692729157411521 0.0 0.5251883918550594
0.56 0.0 0.0 0.6827032349316253 0.5650229527617355 0.0 0.42946929613596374
0.5644444444444444 0.0 0.0 0.6777076517839183 0.5619132237524064 0.0 0.4363636363636364
0.4955555555555556 0.0 0.0 0.6833238299581462 0.5006367540352435 0.0 0.4916145582812256
0.5333333333333333 0.0 0.0 0.677607805945616 0.531882126462313 0.0 0.46471059804393156
0.5044444444444445 0.0 0.0 0.6793646592831717 0.5040426477121279 0.0 0.491037357704025
0.48 0.0 0.0 0.681128048120855 0.4820376129127795 0.0 0.5117845117845125
0.4866666666666667 0.0 0.0 0.6805989103556943 0.4923737598104546 0.0 0.5034471701138372
0.5155555555555555 0.0 0.0 0.6795122453278136 0.5145861098770916 0.0 0.48106461439794856
0.5511111111111111 0.0 0.0 0.6770427423607445 0.5499777876499333 0.0 0.4472983806317141
0.48444444444444446 0.0 0.0 0.6797113166359532 0.48671701466015105 0.0 0.5074875741542417
0.4866666666666667 0.0 0.0 0.6849386618523421 0.4927291574115208 0.0 0.5002725669392343
0.5866666666666667 0.0 0.0 0.6838885279530588 0.5928920479786761 0.0 0.4028218694885365
0.49777777777777776 0.0 0.0 0.6825182889137351 0.5028283725751518 0.0 0.4903318903318906
0.5333333333333333 0.0 0.0 0.6839883648367383 0.5393750925514587 0.0 0.4535834535834544