0.5222222222222223 0.0 0.0 0.6816696256128231 0.522404857100548 0.0 0.4715728715728722
0.5555555555555556 0.0 0.0 0.6837408413885604 0.5562268621353472 0.0 0.43694083694083763
0.47333333333333333 0.0 0.0 0.6801205212557296 0.47750629349918555 0.0 0.5190315856982528
0.44 0.0 0.0 0.6770858234374606 0.4350362801717755 0.0 0.5627064293730968
0.5155555555555555 0.0 0.0 0.6771025597511008 0.5104990374648305 0.0 0.4851691518358192
0.5422222222222223 0.0 0.0 0.6779682479908224 0.5420701910262106 0.0 0.4549302549302553
0.4577777777777778 0.0 0.0 0.6861456206966128 0.4656597067969791 0.0 0.5306076639409978
0.4955555555555556 0.0 0.0 0.675092266682087 0.48950096253516956 0.0 0.5076158409491751
0.4822222222222222 0.0 0.0 0.673638478600048 0.4807344883755368 0.0 0.5171396504729845
0.5466666666666666 0.0 0.0 0.6818618289740891 0.548526580778913 0.0 0.4461760461760468
0.56 0.0 0.0 0.6824096414307913 0.5657337479638679 0.0 0.43081609748276495
0.5533333333333333 0.0 0.0 0.6806481672936993 0.5542721753294831 0.0 0.4411415744749083
0.5333333333333333 0.0 0.0 0.6852464499503256 0.540085887753591 0.0 0.4540965207631883
0.4955555555555556 0.0 0.0 0.6795448568373071 0.49521694061898414 0.0 0.4992784992785001
0.46 0.0 0.0 0.6768633784231035 0.45970679697912037 0.0 0.5367003367003373
0.4955555555555556 0.0 0.0 0.6789934452544029 0.4951280912187176 0.0 0.49956709956710055
0.5133333333333333 0.0 0.0 0.6846506157690584 0.5165407966829557 0.0 0.476382876382877
0.5133333333333333 0.0 0.0 0.6829629292563603 0.5148230416111358 0.0 0.47865961199294593
0.4777777777777778 0.0 0.0 0.6769286443220975 0.4780986228342959 0.0 0.5181016514349854
0.4866666666666667 0.0 0.0 0.6802213826554375 0.4909225529394343 0.0 0.5044733044733052
0.5155555555555555 0.0 0.0 0.6825466558568287 0.5169850436842884 0.0 0.4767676767676774
0.5777777777777777 0.0 0.0 0.6837424588929629 0.5808973789426921 0.0 0.4138848805515478
0.47333333333333333 0.0 0.0 0.6787962190110111 0.4702206426773286 0.0 0.5239057239057247
0.5 0.0 0.0 0.682039557741582 0.5018806456389753 0.0 0.49177489177489264
0.4955555555555556 0.0 0.0 0.6787070839993705 0.49865245076262404 0.0 0.49738656405323145
0.4311111111111111 0.0 0.0 0.6806179924654188 0.4335258403672442 0.0 0.5641814975148314
0.52 0.0 0.0 0.6808188445407333 0.5184954834888198 0.0 0.4756453423120095
0.5022222222222222 0.0 0.0 0.6869876225727133 0.5107952021323856 0.0 0.4844316177649517
0.5111111111111111 0.0 0.0 0.6832339191453655 0.5084555012586999 0.0 0.4846240179573521
0.44666666666666666 0.0 0.0 0.6858260843965133 0.4524803790907745 0.0 0.5426647426647433
0.5 0.0 0.0 0.6811867039951212 0.5054346216496372 0.0 0.4904922238255579
0.4955555555555556 0.0 0.0 0.6773584029289798 0.4973493262253813 0.0 0.4994067660734334
0.4955555555555556 0.0 0.0 0.684942126846228 0.4973493262253813 0.0 0.49504569504569584
0.4533333333333333 0.0 0.0 0.6764244205488472 0.4529838590256182 0.0 0.5435626102292774
0.4866666666666667 0.0 0.0 0.676175663934672 0.48544350658966384 0.0 0.5112393779060455
0.5088888888888888 0.0 0.0 0.6802566304873489 0.5054938545831482 0.0 0.4886323552990227
0.5066666666666667 0.0 0.0 0.6785461004660309 0.5044276617799497 0.0 0.4906525573192251
0.4955555555555556 0.0 0.0 0.6789723830849346 0.49542425588627276 0.0 0.49937469937470025
0.45555555555555555 0.0 0.0 0.6879735361856327 0.46462313046053605 0.0 0.5307679974346646
0.5311111111111111 0.0 0.0 0.6807271243649907 0.5269361765141418 0.0 0.46766073432740163
0.52 0.0 0.0 0.681678971472141 0.5193543610247298 0.0 0.4736892736892745
0.5644444444444444 0.0 0.0 0.6845454890116027 0.568606545239153 0.0 0.425396825396826
0.49333333333333335 0.0 0.0 0.6799661102227594 0.49320302087960904 0.0 0.5010101010101018
0.5111111111111111 0.0 0.0 0.6792908018173077 0.5074189249222568 0.0 0.48686868686868756
0.45555555555555555 0.0 0.0 0.6789187828692603 0.4573967125721901 0.0 0.5384640051306725
0.5688888888888889 0.0 0.0 0.6840624896220536 0.574292906856212 0.0 0.4209074875741551
0.4822222222222222 0.0 0.0 0.6727615978693189 0.4802013919739375 0.0 0.5177809844476519
0.5444444444444444 0.0 0.0 0.6806806632034813 0.5484673478454021 0.0 0.4468494468494476
0.49333333333333335 0.0 0.0 0.678709360934615 0.49213682807641046 0.0 0.5029341029341039
0.4688888888888889 0.0 0.0 0.6766311024218895 0.46980601214275136 0.0 0.5260862594195934
0.48444444444444446 0.0 0.0 0.6799905993838251 0.4816822153117133 0.0 0.5122975789642462
0.5444444444444444 0.0 0.0 0.6809011637191545 0.5486154301791796 0.0 0.44681738015071415
0.5244444444444445 0.0 0.0 0.6812739736322544 0.5240041463053458 0.0 0.4691678691678699
0.5622222222222222 0.0 0.0 0.6822253051875116 0.5629201836220938 0.0 0.43075196408529803
0.5044444444444445 0.0 0.0 0.6799992519709924 0.5011106175033319 0.0 0.49283309283309384
0.47555555555555556 0.0 0.0 0.6747595425763242 0.4739523174885236 0.0 0.5233285233285239
0.49333333333333335 0.0 0.0 0.6872535725800641 0.5038649489115948 0.0 0.4934744268077609
0.5155555555555555 0.0 0.0 0.6781314671845934 0.5125721901377166 0.0 0.4822510822510827
0.48 0.0 0.0 0.6738183144726996 0.4765881830297645 0.0 0.5207952541285881
0.4822222222222222 0.0 0.0 0.6774561141220405 0.48292610691544496 0.0 0.5136123136123145
0.4577777777777778 0.0 0.0 0.6769473661678822 0.45819635717458906 0.0 0.5383357383357389
0.45111111111111113 0.0 0.0 0.6775768225485258 0.45173996742188655 0.0 0.5445887445887454
0.52 0.0 0.0 0.6798955858284247 0.5192062786909521 0.0 0.47487574154240897
0.5444444444444444 0.0 0.0 0.6801361986488873 0.5431067673626536 0.0 0.4517235850569188
0.48444444444444446 0.0 0.0 0.6795974555942516 0.4846734784540204 0.0 0.5090909090909097
0.49333333333333335 0.0 0.0 0.6873542658727607 0.5033022360432401 0.0 0.49392336059002806
0.44222222222222224 0.0 0.0 0.6862095572644253 0.4495187324152229 0.0 0.5457752124418798
0.5577777777777778 0.0 0.0 0.6851883355394792 0.5629794165556049 0.0 0.4308481641814982
0.5288888888888889 0.0 0.0 0.6756698640478477 0.5251591885088109 0.0 0.4716370049703389
0.58 0.0 0.0 0.68286913596166 0.5832666962831334 0.0 0.4124418791085467
0.4777777777777778 0.0 0.0 0.6788863684931838 0.4768843476973197 0.0 0.5176527176527179
0.49777777777777776 0.0 0.0 0.6810881127070519 0.4988005330964016 0.0 0.4954946288279629
0.5422222222222223 0.0 0.0 0.6819868092367425 0.5423663556937658 0.0 0.4517877184543859
0.5266666666666666 0.0 0.0 0.6808676763496746 0.5298385902561824 0.0 0.46461439794773185
0.5177777777777778 0.0 0.0 0.6802465395671308 0.5180808529542426 0.0 0.4765111431778104
0.48 0.0 0.0 0.6801807256777824 0.47700281356434177 0.0 0.5170434503767843
0.4533333333333333 0.0 0.0 0.6749271800892083 0.4504960758181549 0.0 0.5461279461279468
0.44222222222222224 0.0 0.0 0.6844446581378476 0.4484525396120243 0.0 0.547282347282348
0.5133333333333333 0.0 0.0 0.6837694096545145 0.5111209832666963 0.0 0.48193041526374925
0.5022222222222222 0.0 0.0 0.6822476321342095 0.5044276617799497 0.0 0.489113355780023
0.46 0.0 0.0 0.6754382199436385 0.45757441137272326 0.0 0.5392015392015398
0.5044444444444445 0.0 0.0 0.681709562037991 0.5029172219754183 0.0 0.49145422478755885
0.5688888888888889 0.0 0.0 0.683225326330731 0.5721309047830594 0.0 0.42222222222222283
0.5622222222222222 0.0 0.0 0.6767988149249385 0.5601362357470754 0.0 0.4376783710117048
0.5111111111111111 0.0 0.0 0.6817695456274404 0.5096105434621649 0.0 0.483565816899151
0.5311111111111111 0.0 0.0 0.682145942825956 0.5347549237375981 0.0 0.45919512586179323
0.42444444444444446 0.0 0.0 0.6869161702853066 0.43157115356138015 0.0 0.5630912297578968
0.4777777777777778 0.0 0.0 0.6803548944797632 0.48180068117873537 0.0 0.5143819143819148
0.49333333333333335 0.0 0.0 0.6842026224615285 0.494002665482008 0.0 0.49873336540003277
0.4533333333333333 0.0 0.0 0.6763949974142968 0.4521842144232193 0.0 0.5451980118646791
0.48 0.0 0.0 0.678131726143303 0.4822153117133126 0.0 0.5138367805034479
0.5066666666666667 0.0 0.0 0.6821963367270447 0.5119798608026063 0.0 0.48273208273208357
0.5511111111111111 0.0 0.0 0.6835360982382 0.5512809121871761 0.0 0.4421035754369096
0.5355555555555556 0.0 0.0 0.6851832435105655 0.5425440544942989 0.0 0.45165945165945254
0.56 0.0 0.0 0.6826673147454525 0.565911446764401 0.0 0.43062369729036476
0.5288888888888889 0.0 0.0 0.6816823526936857 0.5368280764104842 0.0 0.4604457271123945
0.5311111111111111 0.0 0.0 0.6795841230224774 0.5300755219902266 0.0 0.46525573192239955
0.5577777777777778 0.0 0.0 0.6784358095252996 0.5547460387975715 0.0 0.4406605739939081
0.5266666666666666 0.0 0.0 0.6809879453425495 0.5269954094476529 0.0 0.46743626743626787
0.5088888888888888 0.0 0.0 0.6809514382685284 0.5084555012586999 0.0 0.4860028860028869
0.5177777777777778 0.0 0.0 0.6782470962677571 0.5147341922108692 0.0 0.48000641333974714
0.4911111111111111 0.0 0.0 0.6745248732267256 0.4908633200059233 0.0 0.5070707070707077
0.4866666666666667 0.0 0.0 0.6860853291465577 0.4956908040870724 0.0 0.5017476350809692
0.5644444444444444 0.0 0.0 0.6827768152467577 0.5673922701021769 0.0 0.42754529421196164
0.4822222222222222 0.0 0.0 0.6755470367628925 0.48197837997926846 0.0 0.514542247875582
0.43555555555555553 0.0 0.0 0.6810016111833723 0.4384717903154154 0.0 0.5593714927048267
0.5 0.0 0.0 0.6793167297649516 0.4982378202280468 0.0 0.4960076960076967
0.4911111111111111 0.0 0.0 0.6831541475990173 0.4950688582852066 0.0 0.4985730319063659
0.4866666666666667 0.0 0.0 0.6778558809842126 0.4878720568636162 0.0 0.5083854417187759
0.5577777777777778 0.0 0.0 0.6822124583937725 0.5633348141566711 0.0 0.43328523328523405