0.4866666666666667 0.004405286343612369 0.0 0.6894473217678165 0.4947726936176514 0.0 0.5001122334455674
0.5866666666666667 0.0 0.0 0.6763711861752023 0.5867022064267733 0.0 0.41112714446047804
0.4311111111111111 0.0 0.0 0.6750479793085153 0.4238412557381904 0.0 0.5747955747955753
0.48444444444444446 0.0 0.0 0.6751007925867327 0.4847919443210425 0.0 0.5109187109187117
0.5711111111111111 0.0 0.0 0.6804174835026839 0.5726640011846587 0.0 0.42251082251082295
0.48 0.0 0.0 0.6741919336467731 0.47673626536354213 0.0 0.5191919191919196
0.4488888888888889 0.004405286343612369 0.0 0.6882725532761547 0.45384273656152824 0.0 0.540965207631875
0.5133333333333333 0.0 0.0 0.6723667038530202 0.5091959129275877 0.0 0.4880551547218218
0.4688888888888889 0.0 0.0 0.6797272073391097 0.4655412409299571 0.0 0.5289722623055961
0.4866666666666667 0.0 0.0 0.6761847469260266 0.48671701466015105 0.0 0.5081289081289084
0.4955555555555556 0.0 0.0 0.6784952241094668 0.49743817562564785 0.0 0.4965528298861642
0.5488888888888889 0.0 0.0 0.6753405301481946 0.5510735969198874 0.0 0.4460477793811132
0.46444444444444444 0.0 0.0 0.6717885005064622 0.4584629053753887 0.0 0.5397466730800069
0.5 0.0 0.0 0.6716512020438611 0.49726047682511476 0.0 0.4998877665544337
0.5888888888888889 0.0 0.0 0.6781259088347749 0.5891011402339701 0.0 0.4073432740099411
0.5222222222222223 0.0 0.0 0.6744332728096146 0.5239152969050792 0.0 0.4720859387526062
0.48444444444444446 0.0 0.0 0.6758483886425819 0.48562120539019693 0.0 0.5099887766554442
0.58 0.0 0.0 0.6754067250822484 0.5782022804679402 0.0 0.4198172198172201
0.5733333333333334 0.0 0.0 0.6800138788343189 0.5756552643269658 0.0 0.42016995350328723
0.54 0.0 0.0 0.6755886219513709 0.540085887753591 0.0 0.45553952220618943
0.5377777777777778 0.0 0.0 0.67409235440839 0.5385754479490596 0.0 0.45829725829725876
0.46444444444444444 0.0 0.0 0.6743130080458332 0.4600621945801866 0.0 0.5357383357383366
0.5133333333333333 0.0 0.0 0.675264814958815 0.513282985339849 0.0 0.48221901555234936
0.5222222222222223 0.0 0.0 0.679569215003994 0.5255145861098771 0.0 0.4687510020843363
0.5355555555555556 0.0 0.0 0.6758314996293096 0.5376573374796387 0.0 0.4579124579124587
0.4488888888888889 0.0 0.0 0.680749729801651 0.4508810898859766 0.0 0.5444604777938119
0.5177777777777778 0.0 0.0 0.67440695169226 0.518910114023397 0.0 0.47766554433221164
0.5711111111111111 0.0 0.0 0.679842039204572 0.5719828224492818 0.0 0.42337662337662385
0.4577777777777778 0.0 0.0 0.6826434076552352 0.46204649785280616 0.0 0.533076799743467
0.5444444444444444 0.0 0.0 0.6791732071191615 0.5487635125129572 0.0 0.4455667789001131
0.4888888888888889 0.0 0.0 0.6756959512800145 0.48822745446468235 0.0 0.5068783068783076
0.47333333333333333 0.0 0.0 0.6748919769284649 0.4742484821560788 0.0 0.521404521404522
0.5288888888888889 0.0 0.0 0.6769864433748062 0.5312897971272027 0.0 0.4638447971781313
0.52 0.0 0.0 0.673066358056109 0.5197393750925514 0.0 0.47686387686387766
0.5088888888888888 0.0 0.0 0.6755008983426604 0.5109729009329187 0.0 0.4849767516434189
0.5133333333333333 0.004405286343612369 0.0 0.687819841684533 0.5232933511032134 0.0 0.47208593875260607
0.5 0.0 0.0 0.6714341662546386 0.4980601214275137 0.0 0.4995670995670999
0.4822222222222222 0.0 0.0 0.6741561110732025 0.4792832815045165 0.0 0.516690716690717
0.5888888888888889 0.0 0.0 0.6768087071163774 0.5890122908337035 0.0 0.40811287477954183
0.54 0.0 0.0 0.6747955761754324 0.5419517251591885 0.0 0.45448132114798867
0.4888888888888889 0.0 0.0 0.6768823483923755 0.48956019546868057 0.0 0.5053711720378395
0.4311111111111111 0.0 0.0 0.6747715778354353 0.42398933807196804 0.0 0.5748917748917755
0.5155555555555555 0.0 0.0 0.6751981749578476 0.5167184954834888 0.0 0.4787237453904125
0.5222222222222223 0.0 0.0 0.6794482005075925 0.5277654375832963 0.0 0.46647426647426715
0.5466666666666666 0.0 0.0 0.6752516226004628 0.5465718939730491 0.0 0.44912618245951674
0.5311111111111111 0.0 0.0 0.6778963424777142 0.5338664297349326 0.0 0.4611832611832619
0.44666666666666666 0.0 0.0 0.6817579102263377 0.44874870427957947 0.0 0.5469296135962809
0.5111111111111111 0.0 0.0 0.671250138030614 0.5064119650525692 0.0 0.49100529100529144
0.5088888888888888 0.004405286343612369 0.0 0.684656389746373 0.5168369613505109 0.0 0.47914061247394646
0.5 0.0 0.0 0.6772218628834472 0.5007848363690212 0.0 0.49446849446849517
0.5222222222222223 0.0 0.0 0.6741970902401505 0.5231748852361913 0.0 0.472951739618407
0.5311111111111111 0.0 0.0 0.6740087093404887 0.5298385902561824 0.0 0.4661215327882
0.5711111111111111 0.0 0.0 0.6756775142730566 0.5689323263734637 0.0 0.42876382876382924
0.4622222222222222 0.004405286343612369 0.0 0.6902086469938873 0.4727972752850585 0.0 0.5208914542247884
0.43777777777777777 0.0 0.0 0.6733252896074118 0.4300310972900933 0.0 0.5687991021324361
0.48444444444444446 0.0 0.0 0.6742158460268425 0.4796090626388272 0.0 0.5158249158249162
0.4533333333333333 0.0 0.0 0.673033548280465 0.4476232785428698 0.0 0.5495590828924168
0.56 0.0 0.0 0.6764749533862208 0.5598696875462758 0.0 0.43687670354337094
0.5177777777777778 0.0 0.0 0.6756035443695072 0.5184362505553087 0.0 0.47702421035754405
0.5177777777777778 0.0 0.0 0.6733372481267871 0.5156226862135347 0.0 0.4811928811928815
0.5066666666666667 0.0 0.0 0.6864153684995772 0.5117133126018066 0.0 0.4826358826358833
0.4911111111111111 0.0 0.0 0.6819281994331048 0.49189989634236636 0.0 0.5013628346961687
0.5311111111111111 0.0 0.0 0.6751890333090477 0.5338368132681771 0.0 0.461888728555396
0.5555555555555556 0.0 0.0 0.6883596494567708 0.5618539908188953 0.0 0.43469616802950173
0.4777777777777778 0.004405286343612369 0.0 0.6911415758183116 0.4879609062638827 0.0 0.5057880391213729
0.5133333333333333 0.0 0.0 0.674942824557852 0.5148822745446469 0.0 0.4810966810966816
0.5377777777777778 0.0 0.0 0.6747915479265906 0.5386346808825707 0.0 0.4576559243225917
0.5266666666666666 0.0 0.0 0.6798263503894993 0.5327706204649785 0.0 0.46153599486932884
0.54 0.0 0.0 0.6755411138041612 0.5407966829557234 0.0 0.45486612153278894
0.5 0.0 0.0 0.6716230551330316 0.4975566414926699 0.0 0.4998236331569669
0.44 0.0 0.0 0.6814481697203798 0.44190730045905524 0.0 0.5539522206188878
0.5 0.0 0.0 0.6713563762467522 0.4977047238264475 0.0 0.5000481000481005
0.52 0.0 0.0 0.6792109947873739 0.5228194876351251 0.0 0.4715087381754056
0.52 0.0 0.0 0.6731603322959698 0.5179327706204649 0.0 0.4787237453904125
0.5155555555555555 0.0 0.0 0.6760550233602393 0.5142899452095365 0.0 0.4810966810966816
0.5111111111111111 0.0 0.0 0.6756184139034335 0.5130164371390493 0.0 0.4825717492384164
0.4888888888888889 0.0 0.0 0.6795358419830622 0.4869835628609507 0.0 0.5078723745390417
0.4955555555555556 0.0 0.0 0.6745055796927039 0.4942099807492966 0.0 0.5012345679012351
0.5733333333333334 0.0 0.0 0.6785313197725897 0.5739078927883904 0.0 0.4219015552348889
0.4955555555555556 0.0 0.0 0.6777228675463879 0.4998074929660892 0.0 0.4952701619368294
0.5555555555555556 0.0 0.0 0.6752266697451991 0.5561972456685917 0.0 0.4400513067179742
0.5688888888888889 0.0 0.0 0.6756495036217506 0.5666814749000444 0.0 0.43110469777136484
0.5044444444444445 0.0 0.0 0.6712239004551821 0.4988597660299126 0.0 0.49834856501523195
0.4888888888888889 0.0 0.0 0.6764267426703815 0.4886420849992596 0.0 0.5061087061087066
0.5422222222222223 0.0 0.0 0.6783546731595295 0.546512661039538 0.0 0.44835658168991555
0.5733333333333334 0.0 0.0 0.6798166052171469 0.574292906856212 0.0 0.4212281545614883
0.5044444444444445 0.0 0.0 0.6716466605334305 0.5026802902413742 0.0 0.49482122815456187
0.4711111111111111 0.004405286343612369 0.0 0.6869977919035787 0.4783651710350955 0.0 0.51614558281225
0.5888888888888889 0.0 0.0 0.6762065027615826 0.5893084555012587 0.0 0.40833734167067537
0.52 0.0 0.0 0.6735869703655397 0.5200059232933512 0.0 0.4764470097803434
0.48444444444444446 0.0 0.0 0.6694716252718425 0.4797867614393603 0.0 0.518518518518519
0.4711111111111111 0.0 0.0 0.6734628948308055 0.46868058640604177 0.0 0.5285553952220623
0.46444444444444444 0.0 0.0 0.6734551400084728 0.4595290981785873 0.0 0.537021003687671
0.4888888888888889 0.0 0.0 0.674930496679262 0.4891455649341034 0.0 0.5066217732884408
0.47555555555555556 0.0 0.0 0.6859528566738624 0.47952021323856064 0.0 0.5156645823312493
0.5955555555555555 0.0 0.0 0.675676330185183 0.5947282689175182 0.0 0.402437069103736
0.5488888888888889 0.0 0.0 0.6771994162570476 0.5508070487190878 0.0 0.4445085778419119
0.52 0.0 0.0 0.675830632820206 0.5205094032281948 0.0 0.47510020843354206
0.5355555555555556 0.0 0.0 0.6756240559320452 0.5382200503479935 0.0 0.4575276575276581
0.5444444444444444 0.0 0.0 0.6764118757289098 0.5460387975714497 0.0 0.44957511624178337
0.47555555555555556 0.0 0.0 0.6736251051401483 0.4700429438767955 0.0 0.5262786596119935
0.44 0.0 0.0 0.6755482408165048 0.43474011550422037 0.0 0.5633477633477639
0.5355555555555556 0.0 0.0 0.6755685340666581 0.5375388716126166 0.0 0.45807279140612533
0.48 0.0 0.0 0.6753930863879796 0.4784244039686065 0.0 0.5173320506653849
0.4622222222222222 0.004405286343612369 0.0 0.6908292555112844 0.4704279579446172 0.0 0.5241622574955911
0.5377777777777778 0.0 0.0 0.6766501794298826 0.5404116688879017 0.0 0.4543851210517883
0.5088888888888888 0.0 0.0 0.6729896240200006 0.5053457722493706 0.0 0.49177489177489253
0.4955555555555556 0.0 0.0 0.672235204531548 0.48861246853250406 0.0 0.5106301106301113
0.5333333333333333 0.0 0.0 0.6762841750411726 0.535495335406486 0.0 0.4593875260541933
0.47555555555555556 0.0 0.0 0.6766159972951493 0.47673626536354213 0.0 0.518326118326119