0.36764705882352944 0.0 0.0 0.6269712879712873 0.3546812176909822 0.0 0.6338617349185381
0.39705882352941174 0.0 0.0 0.6443143750836052 0.4086731763354394 0.0 0.5812417437252311
0.5294117647058824 0.0 0.0 0.6539956868528306 0.5313038483630098 0.0 0.44517833553500663
0.36764705882352944 0.0 0.0 0.6534988529988524 0.36904078116025274 0.0 0.6105239982386614
0.29411764705882354 0.018867924528301883 0.0 0.6661614701088386 0.29494543365881676 0.0 0.6853808894760018
0.5147058823529411 0.0 0.0 0.6462667118129309 0.5137851809304997 0.0 0.46543372963452234
0.5735294117647058 0.0 0.0 0.6415558500578747 0.5643308443423319 0.0 0.41545574636723925
0.4411764705882353 0.0 0.0 0.6312412874481832 0.4221711659965537 0.0 0.5603258476442097
0.5147058823529411 0.0 0.0 0.6545374793273959 0.5066053991958644 0.0 0.46697490092470284
0.4117647058823529 0.009433962264150941 0.0 0.675688582434613 0.4135554279149914 0.0 0.5554821664464994
0.4264705882352941 0.009433962264150941 0.0 0.6672824575533924 0.435669155657668 0.0 0.5378687802730074
0.47058823529411764 0.0 0.0 0.6359542227485774 0.456634118322803 0.0 0.5228974020255395
0.5147058823529411 0.0 0.0 0.6359861893475345 0.4971280873061459 0.0 0.4810656098634962
0.45588235294117646 0.0 0.0 0.6272161172161165 0.4408385985066054 0.0 0.5468956406869221
0.45588235294117646 0.0 0.0 0.6350572486056352 0.45634692705341756 0.0 0.5277410832232496
0.47058823529411764 0.0 0.0 0.634097231173844 0.4620907524411258 0.0 0.5189343901365038
0.5147058823529411 0.0 0.0 0.6501145726355817 0.5201033888569787 0.0 0.4601497137824747
0.5147058823529411 0.0 0.0 0.6501923006965031 0.5155083285468122 0.0 0.4616908850726552
0.5735294117647058 0.0 0.0 0.6402564971390886 0.5649052268811028 0.0 0.4156759136944078
0.3235294117647059 0.018867924528301883 0.0 0.6749660873037496 0.32682366456059736 0.0 0.6481726111845003
0.4264705882352941 0.0 0.0 0.6480727400678132 0.4382538770821367 0.0 0.5466754733597534
0.5441176470588235 0.0 0.0 0.6495652828986173 0.5373348650201034 0.0 0.43791281373844126
0.3088235294117647 0.018867924528301883 0.0 0.6744628387485532 0.316771970132108 0.0 0.6609423161602818
0.5294117647058824 0.0 0.0 0.6575058803630243 0.5425043078690408 0.0 0.440554821664465
0.39705882352941174 0.0 0.0 0.6497522104359703 0.3977599080987938 0.0 0.5812417437252311
0.36764705882352944 0.0 0.0 0.6501289081289076 0.36817920735209647 0.0 0.6125055041831792
0.5294117647058824 0.0 0.0 0.6330945597612266 0.5132107983917289 0.0 0.4678555702333773
0.5441176470588235 0.0 0.0 0.6574324990991667 0.5470993681792073 0.0 0.4284456186701894
0.4264705882352941 0.0 0.0 0.6545740931208902 0.4241815048822516 0.0 0.5490973139586086
0.47058823529411764 0.0 0.0 0.6355001852985723 0.45002871912693854 0.0 0.527520915896081
0.5735294117647058 0.0 0.0 0.6554804095289937 0.5772544514646755 0.0 0.4026860413914576
0.4411764705882353 0.018867924528301883 0.0 0.670925396442637 0.4339460080413555 0.0 0.535006605019815
0.4264705882352941 0.0 0.0 0.65696505191579 0.42877656519241814 0.0 0.5449141347424042
0.3235294117647059 0.0 0.0 0.6228661429960134 0.3113153360137852 0.0 0.6886833993835315
0.4411764705882353 0.0 0.0 0.6231198303612088 0.4218839747271683 0.0 0.5689123734037869
0.38235294117647056 0.0 0.0 0.6565556665556657 0.3819643882825962 0.0 0.5953324526640247
0.3382352941176471 0.009433962264150941 0.0 0.665263041745255 0.33744974152785756 0.0 0.6380449141347424
0.5735294117647058 0.0 0.0 0.6501747914703391 0.5870189546237794 0.0 0.3978423601937473
0.39705882352941174 0.0 0.0 0.6290263709067119 0.38253877082136706 0.0 0.6023778071334216
0.5294117647058824 0.0 0.0 0.6351084012988779 0.5117748420448018 0.0 0.46851607221488334
0.3088235294117647 0.0 0.0 0.6608840365983223 0.316771970132108 0.0 0.6642448260678115
0.47058823529411764 0.0 0.0 0.6392466068877355 0.4623779437105112 0.0 0.5149713782474681
0.5588235294117647 0.0 0.0 0.6569700806542924 0.5551407237219989 0.0 0.41941875825627484
0.5294117647058824 0.0 0.0 0.6757415247891448 0.5404939689833429 0.0 0.43174812857771916
0.47058823529411764 0.0 0.0 0.6358640239688623 0.4600804135554279 0.0 0.5189343901365038
0.4264705882352941 0.0 0.0 0.6305209158657428 0.4144170017231476 0.0 0.5689123734037869
0.5882352941176471 0.0 0.0 0.6431959493497964 0.581849511774842 0.0 0.3985028621752533
0.4264705882352941 0.018867924528301883 0.0 0.6675936542931603 0.4164273406088455 0.0 0.5543813298106561
0.47058823529411764 0.0 0.0 0.660211831179573 0.4778862722573234 0.0 0.4971378247468078
0.4264705882352941 0.0 0.0 0.6234073534566142 0.40781160252728316 0.0 0.5816820783795684
0.5588235294117647 0.0 0.0 0.6444386970702771 0.5631820792647904 0.0 0.4218405988551299
0.47058823529411764 0.0 0.0 0.6511772725482404 0.46352670878805285 0.0 0.5105680317040951
0.5147058823529411 0.0 0.0 0.639194857430152 0.5077541642734061 0.0 0.4718185821224131
0.5882352941176471 0.0 0.0 0.6416148808456509 0.5801263641585296 0.0 0.4002642007926024
0.4264705882352941 0.0 0.0 0.6476958591490602 0.41556576680068924 0.0 0.5579040070453545
0.5735294117647058 0.0 0.0 0.6446220521119312 0.5640436530729466 0.0 0.4134742404227214
0.5588235294117647 0.0 0.0 0.6452770558033726 0.5608845491097071 0.0 0.42029942756494953
0.5441176470588235 0.0 0.0 0.6453390203390211 0.5416427340608846 0.0 0.4376926464112727
0.38235294117647056 0.0 0.0 0.6303887736195424 0.3627225732337737 0.0 0.6215323645970938
0.5588235294117647 0.0 0.0 0.6313428550270659 0.5413555427914991 0.0 0.43967415235579044
0.5294117647058824 0.0 0.0 0.6436204271918564 0.5267087880528432 0.0 0.4533245266402467
0.47058823529411764 0.0 0.0 0.6669391540359284 0.48018380241240666 0.0 0.4929546455306033
0.47058823529411764 0.0 0.0 0.6640586004497296 0.4603676048248133 0.0 0.5090268604139148
0.4264705882352941 0.0 0.0 0.6528141808929978 0.4382538770821367 0.0 0.5411712901805372
0.5 0.0 0.0 0.6310317727430033 0.49080987937966686 0.0 0.4936151475121092
0.47058823529411764 0.0 0.0 0.6436782863194153 0.4586444572085009 0.0 0.5167327168648174
0.5 0.0 0.0 0.6489989115657566 0.4971280873061459 0.0 0.47864376926464125
0.39705882352941174 0.0 0.0 0.6607910291670966 0.40149339460080413 0.0 0.5735358872743285
0.5588235294117647 0.0 0.0 0.6352370405001986 0.5410683515221137 0.0 0.439894319682959
0.4852941176470588 0.0 0.0 0.6357853951603955 0.47214244686961515 0.0 0.5061646851607222
0.5441176470588235 0.0 0.0 0.6378533878533887 0.5358989086731764 0.0 0.4447380008806694
0.4852941176470588 0.0 0.0 0.6409689111393657 0.4787478460654796 0.0 0.4993394980184941
0.47058823529411764 0.0 0.0 0.6445975955048531 0.46323951751866743 0.0 0.5125495376486131
0.4411764705882353 0.0 0.0 0.6309229340263816 0.4276278001148765 0.0 0.5559225011008369
0.5441176470588235 0.0 0.0 0.6375102291768964 0.5341757610568638 0.0 0.44605900484368133
0.5147058823529411 0.0 0.0 0.6446898572949 0.5137851809304997 0.0 0.4665345662703655
0.4264705882352941 0.009433962264150941 0.0 0.6820559298391801 0.4348075818495118 0.0 0.5339057683839719
0.5147058823529411 0.0 0.0 0.650531485321402 0.514646754738656 0.0 0.4625715543813298
0.5735294117647058 0.0 0.0 0.638419894695199 0.569213095921884 0.0 0.41523557904007047
0.45588235294117646 0.0 0.0 0.6286373721857589 0.4437105112004595 0.0 0.5442536327608982
0.4117647058823529 0.0 0.0 0.6378696406474177 0.4066628374497415 0.0 0.5770585645090269
0.5735294117647058 0.0 0.0 0.6417052058752468 0.5654796094198736 0.0 0.4150154117129019
0.4411764705882353 0.0 0.0 0.6533423919630811 0.44945433658816775 0.0 0.5306032584764422
0.36764705882352944 0.0 0.0 0.6575293225293218 0.3678920160827111 0.0 0.6098634962571554
0.3088235294117647 0.018867924528301883 0.0 0.6655574584146012 0.3090178058587019 0.0 0.670849845882871