0.2647058823529412 0.028301886792452824 0.0 0.6914454100728611 0.26163124641010915 0.0 0.7311756935270806
0.6176470588235294 0.0 0.0 0.6378123489621759 0.6051120045950603 0.0 0.3813298106560986
0.5588235294117647 0.0 0.0 0.639330213014424 0.5491097070649053 0.0 0.4346103038309115
0.5 0.0 0.0 0.6449948744066396 0.4997128087306146 0.0 0.48084544253632755
0.4411764705882353 0.0 0.0 0.6520838803597417 0.44141298104537624 0.0 0.5345662703654778
0.47058823529411764 0.0 0.0 0.6580170837227289 0.48248133256748993 0.0 0.4977983267283135
0.6323529411764706 0.0 0.0 0.645104667696031 0.6438828259620908 0.0 0.3494055482166447
0.5441176470588235 0.0 0.0 0.6473777973777983 0.5298678920160828 0.0 0.4478203434610303
0.5294117647058824 0.0 0.0 0.6411801426087148 0.5292935094773119 0.0 0.45442536327608996
0.45588235294117646 0.0 0.0 0.632142552787714 0.4442848937392303 0.0 0.5440334654337297
0.5441176470588235 0.009433962264150941 0.0 0.6625985125985131 0.5511200459506032 0.0 0.42712461470717755
0.4264705882352941 0.0 0.0 0.6640223487514119 0.42102240091901205 0.0 0.5497578159401146
0.5882352941176471 0.0 0.0 0.6586581509658447 0.5898908673176335 0.0 0.38661382650814624
0.4852941176470588 0.0 0.0 0.6641697002492462 0.47156806433084436 0.0 0.4984588287098195
0.6323529411764706 0.0 0.0 0.6450712017157212 0.6395749569213096 0.0 0.3518273888154999
0.5588235294117647 0.0 0.0 0.6480061427429862 0.5571510626076968 0.0 0.4244826067811537
0.4852941176470588 0.0 0.0 0.6499189467939469 0.47214244686961515 0.0 0.5008806693086746
0.4264705882352941 0.009433962264150941 0.0 0.6597207527010476 0.43136128661688683 0.0 0.5438132981065611
0.45588235294117646 0.0 0.0 0.6419516445322894 0.4402642159678346 0.0 0.5380889476001761
0.47058823529411764 0.0 0.0 0.6460877160473936 0.4592188397472717 0.0 0.5158520475561427
0.4852941176470588 0.0 0.0 0.6359942666760847 0.4638139000574383 0.0 0.5151915455746368
0.36764705882352944 0.0 0.0 0.6583621378621373 0.3759333716255026 0.0 0.6052399823866139
0.5882352941176471 0.0 0.0 0.6567650440727378 0.5893164847788627 0.0 0.38727432848965204
0.4117647058823529 0.0 0.0 0.6606672868577623 0.41815048822515793 0.0 0.5585645090268605
0.5147058823529411 0.0 0.0 0.6406890961512817 0.5229753015508328 0.0 0.46455306032584764
0.4117647058823529 0.0 0.0 0.6721013554346879 0.40608845491097073 0.0 0.5623073535887275
0.38235294117647056 0.0 0.0 0.6776617912002519 0.37507179781734634 0.0 0.5929106120651695
0.3088235294117647 0.0 0.0 0.6620574399145824 0.2960941987363584 0.0 0.6778952003522678
0.5 0.0 0.0 0.6401616308033419 0.49080987937966686 0.0 0.48943196829590496
0.4411764705882353 0.018867924528301883 0.013333333333333308 0.6548228655125196 0.4373923032739805 0.0 0.5354469396741524
0.5441176470588235 0.0 0.0 0.640335640335641 0.5416427340608846 0.0 0.44209599295464563
0.5882352941176471 0.0 0.0 0.6567298584606291 0.5835726593911545 0.0 0.3907970057243505
0.5147058823529411 0.0 0.0 0.6428482255373017 0.490235496840896 0.0 0.4859092910612065
0.4264705882352941 0.018867924528301883 0.013333333333333308 0.6561907577917421 0.4218839747271683 0.0 0.5499779832672832
0.47058823529411764 0.009433962264150941 0.0 0.6651848935115067 0.45807007466973004 0.0 0.5105680317040951
0.47058823529411764 0.0 0.0 0.6317446890027528 0.456634118322803 0.0 0.5308234258036109
0.45588235294117646 0.0 0.0 0.6474090545058281 0.4437105112004595 0.0 0.5303830911492735
0.5147058823529411 0.0 0.0 0.6421005698316629 0.5246984491671454 0.0 0.46301188903566715
0.4411764705882353 0.0 0.0 0.6642116886944465 0.4402642159678346 0.0 0.5323645970937912
0.4117647058823529 0.0 0.0 0.6578802737532888 0.40493968983342904 0.0 0.566930867459269
0.38235294117647056 0.0 0.0 0.6488327569866025 0.37765651924181504 0.0 0.6014971378247469
0.5147058823529411 0.0 0.0 0.6421424140751877 0.5037334865020103 0.0 0.4744605900484369
0.45588235294117646 0.0 0.0 0.65585384746675 0.4549109707064905 0.0 0.5189343901365038
0.5147058823529411 0.0 0.0 0.6481620526998688 0.5163699023549684 0.0 0.4643328929986791
0.36764705882352944 0.018867924528301883 0.0 0.6739974284974277 0.3733486502010339 0.0 0.5986349625715545
0.36764705882352944 0.0 0.0 0.663732896732896 0.36128661688684666 0.0 0.6074416556583002
0.4852941176470588 0.0 0.0 0.6473919598919604 0.48994830557151064 0.0 0.49119330691325414
0.45588235294117646 0.0 0.0 0.6362647507808796 0.4442848937392303 0.0 0.5385292822545134
0.47058823529411764 0.0 0.0 0.6466787580698871 0.45577254451464677 0.0 0.5184940554821665
0.47058823529411764 0.0 0.0 0.6605290095209452 0.4652498564043653 0.0 0.5063848524878908
0.45588235294117646 0.018867924528301883 0.013333333333333308 0.6492074472719629 0.45347501435956344 0.0 0.5222369000440334
0.4411764705882353 0.0 0.0 0.6659361711085839 0.4379666858127513 0.0 0.5332452664024661
0.47058823529411764 0.0 0.0 0.6448486437397728 0.4577828834003446 0.0 0.5171730515191546
0.4411764705882353 0.009433962264150941 0.0 0.6638938711352497 0.43767949454336585 0.0 0.5330250990752972
0.4264705882352941 0.0 0.0 0.6537378193782126 0.42619184376794944 0.0 0.5486569793042713
0.4852941176470588 0.0 0.0 0.6410575956030503 0.4744399770246984 0.0 0.5030823425803611
0.45588235294117646 0.0 0.0 0.6253109972464809 0.43452039058012637 0.0 0.5570233377366798
0.4852941176470588 0.0 0.0 0.6409469633901453 0.46955772544514646 0.0 0.5063848524878908
0.5294117647058824 0.0 0.0 0.6436202862393343 0.5338885697874785 0.0 0.4502421840598856
0.5882352941176471 0.0 0.0 0.6407229451460231 0.575531303848363 0.0 0.40620871862615593
0.36764705882352944 0.0 0.0 0.6458936063936058 0.360137851809305 0.0 0.6208718626155879
0.5 0.0 0.0 0.6486834516246287 0.5040206777713957 0.0 0.4766622633201233
0.4852941176470588 0.0 0.0 0.6518858981927163 0.4859276278001149 0.0 0.49119330691325414
0.6029411764705882 0.0 0.0 0.6407779144974274 0.5927627800114876 0.0 0.3916776750330252
0.6029411764705882 0.0 0.0 0.6424058258814368 0.6105686387133831 0.0 0.3800088066930868
0.4411764705882353 0.0 0.0 0.6473861260068148 0.43136128661688683 0.0 0.5433729634522237
0.5147058823529411 0.0 0.0 0.6384027084027089 0.512636415852958 0.0 0.4709379128137384
0.5441176470588235 0.0 0.0 0.6405375655375664 0.5404939689833429 0.0 0.4429766622633202
0.5588235294117647 0.0 0.0 0.6397282818335459 0.5539919586444572 0.0 0.4308674592690446
0.5588235294117647 0.0 0.0 0.6511970485654708 0.5508328546812177 0.0 0.4251431087626595
0.45588235294117646 0.0 0.0 0.6555359932779281 0.4577828834003446 0.0 0.5160722148833113
0.38235294117647056 0.0 0.0 0.6569374727836258 0.38828259620907524 0.0 0.5922501100836637
0.4852941176470588 0.0 0.0 0.6445416326098148 0.49770246984491673 0.0 0.4892118009687364
0.5 0.0 0.0 0.6620493885199772 0.5120620333141872 0.0 0.46609423161602836
0.4852941176470588 0.0 0.0 0.6403752812843724 0.4910970706490523 0.0 0.4951563188022897
0.4264705882352941 0.018867924528301883 0.013333333333333308 0.6673488799104553 0.4141298104537622 0.0 0.5523998238661383
0.4117647058823529 0.018867924528301883 0.013333333333333308 0.6495690229817205 0.40723721998851237 0.0 0.5708938793483047
0.5147058823529411 0.0 0.0 0.6477580962454923 0.49942561746122915 0.0 0.4773227653016292
0.4852941176470588 0.0 0.0 0.6559639749980658 0.48535324526134405 0.0 0.48943196829590485
0.4117647058823529 0.0 0.0 0.6500219651013294 0.40350373348650204 0.0 0.5708938793483047
0.5588235294117647 0.0 0.0 0.6393252787989636 0.5462377943710511 0.0 0.4376926464112726
0.5 0.0 0.0 0.6410205658868764 0.4885123492245836 0.0 0.4898723029502422
0.4411764705882353 0.0 0.0 0.6700642142021443 0.435669155657668 0.0 0.5332452664024658
0.39705882352941174 0.0 0.0 0.6406482880841851 0.3934520390580126 0.0 0.591369440774989
0.5 0.0 0.0 0.6476799492842279 0.4948305571510626 0.0 0.4834874504623514
0.5 0.0 0.0 0.6454027651888617 0.4890867317633544 0.0 0.48656979304271253
0.5 0.0 0.0 0.6492475340068927 0.4965537047673751 0.0 0.47996477322765296
0.5735294117647058 0.0 0.0 0.6409576628200117 0.5571510626076968 0.0 0.42470277410832225
0.5441176470588235 0.0 0.0 0.6520414103747446 0.532165422171166 0.0 0.44253632760898287
0.35294117647058826 0.018867924528301883 0.0 0.6767914854871371 0.3578403216542217 0.0 0.6131660061646852
0.4264705882352941 0.018867924528301883 0.013333333333333308 0.6694503498690683 0.4161401493394601 0.0 0.5504183179216204