0.4117647058823529 0.0 0.0 0.637418152100691 0.4170017231476163 0.0 0.571334214002642
0.5735294117647058 0.0 0.0 0.6528341728746597 0.574095347501436 0.0 0.4033465433729635
0.3382352941176471 0.0 0.0 0.6267569935554124 0.3308443423319931 0.0 0.6640246587406429
0.5882352941176471 0.0 0.0 0.6539406960560817 0.5893164847788627 0.0 0.38793483047115807
0.45588235294117646 0.0 0.0 0.6562767220831733 0.4646754738655945 0.0 0.513210039630119
0.4852941176470588 0.0 0.0 0.6616091715523535 0.48018380241240666 0.0 0.4885512989872305
0.4411764705882353 0.0 0.0 0.6635784649577747 0.43940264215967834 0.0 0.5290620871862617
0.45588235294117646 0.0 0.0 0.6556292930486475 0.44514646754738657 0.0 0.525759577278732
0.39705882352941174 0.0 0.0 0.6702770796787884 0.3931648477886272 0.0 0.5755173932188464
0.45588235294117646 0.0 0.0 0.6445923491084775 0.4540493968983343 0.0 0.5215763980625276
0.4852941176470588 0.0 0.0 0.6644052180984001 0.4948305571510626 0.0 0.47864376926464125
0.5294117647058824 0.0 0.0 0.6381217371693568 0.5295807007466973 0.0 0.45354469396741537
0.5882352941176471 0.0 0.0 0.6465379421148659 0.5723721998851234 0.0 0.40620871862615604
0.4117647058823529 0.0 0.0 0.6424071959786238 0.41240666283744976 0.0 0.5693527080581242
0.36764705882352944 0.0 0.0 0.6311724941724933 0.3546812176909822 0.0 0.6345222369000441
0.5735294117647058 0.0 0.0 0.6651811975698626 0.5726593911545089 0.0 0.3985028621752533
0.6323529411764706 0.0 0.0 0.6515421209773382 0.6275129236071223 0.0 0.351166886833994
0.5 0.0 0.0 0.6356681543847325 0.5005743825387708 0.0 0.4828269484808455
0.5 0.0 0.0 0.6587515772007753 0.5097645031591039 0.0 0.46631439894319693
0.3382352941176471 0.0 0.0 0.6345188408429515 0.3314187248707639 0.0 0.6591809775429327
0.5147058823529411 0.0 0.0 0.6567821440930691 0.5143595634692706 0.0 0.45838837516512554
0.5588235294117647 0.0 0.0 0.656558235505605 0.5709362435381964 0.0 0.40929106120651704
0.6029411764705882 0.0 0.0 0.6407978200661137 0.5904652498564044 0.0 0.39277851166886835
0.5147058823529411 0.0 0.0 0.653992618026232 0.5 0.0 0.47159841479524445
0.5147058823529411 0.0 0.0 0.6478834424212581 0.5086157380815624 0.0 0.46609423161602825
0.3088235294117647 0.0 0.0 0.6409021401878546 0.3061458931648478 0.0 0.6838397181858212
0.45588235294117646 0.0 0.0 0.6343021852699267 0.45462377943710514 0.0 0.53258476442096
0.45588235294117646 0.0 0.0 0.665297892072085 0.4497415278575531 0.0 0.5180537208278293
0.4852941176470588 0.0 0.0 0.668321892753711 0.4971280873061459 0.0 0.4757815940114487
0.29411764705882354 0.009433962264150941 0.0 0.6396604857131172 0.28604250430786904 0.0 0.7023337736679878
0.5294117647058824 0.0 0.0 0.6455353376781955 0.5244112578977599 0.0 0.45200352267723476
0.45588235294117646 0.028301886792452824 0.0 0.6909112154273441 0.4655370476737507 0.0 0.5008806693086747
0.4117647058823529 0.0 0.0 0.638988979861995 0.40350373348650204 0.0 0.577719066490533
0.6470588235294118 0.0 0.0 0.6493255159217121 0.6435956346927053 0.0 0.33663584324086326
0.5735294117647058 0.0 0.0 0.6559703604238027 0.5732337736932798 0.0 0.4024658740642889
0.35294117647058826 0.009433962264150941 0.0 0.6570275537666836 0.365020103388857 0.0 0.6224130339057684
0.5735294117647058 0.0 0.0 0.6609285825885026 0.5735209649626651 0.0 0.3993835314839279
0.4852941176470588 0.0 0.0 0.6550856130401588 0.47501435956346927 0.0 0.49669749009247044
0.35294117647058826 0.018867924528301883 0.0 0.6804086010607743 0.36817920735209647 0.0 0.6072214883311317
0.47058823529411764 0.0 0.0 0.6433355175290658 0.4701321079839173 0.0 0.5074856891237343
0.39705882352941174 0.018867924528301883 0.0 0.6842023598433844 0.41039632395175185 0.0 0.5596653456627038
0.4411764705882353 0.0 0.0 0.6387185738909869 0.43251005169442847 0.0 0.5477763099955967
0.5441176470588235 0.0 0.0 0.6476483559816901 0.5364732912119472 0.0 0.43879348304711585
0.45588235294117646 0.009433962264150941 0.0 0.6739672394511103 0.4724296381390006 0.0 0.500660501981506
0.3382352941176471 0.0 0.0 0.6522063136687639 0.33802412406662835 0.0 0.6422280933509468
0.45588235294117646 0.0 0.0 0.6319946361881846 0.4460080413555428 0.0 0.5398502862175254
0.4264705882352941 0.0 0.0 0.6685521648575827 0.4190120620333142 0.0 0.5471158080140908
0.5 0.0 0.0 0.642609648224622 0.5031591039632395 0.0 0.4779832672831352
0.4117647058823529 0.0 0.0 0.6387142399047153 0.40235496840896035 0.0 0.5797005724350506
0.35294117647058826 0.0 0.0 0.6209775128253388 0.34606547960941986 0.0 0.6530162923822105
0.36764705882352944 0.018867924528301883 0.0 0.6763547563547555 0.37765651924181504 0.0 0.5953324526640247
0.4264705882352941 0.009433962264150941 0.0 0.6639518800848841 0.4373923032739805 0.0 0.5372082782915015
0.5147058823529411 0.0 0.0 0.6440660646543005 0.516082711085583 0.0 0.46367239101717317
0.39705882352941174 0.0 0.0 0.6395939609614817 0.39718552556002296 0.0 0.5869660942316162
0.47058823529411764 0.0 0.0 0.6404185196523905 0.47386559448592763 0.0 0.5066050198150595
0.4117647058823529 0.0 0.0 0.6745881103023948 0.42360712234348075 0.0 0.5473359753412594
0.39705882352941174 0.0 0.0 0.65778502915255 0.4092475588742102 0.0 0.5730955526199912
0.47058823529411764 0.0 0.0 0.654715121348186 0.4597932222860425 0.0 0.5114487010127698
0.45588235294117646 0.0 0.0 0.6373209705467763 0.4491671453187823 0.0 0.528841919859093
0.47058823529411764 0.0 0.0 0.6648270412383318 0.46151636990235495 0.0 0.5081461911052402
0.6029411764705882 0.0 0.0 0.6466503415283913 0.60137851809305 0.0 0.3800088066930868
0.47058823529411764 0.0 0.0 0.6329619864902126 0.45835726593911547 0.0 0.5268604139145752
0.39705882352941174 0.0 0.0 0.660886422852234 0.38856978747846066 0.0 0.583883751651255
0.47058823529411764 0.0 0.0 0.6320685698709896 0.4623779437105112 0.0 0.5248789079700573
0.6029411764705882 0.0 0.0 0.6508419967566322 0.6045376220562895 0.0 0.3751651254953765
0.29411764705882354 0.0 0.0 0.6422061564166827 0.29063756461803564 0.0 0.6983707617789521
0.36764705882352944 0.0 0.0 0.6650405335405328 0.3658816771970132 0.0 0.6047996477322766
0.5735294117647058 0.0 0.0 0.6466503057596186 0.5743825387708213 0.0 0.4057683839718187
0.5735294117647058 0.0 0.0 0.6552478335879156 0.5835726593911545 0.0 0.3971818582122414
0.4411764705882353 0.0 0.0 0.6330258375085958 0.43337162550258473 0.0 0.5519594892118012
0.45588235294117646 0.0 0.0 0.6549905530550688 0.45548535324526135 0.0 0.5171730515191546
0.4117647058823529 0.0 0.0 0.6355100220179577 0.40781160252728316 0.0 0.5768383971818583
0.3088235294117647 0.0 0.0 0.6383382754811329 0.30212521539345205 0.0 0.6897842360193747
0.39705882352941174 0.0 0.0 0.6394497873130346 0.39287765651924184 0.0 0.5896081021576398
0.4852941176470588 0.0 0.0 0.640268538279902 0.4830557151062608 0.0 0.4960369881109644
0.5147058823529411 0.0 0.0 0.6454657387430501 0.5051694428489374 0.0 0.4693967415235579
0.4264705882352941 0.0 0.0 0.6741756738062148 0.42619184376794944 0.0 0.5407309555262001
0.4264705882352941 0.0 0.0 0.6439435769485025 0.4284893739230327 0.0 0.5504183179216204
0.45588235294117646 0.0 0.0 0.6456990918281236 0.45031591039632396 0.0 0.5248789079700573
0.39705882352941174 0.0 0.0 0.635956699204562 0.4012062033314187 0.0 0.5887274328489652
0.38235294117647056 0.0 0.0 0.6623100147715526 0.3790924755887421 0.0 0.5904887714663145
0.45588235294117646 0.0 0.0 0.6453779315069632 0.46410109132682364 0.0 0.5171730515191546
0.5 0.0 0.0 0.6414762896046323 0.49167145318782307 0.0 0.48480845442536336
0.5294117647058824 0.0 0.0 0.6683137673613874 0.5404939689833429 0.0 0.43439013650374303
0.39705882352941174 0.0 0.0 0.6557719109001152 0.3974727168294084 0.0 0.5766182298546896
0.4264705882352941 0.0 0.0 0.642655674921684 0.429350947731189 0.0 0.5537208278291501
0.4852941176470588 0.0 0.0 0.6599038903016181 0.48822515795519816 0.0 0.4883311316600617
0.47058823529411764 0.0 0.0 0.6682498952660246 0.4709936817920735 0.0 0.49735799207397635
0.38235294117647056 0.0 0.0 0.674103896103895 0.39661114302125217 0.0 0.5781594011448701
0.4264705882352941 0.0 0.0 0.6616745733740798 0.4247558874210224 0.0 0.5429326287978864
0.45588235294117646 0.0 0.0 0.6443418588579872 0.44744399770246984 0.0 0.5264200792602379
0.4264705882352941 0.0 0.0 0.6501653518894893 0.4273406088454911 0.0 0.5488771466314399