0.2647058823529412 0.009433962264150941 0.0 0.6336854140775707 0.26163124641010915 0.0 0.7318361955085866
0.5882352941176471 0.0 0.0 0.635783312129466 0.5660539919586445 0.0 0.42162043152796125
0.6617647058823529 0.0 0.0 0.6486791154972992 0.6659965537047674 0.0 0.3212241303390577
0.39705882352941174 0.0 0.0 0.6474386803446628 0.38052843193566915 0.0 0.5979744605900484
0.29411764705882354 0.009433962264150941 0.0 0.6463597221491955 0.2960941987363584 0.0 0.6913254073095553
0.4852941176470588 0.0 0.0 0.6695873150418606 0.4910970706490523 0.0 0.48172611184500236
0.4411764705882353 0.0 0.0 0.6734211127314568 0.4480183802412407 0.0 0.5237780713342141
0.6176470588235294 0.0 0.0 0.638611846277352 0.5990809879379667 0.0 0.3837516512549538
0.5 0.0 0.0 0.65536963531616 0.49942561746122915 0.0 0.47622192866578594
0.5882352941176471 0.0 0.0 0.6548279925203013 0.5893164847788627 0.0 0.3885953324526641
0.3382352941176471 0.0 0.0 0.6472532956722677 0.33802412406662835 0.0 0.6446499339498019
0.5294117647058824 0.0 0.0 0.6340197633054774 0.5109132682366456 0.0 0.4709379128137384
0.29411764705882354 0.0 0.0 0.6321959327222486 0.2926479035037335 0.0 0.6999119330691326
0.4411764705882353 0.0 0.0 0.680657720312892 0.44198736358414703 0.0 0.5259797446059006
0.3235294117647059 0.0 0.0 0.6441526727241014 0.3276852383687536 0.0 0.6609423161602819
0.5882352941176471 0.0 0.0 0.6441739172508416 0.5907524411257897 0.0 0.39674152355790404
0.5 0.0 0.0 0.6476882594529656 0.4893739230327398 0.0 0.48480845442536324
0.4264705882352941 0.0 0.0 0.6356790035361455 0.41326823664560597 0.0 0.5669308674592691
0.4264705882352941 0.0 0.0 0.6396613512377051 0.4126938541068352 0.0 0.5656098634962572
0.3382352941176471 0.0 0.0 0.653700142632949 0.3262492820218265 0.0 0.65147512109203
0.4264705882352941 0.0 0.0 0.6429223622573369 0.4296381390005744 0.0 0.5546014971378248
0.45588235294117646 0.0 0.0 0.6375672595027428 0.4408385985066054 0.0 0.5391897842360194
0.36764705882352944 0.0 0.0 0.6681383616383608 0.38311315336013785 0.0 0.5964332892998678
0.3088235294117647 0.0 0.0 0.6342837585694729 0.30183802412406663 0.0 0.687142228093351
0.5588235294117647 0.0 0.0 0.6323112796797011 0.54192992533027 0.0 0.44253632760898287
0.5441176470588235 0.0 0.0 0.6370185453518792 0.520964962665135 0.0 0.4570673712021136
0.5882352941176471 0.0 0.0 0.6519724363955147 0.5930499712808731 0.0 0.3890356671070012
0.5294117647058824 0.0 0.0 0.6685609892752759 0.5267087880528432 0.0 0.4431968295904888
0.38235294117647056 0.0 0.0 0.640712023019715 0.36703044227455484 0.0 0.6133861734918539
0.5735294117647058 0.0 0.0 0.6531914404384054 0.5772544514646755 0.0 0.4033465433729634
0.47058823529411764 0.0 0.0 0.6516192588773234 0.4764503159103963 0.0 0.4997798326728313
0.5441176470588235 0.0 0.0 0.6429039179039183 0.5267087880528432 0.0 0.4502421840598855
0.6029411764705882 0.0 0.0 0.6544781708806114 0.6143021252153934 0.0 0.3687802730074857
0.45588235294117646 0.0 0.0 0.6403074703074696 0.4491671453187823 0.0 0.5308234258036109
0.5 0.0 0.0 0.6308513134716341 0.48219414129810456 0.0 0.5024218405988552
0.4264705882352941 0.0 0.0 0.6380895240501145 0.419586444572085 0.0 0.5596653456627038
0.45588235294117646 0.0 0.0 0.6639719539719535 0.4511774842044802 0.0 0.5182738881549979
0.35294117647058826 0.0 0.0 0.6318510193510194 0.334290637564618 0.0 0.6565389696169088
0.47058823529411764 0.0 0.0 0.6365704971551742 0.4549109707064905 0.0 0.5255394099515631
0.4852941176470588 0.0 0.0 0.6560776975549703 0.483917288914417 0.0 0.4907529722589168
0.4411764705882353 0.0 0.0 0.6543243346691616 0.43509477311889716 0.0 0.5372082782915015
0.3382352941176471 0.0 0.0 0.6486146703538006 0.3363009764503159 0.0 0.6450902686041391
0.38235294117647056 0.0 0.0 0.6485563837871523 0.38340034462952327 0.0 0.5975341259357112
0.4264705882352941 0.0 0.0 0.6367544469761213 0.41815048822515793 0.0 0.5623073535887275
0.4411764705882353 0.0 0.0 0.6688414012551934 0.4442848937392303 0.0 0.5277410832232496
0.39705882352941174 0.0 0.0 0.6348862438606023 0.3862722573233774 0.0 0.5940114487010127
0.4411764705882353 0.0 0.0 0.6468372751131368 0.4471568064330844 0.0 0.5352267723469837
0.39705882352941174 0.009433962264150941 0.0 0.6420376710974995 0.3968983342906376 0.0 0.5827829150154118
0.4852941176470588 0.0 0.0 0.6563879933198118 0.4862148190695003 0.0 0.4892118009687363
0.5147058823529411 0.0 0.0 0.6459082840595449 0.5077541642734061 0.0 0.46917657419638936
0.5441176470588235 0.0 0.0 0.6532378865712205 0.5284319356691557 0.0 0.440554821664465
0.3235294117647059 0.0 0.0 0.6499082687394379 0.3087306145893165 0.0 0.670849845882871
0.4411764705882353 0.0 0.0 0.6366383807763112 0.4304997128087306 0.0 0.5508586525759578
0.4117647058823529 0.0 0.0 0.6428146368622553 0.3934520390580126 0.0 0.58630559225011
0.47058823529411764 0.0 0.0 0.6421054751699912 0.45634692705341756 0.0 0.5226772346983708
0.5441176470588235 0.0 0.0 0.6453739870406543 0.5178058587018954 0.0 0.4586085424922941
0.38235294117647056 0.0 0.0 0.6235437212360284 0.37248707639287765 0.0 0.6219726992514311
0.45588235294117646 0.0 0.0 0.6337940315359665 0.4485927627800115 0.0 0.5352267723469837
0.45588235294117646 0.0 0.0 0.6387197748488068 0.45720850086157383 0.0 0.5301629238221048
0.4264705882352941 0.009433962264150941 0.0 0.6484124933632316 0.4250430786904078 0.0 0.5479964773227654
0.4852941176470588 0.0 0.0 0.6602001218478494 0.48535324526134405 0.0 0.4883311316600617
0.5588235294117647 0.0 0.0 0.6567524146471528 0.569213095921884 0.0 0.41149273447820345
0.47058823529411764 0.0 0.0 0.6517842036995264 0.4618035611717404 0.0 0.5125495376486131
0.5294117647058824 0.0 0.0 0.6558126000983155 0.5338885697874785 0.0 0.4453985028621752
0.4852941176470588 0.0 0.0 0.6381091866887322 0.4761631246410109 0.0 0.5013210039630119
0.38235294117647056 0.009433962264150941 0.0 0.6522004320465852 0.3862722573233774 0.0 0.592029942756495
0.45588235294117646 0.0 0.0 0.6507338300886685 0.4577828834003446 0.0 0.5189343901365038
0.4411764705882353 0.0 0.0 0.6362672066120341 0.4417001723147616 0.0 0.5460149713782474
0.3088235294117647 0.0 0.0 0.6655332233903661 0.3093049971280873 0.0 0.6728313518273888
0.29411764705882354 0.0 0.0 0.6486193338824919 0.2912119471568064 0.0 0.6933069132540732
0.5294117647058824 0.0 0.0 0.6565317222460091 0.5370476737507179 0.0 0.44363716424482613
0.5294117647058824 0.0 0.0 0.6358839044553329 0.5123492245835727 0.0 0.46829590488771466
0.38235294117647056 0.0 0.0 0.6397170863324704 0.3721998851234922 0.0 0.6078819903126376
0.45588235294117646 0.0 0.0 0.6439024058378893 0.43882825962090755 0.0 0.5409511228533685
0.47058823529411764 0.0 0.0 0.6675850247422829 0.4730040206777714 0.0 0.49889916336415674
0.5147058823529411 0.0 0.0 0.6503725126414208 0.5074669730040207 0.0 0.46763540290620886
0.36764705882352944 0.0 0.0 0.650457653457653 0.35640436530729463 0.0 0.619550858652576
0.4117647058823529 0.009433962264150941 0.0 0.6436323229974015 0.40781160252728316 0.0 0.568251871422281
0.39705882352941174 0.0 0.0 0.6467911322612171 0.3931648477886272 0.0 0.583883751651255
0.4852941176470588 0.0 0.0 0.6619467653558563 0.4830557151062608 0.0 0.48855129898723026
0.45588235294117646 0.0 0.0 0.648285215381989 0.4428489373923033 0.0 0.5328049317481285
0.4852941176470588 0.0 0.0 0.6315488593897683 0.456634118322803 0.0 0.528181417877587
0.5735294117647058 0.0 0.0 0.6409351407327124 0.5784032165422172 0.0 0.4134742404227214
0.39705882352941174 0.0 0.0 0.6524233917396304 0.4058012636415853 0.0 0.5752972258916778
0.4264705882352941 0.0 0.0 0.6590164624647376 0.4296381390005744 0.0 0.5449141347424042
0.45588235294117646 0.0 0.0 0.640515601483343 0.45376220562894887 0.0 0.5284015852047557
0.38235294117647056 0.0 0.0 0.6456708761324139 0.3845491097070649 0.0 0.5968736239542052
0.5294117647058824 0.0 0.0 0.6469437088484714 0.4997128087306146 0.0 0.4751210920299427
0.39705882352941174 0.0 0.0 0.6532608575343609 0.4006318207926479 0.0 0.5772787318361956
0.36764705882352944 0.0 0.0 0.6410350020350016 0.3598506605399196 0.0 0.6208718626155879