0.4264705882352941 0.0 0.0 0.6345588593125536 0.425904652498564 0.0 0.5631880228974022
0.4411764705882353 0.0 0.0 0.6648497479531956 0.4480183802412407 0.0 0.528841919859093
0.6323529411764706 0.0 0.0 0.6607411107411129 0.6490522688110282 0.0 0.3368560105680317
0.47058823529411764 0.0 0.0 0.6272622986332664 0.4543365881677197 0.0 0.5372082782915015
0.5147058823529411 0.0 0.0 0.6385638357907275 0.49626651349798967 0.0 0.4861294583883752
0.5441176470588235 0.0 0.0 0.6339123755790433 0.5295807007466973 0.0 0.45662703654777625
0.4117647058823529 0.0 0.0 0.6462000374698779 0.4080987937966686 0.0 0.5733157199471598
0.5882352941176471 0.0 0.0 0.6434560026867727 0.5761056863871339 0.0 0.4024658740642889
0.5294117647058824 0.0 0.0 0.646956482670769 0.5221137277426766 0.0 0.4539850286217525
0.5294117647058824 0.0 0.0 0.6350013830966219 0.5206777713957496 0.0 0.46213121972699245
0.5735294117647058 0.0 0.0 0.6548795708714749 0.5643308443423319 0.0 0.408630559225011
0.5147058823529411 0.0 0.0 0.6486320588841603 0.5140723721998851 0.0 0.4634522236900044
0.5882352941176471 0.0 0.0 0.6602800404723494 0.596496266513498 0.0 0.3830911492734479
0.3382352941176471 0.0 0.0 0.6451671297521094 0.3317059161401493 0.0 0.6505944517833554
0.5735294117647058 0.0 0.0 0.6427738852840075 0.5743825387708213 0.0 0.40929106120651704
0.6176470588235294 0.0 0.0 0.6378493232151783 0.6108558299827686 0.0 0.3791281373844121
0.6029411764705882 0.0 0.0 0.6511091279993728 0.5873061458931649 0.0 0.38815499779832674
0.4852941176470588 0.0 0.0 0.6341390616958799 0.46898334290637567 0.0 0.5165125495376487
0.5294117647058824 0.0 0.0 0.66382047405857 0.523836875358989 0.0 0.445618670189344
0.4264705882352941 0.0 0.0 0.6577527562749229 0.4276278001148765 0.0 0.5493174812857772
0.4411764705882353 0.0 0.0 0.6496615389718832 0.4399770246984492 0.0 0.5376486129458389
0.5441176470588235 0.0 0.0 0.6549970049970057 0.5605973578403216 0.0 0.42558344341699694
0.6176470588235294 0.0 0.0 0.6513450544809448 0.6243538196438828 0.0 0.35909291061206516
0.4264705882352941 0.0 0.0 0.6588985453517466 0.4233199310740953 0.0 0.549537648612946
0.5147058823529411 0.0 0.0 0.6567346752220709 0.5189546237794371 0.0 0.4564068692206077
0.5147058823529411 0.0 0.0 0.6483170237792092 0.5120620333141872 0.0 0.4641127256715104
0.5588235294117647 0.0 0.0 0.6351841220262281 0.5425043078690408 0.0 0.44275649493615155
0.4264705882352941 0.0 0.0 0.639107594649466 0.4247558874210224 0.0 0.5574636723910171
0.4264705882352941 0.0 0.0 0.6613905115136635 0.42303273980470996 0.0 0.5486569793042713
0.38235294117647056 0.0 0.0 0.6581603866219243 0.37535898908673176 0.0 0.5973139586085425
0.47058823529411764 0.0 0.0 0.658243324775583 0.48363009764503156 0.0 0.49735799207397624
0.45588235294117646 0.0 0.0 0.6250207976014425 0.43968983342906376 0.0 0.5541611624834876
0.47058823529411764 0.0 0.0 0.627629729141826 0.4540493968983343 0.0 0.536327608982827
0.35294117647058826 0.009433962264150941 0.0 0.6432205676770889 0.34520390580126364 0.0 0.6354029062087186
0.5147058823529411 0.0 0.0 0.6527078243884973 0.5063182079264791 0.0 0.46697490092470284
0.39705882352941174 0.0 0.0 0.6625948442187748 0.39977024698449165 0.0 0.5755173932188464
0.5147058823529411 0.0 0.0 0.6517622340311422 0.5134979896611143 0.0 0.4603698811096433
0.5882352941176471 0.0 0.0 0.6495877982416461 0.5887421022400919 0.0 0.39189784236019376
0.45588235294117646 0.0 0.0 0.6510825852761333 0.451751866743251 0.0 0.5233377366798766
0.5147058823529411 0.0 0.0 0.6339434048677753 0.5051694428489374 0.0 0.47776309995596655
0.39705882352941174 0.0 0.0 0.6367579871853369 0.38512349224583575 0.0 0.5973139586085425
0.4264705882352941 0.0 0.0 0.6381387085820578 0.41326823664560597 0.0 0.5722148833113168
0.5882352941176471 0.0 0.0 0.6509566857643789 0.5798391728891442 0.0 0.3947600176133862
0.5588235294117647 0.0 0.0 0.6405114957746545 0.5450890292935094 0.0 0.43571114046675474
0.47058823529411764 0.0 0.0 0.6601233555870651 0.4658242389431361 0.0 0.5052840158520477
0.5588235294117647 0.0 0.0 0.6536592615539994 0.5491097070649053 0.0 0.4244826067811538
0.5882352941176471 0.0 0.0 0.647942897558283 0.5697874784606548 0.0 0.40554821664465
0.6029411764705882 0.0 0.0 0.6520328993499733 0.5941987363584147 0.0 0.3808894760017615
0.5 0.0 0.0 0.6359468517222533 0.49339460080413555 0.0 0.48701012769704977
0.5294117647058824 0.0 0.0 0.6473194530337394 0.5246984491671454 0.0 0.45200352267723476
0.5441176470588235 0.0 0.0 0.6384174050840724 0.5410683515221137 0.0 0.4401144870101277
0.5735294117647058 0.0 0.0 0.6683234144772623 0.5896036760482481 0.0 0.3905768383971818
0.5588235294117647 0.0 0.0 0.6468983600562558 0.5651924181504883 0.0 0.41853808894760014
0.5735294117647058 0.0 0.0 0.6416266744201983 0.5689259046524986 0.0 0.41303390576838395
0.5441176470588235 0.0 0.0 0.6356983690317032 0.5330269959793222 0.0 0.4491413474240423
0.4411764705882353 0.0 0.0 0.6553906502182358 0.451751866743251 0.0 0.5303830911492734
0.5294117647058824 0.0 0.0 0.6370643377786246 0.5140723721998851 0.0 0.47005724350506384
0.4264705882352941 0.0 0.0 0.6449043703969807 0.4270534175761057 0.0 0.5559225011008369
0.4264705882352941 0.0 0.0 0.662584487215028 0.4276278001148765 0.0 0.5460149713782474
0.5147058823529411 0.0 0.0 0.6341632223985172 0.5120620333141872 0.0 0.47468075737560544
0.47058823529411764 0.0 0.0 0.6303286095624803 0.4652498564043653 0.0 0.5198150594451784
0.5294117647058824 0.0 0.0 0.6424733379495295 0.5166570936243539 0.0 0.46125055041831786
0.4852941176470588 0.0 0.0 0.631464011577648 0.4781734635267088 0.0 0.5059445178335535
0.4117647058823529 0.0 0.0 0.6570084970878611 0.41815048822515793 0.0 0.5634081902245707
0.5735294117647058 0.0 0.0 0.6397571763968538 0.5666283744974153 0.0 0.4156759136944077
0.5882352941176471 0.0 0.0 0.6467405173174412 0.5809879379666858 0.0 0.3978423601937473
0.5441176470588235 0.0 0.0 0.6548333965000642 0.5485353245261344 0.0 0.42932628797886396
0.35294117647058826 0.009433962264150941 0.0 0.6459896182722266 0.3420448018380241 0.0 0.6369440774988993
0.6176470588235294 0.0 0.0 0.6513741581685851 0.6275129236071223 0.0 0.35755173932188455
0.5147058823529411 0.0 0.0 0.6563527042518645 0.5192418150488225 0.0 0.4572875385292824
0.5294117647058824 0.0 0.0 0.6414987305463505 0.5134979896611143 0.0 0.46587406428885947
0.4264705882352941 0.0 0.0 0.6418900475550714 0.4118322802986789 0.0 0.5715543813298107
0.6029411764705882 0.0 0.0 0.6474379753038304 0.6053991958644457 0.0 0.3760457948040511
0.5588235294117647 0.0 0.0 0.6360373702478971 0.558012636415853 0.0 0.4319682959048877
0.45588235294117646 0.0 0.0 0.6503912694235272 0.4569213095921884 0.0 0.5217965653896961
0.4852941176470588 0.0 0.0 0.6362698749062393 0.47185525560022973 0.0 0.5134302069572876
0.5735294117647058 0.0 0.0 0.6451533471776393 0.553130384836301 0.0 0.4229414354909732
0.35294117647058826 0.0 0.0 0.6501681088637604 0.34606547960941986 0.0 0.6327608982826949
0.4852941176470588 0.009433962264150941 0.0 0.6633082090468458 0.48564043653072947 0.0 0.48855129898723026
0.47058823529411764 0.0 0.0 0.6463533442364088 0.46410109132682364 0.0 0.5114487010127697
0.39705882352941174 0.0 0.0 0.6418429623557819 0.39029293509477314 0.0 0.5902686041391458
0.5147058823529411 0.0 0.0 0.6283435332174826 0.4997128087306146 0.0 0.49273447820343474
0.38235294117647056 0.0 0.0 0.644774900313361 0.3773693279724296 0.0 0.6032584764420961
0.5441176470588235 0.0 0.0 0.6370625787292462 0.5456634118322803 0.0 0.4462791721708499
0.5588235294117647 0.0 0.0 0.6439953834690688 0.5614589316484779 0.0 0.4269044473800089