0.5882352941176471 0.0 0.0 0.634470579278272 0.5703618609994257 0.0 0.41457507705856467
0.4117647058823529 0.0 0.0 0.6431673411832134 0.41815048822515793 0.0 0.5669308674592691
0.5441176470588235 0.0 0.0 0.6541015791015801 0.5554279149913842 0.0 0.4266842800528403
0.6176470588235294 0.0 0.0 0.6437558763342744 0.6255025847214245 0.0 0.3667987670629679
0.5 0.0 0.0 0.6540763257340798 0.5123492245835727 0.0 0.46917657419638936
0.45588235294117646 0.0 0.0 0.6565490662264852 0.4626651349798966 0.0 0.5145310435931307
0.4852941176470588 0.0 0.0 0.6568033712920078 0.48104537622056287 0.0 0.49273447820343474
0.4117647058823529 0.0 0.0 0.6393610504721609 0.4190120620333142 0.0 0.5678115367679437
0.6323529411764706 0.0 0.0 0.6488052429912905 0.6260769672601952 0.0 0.3564509026860414
0.5294117647058824 0.0 0.0 0.63338888624603 0.5218265364732912 0.0 0.47071774548656975
0.4411764705882353 0.0 0.0 0.6334898817657431 0.424468696151637 0.0 0.5576838397181858
0.4852941176470588 0.0 0.0 0.6454060354628538 0.48736358414704195 0.0 0.4955966534566272
0.4117647058823529 0.0 0.0 0.6538691760913974 0.4112578977599081 0.0 0.5658300308234259
0.47058823529411764 0.0 0.0 0.6698300019872598 0.48190695002871914 0.0 0.4922941435490974
0.5588235294117647 0.0 0.0 0.663858995437944 0.5637564618035612 0.0 0.41303390576838395
0.5147058823529411 0.0 0.0 0.6355326839360458 0.49597932222860425 0.0 0.4898723029502421
0.5294117647058824 0.0 0.0 0.6548495508019329 0.5186674325100517 0.0 0.45530603258476443
0.6176470588235294 0.0 0.0 0.6525169307399284 0.6165996553704768 0.0 0.36547776309995605
0.38235294117647056 0.0 0.0 0.6361349078272149 0.3900057438253877 0.0 0.5995156318802289
0.35294117647058826 0.0 0.0 0.6299560343038599 0.3472142446869615 0.0 0.6417877586966094
0.5147058823529411 0.0 0.0 0.6738309589570104 0.5249856404365307 0.0 0.4491413474240423
0.6617647058823529 0.0 0.0 0.6457480622632151 0.6648477886272257 0.0 0.3227653016292382
0.47058823529411764 0.0 0.0 0.6549065405920245 0.4816197587593337 0.0 0.4995596653456629
0.4852941176470588 0.0 0.0 0.6574349366963004 0.4876507754164273 0.0 0.4883311316600617
0.45588235294117646 0.0 0.0 0.6495842986165561 0.451751866743251 0.0 0.5246587406428886
0.35294117647058826 0.0 0.0 0.6286737216085038 0.3420448018380241 0.0 0.650154117129018
0.5294117647058824 0.0 0.0 0.6659749069272888 0.5364732912119472 0.0 0.43879348304711585
0.4411764705882353 0.0 0.0 0.6517287948322422 0.44830557151062606 0.0 0.5323645970937915
0.5 0.0 0.0 0.6498821044275592 0.5017231476163124 0.0 0.4775429326287979
0.5588235294117647 0.0 0.0 0.6602400918190398 0.5565766800689259 0.0 0.4187582562747689
0.39705882352941174 0.0 0.0 0.6350148901430948 0.40695002871912694 0.0 0.584544253632761
0.4117647058823529 0.0 0.0 0.6391998947554495 0.41585295807007466 0.0 0.5693527080581242
0.4852941176470588 0.0 0.0 0.6560049273117455 0.5 0.0 0.4819462791721709
0.36764705882352944 0.0 0.0 0.6583996373996368 0.37248707639287765 0.0 0.6063408190224571
0.5735294117647058 0.0 0.0 0.6638762646859823 0.5896036760482481 0.0 0.39431968295904885
0.5 0.0 0.0 0.65699704336068 0.5063182079264791 0.0 0.47093791281373854
0.5294117647058824 0.0 0.0 0.6433482126339276 0.5206777713957496 0.0 0.45816820783795675
0.5735294117647058 0.0 0.0 0.6351043468452378 0.5614589316484779 0.0 0.42558344341699694
0.4411764705882353 0.0 0.0 0.6463587115311248 0.45002871912693854 0.0 0.5325847644209599
0.5147058823529411 0.0 0.0 0.6534696116208727 0.5149339460080413 0.0 0.46213121972699267
0.6029411764705882 0.0 0.0 0.6511675654968346 0.6214819069500287 0.0 0.37010127697049766
0.5147058823529411 0.0 0.0 0.660392959048422 0.5327398047099369 0.0 0.4493615147512109
0.4852941176470588 0.0 0.0 0.6489669736828828 0.46869615163699024 0.0 0.5055041831792163
0.4117647058823529 0.0 0.0 0.6434325962103732 0.41815048822515793 0.0 0.5649493615147514
0.5588235294117647 0.0 0.0 0.6434279092173838 0.5508328546812177 0.0 0.42954645530603264
0.5294117647058824 0.0 0.0 0.6518781747353182 0.5232624928202183 0.0 0.45266402465874056
0.5588235294117647 0.0 0.0 0.6459591538538914 0.5666283744974153 0.0 0.4198590929106122
0.4411764705882353 0.0 0.0 0.6604705511602054 0.4491671453187823 0.0 0.5270805812417437
0.47058823529411764 0.0 0.0 0.654359092967964 0.46611143021252155 0.0 0.5083663584324087
0.5588235294117647 0.0 0.0 0.6340845104003 0.5425043078690408 0.0 0.4420959929546455
0.5 0.0 0.0 0.6562421634614154 0.4956921309592188 0.0 0.4788639365918098
0.5 0.0 0.0 0.6529370213862196 0.5109132682366456 0.0 0.47225891677675047
0.5294117647058824 0.0 0.0 0.6545403009688735 0.5479609419873636 0.0 0.4374724790841039
0.39705882352941174 0.0 0.0 0.6334380086516833 0.40752441125789773 0.0 0.5858652575957728
0.5 0.0 0.0 0.6545792986969463 0.4982768523836875 0.0 0.4779832672831352
0.6029411764705882 0.0 0.0 0.6397818847818854 0.5847214244686961 0.0 0.39762219286657874
0.5882352941176471 0.0 0.0 0.6429284960054198 0.574095347501436 0.0 0.407529722589168
0.5294117647058824 0.0 0.0 0.6336688531926629 0.5215393452039058 0.0 0.46543372963452234
0.5294117647058824 0.0 0.0 0.6602234978425463 0.5287191269385411 0.0 0.44627917217085
0.45588235294117646 0.0 0.0 0.6462138578267606 0.4652498564043653 0.0 0.5184940554821664
0.4411764705882353 0.0 0.0 0.6325282635627455 0.4319356691556577 0.0 0.5539409951563188
0.4852941176470588 0.0 0.0 0.6691836887859616 0.4913842619184377 0.0 0.4819462791721709
0.45588235294117646 0.0 0.0 0.6652678504291403 0.4592188397472717 0.0 0.5138705416116249
0.6029411764705882 0.0 0.0 0.6363718733840683 0.5875933371625502 0.0 0.3985028621752533
0.5441176470588235 0.0 0.0 0.6469840886507562 0.5381964388282596 0.0 0.44033465433729646
0.36764705882352944 0.0 0.0 0.6345068450068444 0.36387133831131535 0.0 0.6252752091589608
0.5147058823529411 0.0 0.0 0.6305423521389899 0.48477886272257326 0.0 0.5070453544693968
0.5147058823529411 0.0 0.0 0.6570830569990241 0.5304422745548535 0.0 0.4517833553500662
0.39705882352941174 0.0 0.0 0.6536779301736558 0.40235496840896035 0.0 0.5763980625275209
0.5441176470588235 0.0 0.0 0.6462563129229799 0.5514072372199885 0.0 0.43659180977542933
0.5 0.0 0.0 0.6541940828037087 0.4965537047673751 0.0 0.47952443857331584
0.4411764705882353 0.0 0.0 0.6540089284916865 0.4488799540493969 0.0 0.5314839277851168
0.38235294117647056 0.018867924528301883 0.013333333333333308 0.6450117574732954 0.3687535898908673 0.0 0.6098634962571554
0.4264705882352941 0.0 0.0 0.6488003375934404 0.4267662263067203 0.0 0.5501981505944519
0.4852941176470588 0.0 0.0 0.6518862135339408 0.4965537047673751 0.0 0.48701012769704977
0.5147058823529411 0.0 0.0 0.6554770532921799 0.5252728317059161 0.0 0.45530603258476443
0.5882352941176471 0.0 0.0 0.6375790804636967 0.5781160252728317 0.0 0.40774988991633654
0.5588235294117647 0.0 0.0 0.6547561179140137 0.5465249856404365 0.0 0.42778511668868346
0.5147058823529411 0.0 0.0 0.6645628974200413 0.5189546237794371 0.0 0.45816820783795686
0.5294117647058824 0.0 0.0 0.6549066365733045 0.5456634118322803 0.0 0.4414354909731397
0.47058823529411764 0.0 0.0 0.6567639349897415 0.47501435956346927 0.0 0.5015411712901806
0.4852941176470588 0.0 0.0 0.6536934656252841 0.4807581849511775 0.0 0.49713782474680757