0.27941176470588236 0.009433962264150941 0.0 0.6446104253121795 0.28374497415278577 0.0 0.7034346103038309
0.4264705882352941 0.009433962264150941 0.0 0.6497177425748846 0.42820218265364735 0.0 0.5497578159401145
0.27941176470588236 0.009433962264150941 0.0 0.6263736588297992 0.2759908098793797 0.0 0.7151034786437693
0.27941176470588236 0.009433962264150941 0.0 0.6276498030883997 0.2788627225732338 0.0 0.7126816380449141
0.35294117647058826 0.0 0.0 0.6402717049456177 0.34319356691556574 0.0 0.6431087626596212
0.5147058823529411 0.0 0.0 0.6408093493807786 0.5186674325100517 0.0 0.4678555702333773
0.5735294117647058 0.0 0.0 0.659864149945123 0.565766800689259 0.0 0.40444738000880665
0.6029411764705882 0.009433962264150941 0.0 0.6689528696236029 0.5924755887421023 0.0 0.3734037868780272
0.3088235294117647 0.009433962264150941 0.0 0.6276605933748791 0.3044227455485353 0.0 0.6875825627476884
0.4264705882352941 0.009433962264150941 0.0 0.6432651092749608 0.425904652498564 0.0 0.5537208278291501
0.45588235294117646 0.009433962264150941 0.0 0.6539367323238291 0.44773118897185527 0.0 0.5255394099515631
0.5588235294117647 0.0 0.0 0.6442005047268211 0.5600229753015509 0.0 0.4233817701453104
0.5588235294117647 0.0 0.0 0.6661535793114755 0.5470993681792073 0.0 0.4196389255834434
0.5147058823529411 0.0 0.0 0.6456306718491597 0.5071797817346353 0.0 0.47225891677675025
0.6617647058823529 0.0 0.0 0.6443118273421322 0.657380815623205 0.0 0.32716864817261126
0.5882352941176471 0.0 0.0 0.6501080756849997 0.5631820792647904 0.0 0.4141347424042272
0.39705882352941174 0.0 0.0 0.6497579976212446 0.39086731763354393 0.0 0.5854249229414356
0.5735294117647058 0.0 0.0 0.6476411877221601 0.5539919586444572 0.0 0.4251431087626597
0.47058823529411764 0.0 0.0 0.6315493869929355 0.4649626651349799 0.0 0.523778071334214
0.45588235294117646 0.0 0.0 0.6478416207448459 0.43509477311889716 0.0 0.5387494495816821
0.6176470588235294 0.009433962264150941 0.0 0.6658031605766817 0.6079839172889144 0.0 0.3601937472479083
0.4411764705882353 0.009433962264150941 0.0 0.6530189988810675 0.4348075818495118 0.0 0.5389696169088507
0.45588235294117646 0.009433962264150941 0.0 0.6554452238323205 0.44485927627800115 0.0 0.5266402465874064
0.38235294117647056 0.009433962264150941 0.0 0.6505797108874024 0.3845491097070649 0.0 0.5922501100836637
0.4852941176470588 0.0 0.0 0.6540564654201021 0.49597932222860425 0.0 0.4859092910612064
0.5294117647058824 0.0 0.0 0.6388753926849171 0.5129236071223435 0.0 0.46763540290620864
0.35294117647058826 0.009433962264150941 0.0 0.6645025063503318 0.35611717403790927 0.0 0.6171290180537209
0.5 0.0 0.0 0.6575208609967974 0.49942561746122915 0.0 0.4773227653016293
0.5294117647058824 0.009433962264150941 0.0 0.6530051518146764 0.5244112578977599 0.0 0.4491413474240421
0.4411764705882353 0.009433962264150941 0.0 0.6589768341492473 0.43337162550258473 0.0 0.5374284456186702
0.36764705882352944 0.0 0.0 0.6538468568468562 0.36387133831131535 0.0 0.6094231616028182
0.5294117647058824 0.0 0.0 0.6594058851201718 0.5281447443997702 0.0 0.448701012769705
0.47058823529411764 0.0 0.0 0.6351093574883897 0.47156806433084436 0.0 0.5160722148833112
0.4117647058823529 0.009433962264150941 0.0 0.6294442330156608 0.4118322802986789 0.0 0.5759577278731838
0.3382352941176471 0.009433962264150941 0.0 0.6527007906454546 0.3308443423319931 0.0 0.6415675913694407
0.29411764705882354 0.0 0.0 0.6451562764720661 0.2937966685812751 0.0 0.6917657419638925
0.4852941176470588 0.0 0.0 0.6317871942871945 0.48449167145318783 0.0 0.5046235138705415
0.35294117647058826 0.0 0.0 0.6269781949129772 0.3535324526134406 0.0 0.6413474240422722
0.6764705882352942 0.0 0.0 0.6583183161444046 0.6599655370476738 0.0 0.3102157639806252
0.4852941176470588 0.0 0.0 0.638072438924712 0.48449167145318783 0.0 0.5011008366358433
0.5147058823529411 0.0 0.0 0.6406354989548276 0.5229753015508328 0.0 0.4665345662703654
0.5588235294117647 0.0 0.0 0.6528234133497304 0.558012636415853 0.0 0.4194187582562747
0.5294117647058824 0.0 0.0 0.6424720869958969 0.5203905801263642 0.0 0.4594892118009687
0.36764705882352944 0.0 0.0 0.6630345395345387 0.36817920735209647 0.0 0.6045794804051079
0.5882352941176471 0.0 0.0 0.6460478268170585 0.5729465824238943 0.0 0.4040070453544693
0.6029411764705882 0.0 0.0 0.6381905425198116 0.5956346927053418 0.0 0.3956406869220608
0.4264705882352941 0.009433962264150941 0.0 0.6427482889305542 0.42303273980470996 0.0 0.5561426684280053
0.35294117647058826 0.0 0.0 0.6371052458008974 0.34520390580126364 0.0 0.6433289299867899
0.6029411764705882 0.009433962264150941 0.0 0.6682090808920093 0.5896036760482481 0.0 0.3758256274768823
0.5588235294117647 0.0 0.0 0.6670110985900474 0.5499712808730615 0.0 0.4172170849845882
0.3088235294117647 0.009433962264150941 0.0 0.6365789237217806 0.30786904078116023 0.0 0.6778952003522678
0.3235294117647059 0.009433962264150941 0.0 0.6612951742821871 0.3273980470993682 0.0 0.6481726111845003
0.6323529411764706 0.0 0.0 0.6390993527206167 0.6263641585295807 0.0 0.36525759577278727
0.35294117647058826 0.0 0.0 0.6235494980060194 0.35066053991958646 0.0 0.6479524438573316
0.4852941176470588 0.0 0.0 0.6462564581882766 0.4910970706490523 0.0 0.49185380889476005
0.5588235294117647 0.0 0.0 0.6532936717147255 0.5614589316484779 0.0 0.41853808894760014
0.5147058823529411 0.0 0.0 0.6496120312927042 0.5017231476163124 0.0 0.4757815940114486
0.45588235294117646 0.009433962264150941 0.0 0.6531613428387623 0.4488799540493969 0.0 0.5248789079700572
0.4117647058823529 0.0 0.0 0.6473654799051618 0.4055140723721999 0.0 0.5704535446939674
0.45588235294117646 0.0 0.0 0.670841917938692 0.4391154508902929 0.0 0.5277410832232499
0.5294117647058824 0.0 0.0 0.6488987731844885 0.5183802412406663 0.0 0.4603698811096433
0.4264705882352941 0.0 0.0 0.6550007463800559 0.41326823664560597 0.0 0.5581241743725232
0.5 0.0 0.0 0.6620800668929016 0.48276852383687535 0.0 0.4861294583883753
0.5 0.0 0.0 0.6626280928419969 0.48564043653072947 0.0 0.4837076177895201
0.3235294117647059 0.009433962264150941 0.0 0.6493626863756735 0.3150488225157955 0.0 0.6591809775429327
0.3382352941176471 0.009433962264150941 0.0 0.663846408312811 0.34319356691556574 0.0 0.6305592250110084
0.3088235294117647 0.009433962264150941 0.0 0.6541777006062717 0.31591039632395174 0.0 0.667107001321004
0.4264705882352941 0.009433962264150941 0.0 0.6458825383702222 0.41211947156806433 0.0 0.5625275209158962
0.29411764705882354 0.0 0.0 0.6449605073289282 0.30040206777713957 0.0 0.689564068692206
0.5882352941176471 0.0 0.0 0.6434966884966894 0.574095347501436 0.0 0.4103918978423602
0.5294117647058824 0.0 0.0 0.6804576816481591 0.5295807007466973 0.0 0.43791281373844126
0.5441176470588235 0.0 0.0 0.6664541914541926 0.5373348650201034 0.0 0.4306472919418758
0.5294117647058824 0.009433962264150941 0.0 0.6498935544173648 0.5226881102814475 0.0 0.45508586525759576
0.4411764705882353 0.009433962264150941 0.0 0.652342536135639 0.4460080413555428 0.0 0.5297225891677675
0.5882352941176471 0.0 0.0 0.659601452678377 0.5781160252728317 0.0 0.3914575077058564
0.3235294117647059 0.0 0.0 0.6300969352917405 0.3202182653647329 0.0 0.6701893439013651
0.4411764705882353 0.0 0.0 0.6507228021021119 0.4408385985066054 0.0 0.5365477763099956
0.5441176470588235 0.0 0.0 0.660110668444003 0.5353245261344055 0.0 0.4335094671950682
0.45588235294117646 0.009433962264150941 0.0 0.6405859015536431 0.46438828259620907 0.0 0.5215763980625275
0.5882352941176471 0.009433962264150941 0.0 0.6682793417408813 0.5778288340034463 0.0 0.39035667107001315
0.4264705882352941 0.009433962264150941 0.0 0.649567974444821 0.4270534175761057 0.0 0.5506384852487891
0.36764705882352944 0.009433962264150941 0.0 0.6628889443889439 0.36674325100516947 0.0 0.6041391457507705
0.5882352941176471 0.009433962264150941 0.0 0.6711622992392237 0.5896036760482481 0.0 0.380449141347424
0.47058823529411764 0.0 0.0 0.6498565278807215 0.46352670878805285 0.0 0.508806693086746
0.5588235294117647 0.0 0.0 0.6657384578437228 0.5562894887995405 0.0 0.41391457507705853