0.4852941176470588 0.018867924528301883 0.013333333333333308 0.6426111661907121 0.462952326249282 0.0 0.5127697049757816
0.6323529411764706 0.0 0.0 0.6569194432981826 0.6367030442274555 0.0 0.34302069572875393
0.39705882352941174 0.0 0.0 0.6583032668502746 0.3828259620907524 0.0 0.5900484368119772
0.38235294117647056 0.0 0.0 0.646538230999769 0.38598506605399197 0.0 0.5988551298987231
0.38235294117647056 0.0 0.0 0.6271174295789681 0.3676048248133257 0.0 0.6208718626155879
0.4411764705882353 0.0 0.0 0.655195634505979 0.42274554853532453 0.0 0.5495376486129459
0.4852941176470588 0.0 0.0 0.6409741668264399 0.49253302699597934 0.0 0.49427564949361513
0.5588235294117647 0.009433962264150941 0.0 0.6613652903126601 0.5620333141872487 0.0 0.4134742404227214
0.5 0.0 0.0 0.6767230788621171 0.4945433658816772 0.0 0.4702774108322325
0.5882352941176471 0.0 0.0 0.6534254776562483 0.5950603101665709 0.0 0.3870541611624835
0.38235294117647056 0.0 0.0 0.633167191782576 0.3799540493968983 0.0 0.6074416556583004
0.39705882352941174 0.0 0.0 0.6247821662351573 0.3842619184376795 0.0 0.6067811536767944
0.6176470588235294 0.0 0.0 0.6540347122228674 0.6120045950603101 0.0 0.36459709379128136
0.5147058823529411 0.018867924528301883 0.013333333333333308 0.6638195884414381 0.4922458357265939 0.0 0.4757815940114487
0.6323529411764706 0.0 0.0 0.6544013203481658 0.6243538196438828 0.0 0.3516072214883311
0.6470588235294118 0.0 0.0 0.6553990700396644 0.6502010338885698 0.0 0.33047115808014094
0.4411764705882353 0.0 0.0 0.6351129968371342 0.425904652498564 0.0 0.553280493174813
0.5882352941176471 0.0 0.0 0.6567185521031682 0.5689259046524986 0.0 0.40444738000880665
0.4264705882352941 0.0 0.0 0.6346733999443352 0.4109707064905227 0.0 0.5693527080581242
0.4411764705882353 0.0 0.0 0.6291317239593096 0.42044801838024126 0.0 0.5627476882430648
0.45588235294117646 0.0 0.0 0.6399420412323636 0.4569213095921884 0.0 0.5261999119330691
0.5147058823529411 0.018867924528301883 0.013333333333333308 0.6376605000974757 0.4982768523836875 0.0 0.4812857771906649
0.36764705882352944 0.0 0.0 0.6551243016243011 0.35669155657668006 0.0 0.6173491853808896
0.45588235294117646 0.0 0.0 0.637962682478811 0.4442848937392303 0.0 0.5323645970937914
0.5147058823529411 0.0 0.0 0.6777203841909734 0.5114876507754165 0.0 0.45376486129458393
0.6029411764705882 0.0 0.0 0.6438910005983186 0.5933371625502585 0.0 0.38727432848965215
0.6911764705882353 0.0 0.0 0.6426999765575176 0.6863871338311315 0.0 0.3027300748568913
0.39705882352941174 0.0 0.0 0.625497278916082 0.3897185525560023 0.0 0.6012769704975782
0.47058823529411764 0.0 0.0 0.6567101133633393 0.45605973578403214 0.0 0.5125495376486131
0.5882352941176471 0.0 0.0 0.6498510819664685 0.5855829982768523 0.0 0.39299867899603713
0.4264705882352941 0.0 0.0 0.6284111482387338 0.4080987937966686 0.0 0.5750770585645091
0.45588235294117646 0.0 0.0 0.6548133109423433 0.43509477311889716 0.0 0.5372082782915016
0.39705882352941174 0.0 0.0 0.6526824710585388 0.4000574382538771 0.0 0.5772787318361956
0.45588235294117646 0.018867924528301883 0.013333333333333308 0.6514563930692965 0.4353819643882826 0.0 0.5365477763099957
0.6764705882352942 0.0 0.0 0.6399202461521318 0.6668581275129236 0.0 0.32254513430206966
0.6617647058823529 0.0 0.0 0.6527756642908178 0.6547960941987364 0.0 0.3223249669749009
0.36764705882352944 0.0 0.0 0.621269434269434 0.35927627800114875 0.0 0.6358432408630559
0.47058823529411764 0.0 0.0 0.6339105562895884 0.45203905801263644 0.0 0.5292822545134303
0.6764705882352942 0.0 0.0 0.6424742889960301 0.6708788052843193 0.0 0.31726111845002203
0.4264705882352941 0.0 0.0 0.6340866440620129 0.41240666283744976 0.0 0.568251871422281
0.6911764705882353 0.0 0.0 0.6454611530929776 0.6889718552556002 0.0 0.29744605900484367
0.4117647058823529 0.0 0.0 0.6413613576311983 0.4037909247558874 0.0 0.5746367239101718
0.4117647058823529 0.0 0.0 0.6384442424124958 0.39862148190695 0.0 0.5799207397622194
0.6911764705882353 0.0 0.0 0.6471886526465641 0.6904078116025273 0.0 0.2948040510788199
0.36764705882352944 0.0 0.0 0.6611995966995959 0.36128661688684666 0.0 0.6096433289299867
0.6323529411764706 0.0 0.0 0.6443642797463411 0.6323951751866743 0.0 0.35358872743284897
0.4117647058823529 0.0 0.0 0.6379457256441377 0.39402642159678347 0.0 0.5847644209599296
0.6176470588235294 0.0 0.0 0.6457625868775709 0.6085582998276853 0.0 0.3714222809335095
0.47058823529411764 0.0 0.0 0.6550911566032535 0.4620907524411258 0.0 0.5081461911052401
0.4117647058823529 0.0 0.0 0.6550700181652553 0.39546237794371053 0.0 0.5779392338177014
0.5147058823529411 0.0 0.0 0.644673300555654 0.5198161975875933 0.0 0.46279172170849847
0.5294117647058824 0.0 0.0 0.6448054238530438 0.5212521539345204 0.0 0.4548656979304271
0.5588235294117647 0.018867924528301883 0.013333333333333308 0.6575831154778536 0.5491097070649053 0.0 0.4211800968736241
0.6176470588235294 0.0 0.0 0.652182402705052 0.6019529006318208 0.0 0.37296345222369
0.45588235294117646 0.0 0.0 0.6490339409694243 0.4434233199310741 0.0 0.5277410832232496
0.5 0.0 0.0 0.6605530041358922 0.4870763928776565 0.0 0.48238661382650816
0.4264705882352941 0.0 0.0 0.649003965383275 0.42016082711085584 0.0 0.5550418317921622
0.38235294117647056 0.0 0.0 0.6586974734667035 0.3854106835152211 0.0 0.5904887714663145
0.6176470588235294 0.0 0.0 0.6537587912152388 0.607696726019529 0.0 0.36701893439013644
0.6176470588235294 0.0 0.0 0.6404230367645012 0.6143021252153934 0.0 0.3727432848965214
0.7352941176470589 0.0 0.0 0.6455688846301111 0.7280298678920161 0.0 0.2597974460590048
0.5147058823529411 0.0 0.0 0.6551106130097732 0.5008615738081562 0.0 0.47071774548656975
0.4117647058823529 0.0 0.0 0.6252820518693529 0.40235496840896035 0.0 0.5891677675033025
0.47058823529411764 0.0 0.0 0.6427754593077173 0.46151636990235495 0.0 0.5140907089387936
0.4117647058823529 0.0 0.0 0.6297377519599737 0.3994830557151063 0.0 0.583883751651255
0.4852941176470588 0.0 0.0 0.6510841746637204 0.48018380241240666 0.0 0.49361514751210933
0.5735294117647058 0.0 0.0 0.6458347994785251 0.55944859276278 0.0 0.41699691765741986
0.35294117647058826 0.0 0.0 0.6560743403134702 0.34261918437679495 0.0 0.6334214002642009
0.5735294117647058 0.0 0.0 0.6356120113205139 0.565766800689259 0.0 0.4244826067811537
0.6617647058823529 0.0 0.0 0.6393492141977007 0.6487650775416427 0.0 0.3403786878027302
0.3382352941176471 0.0 0.0 0.6480873101426459 0.34348075818495116 0.0 0.6404667547335975
0.4264705882352941 0.0 0.0 0.6428101591894689 0.414704192992533 0.0 0.5629678555702333
0.45588235294117646 0.0 0.0 0.6332201251556083 0.43452039058012637 0.0 0.5457948040510789
0.39705882352941174 0.0 0.0 0.6412597374135832 0.3782309017805859 0.0 0.598855129898723
0.6617647058823529 0.0 0.0 0.6412600979267664 0.6565192418150488 0.0 0.3309114927344782
0.6323529411764706 0.0 0.0 0.6547828755469969 0.6346927053417576 0.0 0.34522236900044034
0.38235294117647056 0.0 0.0 0.6420349394195541 0.36817920735209647 0.0 0.6067811536767944
0.4264705882352941 0.0 0.0 0.6299423756320301 0.4135554279149914 0.0 0.5693527080581242
0.5882352941176471 0.0 0.0 0.6457212303366158 0.5666283744974153 0.0 0.4134742404227213
0.5147058823529411 0.018867924528301883 0.013333333333333308 0.6476856570133888 0.49885123492245836 0.0 0.4724790841039189
0.6029411764705882 0.0 0.0 0.6621380854917451 0.596496266513498 0.0 0.37560546014971385
0.5147058823529411 0.0 0.0 0.649392335022588 0.49253302699597934 0.0 0.4797446059004844
0.5735294117647058 0.0 0.0 0.6343994062617548 0.5695002871912694 0.0 0.42073976221928666
0.4264705882352941 0.0 0.0 0.6667296441926976 0.4304997128087306 0.0 0.5400704535446941
0.4117647058823529 0.0 0.0 0.6362542072859527 0.3914417001723148 0.0 0.5880669308674593
0.5147058823529411 0.018867924528301883 0.013333333333333308 0.6390089555635784 0.5008615738081562 0.0 0.4779832672831351