0.39705882352941174 0.0 0.0 0.6241093189811131 0.37507179781734634 0.0 0.615808014090709
0.4117647058823529 0.0 0.0 0.6440537857204516 0.4040781160252728 0.0 0.5750770585645092
0.27941176470588236 0.0 0.0 0.6292331125664461 0.28001148765077544 0.0 0.7247908410391898
0.5147058823529411 0.0 0.0 0.6344309658595378 0.4965537047673751 0.0 0.4889916336415676
0.39705882352941174 0.0 0.0 0.6684907052428413 0.40493968983342904 0.0 0.5724350506384853
0.38235294117647056 0.0 0.0 0.6423067018451628 0.38397472716829406 0.0 0.5990752972258917
0.3382352941176471 0.0 0.0 0.6385059165691577 0.3256748994830557 0.0 0.6605019815059445
0.5294117647058824 0.009433962264150941 0.0 0.6648858636953886 0.5143595634692706 0.0 0.4597093791281375
0.5735294117647058 0.009433962264150941 0.0 0.6437862856891203 0.5649052268811028 0.0 0.4172170849845882
0.5882352941176471 0.0 0.0 0.658505219851375 0.5973578403216542 0.0 0.38507265521796574
0.36764705882352944 0.0 0.0 0.6277025012025008 0.35582998276852384 0.0 0.6362835755173932
0.36764705882352944 0.0 0.0 0.6278052688052684 0.35496840896036763 0.0 0.6367239101717305
0.36764705882352944 0.009433962264150941 0.0 0.6437121582121575 0.3572659391154509 0.0 0.6219726992514312
0.38235294117647056 0.0 0.0 0.6276186036186031 0.3630097645031591 0.0 0.6257155438132982
0.36764705882352944 0.0 0.0 0.6331138491138487 0.36731763354394026 0.0 0.6188903566710701
0.5 0.0 0.0 0.6332519530380496 0.48994830557151064 0.0 0.4929546455306033
0.35294117647058826 0.0 0.0 0.6343531669618622 0.34865020103388855 0.0 0.6371642448260678
0.36764705882352944 0.009433962264150941 0.0 0.6481484811484802 0.3661688684663986 0.0 0.6138265081461911
0.5882352941176471 0.0 0.0 0.6469698677390994 0.5829982768523837 0.0 0.39762219286657874
0.4852941176470588 0.0 0.0 0.6286603547967188 0.4744399770246984 0.0 0.5156318802289741
0.47058823529411764 0.0 0.0 0.6416676289660157 0.4764503159103963 0.0 0.5096873623954206
0.5735294117647058 0.0 0.0 0.6495799971508482 0.5703618609994257 0.0 0.4101717305151916
0.4852941176470588 0.0 0.0 0.6340764454400819 0.47759908098793796 0.0 0.5046235138705415
0.38235294117647056 0.0 0.0 0.6315149978226896 0.3710511200459506 0.0 0.6166886833993835
0.5 0.0 0.0 0.6646296662339449 0.5149339460080413 0.0 0.46697490092470284
0.3382352941176471 0.009433962264150941 0.0 0.6350935406271371 0.3225157955198162 0.0 0.6616028181417878
0.5588235294117647 0.0 0.0 0.6505350663245412 0.5577254451464676 0.0 0.42228093350946727
0.47058823529411764 0.0 0.0 0.6358907557496264 0.45720850086157383 0.0 0.521356230735359
0.5 0.0 0.0 0.6343892392020738 0.48994830557151064 0.0 0.4916336415675914
0.47058823529411764 0.0 0.0 0.6424997493545882 0.47156806433084436 0.0 0.5099075297225891
0.35294117647058826 0.009433962264150941 0.0 0.642442078855122 0.33974727168294083 0.0 0.6400264200792602
0.5 0.0 0.0 0.6367585474537348 0.5011487650775417 0.0 0.48546895640686927
0.3235294117647059 0.0 0.0 0.639273088623738 0.3193566915565767 0.0 0.6664464993394981
0.4117647058823529 0.0 0.0 0.6325757869408655 0.39201608271108557 0.0 0.5904887714663145
0.3235294117647059 0.0 0.0 0.6227923831819937 0.3095921883974727 0.0 0.685821224130339
0.6029411764705882 0.0 0.0 0.6456514285172827 0.5907524411257897 0.0 0.3923381770145311
0.4264705882352941 0.0 0.0 0.6479387060667839 0.425904652498564 0.0 0.5521796565389696
0.5441176470588235 0.0 0.0 0.6601535601535613 0.5614589316484779 0.0 0.4214002642007927
0.5147058823529411 0.0 0.0 0.6513640887590473 0.5226881102814475 0.0 0.45992954645530615
0.5294117647058824 0.0 0.0 0.6571127549698988 0.5499712808730615 0.0 0.43659180977542933
0.35294117647058826 0.0 0.0 0.6261606750737184 0.34434233199310743 0.0 0.6486129458388376
0.4264705882352941 0.0 0.0 0.6292048400422775 0.4167145318782309 0.0 0.5700132100396301
0.38235294117647056 0.0 0.0 0.6493874843105607 0.3759333716255026 0.0 0.6017173051519155
0.39705882352941174 0.0 0.0 0.6436366419272398 0.3980470993681792 0.0 0.5830030823425805
0.35294117647058826 0.0 0.0 0.6479021180108132 0.35381964388282594 0.0 0.6261558784676354
0.5294117647058824 0.0 0.0 0.6330870276108375 0.5180930499712809 0.0 0.46631439894319693
0.5294117647058824 0.0 0.0 0.6535080880318986 0.5221137277426766 0.0 0.45442536327608996
0.5735294117647058 0.0 0.0 0.6644212662431298 0.5875933371625502 0.0 0.39520035226772343
0.4264705882352941 0.0 0.0 0.6607012992480967 0.43882825962090755 0.0 0.5429326287978865
0.47058823529411764 0.0 0.0 0.6304223218537733 0.4543365881677197 0.0 0.528841919859093
0.4852941176470588 0.0 0.0 0.6314323618300893 0.4724296381390006 0.0 0.5123293703214443
0.5294117647058824 0.0 0.0 0.6375930594978221 0.5157955198161975 0.0 0.4678555702333774
0.36764705882352944 0.0 0.0 0.6414140489140484 0.3684663986214819 0.0 0.6151475121092032
0.5735294117647058 0.0 0.0 0.643445578263393 0.562894887995405 0.0 0.4202994275649494
0.4411764705882353 0.009433962264150941 0.0 0.655581111098352 0.43767949454336585 0.0 0.535667107001321
0.3382352941176471 0.0 0.0 0.6293390842797953 0.33371625502584723 0.0 0.658960810215764
0.36764705882352944 0.0 0.0 0.6426444851444846 0.3684663986214819 0.0 0.6136063408190224
0.4852941176470588 0.0 0.0 0.6346827730350458 0.47731188971855254 0.0 0.5050638485248788
0.38235294117647056 0.0 0.0 0.639768658691735 0.38110281447444 0.0 0.6014971378247469
0.4411764705882353 0.0 0.0 0.657849264400988 0.42647903503733486 0.0 0.5455746367239103
0.4264705882352941 0.0 0.0 0.6410263655337535 0.4080987937966686 0.0 0.5689123734037869
0.4264705882352941 0.0 0.0 0.6386605184634734 0.4270534175761057 0.0 0.5559225011008366
0.45588235294117646 0.0 0.0 0.6325855387145705 0.44658242389431363 0.0 0.5389696169088507
0.38235294117647056 0.0 0.0 0.6397501814424885 0.3828259620907524 0.0 0.6012769704975782
0.36764705882352944 0.0 0.0 0.6422987197987192 0.36817920735209647 0.0 0.6142668428005285
0.6176470588235294 0.009433962264150941 0.0 0.6499845102632573 0.6111430212521539 0.0 0.3718626155878467
0.3235294117647059 0.0 0.0 0.637666710393983 0.3104537622056289 0.0 0.67591369440775
0.39705882352941174 0.0 0.0 0.6455578293185125 0.39546237794371053 0.0 0.5823425803610746
0.27941176470588236 0.009433962264150941 0.0 0.6263565544267301 0.26220562894887994 0.0 0.7283135182738881
0.3382352941176471 0.009433962264150941 0.0 0.6410202884511184 0.33199310740953475 0.0 0.6481726111845002
0.3382352941176471 0.0 0.0 0.6545295065057909 0.33658816771970135 0.0 0.6439894319682959
0.39705882352941174 0.009433962264150941 0.0 0.6431174238866538 0.38856978747846066 0.0 0.5904887714663145
0.39705882352941174 0.009433962264150941 0.0 0.6416054347678274 0.3854106835152211 0.0 0.5942316160281814
0.36764705882352944 0.0 0.0 0.6424807044807043 0.36990235496840895 0.0 0.6129458388375166
0.4264705882352941 0.0 0.0 0.6339930731556337 0.41786329695577257 0.0 0.5671510347864377
0.45588235294117646 0.0 0.0 0.6383705780479968 0.4586444572085009 0.0 0.5297225891677676
0.39705882352941174 0.0 0.0 0.6517993560728594 0.39029293509477314 0.0 0.5854249229414354
0.47058823529411764 0.0 0.0 0.658188082079211 0.47673750717978175 0.0 0.5024218405988552
0.3088235294117647 0.009433962264150941 0.0 0.6344796209081923 0.29666858127512924 0.0 0.6924262439453985
0.36764705882352944 0.0 0.0 0.6389930994930989 0.36904078116025274 0.0 0.6147071774548658
0.45588235294117646 0.0 0.0 0.6362304959079147 0.4491671453187823 0.0 0.5354469396741524
0.5147058823529411 0.0 0.0 0.6494952013439417 0.5246984491671454 0.0 0.46367239101717317
0.4264705882352941 0.009433962264150941 0.0 0.6477386734775891 0.41815048822515793 0.0 0.5559225011008366
0.38235294117647056 0.0 0.0 0.6358346781423698 0.3845491097070649 0.0 0.6010568031704095
0.47058823529411764 0.0 0.0 0.6265908822360435 0.45835726593911547 0.0 0.5321444297666227
0.39705882352941174 0.0 0.0 0.6214276227096733 0.38052843193566915 0.0 0.6138265081461911