0.6029411764705882 0.0 0.0 0.6483420982811238 0.5921883974727168 0.0 0.38639365918097757
0.6617647058823529 0.0 0.0 0.6468768324828948 0.6625502584721424 0.0 0.322324966974901
0.6470588235294118 0.0 0.0 0.6488417267487046 0.6352670878805284 0.0 0.34346103038309106
0.29411764705882354 0.018867924528301883 0.0 0.6605460329144538 0.2955198161975876 0.0 0.6904447380008807
0.5735294117647058 0.0 0.0 0.6355104110164842 0.5654796094198736 0.0 0.4233817701453104
0.3382352941176471 0.018867924528301883 0.0 0.6651630758350123 0.32940838598506605 0.0 0.6466314398943197
0.35294117647058826 0.0 0.0 0.6296115720028762 0.3446295232624928 0.0 0.6466314398943197
0.6323529411764706 0.0 0.0 0.6579900719435618 0.633543940264216 0.0 0.344782034346103
0.39705882352941174 0.0 0.0 0.644889883778772 0.3785180930499713 0.0 0.6003963011889036
0.4852941176470588 0.0 0.0 0.6313155909746823 0.47932222860425044 0.0 0.506825187142228
0.47058823529411764 0.0 0.0 0.6446199969385453 0.4638139000574383 0.0 0.5140907089387936
0.5 0.0 0.0 0.6357177779637679 0.4910970706490523 0.0 0.4920739762219287
0.4264705882352941 0.0 0.0 0.631258082366456 0.4009190120620333 0.0 0.5874064288859533
0.5 0.0 0.0 0.6573501266014641 0.4867892016082711 0.0 0.484368119771026
0.4852941176470588 0.0 0.0 0.6412528233550963 0.46611143021252155 0.0 0.5132100396301189
0.2647058823529412 0.047169811320754707 0.026666666666666616 0.6530243902792923 0.257323377369328 0.0 0.7324966974900926
0.38235294117647056 0.028301886792452824 0.013333333333333308 0.6715259612182685 0.3678920160827111 0.0 0.6032584764420961
0.36764705882352944 0.0 0.0 0.6339745439745438 0.3518093049971281 0.0 0.6316600616468516
0.39705882352941174 0.0 0.0 0.6442530562188675 0.39546237794371053 0.0 0.5834434169969177
0.5588235294117647 0.0 0.0 0.6446821473137274 0.5496840896036761 0.0 0.4297666226332013
0.4411764705882353 0.018867924528301883 0.013333333333333308 0.655105112001663 0.424468696151637 0.0 0.5473359753412594
0.4411764705882353 0.0 0.0 0.6294559973870313 0.41815048822515793 0.0 0.5708938793483047
0.35294117647058826 0.0 0.0 0.6286797140058009 0.3305571510626077 0.0 0.654557463672391
0.4117647058823529 0.0 0.0 0.6468024626754779 0.40953475014359564 0.0 0.5693527080581242
0.5294117647058824 0.0 0.0 0.6358714389666777 0.5252728317059161 0.0 0.4625715543813298
0.5 0.0 0.0 0.6382498072337649 0.4997128087306146 0.0 0.48568912373403794
0.3382352941176471 0.018867924528301883 0.0 0.6694980908419642 0.33802412406662835 0.0 0.6367239101717306
0.35294117647058826 0.0 0.0 0.6380726962248701 0.3296955772544515 0.0 0.6530162923822105
0.5 0.0 0.0 0.6307795393356896 0.49052268811028144 0.0 0.5022016732716865
0.4411764705882353 0.0 0.0 0.6529409543202643 0.4304997128087306 0.0 0.5429326287978865
0.38235294117647056 0.0 0.0 0.6343336834106061 0.36703044227455484 0.0 0.6162483487450463
0.5 0.0 0.0 0.626028378434796 0.48822515795519816 0.0 0.5096873623954206
0.3382352941176471 0.028301886792452824 0.013333333333333308 0.6612942832310416 0.3193566915565767 0.0 0.6578599735799208
0.3235294117647059 0.0 0.0 0.6466126225866489 0.3095921883974727 0.0 0.6717305151915456
0.38235294117647056 0.009433962264150941 0.0 0.6679263642340555 0.3894313612866169 0.0 0.5849845882870983
0.35294117647058826 0.0 0.0 0.6509032030771158 0.33802412406662835 0.0 0.6413474240422722
0.5735294117647058 0.0 0.0 0.6368912613851891 0.5784032165422172 0.0 0.41325407309555273
0.4852941176470588 0.0 0.0 0.6428534954103134 0.4784606547960942 0.0 0.5002201673271689
0.39705882352941174 0.0 0.0 0.666738136823606 0.39718552556002296 0.0 0.5752972258916778
0.36764705882352944 0.0 0.0 0.6613250823250816 0.35582998276852384 0.0 0.6204315279612505
0.39705882352941174 0.028301886792452824 0.013333333333333308 0.6798172229796152 0.3951751866743251 0.0 0.5726552179656539
0.27941176470588236 0.047169811320754707 0.026666666666666616 0.6461862698704804 0.27024698449167145 0.0 0.7208278291501542
0.5588235294117647 0.0 0.0 0.6491849781323478 0.5448018380241241 0.0 0.4308674592690446
0.4411764705882353 0.0 0.0 0.6376085600223524 0.42906375646180356 0.0 0.5537208278291501
0.38235294117647056 0.0 0.0 0.6574719468565614 0.3871338311315336 0.0 0.5924702774108321
0.5294117647058824 0.0 0.0 0.6605327212470081 0.5163699023549684 0.0 0.452443857331572
0.3382352941176471 0.0 0.0 0.6345240837335699 0.3193566915565767 0.0 0.6660061646851607
0.45588235294117646 0.0 0.0 0.675406433470949 0.45347501435956344 0.0 0.5140907089387936
0.6176470588235294 0.0 0.0 0.6584006392368781 0.6145893164847789 0.0 0.3641567591369441
0.38235294117647056 0.018867924528301883 0.0 0.6720228660228651 0.3765077541642734 0.0 0.5940114487010127
0.4117647058823529 0.028301886792452824 0.013333333333333308 0.6686555067507439 0.40781160252728316 0.0 0.5614266842800528
0.45588235294117646 0.028301886792452824 0.013333333333333308 0.6831630496146623 0.4549109707064905 0.0 0.5107881990312639
0.4852941176470588 0.0 0.0 0.6369870449415902 0.48822515795519816 0.0 0.5011008366358433
0.4117647058823529 0.0 0.0 0.6451708491391023 0.3994830557151063 0.0 0.5768383971818583
0.35294117647058826 0.0 0.0 0.6377103572755742 0.337736932797243 0.0 0.6435490973139586
0.47058823529411764 0.0 0.0 0.6636553298851686 0.47128087306145894 0.0 0.5015411712901806
0.5735294117647058 0.0 0.0 0.6499526564303901 0.5634692705341757 0.0 0.41303390576838395
0.4852941176470588 0.0 0.0 0.6379657589884862 0.4753015508328547 0.0 0.5055041831792163
0.4264705882352941 0.0 0.0 0.6542947337282307 0.42016082711085584 0.0 0.553280493174813
0.5147058823529411 0.0 0.0 0.6442623669514433 0.5005743825387708 0.0 0.4782034346103039
0.5147058823529411 0.0 0.0 0.6349448777179875 0.5051694428489374 0.0 0.47996477322765296
0.4264705882352941 0.0 0.0 0.6689020475966277 0.4213095921883975 0.0 0.5499779832672831
0.4852941176470588 0.0 0.0 0.6458687987097079 0.46410109132682364 0.0 0.513210039630119
0.5 0.0 0.0 0.6352166451096938 0.4870763928776565 0.0 0.49647732276530165
0.4852941176470588 0.0 0.0 0.6405040456176823 0.4672601952900632 0.0 0.5123293703214442
0.38235294117647056 0.028301886792452824 0.013333333333333308 0.6714300912762445 0.37076392877656517 0.0 0.598855129898723
0.5 0.0 0.0 0.6630303149019733 0.4890867317633544 0.0 0.4806252752091591
0.4117647058823529 0.0 0.0 0.6473514287006342 0.4112578977599081 0.0 0.5658300308234259
0.5 0.009433962264150941 0.0 0.6372157155579621 0.49310740953475013 0.0 0.4889916336415677
0.35294117647058826 0.018867924528301883 0.0 0.6644500024934804 0.34175761056863874 0.0 0.6336415675913694
0.38235294117647056 0.009433962264150941 0.0 0.6637002826233587 0.3894313612866169 0.0 0.5867459269044474
0.35294117647058826 0.0 0.0 0.6325116509899116 0.34606547960941986 0.0 0.6400264200792602
0.5588235294117647 0.0 0.0 0.6333342412289785 0.5534175761056864 0.0 0.4354909731395862
0.47058823529411764 0.0 0.0 0.6544317913269526 0.4646754738655945 0.0 0.5105680317040951
0.4117647058823529 0.028301886792452824 0.013333333333333308 0.6805078519364225 0.4006318207926479 0.0 0.5642888595332454
0.5 0.0 0.0 0.6625830497488258 0.490235496840896 0.0 0.4797446059004845
0.4852941176470588 0.0 0.0 0.6341481540345179 0.4707064905226881 0.0 0.5107881990312639
0.35294117647058826 0.0 0.0 0.630847916174003 0.3363009764503159 0.0 0.650154117129018
0.38235294117647056 0.0 0.0 0.6331479973018432 0.3578403216542217 0.0 0.6259357111404669
0.4264705882352941 0.018867924528301883 0.013333333333333308 0.6442078447004548 0.4141298104537622 0.0 0.5605460149713783
0.4117647058823529 0.0 0.0 0.6658667023746379 0.39919586444572086 0.0 0.5702333773667988
0.39705882352941174 0.018867924528301883 0.0 0.668065268065267 0.39718552556002296 0.0 0.5748568912373404
0.5588235294117647 0.0 0.0 0.6386387991651156 0.5470993681792073 0.0 0.4354909731395862
0.5588235294117647 0.0 0.0 0.6576901919007193 0.5425043078690408 0.0 0.4319682959048877
0.4264705882352941 0.0 0.0 0.6492238604307563 0.4170017231476163 0.0 0.5574636723910172
0.45588235294117646 0.028301886792452824 0.013333333333333308 0.6798535275954628 0.4480183802412407 0.0 0.5160722148833113
0.4852941176470588 0.0 0.0 0.6386512267194085 0.4842044801838024 0.0 0.5004403346543373
0.4411764705882353 0.0 0.0 0.6271551692241345 0.4247558874210224 0.0 0.5671510347864377
0.45588235294117646 0.0 0.0 0.6495958879829845 0.4417001723147616 0.0 0.5321444297666227
0.5588235294117647 0.0 0.0 0.6370281370281374 0.5603101665709362 0.0 0.42888595332452684
0.4852941176470588 0.0 0.0 0.6530217467717472 0.4724296381390006 0.0 0.5
0.39705882352941174 0.0 0.0 0.643990039716535 0.3756461803561172 0.0 0.6056803170409513
0.4117647058823529 0.0 0.0 0.6437686358321271 0.4029293509477312 0.0 0.5755173932188464
0.4411764705882353 0.009433962264150941 0.0 0.6418390039079691 0.42906375646180356 0.0 0.5482166446499339
0.36764705882352944 0.0 0.0 0.661258167758167 0.36990235496840895 0.0 0.6072214883311317
0.36764705882352944 0.0 0.0 0.6310918895918894 0.3457782883400345 0.0 0.6398062527520916
0.39705882352941174 0.018867924528301883 0.0 0.6804357402647992 0.3983342906375646 0.0 0.5711140466754734
0.45588235294117646 0.0 0.0 0.6632936955517598 0.4488799540493969 0.0 0.5233377366798766
0.5441176470588235 0.0 0.0 0.6492189492189505 0.5315910396323952 0.0 0.4438573315719948
0.35294117647058826 0.0 0.0 0.6330706732880644 0.34060884549109705 0.0 0.647732276530163
0.47058823529411764 0.0 0.0 0.6636084345761768 0.46438828259620907 0.0 0.5077058564509027
0.4117647058823529 0.0 0.0 0.6464185872916024 0.408385985066054 0.0 0.5702333773667989
0.4411764705882353 0.0 0.0 0.6596227527262007 0.43882825962090755 0.0 0.5336856010568033
0.47058823529411764 0.0 0.0 0.6466234482363514 0.45347501435956344 0.0 0.5246587406428886