0.6323529411764706 0.0 0.0 0.6650269872861256 0.6378518093049971 0.0 0.34214002642007935
0.4852941176470588 0.0 0.0 0.6268118665845935 0.4730040206777714 0.0 0.527520915896081
0.6029411764705882 0.0 0.0 0.6424561346512578 0.6008041355542791 0.0 0.3839718185821225
0.6617647058823529 0.0 0.0 0.6505827113402897 0.668581275129236 0.0 0.32034346103038314
0.45588235294117646 0.0 0.0 0.6512272434853076 0.43624353819643885 0.0 0.5378687802730074
0.45588235294117646 0.009433962264150941 0.0 0.6638136415555763 0.4709936817920735 0.0 0.5085865257595774
0.38235294117647056 0.0 0.0 0.6205347643809174 0.3632969557725445 0.0 0.6298987230295024
0.45588235294117646 0.018867924528301883 0.013333333333333308 0.6598411862927986 0.4391154508902929 0.0 0.5308234258036109
0.5441176470588235 0.009433962264150941 0.0 0.6553749220415893 0.5677771395749569 0.0 0.4218405988551299
0.5147058823529411 0.0 0.0 0.638126215521174 0.5057438253877082 0.0 0.47446059004843677
0.47058823529411764 0.009433962264150941 0.0 0.6565403682339163 0.4764503159103963 0.0 0.500660501981506
0.3382352941176471 0.009433962264150941 0.0 0.6376284892095166 0.34003446295232626 0.0 0.65147512109203
0.47058823529411764 0.009433962264150941 0.0 0.6644117307423758 0.49597932222860425 0.0 0.4874504623513871
0.5 0.0 0.0 0.6387771369054793 0.5025847214244687 0.0 0.48568912373403783
0.4852941176470588 0.009433962264150941 0.0 0.6447982047413866 0.49253302699597934 0.0 0.49097313958608546
0.39705882352941174 0.018867924528301883 0.0 0.6700544944134679 0.38512349224583575 0.0 0.5843240863055923
0.6029411764705882 0.0 0.0 0.6423816224425992 0.5962090752441126 0.0 0.38573315719947154
0.6176470588235294 0.0 0.0 0.642153291282213 0.6191843767949454 0.0 0.3683399383531484
0.47058823529411764 0.009433962264150941 0.0 0.651784617712037 0.4787478460654796 0.0 0.5017613386173492
0.38235294117647056 0.0 0.0 0.6536471562625401 0.3704767375071798 0.0 0.6014971378247469
0.5147058823529411 0.009433962264150941 0.0 0.6515069057926208 0.5353245261344055 0.0 0.45354469396741537
0.6764705882352942 0.0 0.0 0.6552816587599222 0.6771970132107984 0.0 0.30779392338177014
0.47058823529411764 0.0 0.0 0.6338339751646199 0.44485927627800115 0.0 0.5354469396741524
0.4411764705882353 0.0 0.0 0.6500189593293033 0.4247558874210224 0.0 0.5504183179216204
0.4411764705882353 0.018867924528301883 0.013333333333333308 0.65629868216075 0.4224583572659391 0.0 0.5495376486129459
0.47058823529411764 0.009433962264150941 0.0 0.6545154778017681 0.4732912119471568 0.0 0.5035226772346983
0.39705882352941174 0.0 0.0 0.6592629276389951 0.40522688110281446 0.0 0.5774988991633643
0.5294117647058824 0.0 0.0 0.6655821162964032 0.5169442848937392 0.0 0.451783355350066
0.5588235294117647 0.0 0.0 0.6510279115542287 0.5715106260769672 0.0 0.4150154117129018
0.36764705882352944 0.0 0.0 0.6548574573574567 0.35611717403790927 0.0 0.6151475121092029
0.5588235294117647 0.0 0.0 0.6486428933797365 0.5637564618035612 0.0 0.4167767503302511
0.4852941176470588 0.0 0.0 0.6496585064766882 0.4896611143021252 0.0 0.49031263760457966
0.47058823529411764 0.0 0.0 0.6498227802663287 0.4595060310166571 0.0 0.5151915455746368
0.47058823529411764 0.009433962264150941 0.0 0.6607340016614209 0.479035037334865 0.0 0.49735799207397624
0.45588235294117646 0.0 0.0 0.6328950977338067 0.4330844342331993 0.0 0.5468956406869221
0.5735294117647058 0.0 0.0 0.6567963300756833 0.5660539919586445 0.0 0.40929106120651704
0.4264705882352941 0.0 0.0 0.6430691640051239 0.4167145318782309 0.0 0.5598855129898725
0.45588235294117646 0.0 0.0 0.6520393465554747 0.45548535324526135 0.0 0.520695728753853
0.6029411764705882 0.009433962264150941 0.0 0.6474447774447789 0.6105686387133831 0.0 0.37494495816820794
0.5588235294117647 0.0 0.0 0.6404593509856676 0.5413555427914991 0.0 0.43857331571994707
0.6176470588235294 0.0 0.0 0.6421432677530251 0.6039632395175186 0.0 0.37868780273007485
0.47058823529411764 0.0 0.0 0.6295538355014157 0.44773118897185527 0.0 0.5336856010568032
0.5882352941176471 0.0 0.0 0.6644503288734065 0.5772544514646755 0.0 0.3945398502862175
0.6617647058823529 0.0 0.0 0.6573743035864272 0.670591614014934 0.0 0.3159401144870102
0.45588235294117646 0.0 0.0 0.6357854212692916 0.4411257897759908 0.0 0.5396301188903567
0.5735294117647058 0.0 0.0 0.6498237779614311 0.5634692705341757 0.0 0.4150154117129018
0.5441176470588235 0.0 0.0 0.6556428639761982 0.5557151062607697 0.0 0.4269044473800089
0.4264705882352941 0.009433962264150941 0.0 0.6667345243699914 0.43423319931074095 0.0 0.5409511228533685
0.6029411764705882 0.0 0.0 0.6511724725139374 0.6120045950603101 0.0 0.37406428885953324
0.35294117647058826 0.0 0.0 0.6566156669417537 0.3437679494543366 0.0 0.6281373844121534
0.35294117647058826 0.0 0.0 0.6436580126797514 0.33974727168294083 0.0 0.6378247468075737
0.47058823529411764 0.0 0.0 0.6470193896605184 0.46611143021252155 0.0 0.5105680317040951
0.6176470588235294 0.0 0.0 0.6431581774787368 0.6191843767949454 0.0 0.36701893439013644
0.45588235294117646 0.0 0.0 0.6617752379042694 0.44485927627800115 0.0 0.5255394099515631
0.5882352941176471 0.0 0.0 0.6606603154680085 0.5827110855829982 0.0 0.3923381770145311
0.45588235294117646 0.0 0.0 0.6484817452559382 0.4551981619758759 0.0 0.5233377366798766
0.5294117647058824 0.0 0.0 0.6470376977519843 0.5338885697874785 0.0 0.44627917217085
0.6176470588235294 0.0 0.0 0.6361758515068628 0.6097070649052269 0.0 0.37934830471158065
0.5735294117647058 0.0 0.0 0.6439235378506644 0.5723721998851234 0.0 0.4088507265521797
0.6029411764705882 0.0 0.0 0.6397955838199747 0.6010913268236645 0.0 0.38727432848965215
0.6029411764705882 0.0 0.0 0.6699909169421384 0.5987937966685812 0.0 0.37318361955085866
0.4852941176470588 0.0 0.0 0.6615358231835503 0.4922458357265939 0.0 0.48392778511668866
0.5735294117647058 0.0 0.0 0.6627701957661483 0.5631820792647904 0.0 0.4086305592250111
0.4117647058823529 0.0 0.0 0.6450245815325173 0.39890867317633544 0.0 0.5752972258916778
0.5588235294117647 0.0 0.0 0.6332547727284572 0.5404939689833429 0.0 0.4462791721708498
0.5588235294117647 0.0 0.0 0.6544550676129636 0.5442274554853532 0.0 0.4304271246147072
0.5 0.0 0.0 0.6463586621340633 0.5017231476163124 0.0 0.47776309995596655
0.47058823529411764 0.0 0.0 0.6646527643503446 0.4770246984491672 0.0 0.49801849405548215
0.36764705882352944 0.0 0.0 0.6188618973618968 0.348937392303274 0.0 0.6435490973139586
0.5 0.0 0.0 0.6378684892053879 0.5037334865020103 0.0 0.48502862175253203
0.5 0.0 0.0 0.6422957019213705 0.5005743825387708 0.0 0.48172611184500236
0.47058823529411764 0.009433962264150941 0.0 0.662632260212905 0.4813325674899483 0.0 0.4966974900924702
0.5588235294117647 0.0 0.0 0.6601999786210324 0.5488225157955198 0.0 0.423601937472479
0.6176470588235294 0.0 0.0 0.6541135854724723 0.6197587593337163 0.0 0.36305592250110097
0.4117647058823529 0.0 0.0 0.6419949685822693 0.39919586444572086 0.0 0.575737560546015
0.6029411764705882 0.0 0.0 0.6341154644813184 0.5927627800114876 0.0 0.39586085424922923
0.5588235294117647 0.0 0.0 0.6632818659134458 0.5516944284893739 0.0 0.42007926023778075
0.5 0.0 0.0 0.6749845223107255 0.4997128087306146 0.0 0.4713782474680758
0.4852941176470588 0.0 0.0 0.6356527311072766 0.4758759333716255 0.0 0.5039630118890357
0.45588235294117646 0.009433962264150941 0.0 0.6604955140439006 0.46639862148190697 0.0 0.5118890356671071
0.4411764705882353 0.0 0.0 0.6378385088729909 0.42647903503733486 0.0 0.5504183179216204
0.5735294117647058 0.0 0.0 0.664019276569885 0.5646180356117174 0.0 0.40532804931748123
0.4411764705882353 0.0 0.0 0.6610644910644902 0.4319356691556577 0.0 0.539409951563188