0.4264705882352941 0.0 0.0 0.6510298677786357 0.4408385985066054 0.0 0.5442536327608983
0.5 0.0 0.0 0.6319090891283407 0.4833429063756462 0.0 0.5044033465433728
0.5 0.0 0.0 0.6471541233573324 0.49339460080413555 0.0 0.48480845442536324
0.5 0.0 0.0 0.6636299430417085 0.4764503159103963 0.0 0.49097313958608546
0.5882352941176471 0.0 0.0 0.6692440180901733 0.5930499712808731 0.0 0.3808894760017614
0.4411764705882353 0.0 0.0 0.6276864514795542 0.43423319931074095 0.0 0.5554821664464994
0.4264705882352941 0.0 0.0 0.6501979684245689 0.4112578977599081 0.0 0.5605460149713783
0.5294117647058824 0.0 0.0 0.6350701503082461 0.5215393452039058 0.0 0.4632320563628358
0.4264705882352941 0.0 0.0 0.6576886304718811 0.4471568064330844 0.0 0.5383091149273447
0.6470588235294118 0.0 0.0 0.6384611805859175 0.628661688684664 0.0 0.3582122413033906
0.6176470588235294 0.0 0.0 0.6520387084847032 0.6200459506031016 0.0 0.361074416556583
0.5 0.0 0.0 0.6416159400116626 0.5025847214244687 0.0 0.480625275209159
0.6911764705882353 0.0 0.0 0.6497251900119638 0.6927053417576106 0.0 0.29348304711580797
0.5294117647058824 0.009433962264150941 0.0 0.6694123513171144 0.5186674325100517 0.0 0.44892118009687354
0.4117647058823529 0.0 0.0 0.6411319720843524 0.40752441125789773 0.0 0.5719947159841481
0.6617647058823529 0.0 0.0 0.6499452119149106 0.648190695002872 0.0 0.32959048877146635
0.6176470588235294 0.0 0.0 0.6598776562191216 0.6114302125215394 0.0 0.36327608982826953
0.6323529411764706 0.0 0.0 0.6489144914394097 0.6232050545663412 0.0 0.35601056803170406
0.45588235294117646 0.0 0.0 0.6421817489559422 0.46783457782883403 0.0 0.5217965653896961
0.35294117647058826 0.0 0.0 0.6532433749825051 0.3523836875358989 0.0 0.6296785557023338
0.45588235294117646 0.0 0.0 0.6654825819341943 0.45089029293509475 0.0 0.5171730515191545
0.5735294117647058 0.0 0.0 0.6330423287913173 0.5551407237219989 0.0 0.43328929986789966
0.4411764705882353 0.0 0.0 0.6288721368031708 0.4353819643882826 0.0 0.5523998238661383
0.6323529411764706 0.0 0.0 0.6453737169684027 0.6226306720275704 0.0 0.3586525759577279
0.6029411764705882 0.0 0.0 0.6600929558246647 0.5944859276278002 0.0 0.37890797005724364
0.6470588235294118 0.0 0.0 0.645649347129264 0.6372774267662263 0.0 0.3447820343461032
0.5735294117647058 0.0 0.0 0.6441955480417028 0.5548535324526135 0.0 0.4227212681638045
0.6911764705882353 0.0 0.0 0.6446308804773205 0.6751866743251005 0.0 0.3110964332892999
0.5441176470588235 0.0 0.0 0.6575263741930418 0.5344629523262493 0.0 0.43857331571994707
0.5588235294117647 0.0 0.0 0.6571124939546005 0.5697874784606548 0.0 0.407970057243505
0.5882352941176471 0.0 0.0 0.6352321183090421 0.5873061458931649 0.0 0.40444738000880676
0.5735294117647058 0.0 0.0 0.6453324977616485 0.5600229753015509 0.0 0.4156759136944077
0.6470588235294118 0.0 0.0 0.6464927661016471 0.6364158529580701 0.0 0.34456186701893443
0.5441176470588235 0.0 0.0 0.6628538045204722 0.5370476737507179 0.0 0.43328929986789966
0.5882352941176471 0.0 0.0 0.6334320238166398 0.580413555427915 0.0 0.408630559225011
0.5294117647058824 0.0 0.0 0.6767070936118568 0.5140723721998851 0.0 0.4487010127697051
0.4852941176470588 0.0 0.0 0.6302801995983812 0.479035037334865 0.0 0.5096873623954205
0.45588235294117646 0.0 0.0 0.6471588029652541 0.4626651349798966 0.0 0.520695728753853
0.5 0.0 0.0 0.6511938249906171 0.48564043653072947 0.0 0.4859092910612066
0.47058823529411764 0.0 0.0 0.650166321134063 0.4744399770246984 0.0 0.5048436811977104
0.5147058823529411 0.0 0.0 0.6640850745892772 0.4939689833429064 0.0 0.4696169088507266
0.5294117647058824 0.0 0.0 0.6513427049141344 0.5109132682366456 0.0 0.46147071774548654
0.5882352941176471 0.0 0.0 0.6557263320724875 0.5959218839747271 0.0 0.38331131660061646
0.6029411764705882 0.0 0.0 0.6356207207426724 0.5850086157380816 0.0 0.4015852047556143
0.4411764705882353 0.0 0.0 0.6484768870975763 0.42389431361286617 0.0 0.5484368119771026
0.5441176470588235 0.0 0.0 0.6741470158136835 0.530729465824239 0.0 0.4330691325407311
0.5441176470588235 0.0 0.0 0.6360919944253285 0.532165422171166 0.0 0.4495816820783797
0.4852941176470588 0.0 0.0 0.6526362000793822 0.4956921309592188 0.0 0.48414795244385733
0.47058823529411764 0.0 0.0 0.6566631732962376 0.4787478460654796 0.0 0.4984588287098194
0.6617647058823529 0.0 0.0 0.6414497399345904 0.6536473291211947 0.0 0.33179216204315287
0.4411764705882353 0.0 0.0 0.6645550617964404 0.43452039058012637 0.0 0.5328049317481285
0.5588235294117647 0.0 0.0 0.6476507923876356 0.5519816197587594 0.0 0.42624394539850297
0.5441176470588235 0.0 0.0 0.6658946075612754 0.5241240666283745 0.0 0.44187582562747696
0.45588235294117646 0.0 0.0 0.6304991782411132 0.45203905801263644 0.0 0.5354469396741524
0.39705882352941174 0.0 0.0 0.6369973805871233 0.3897185525560023 0.0 0.592029942756495
0.4264705882352941 0.0 0.0 0.6523344745019614 0.4118322802986789 0.0 0.5581241743725232
0.4264705882352941 0.0 0.0 0.6572611843547795 0.45089029293509475 0.0 0.5396301188903567
0.4117647058823529 0.0 0.0 0.6495286900048799 0.419586444572085 0.0 0.5651695288419198
0.5 0.018867924528301883 0.013333333333333308 0.6681731122907605 0.47759908098793796 0.0 0.4876706296785558
0.4264705882352941 0.0 0.0 0.6545400822494412 0.4304997128087306 0.0 0.5484368119771026
0.4852941176470588 0.0 0.0 0.6578370282915739 0.48736358414704195 0.0 0.4876706296785557
0.47058823529411764 0.0 0.0 0.6550025131678358 0.4551981619758759 0.0 0.5140907089387936
0.5882352941176471 0.0 0.0 0.6691937336168118 0.5844342331993108 0.0 0.38507265521796574
0.4117647058823529 0.0 0.0 0.6586612094548594 0.425904652498564 0.0 0.5550418317921622
0.5147058823529411 0.0 0.0 0.633154651137845 0.5043078690407812 0.0 0.480625275209159
0.47058823529411764 0.0 0.0 0.644687839042678 0.45376220562894887 0.0 0.5217965653896961
0.4852941176470588 0.0 0.0 0.6483214071282261 0.4781734635267088 0.0 0.4984588287098195
0.4411764705882353 0.0 0.0 0.6615828105483271 0.43509477311889716 0.0 0.5345662703654779
0.6323529411764706 0.0 0.0 0.6549950111411923 0.6272257323377369 0.0 0.350506384852488
0.5735294117647058 0.0 0.0 0.6394237865897796 0.5640436530729466 0.0 0.4180977542932628
0.4411764705882353 0.0 0.0 0.6519566512669954 0.46151636990235495 0.0 0.5284015852047557
0.38235294117647056 0.0 0.0 0.6412434744742431 0.3917288914417002 0.0 0.5997357992073975
0.5882352941176471 0.0 0.0 0.6681028231028247 0.5910396323951752 0.0 0.38265081461911044
0.5588235294117647 0.0 0.0 0.6670384775647946 0.5416427340608846 0.0 0.4251431087626597
0.45588235294117646 0.0 0.0 0.6512362905911288 0.4385410683515221 0.0 0.5314839277851168
0.6470588235294118 0.0 0.0 0.6453620492732559 0.6490522688110282 0.0 0.33487450462351376
0.5735294117647058 0.0 0.0 0.6574798945244301 0.5631820792647904 0.0 0.4103918978423603
0.5 0.0 0.0 0.6504923676046678 0.47960941987363587 0.0 0.4929546455306032
0.6323529411764706 0.0 0.0 0.6399576921171612 0.6053991958644457 0.0 0.37956847203874955
0.5 0.0 0.0 0.6558702438381588 0.4850660539919586 0.0 0.48326728313518275
0.4117647058823529 0.0 0.0 0.6597848800229745 0.40493968983342904 0.0 0.5656098634962572
0.39705882352941174 0.0 0.0 0.6641971513766379 0.3960367604824813 0.0 0.5763980625275209
0.5147058823529411 0.0 0.0 0.6581846444871664 0.49511774842044803 0.0 0.47622192866578616
0.4117647058823529 0.0 0.0 0.6523782948386118 0.4063756461803561 0.0 0.5680317040951123
0.6323529411764706 0.0 0.0 0.6425615359170189 0.6168868466398622 0.0 0.3674592690444738
0.4264705882352941 0.0 0.0 0.648543355932518 0.43595634692705343 0.0 0.5484368119771026
0.4852941176470588 0.0 0.0 0.6517961415688691 0.5 0.0 0.48480845442536324