0.44845454545454544 0.0 0.0 0.4959516646226451 0.4494217691449214 0.0 0.5480372552746604
0.44063636363636366 0.0 0.0 0.49581342723098415 0.44174393797146927 0.0 0.556172590762211
0.446 0.0 0.0 0.4942468994414959 0.44465759845214464 0.0 0.5527907241969194
0.44281818181818183 0.0 0.0 0.49581583984222377 0.44500197911709943 0.0 0.5533427105113078
0.44081818181818183 0.0 0.0 0.4959448043586149 0.4425134358473122 0.0 0.5557559399353713
0.44936363636363635 0.0 0.0 0.4960337017942849 0.4504920642405692 0.0 0.5470868656148999
0.44327272727272726 0.0 0.0 0.4953371466108637 0.44460901362804317 0.0 0.5536772476715438
0.449 0.0 0.0 0.49491770297380533 0.44969613050455337 0.0 0.5482683900399155
0.44472727272727275 0.0 0.0 0.4958881901776 0.4467403155441429 0.0 0.5515742254324253
0.4420909090909091 0.0 0.0 0.49544998966311926 0.4439123929883525 0.0 0.5545135905721327
0.44563636363636366 0.0 0.0 0.49457973120566673 0.44548068253104073 0.0 0.5523056453145792
0.444 0.0 0.0 0.4955808123942892 0.44505270738932307 0.0 0.5527968066907428
0.44272727272727275 0.0 0.0 0.49556068689062444 0.4442274798623049 0.0 0.5541091047329388
0.44845454545454544 0.0 0.0 0.49564908203338703 0.4504949221713987 0.0 0.547600836342899
0.44827272727272727 0.0 0.0 0.4947933044724179 0.4486065443758065 0.0 0.5495137806500656
0.44436363636363635 0.0 0.0 0.49480796020423534 0.4450169832539543 0.0 0.5535327884432611
0.44581818181818184 0.0 0.0 0.49469360989039163 0.4449162411922144 0.0 0.5524501045428611
0.44572727272727275 0.0 0.0 0.49500858239431006 0.4466202824493039 0.0 0.5517445352594552
0.44836363636363635 0.0 0.0 0.4953784783836453 0.44919313467856137 0.0 0.5487458658049797
0.44436363636363635 0.0 0.0 0.49524985655493503 0.44607513214357675 0.0 0.5523330165367779
0.4420909090909091 0.0 0.0 0.4949757546365461 0.4431400371816801 0.0 0.5553271241208877
0.4476363636363636 0.0 0.0 0.4946087190331794 0.4476605692712419 0.0 0.5503151492111769
0.44972727272727275 0.0 0.0 0.4948328855494927 0.45010410013046454 0.0 0.547685991256414
0.44172727272727275 0.0 0.0 0.4949747669464895 0.44247413929840657 0.0 0.5557681049230181
0.4431818181818182 0.0 0.0 0.4944224658441648 0.4435122826722225 0.0 0.5547918646645117
0.44327272727272726 0.0 0.0 0.49511520985773494 0.444372519851902 0.0 0.5540908572514726
0.44981818181818184 0.0 0.0 0.4954717599433038 0.4512008310862852 0.0 0.5469150351644163
0.446 0.0 0.0 0.49534126096019404 0.44667243968694226 0.0 0.5514039156053978
0.44163636363636366 0.0 0.0 0.49606266983661584 0.4431000261500671 0.0 0.5549348032693389
0.4469090909090909 0.0 0.0 0.4946689404443014 0.44696466311425864 0.0 0.5509583729329028
0.44645454545454544 0.0 0.0 0.4960621301976943 0.44850222990052974 0.0 0.5497221060634843
0.4460909090909091 0.0 0.0 0.49510029855214505 0.44711827689634426 0.0 0.5512290439080006
0.44081818181818183 0.0 0.0 0.49457720780927916 0.4415088731607429 0.0 0.556853830070327
0.44936363636363635 0.0 0.0 0.49605182514913787 0.4520317744749624 0.0 0.5465622505227118
0.4450909090909091 0.0 0.0 0.4948909901098645 0.4456214356243936 0.0 0.5527922448203759
0.44372727272727275 0.0 0.0 0.49480646683097856 0.44400527574031123 0.0 0.5540984603687509
0.4471818181818182 0.0 0.0 0.49459322682013046 0.4479935182128787 0.0 0.5505037065196716
0.4451818181818182 0.0 0.0 0.49590336010656844 0.44757411686364956 0.0 0.5507728568713162
0.44163636363636366 0.0 0.0 0.4958512038794305 0.44399455849970065 0.0 0.5545029462079434
0.446 0.0 0.0 0.4956208611641985 0.4480621085527867 0.0 0.5504748146740146
0.4469090909090909 0.0 0.0 0.4948685391942358 0.4473762051537067 0.0 0.5505493252233413
0.4451818181818182 0.0 0.0 0.4954243822103081 0.4471261362061254 0.0 0.5514890705189119
0.44463636363636366 0.0 0.0 0.4955180978744424 0.4459379514637607 0.0 0.552329975289868
0.4461818181818182 0.0 0.0 0.49567682142904484 0.4477248727149057 0.0 0.55052499524805
0.4415454545454545 0.0 0.0 0.495556122419525 0.4430457254643066 0.0 0.5552389279604616
0.44545454545454544 0.0 0.0 0.4944294233947057 0.4454956866678956 0.0 0.5525261357156426
0.44545454545454544 0.0 0.0 0.49504287181062884 0.445890795605074 0.0 0.5522052841665062
0.4480909090909091 0.0 0.0 0.4955500946296022 0.4498940422144963 0.0 0.5480311727808391
0.44163636363636366 0.0 0.0 0.4957802987341843 0.4433136564795722 0.0 0.555080783121078
0.45181818181818184 0.0 0.0 0.49559170928187174 0.4533842902400233 0.0 0.5446508268390031
0.44281818181818183 0.0 0.0 0.4957225287449853 0.444298213650335 0.0 0.5537259076221241
0.44527272727272726 0.0 0.0 0.4951473212134872 0.44679533071261074 0.0 0.5515955141608039
0.4461818181818182 0.0 0.0 0.49548574048514016 0.44806139407007933 0.0 0.5504322372172574
0.4431818181818182 0.0 0.0 0.49548430050764425 0.44461687293782426 0.0 0.5535312678198054
0.4491818181818182 0.0 0.0 0.49510933441451693 0.4500826656492433 0.0 0.5481178483178102
0.44336363636363635 0.0 0.0 0.4953720169559149 0.4448748011951867 0.0 0.5536559589431655
0.4441818181818182 0.0 0.0 0.4955133337792014 0.44597439008183687 0.0 0.5522721915985543
0.44745454545454544 0.0 0.0 0.496054586993674 0.44980901877231866 0.0 0.5485603497433931
0.4435454545454545 0.0 0.0 0.49464139841226973 0.4438373723040781 0.0 0.5544223531647972
0.4445454545454545 0.0 0.0 0.4958763729221988 0.4466988755471151 0.0 0.5517323702718094
0.44681818181818184 0.0 0.0 0.4951031617012348 0.4477877471931547 0.0 0.5502756130013291
0.4421818181818182 0.0 0.0 0.494525280020337 0.44245699171342956 0.0 0.5558410948488869
0.44636363636363635 0.0 0.0 0.49520432772259604 0.44753696376286606 0.0 0.5506071089146545
0.446 0.0 0.0 0.49481217654629867 0.446159441103047 0.0 0.5518433757840702
0.45227272727272727 0.0 0.0 0.4950853985671971 0.4529020144125452 0.0 0.5450249002090848
0.44145454545454543 0.0 0.0 0.4958190396269342 0.4426606192850314 0.0 0.5555476145219524