0.3982727272727273 0.0 0.0 0.45080560967256345 0.37948050464812666 0.0 0.6215044842946735
0.3849090909090909 0.0 0.0 0.4529447612489834 0.36869214455762556 0.0 0.6321749858555219
0.38627272727272727 0.0 0.0 0.4524839065028764 0.36881472277631294 0.0 0.6318105082403949
0.38581818181818184 0.0 0.0 0.4525909392047567 0.3687576180639927 0.0 0.6319355591376352
0.39 0.0 0.0 0.451217843693315 0.3716606050342727 0.0 0.6291432641029188
0.3917272727272727 0.0 0.0 0.4510652587337673 0.3735411222848186 0.0 0.6274871022199568
0.38645454545454544 0.0 0.0 0.4523220383251312 0.3690382188055663 0.0 0.6316458070586637
0.3871818181818182 0.0 0.0 0.45164281442293924 0.36928879034497153 0.0 0.631296579552957
0.3841818181818182 0.0 0.0 0.4530749093082995 0.3678468963588854 0.0 0.6327026396414377
0.3866363636363636 0.0 0.0 0.45219521088572917 0.36924743865673965 0.0 0.6313545299687514
0.3988181818181818 0.0 0.0 0.450684558441128 0.38002349169717176 0.0 0.620992080618177
0.3921818181818182 0.0 0.0 0.45102291083149265 0.3738256612824143 0.0 0.627253775545838
0.38936363636363636 0.0 0.0 0.4512768809216811 0.3709719025124104 0.0 0.6297059931404996
0.38745454545454544 0.0 0.0 0.4513736204566855 0.36929125175498534 0.0 0.6314201054392553
0.39454545454545453 0.0 0.0 0.4509701307700487 0.3760330537827934 0.0 0.6250196345158762