0.47555555555555556 0.0 0.0 0.6903419118252313 0.4838738338516215 0.0 0.5128106461439805
0.5133333333333333 0.0 0.0 0.6735288397048259 0.5086035835924774 0.0 0.4894981561648235
0.48444444444444446 0.0 0.0 0.6803526557317604 0.4885236191322375 0.0 0.5069745069745075
0.5088888888888888 0.0 0.0 0.6716717826428741 0.5033910854435066 0.0 0.4974827641494316
0.43777777777777777 0.0 0.0 0.6907051588442022 0.44454316600029614 0.0 0.5508096841430179
0.49777777777777776 0.0 0.0 0.6817355879997917 0.49977787649933364 0.0 0.4950136283469627
0.42444444444444446 0.0 0.0 0.6844989597960395 0.4278690952169406 0.0 0.5688632355299028
0.5622222222222222 0.0 0.0 0.6747032502351494 0.5593069746779209 0.0 0.4410453743787085
0.5133333333333333 0.0 0.0 0.6797694437774184 0.5160077002813565 0.0 0.4789161455828128
0.5444444444444444 0.0 0.0 0.6747663201921789 0.540204353620613 0.0 0.45839345839345946
0.5355555555555556 0.0 0.0 0.6778075139876625 0.5361468976751074 0.0 0.46028539361872767
0.47333333333333333 0.0 0.0 0.6756396460064514 0.47383385162150155 0.0 0.5229437229437237
0.49333333333333335 0.0 0.0 0.6835316474279626 0.4953946394195172 0.0 0.4984126984126993
0.44222222222222224 0.0 0.0 0.6858379422663343 0.44557974233673925 0.0 0.5503286836620174
0.5577777777777778 0.0 0.0 0.6749026061766815 0.5548941211313491 0.0 0.4453102453102461
0.5266666666666666 0.0 0.0 0.6828294212956868 0.5315267288612469 0.0 0.46397306397306504
0.43555555555555553 0.0 0.0 0.6803414625294227 0.43639863764252923 0.0 0.5599166265832938
0.4911111111111111 0.0 0.0 0.6805771001302388 0.4956315711535614 0.0 0.5000481000481006
0.5244444444444445 0.0 0.0 0.6824317898385219 0.5298089737894269 0.0 0.4658649991983336
0.5177777777777778 0.0 0.0 0.6782684781933916 0.5232045017029469 0.0 0.47526054192720957
0.52 0.0 0.0 0.6782533558932642 0.5214275136976159 0.0 0.4738496071829411
0.4177777777777778 0.0 0.0 0.6840364544963478 0.4191618539908189 0.0 0.5778419111752451
0.4488888888888889 0.0 0.0 0.6889929828144521 0.45585665630090333 0.0 0.5400673400673406
0.4711111111111111 0.0 0.0 0.680453417421587 0.47104990374648303 0.0 0.5241301907968583
0.5333333333333333 0.0 0.0 0.6738688155990692 0.528209684584629 0.0 0.47080327080327156
0.48444444444444446 0.0 0.0 0.6783100836588851 0.4837849844513549 0.0 0.5105659772326449
0.5111111111111111 0.0 0.0 0.6794416760289371 0.5127795054050052 0.0 0.4821548821548829
0.5377777777777778 0.0 0.0 0.6755216229880777 0.5403228194876352 0.0 0.4573673240339917
0.5488888888888889 0.0 0.0 0.6796754487493549 0.549148526580779 0.0 0.4471380471380477
0.4533333333333333 0.0 0.0 0.6896985778186917 0.46148378498445136 0.0 0.5343915343915351
0.46444444444444444 0.0 0.0 0.6714663636598702 0.45792980897378943 0.0 0.5413500080166752
0.5022222222222222 0.0 0.0 0.682146119365979 0.5066785132533689 0.0 0.48827962161295546
0.5311111111111111 0.0 0.0 0.677017532027576 0.5274692729157412 0.0 0.4690396023729365
0.4177777777777778 0.0 0.0 0.6828602636598421 0.41925070339108544 0.0 0.5782587782587787
0.5222222222222223 0.0 0.0 0.6723846644057819 0.5164519472826892 0.0 0.48420715087381816
0.46444444444444444 0.0 0.0 0.6728120201526658 0.4601806604472086 0.0 0.5373416706750048
0.5244444444444445 0.0 0.0 0.6780301977795515 0.5229675699689027 0.0 0.47211800545133986
0.4711111111111111 0.0 0.0 0.6747857854010472 0.46847327113875314 0.0 0.5277537277537285
0.43555555555555553 0.0 0.0 0.6851541113011155 0.4390641196505257 0.0 0.5568061568061573
0.5466666666666666 0.0 0.0 0.6793446732087628 0.5460684140382053 0.0 0.45002405002405066
0.5266666666666666 0.0 0.0 0.6788877106227612 0.5286243151192063 0.0 0.466987333654001
0.5022222222222222 0.0 0.0 0.6785199400769006 0.502324892640308 0.0 0.4929934263267607
0.4911111111111111 0.0 0.0 0.6702728823692157 0.48425884791944324 0.0 0.5168189834856508
0.5088888888888888 0.0 0.0 0.6719279309127183 0.503361468976751 0.0 0.49745069745069825
0.5066666666666667 0.0 0.0 0.672684810579603 0.5010810010365764 0.0 0.49751483084816484
0.43777777777777777 0.0 0.0 0.6840214394636158 0.43989338071968015 0.0 0.5557479557479562
0.4533333333333333 0.0 0.0 0.6772678117811437 0.45354657189397307 0.0 0.544203944203945
0.5111111111111111 0.0 0.0 0.6736885807099047 0.5067081297201244 0.0 0.4912297578964253
0.45555555555555555 0.0 0.0 0.685434759111337 0.461750333185251 0.0 0.5353535353535359
0.4066666666666667 0.0 0.0 0.681900967452674 0.4068414038205242 0.0 0.5915985249318587
0.47333333333333333 0.0 0.0 0.6742680728968439 0.47232341181697024 0.0 0.525156325156326
0.5155555555555555 0.0 0.0 0.6739089408993402 0.5104990374648305 0.0 0.48731762065095474
0.45111111111111113 0.0 0.0 0.6887503785839835 0.45798904190730044 0.0 0.5380150713484051
0.4911111111111111 0.0 0.0 0.677546511026693 0.49184066340885535 0.0 0.5032547699214371
0.4711111111111111 0.0 0.0 0.6822307288558567 0.4724418776839923 0.0 0.5215969215969223
0.5111111111111111 0.0 0.0 0.6820311038202408 0.5144380275433141 0.0 0.48071188071188153
0.4177777777777778 0.0 0.0 0.6822296782728817 0.4188064563897527 0.0 0.5787077120410459
0.48 0.0 0.0 0.6716143722000726 0.47288612468532504 0.0 0.5264710598043939
0.47333333333333333 0.0 0.0 0.6724904613663829 0.46918406634088555 0.0 0.5298701298701307
0.5444444444444444 0.0 0.0 0.6743156022291222 0.5415370946246113 0.0 0.45765592432259206
0.5266666666666666 0.0 0.0 0.6795261540651013 0.5279431363838294 0.0 0.46689113355780065
0.5244444444444445 0.0 0.0 0.6785383311160448 0.5232045017029469 0.0 0.47205387205387306
0.5311111111111111 0.0 0.0 0.6739174550368592 0.5271138753146749 0.0 0.47208593875260596
0.5355555555555556 0.0 0.0 0.6754300766871674 0.5379238856804384 0.0 0.4598364598364608
0.4711111111111111 0.0 0.0 0.6850230372244347 0.4760847030949208 0.0 0.5202180535513876
0.4911111111111111 0.0 0.0 0.6723271943544044 0.48855323559899305 0.0 0.5110149110149118
0.4955555555555556 0.0 0.0 0.6835740037092716 0.49794165556049164 0.0 0.49597562930896355
0.49777777777777776 0.0 0.0 0.6809875938979054 0.5046349770472383 0.0 0.49209555876222644
0.5288888888888889 0.0 0.0 0.6829331524819764 0.5338368132681771 0.0 0.4618887285553963
0.5644444444444444 0.0 0.0 0.6787852698375579 0.5667110913668 0.0 0.43046336379669825
0.5355555555555556 0.0 0.0 0.6766234638440193 0.5330075521990226 0.0 0.4641654641654652
0.48 0.0 0.0 0.6706087001253799 0.4742780986228343 0.0 0.5264710598043938
0.5155555555555555 0.0 0.0 0.6781192247829123 0.5155042203465127 0.0 0.4797819464486136
0.4911111111111111 0.0 0.0 0.6734761812990836 0.48932326373463647 0.0 0.5096681096681103
0.5111111111111111 0.0 0.0 0.6746123559664482 0.5065896638531023 0.0 0.49078082411415835
0.49777777777777776 0.0 0.0 0.6763410876263741 0.49480231008440695 0.0 0.5013949013949022
0.4822222222222222 0.0 0.0 0.674902973543616 0.4784836369021176 0.0 0.518390251723586
0.46444444444444444 0.0 0.0 0.6882541545181219 0.47030949207759515 0.0 0.5248677248677256
0.5 0.0 0.0 0.6836723784374067 0.5025322079075967 0.0 0.4918710918710927
0.54 0.0 0.0 0.6741409828529661 0.5369169258107508 0.0 0.4620169953503297
0.5377777777777778 0.0 0.0 0.6745917848664056 0.534577224937065 0.0 0.46467853134519865
0.48 0.0 0.0 0.6738398963822267 0.47605508662816526 0.0 0.520859387526055
0.5266666666666666 0.0 0.0 0.6772443623541895 0.5282393010513846 0.0 0.4679172679172685
0.5 0.0 0.0 0.6843415573419134 0.5034799348437732 0.0 0.49055635722302493
0.5244444444444445 0.0 0.0 0.6793623244213393 0.5242114615726344 0.0 0.47067500400833806
0.5311111111111111 0.0 0.0 0.6782816928996754 0.5333629498000888 0.0 0.46294692961359674
0.5288888888888889 0.0 0.0 0.6783118626474693 0.5305493854583149 0.0 0.4651274651274656
0.5066666666666667 0.0 0.0 0.6754794095946032 0.504220346512661 0.0 0.4920955587622259
0.45555555555555555 0.0 0.0 0.6774343821778653 0.45535317636605954 0.0 0.5433381433381438
0.4911111111111111 0.0 0.0 0.6745072749484492 0.48784244039686064 0.0 0.5091871091871099
0.5044444444444445 0.0 0.0 0.6752536099675173 0.5010810010365764 0.0 0.49626422959756344
0.44666666666666666 0.0 0.0 0.68934786061882 0.4524803790907745 0.0 0.5428892095558767
0.5333333333333333 0.0 0.0 0.678962440068951 0.5351103213386643 0.0 0.4604777938111281
0.4444444444444444 0.0 0.0 0.680821198738621 0.4450170294683844 0.0 0.5516754850088188
0.5377777777777778 0.0 0.0 0.6779600214083792 0.5408855323559899 0.0 0.45653358986692383
0.49333333333333335 0.0 0.0 0.6809835394872887 0.5003998223011995 0.0 0.49623216289883065
0.5022222222222222 0.0 0.0 0.6742024012989645 0.5005775211017326 0.0 0.4970658970658973
0.5244444444444445 0.0 0.0 0.6804175260856613 0.529868206722938 0.0 0.46647426647426704
0.4955555555555556 0.0 0.0 0.6748865291719339 0.4929957056123204 0.0 0.5038961038961048
0.4888888888888889 0.0 0.0 0.6806046434466921 0.49453576188360726 0.0 0.5018438351771695
0.46444444444444444 0.0 0.0 0.6720176158418691 0.46109877091662965 0.0 0.5375661375661385
0.4688888888888889 0.0 0.0 0.6796888705728105 0.4713460684140382 0.0 0.5248035914702589
0.48444444444444446 0.0 0.0 0.6736781771012355 0.4786909521694062 0.0 0.5198653198653207
0.5066666666666667 0.0 0.0 0.6838701376492707 0.5092551458610988 0.0 0.4853615520282196
0.48444444444444446 0.0 0.0 0.6737234938235832 0.47901673330371686 0.0 0.5194163860830536
0.47555555555555556 0.0 0.0 0.6802400022477673 0.4788982674366948 0.0 0.5158890492223831
0.4666666666666667 0.0 0.0 0.6859824216368561 0.46980601214275136 0.0 0.5256052589385932
0.5511111111111111 0.0 0.0 0.678874559875037 0.5556345328002369 0.0 0.4411095077761755
0.48 0.0 0.0 0.6896737810734871 0.48816822153117134 0.0 0.5085457752124428