0.5488888888888889 0.0 0.0 0.675506786821133 0.54577224937065 0.0 0.45153118486451893
0.5088888888888888 0.0 0.0 0.6759977902043635 0.5046942099807493 0.0 0.49039602372935764
0.47333333333333333 0.0 0.0 0.6910453844556308 0.4825707093143788 0.0 0.5134840468173807
0.4444444444444444 0.0 0.0 0.6756619113958786 0.44519472826891754 0.0 0.551066217732885
0.4888888888888889 0.0 0.0 0.6821058509135776 0.49302532207907596 0.0 0.5018759018759025
0.49333333333333335 0.0 0.0 0.6837397236804045 0.49498000888494004 0.0 0.4983485650152324
0.5044444444444445 0.0 0.0 0.6848451908200416 0.5112098326669628 0.0 0.484110950777618
0.4577777777777778 0.0 0.0 0.6743242043301171 0.4586109877091663 0.0 0.5380792047458722
0.47333333333333333 0.0 0.0 0.6735084836662293 0.4704279579446172 0.0 0.5257335257335265
0.5622222222222222 0.0 0.0 0.6813224684355934 0.5632459647564045 0.0 0.4319704986371655
0.4822222222222222 0.0 0.0 0.6746330697861177 0.4810602695098475 0.0 0.5145101811768484
0.5377777777777778 0.0 0.0 0.6754879603391597 0.5341033614689767 0.0 0.46233766233766316
0.5644444444444444 0.0 0.0 0.6808756177213404 0.568665778172664 0.0 0.4274170274170279
0.48444444444444446 0.0 0.0 0.676295974416013 0.48396268325188807 0.0 0.5113355780022455
0.41555555555555557 0.0 0.0 0.6755844427820293 0.41356434177402634 0.0 0.5815616482283155
0.46444444444444444 0.0 0.0 0.6739657055513404 0.4633792388568044 0.0 0.5325637325637333
0.4777777777777778 0.0 0.0 0.6755993964934244 0.4743077150895898 0.0 0.5201859868526543
0.42444444444444446 0.0 0.0 0.6851711049049712 0.42810602695098476 0.0 0.5661696328363
0.44 0.0 0.0 0.6866469883809885 0.4442766177994965 0.0 0.5491742825076164
0.4911111111111111 0.0 0.0 0.6763306731327443 0.48861246853250406 0.0 0.5059483726150402
0.40444444444444444 0.0 0.0 0.6792125134604224 0.4047682511476381 0.0 0.5911175244508584
0.5311111111111111 0.0 0.0 0.6831253455340627 0.5367984599437288 0.0 0.4575917909251248
0.5177777777777778 0.0 0.0 0.6802987187407797 0.517992003553976 0.0 0.47586980920314315
0.4066666666666667 0.0 0.0 0.6794817914838291 0.4070487190878128 0.0 0.5887445887445892
0.4711111111111111 0.0 0.0 0.6767216012712037 0.47460387975714496 0.0 0.521853455186789
0.42 0.0 0.0 0.6850439852698342 0.42197541833259294 0.0 0.5720057720057725
0.56 0.0 0.0 0.6813273581924042 0.5642233081593366 0.0 0.4311046977713646
0.4622222222222222 0.0 0.0 0.6789362590403953 0.4600621945801866 0.0 0.532980599647267
0.5622222222222222 0.0 0.0 0.6822952212210456 0.5660002961646675 0.0 0.4290844957511626
0.4311111111111111 0.0 0.0 0.6761084891842494 0.42902413742040574 0.0 0.5664261664261669
0.42 0.0 0.0 0.6874903379613909 0.42538131200947726 0.0 0.5680295013628353
0.45555555555555555 0.0 0.0 0.6890241946633311 0.46779209240337627 0.0 0.5291005291005297
0.5244444444444445 0.0 0.0 0.6774249503800583 0.5239449133718347 0.0 0.47102773769440487
0.43777777777777777 0.0 0.0 0.687280824252177 0.44249962979416557 0.0 0.5510662177328849
0.5533333333333333 0.0 0.0 0.6783732507137943 0.5526136531911743 0.0 0.44306557639891053
0.4088888888888889 0.0 0.0 0.6807997838838905 0.411076558566563 0.0 0.5845117845117851
0.5266666666666666 0.0 0.0 0.6867212049096997 0.5352287872056863 0.0 0.46041366041366094
0.4622222222222222 0.0 0.0 0.6793556462692436 0.4619280319857841 0.0 0.5313772647105988
0.4711111111111111 0.0 0.0 0.684899623233677 0.480112542573671 0.0 0.5168831168831176
0.5644444444444444 0.0 0.0 0.6827407069018977 0.5681030653043092 0.0 0.42639089305755995
0.5111111111111111 0.0 0.0 0.6780763953706167 0.5160373167481119 0.0 0.47962161295494676
0.4266666666666667 0.0 0.0 0.6802713415006495 0.4278690952169406 0.0 0.5668109668109673
0.4533333333333333 0.0 0.0 0.6734662579222195 0.45336887309343993 0.0 0.5435305435305442
0.5355555555555556 0.0 0.0 0.6809700870921377 0.5402635865541241 0.0 0.4549302549302552
0.42 0.0 0.0 0.6788260910592604 0.4232193099363246 0.0 0.5738335738335743
0.4488888888888889 0.0 0.0 0.6847691870344216 0.4531023248926403 0.0 0.5406124739458078
0.5488888888888889 0.0 0.0 0.6762926002554203 0.5470457574411373 0.0 0.45002405002405066
0.5466666666666666 0.0 0.0 0.6819389321880215 0.552199022656597 0.0 0.4434824434824437
0.44222222222222224 0.0 0.0 0.6738310977275219 0.44084110765585666 0.0 0.5556196889530229
0.47555555555555556 0.0 0.0 0.6776449372805834 0.47398193395527916 0.0 0.5195767195767202
0.5155555555555555 0.0 0.0 0.6769850959157792 0.5200651562268621 0.0 0.47612634279301
0.5333333333333333 0.0 0.0 0.6834306702873937 0.540204353620613 0.0 0.4548661215327886
0.4777777777777778 0.0 0.0 0.6778135541627239 0.4757885384273656 0.0 0.5177809844476519
0.44666666666666666 0.0 0.0 0.6804956025179846 0.45076262401895456 0.0 0.5451659451659459
0.4577777777777778 0.0 0.0 0.6816494761546323 0.4597364134458759 0.0 0.5332050665384005
0.46 0.0 0.0 0.6887120230872832 0.4715237672145713 0.0 0.5253807920474591
0.5088888888888888 0.0 0.0 0.6745923438684871 0.5057900192507034 0.0 0.48991502324835734
0.4222222222222222 0.0 0.0 0.6846033237664002 0.4276913964164075 0.0 0.5676767676767681
0.5422222222222223 0.0 0.0 0.6800730732431555 0.545594550570117 0.0 0.44983164983165014
0.44666666666666666 0.0 0.0 0.6802477523501156 0.4508810898859766 0.0 0.5445566778900119
0.5466666666666666 0.0 0.0 0.6752909344200407 0.5435510143639863 0.0 0.453904120570788
0.5444444444444444 0.0 0.0 0.6817057815824814 0.5497112394491337 0.0 0.4452781786115123
0.41333333333333333 0.0 0.0 0.6810882883670811 0.4185991411224641 0.0 0.5774250440917112
0.4666666666666667 0.0 0.0 0.679786460472905 0.4706056567451503 0.0 0.5251563251563258
0.5466666666666666 0.0 0.0 0.6753094387551652 0.5434621649637198 0.0 0.453904120570788
0.47555555555555556 0.0 0.0 0.6766199681322496 0.4760847030949208 0.0 0.5193522526855868
0.4066666666666667 0.0 0.0 0.6806384063790837 0.40876647415963274 0.0 0.5867885201218541
0.4622222222222222 0.0 0.0 0.6836154416742048 0.4685028876055087 0.0 0.524995991662659
0.4955555555555556 0.0 0.0 0.6729096730673999 0.493084555012587 0.0 0.5036395703062375
0.4866666666666667 0.0 0.0 0.6756015110889515 0.48627276765881833 0.0 0.5087381754048428
0.4533333333333333 0.0 0.0 0.684652999932302 0.4584629053753887 0.0 0.534744268077602
0.4822222222222222 0.0 0.0 0.672829712746843 0.4813860506441581 0.0 0.5155363155363164
0.47333333333333333 0.0 0.0 0.6764082732649538 0.4703983414778617 0.0 0.5238736572069913
0.52 0.0 0.0 0.6823156353166179 0.5253072708425884 0.0 0.46939233605900343
0.5288888888888889 0.0 0.0 0.6810201064486887 0.5330075521990226 0.0 0.46211319544652907
0.47555555555555556 0.0 0.0 0.6737135995143125 0.47238264475048125 0.0 0.5237453904120579
0.4866666666666667 0.0 0.0 0.6759120292544428 0.48677624759366206 0.0 0.5081930415263756
0.42444444444444446 0.0 0.0 0.676179537438755 0.42298237820228046 0.0 0.5713965047298386
0.42444444444444446 0.0 0.0 0.6815804744564719 0.4291129868206723 0.0 0.5666185666185674
0.46 0.0 0.0 0.6748225802771893 0.4612468532504072 0.0 0.5353535353535362
0.4666666666666667 0.0 0.0 0.6735976226908775 0.4630830741892492 0.0 0.5325637325637333
0.5288888888888889 0.0 0.0 0.6780721619872254 0.5262549977787649 0.0 0.46794933461600186
0.4622222222222222 0.0 0.0 0.6780511095210375 0.46038797571449724 0.0 0.5338143338143344
0.5555555555555556 0.0 0.0 0.6811134728800693 0.5559010810010365 0.0 0.439570306236973
0.5066666666666667 0.0 0.0 0.675778163040543 0.5020583444395084 0.0 0.492961359628027
0.49777777777777776 0.0 0.0 0.6824816083378354 0.5005775211017326 0.0 0.49437229437229535
0.44666666666666666 0.0 0.0 0.6729009276769706 0.4462905375388716 0.0 0.5504248837582177
0.46444444444444444 0.0 0.0 0.6779780842308382 0.4676440100695987 0.0 0.5285233285233292
0.5155555555555555 0.0 0.0 0.6752458696380811 0.51248334073745 0.0 0.4839826839826846
0.56 0.0 0.0 0.6822625386364999 0.5648452539612024 0.0 0.4297578964245633
0.4888888888888889 0.0 0.0 0.6825880730823906 0.495898119354361 0.0 0.4994708994709002
0.5088888888888888 0.0 0.0 0.6733514143709003 0.5072708425884792 0.0 0.48917748917749004
0.5155555555555555 0.0 0.0 0.6788577052363399 0.5164519472826892 0.0 0.4795254128587467
0.4955555555555556 0.0 0.0 0.6803438828824179 0.495898119354361 0.0 0.4978996312329653
0.4911111111111111 0.0 0.0 0.6822773547894071 0.49820820376129127 0.0 0.4972903639570313
0.5355555555555556 0.0 0.0 0.68911196207133 0.5432548496964312 0.0 0.4521404521404524
0.4622222222222222 0.0 0.0 0.6789084981525505 0.46053605804827485 0.0 0.5327881994548668
0.4222222222222222 0.0 0.0 0.683351173520906 0.4228639123352584 0.0 0.5710758377425049
0.4666666666666667 0.0 0.0 0.6781055891685516 0.46536354212942393 0.0 0.5283629950296624
0.4288888888888889 0.0 0.0 0.6757303331709047 0.429438767954983 0.0 0.5674202340869013
0.5 0.0 0.0 0.686097948609246 0.5072116096549681 0.0 0.4879589546256219
0.45111111111111113 0.0 0.0 0.6756466716987738 0.4533096401599289 0.0 0.5432098765432106
0.4955555555555556 0.0 0.0 0.6764097415662854 0.494002665482008 0.0 0.5007215007215015
0.4288888888888889 0.0 0.0 0.6738882989270808 0.4281948763512513 0.0 0.5690556357223029
0.4311111111111111 0.0 0.0 0.6838373899473438 0.43699096697763956 0.0 0.5586018919352258
0.5222222222222223 0.0 0.0 0.6762010758057656 0.5196505256922849 0.0 0.47683181016514387
0.4866666666666667 0.0 0.0 0.6718707363992437 0.483903450318377 0.0 0.5129709796376472
0.47333333333333333 0.0 0.0 0.680916127583771 0.479253665037761 0.0 0.5165624498957839
0.4888888888888889 0.0 0.0 0.6823132584443607 0.4951280912187176 0.0 0.5006573673240349
0.4488888888888889 0.0 0.0 0.6746768619081263 0.4501999111505997 0.0 0.5468013468013475