0.4911111111111111 0.0 0.0 0.6763278419408051 0.4934991855471642 0.0 0.5017797017797024
0.4488888888888889 0.004405286343612369 0.0 0.6901629294304025 0.45736709610543463 0.0 0.5378547378547383
0.4311111111111111 0.0 0.0 0.6848118992352962 0.43693173404412855 0.0 0.5599486932820269
0.44 0.0 0.0 0.6788225013914947 0.4416703687250111 0.0 0.5530864197530869
0.5066666666666667 0.0 0.0 0.6824361519985883 0.5112986820672294 0.0 0.48260381593714985
0.5622222222222222 0.0 0.0 0.6812570344533766 0.5676292018362209 0.0 0.4269360269360274
0.54 0.0 0.0 0.6770323100172466 0.5429290685621205 0.0 0.452268718935386
0.46444444444444444 0.0 0.0 0.675882063381029 0.4644158151932474 0.0 0.5305435305435311
0.45555555555555555 0.0 0.0 0.6803394215897659 0.46275729305493857 0.0 0.5331729998396669
0.4711111111111111 0.0 0.0 0.6728227715668288 0.4697171627424848 0.0 0.5262786596119935
0.43555555555555553 0.004405286343612369 0.0 0.6831769814298864 0.4423811639271435 0.0 0.5539842873176211
0.4488888888888889 0.0 0.0 0.6778900573866753 0.44966681474900044 0.0 0.5450376783710124
0.4666666666666667 0.0 0.0 0.6727236370871579 0.46311269065600474 0.0 0.5337502004168676
0.5666666666666667 0.0 0.0 0.6810751767160484 0.5734932622538131 0.0 0.4214205547538884
0.5 0.004405286343612369 0.0 0.6921343152824502 0.5112394491337183 0.0 0.4818021484688155
0.4577777777777778 0.0 0.0 0.6725373269466597 0.4564489856360136 0.0 0.5396184062850736
0.44 0.0 0.0 0.6787265350349806 0.4416999851917666 0.0 0.5531505531505535
0.5111111111111111 0.0 0.0 0.6746189316037655 0.5059677180512365 0.0 0.4897226230559567
0.5822222222222222 0.0 0.0 0.6833686517883351 0.5861987264919295 0.0 0.4079525412858749
0.5933333333333334 0.0 0.0 0.6799911924299821 0.5943136383829409 0.0 0.40141093474426837
0.5711111111111111 0.0 0.0 0.6755473223353702 0.5678365171035096 0.0 0.42978996312329676
0.49333333333333335 0.0 0.0 0.6746861431598767 0.49130756700725603 0.0 0.504473304473305
0.5933333333333334 0.0 0.0 0.6804476766595843 0.5958536946542278 0.0 0.39980759980760006
0.5177777777777778 0.0 0.0 0.677358675049066 0.5209240337627721 0.0 0.4741061407728079
0.4533333333333333 0.0 0.0 0.6730134642829527 0.4528653931585962 0.0 0.5432098765432103
0.56 0.0 0.0 0.6812375596330907 0.5654375832963128 0.0 0.42911656244989627
0.5822222222222222 0.0 0.0 0.6815513660649353 0.5855767806900637 0.0 0.409074875741543
0.5155555555555555 0.0 0.0 0.6758025843018113 0.5184658670220643 0.0 0.47833894500561225
0.48444444444444446 0.0 0.0 0.6793149338985376 0.49118910114023395 0.0 0.5038961038961043
0.5177777777777778 0.0 0.0 0.6784618622058843 0.5248334073745002 0.0 0.4708353375020047
0.46 0.0 0.0 0.676205678396503 0.4630830741892492 0.0 0.5319544652877992
0.4533333333333333 0.0 0.0 0.6781961024098807 0.4565674515030357 0.0 0.5389129389129395
0.4955555555555556 0.0 0.0 0.6829548515579221 0.5008736857692877 0.0 0.4924482924482928
0.5111111111111111 0.0 0.0 0.6815741182253603 0.519887457426329 0.0 0.4753888087221425
0.4888888888888889 0.0 0.0 0.6790627834079541 0.4944469124833407 0.0 0.5000160333493671
0.5622222222222222 0.0 0.0 0.6768070409911013 0.5664149266992448 0.0 0.43004649671316386
0.5777777777777777 0.0 0.0 0.6802375443258543 0.5825855175477566 0.0 0.4131473464806801
0.42 0.004405286343612369 0.0 0.6873407063299989 0.4270398341477862 0.0 0.5696328362995033
0.5222222222222223 0.0 0.0 0.681712551608446 0.5245964756404561 0.0 0.46884720218053577
0.5111111111111111 0.0 0.0 0.6770381440063314 0.5134310676736266 0.0 0.4823152156485494
0.56 0.0 0.0 0.6785513725728549 0.5634236635569376 0.0 0.4314253647586985
0.5533333333333333 0.0 0.0 0.6807342290121636 0.5601066192803199 0.0 0.43459996793330147
0.5088888888888888 0.0 0.0 0.6728635262350078 0.5065600473863469 0.0 0.4903960237293574
0.5044444444444445 0.0 0.0 0.6737555422595033 0.5024729749740856 0.0 0.49366682700016085
0.5155555555555555 0.0 0.0 0.6812506141156571 0.523500666370502 0.0 0.4718294051627391
0.4866666666666667 0.0 0.0 0.6730575051159696 0.4871908781282393 0.0 0.5088985088985096
0.48 0.0 0.0 0.6798605039505161 0.482007996446024 0.0 0.5118807118807125
0.47555555555555556 0.0 0.0 0.6746885052261227 0.47534429142603285 0.0 0.5199615199615206
0.4666666666666667 0.0 0.0 0.6800840349037948 0.47075373907892787 0.0 0.523681257014591
0.5866666666666667 0.0 0.0 0.6810999918327908 0.5925070339108545 0.0 0.4029501362834699
0.52 0.0 0.0 0.6812884861128898 0.5235895157707685 0.0 0.4697771364438036
0.4888888888888889 0.0 0.0 0.6812786002445819 0.49264030801125425 0.0 0.5010742344075683
0.54 0.0 0.0 0.6789307863648807 0.5460684140382053 0.0 0.4483245149911822
0.5088888888888888 0.0 0.0 0.6831145463066454 0.5167777284169999 0.0 0.4778258778258784
0.5222222222222223 0.0 0.0 0.6781271093337046 0.528209684584629 0.0 0.46727593394260114
0.5088888888888888 0.0 0.0 0.6845472742480798 0.5150303568784244 0.0 0.4776976110309449
0.5866666666666667 0.0 0.0 0.6816782872143526 0.5901969495039242 0.0 0.40452140452140506
0.5266666666666666 0.0 0.0 0.6851613139141888 0.5327113875314675 0.0 0.45903479236812617
0.5111111111111111 0.004405286343612369 0.0 0.6910198039637865 0.5231452687694358 0.0 0.47141253807920513
0.54 0.0 0.0 0.6802087062133659 0.5470457574411373 0.0 0.44656084656084716
0.49333333333333335 0.004405286343612369 0.0 0.689705247978733 0.5026802902413742 0.0 0.49119769119769163
0.5355555555555556 0.0 0.0 0.6834087252667591 0.5421294239597216 0.0 0.450601250601251
0.49777777777777776 0.0 0.0 0.6767133531521204 0.5012586998371095 0.0 0.4945646945646952
0.49777777777777776 0.004405286343612369 0.0 0.6910976924820847 0.5081001036576337 0.0 0.4849767516434187
0.5444444444444444 0.0 0.0 0.6813770764549214 0.5513401451206871 0.0 0.44309764309764366
0.46444444444444444 0.0 0.0 0.6813817235796498 0.47291574115208057 0.0 0.5235529902196573
0.5888888888888889 0.0 0.0 0.6821583845687774 0.5924774174440989 0.0 0.4021484688151358
0.5066666666666667 0.0 0.0 0.6847502181540636 0.5135495335406486 0.0 0.48019881353214733
0.4088888888888889 0.004405286343612369 0.0 0.6844916326967072 0.41477861691100254 0.0 0.5818502485169156
0.5 0.0 0.0 0.6769304260008554 0.5036576336443063 0.0 0.4921596921596927
0.4866666666666667 0.0 0.0 0.6763238397809911 0.490330223604324 0.0 0.5044412377745717
0.4777777777777778 0.0 0.0 0.6748582764192299 0.47587738782763217 0.0 0.5188391855058527
0.5644444444444444 0.0 0.0 0.6816670603787484 0.5704723826447505 0.0 0.42424242424242464
0.56 0.0 0.0 0.6770371392564051 0.5641048422923145 0.0 0.4320666987333658
0.52 0.0 0.0 0.6765633085668527 0.5252480379090775 0.0 0.47202180535513916
0.48 0.0 0.0 0.675158079968736 0.4794313638382941 0.0 0.5156004489337827
0.5022222222222222 0.0 0.0 0.6776167532441854 0.5058492521842144 0.0 0.4889850889850894
0.5177777777777778 0.0 0.0 0.6792838764611205 0.5151488227454465 0.0 0.47888407888407925
0.5044444444444445 0.0 0.0 0.6823085080859838 0.5093439952613653 0.0 0.48472021805355203
0.4622222222222222 0.0 0.0 0.6736713007297856 0.4620168813860506 0.0 0.5344556677890017
0.5133333333333333 0.0 0.0 0.677187395055355 0.5163927143491781 0.0 0.4791085457752129
0.5288888888888889 0.0 0.0 0.6771695799287237 0.5314082629942248 0.0 0.4631072631072636
0.52 0.0 0.0 0.6779157395719644 0.5256330519768991 0.0 0.4699695366362038
0.5355555555555556 0.0 0.0 0.683147074292885 0.5416555604916333 0.0 0.4512746512746517
0.5 0.0 0.0 0.6833994459577974 0.5061454168517696 0.0 0.4869648869648875
0.4688888888888889 0.0 0.0 0.6826932625387618 0.4696875462757293 0.0 0.5242263908930581
0.5 0.0 0.0 0.6816707362293832 0.5058196357174589 0.0 0.4876382876382882
0.5355555555555556 0.0 0.0 0.6786283836848276 0.5394047090182141 0.0 0.4559243225909896
0.5 0.0 0.0 0.6768209522235453 0.5046645935139937 0.0 0.4911014911014918
0.5133333333333333 0.0 0.0 0.6852305913099028 0.5204797867614394 0.0 0.4717973384640056
0.5733333333333334 0.0 0.0 0.6804271227316181 0.5768399229971864 0.0 0.4172839506172843
0.5088888888888888 0.0 0.0 0.6796153794987319 0.5097290093291871 0.0 0.484110950777618
0.4688888888888889 0.0 0.0 0.6773004224566489 0.4690656004738635 0.0 0.5270803270803277
0.5555555555555556 0.0 0.0 0.6794164503806616 0.5609358803494743 0.0 0.43443963443963474
0.5333333333333333 0.0 0.0 0.6767163145509568 0.5353472530727085 0.0 0.459483726150393
0.5177777777777778 0.004405286343612369 0.0 0.6913777989360457 0.5280616022508515 0.0 0.46570466570466607
0.4955555555555556 0.0 0.0 0.6732108749622292 0.49423959721605215 0.0 0.5027737694404366
0.5888888888888889 0.0 0.0 0.6786018253475554 0.5904338812379684 0.0 0.40519480519480544
0.4688888888888889 0.0 0.0 0.6820316139137895 0.47572930549385456 0.0 0.5190957190957195
0.4444444444444444 0.0 0.0 0.6781589023980362 0.445224344735673 0.0 0.5513868847202185
0.5133333333333333 0.0 0.0 0.6797269712273641 0.5137272323411817 0.0 0.4800384800384805
0.5555555555555556 0.0 0.0 0.6775105278212146 0.5599881534132978 0.0 0.43562610229276943
0.5111111111111111 0.0 0.0 0.6773427301444149 0.5157411520805568 0.0 0.4802308802308808
0.4955555555555556 0.004405286343612369 0.0 0.6908214163413308 0.5053753887161262 0.0 0.48802308802308847
0.4177777777777778 0.004405286343612369 0.0 0.6870022287002276 0.4245816674070783 0.0 0.5721340388007057
0.44666666666666666 0.0 0.0 0.6745967911316504 0.44821560787798015 0.0 0.5478595478595483
0.58 0.0 0.0 0.6788590425288555 0.5849844513549534 0.0 0.4114798781465452
0.4711111111111111 0.0 0.0 0.6791099812228923 0.47857248630238414 0.0 0.5167548500881838
0.43555555555555553 0.0 0.0 0.6766019012568668 0.4379090774470606 0.0 0.5594356261022931