0.5444444444444444 0.0 0.0 0.6741116880844797 0.5399378054198134 0.0 0.46089466089466147
0.5133333333333333 0.0 0.0 0.6866969982269281 0.5202428550273952 0.0 0.47519640852974265
0.5022222222222222 0.0 0.0 0.6706022654570919 0.4945653783503628 0.0 0.5071348404681744
0.47333333333333333 0.0 0.0 0.6746905587437896 0.46980601214275136 0.0 0.5272085938752611
0.5 0.0 0.0 0.6736349351131786 0.4954538723530283 0.0 0.5027417027417033
0.45555555555555555 0.0 0.0 0.6753675721401465 0.4554716422330816 0.0 0.5419913419913427
0.5155555555555555 0.0 0.0 0.6745393691766762 0.5116540796682956 0.0 0.4867724867724873
0.4533333333333333 0.0 0.0 0.6799664957773937 0.45585665630090333 0.0 0.5398428731762068
0.5466666666666666 0.0 0.0 0.6826416864152172 0.5507478157855767 0.0 0.44479717813051234
0.49777777777777776 0.0 0.0 0.6785083765830064 0.49850436842884643 0.0 0.49751483084816495
0.45111111111111113 0.0 0.0 0.6751720126346354 0.44948911594846735 0.0 0.5479557479557482
0.49333333333333335 0.0 0.0 0.6807555751875196 0.49373611728120836 0.0 0.5012025012025016
0.5666666666666667 0.0 0.0 0.6787941695754037 0.5666518584332889 0.0 0.4307198973865646
0.48444444444444446 0.0 0.0 0.6798478332328382 0.4882866873981934 0.0 0.507615840949175
0.5266666666666666 0.0 0.0 0.6829581648605801 0.5337479638679106 0.0 0.46275452942119666
0.4866666666666667 0.0 0.0 0.6761329072106761 0.48582852065748555 0.0 0.5111431778098451
0.4911111111111111 0.0 0.0 0.6835280843519546 0.49542425588627276 0.0 0.49879749879749946
0.5444444444444444 0.0 0.0 0.6788106430975321 0.546512661039538 0.0 0.4498957832291175
0.5711111111111111 0.0 0.0 0.6774475497380369 0.5707389308455502 0.0 0.42889209555876284
0.5177777777777778 0.0 0.0 0.6782525146569992 0.520746334962239 0.0 0.4766394099727441
0.5555555555555556 0.0 0.0 0.6775861299442295 0.5546868058640604 0.0 0.443738977072311
0.4955555555555556 0.0 0.0 0.6775765724605504 0.49376573374796384 0.0 0.5021645021645027
0.5355555555555556 0.0 0.0 0.6777981008678802 0.537331556345328 0.0 0.4594516594516601
0.5022222222222222 0.0 0.0 0.6788847396032017 0.5048422923145269 0.0 0.4906204906204912
0.5133333333333333 0.0 0.0 0.6774314926449333 0.5119502443358507 0.0 0.48401475068141797
0.5022222222222222 0.0 0.0 0.6719140948370571 0.4956315711535614 0.0 0.5044733044733049
0.4777777777777778 0.0 0.0 0.6810325037852901 0.4833111209832667 0.0 0.5122013788680462
0.4666666666666667 0.0 0.0 0.672650175400848 0.4619280319857841 0.0 0.5369568702902039
0.45555555555555555 0.0 0.0 0.6777116828388106 0.45707093143787947 0.0 0.5393298059964731
0.5355555555555556 0.0 0.0 0.6766822294547156 0.5330075521990226 0.0 0.46406926406926485
0.44 0.0 0.0 0.6777126479668127 0.4387087220494595 0.0 0.5578322911656248
0.4866666666666667 0.0 0.0 0.6739523724326957 0.4812675847771361 0.0 0.5172999839666511
0.46444444444444444 0.0 0.0 0.6763944567257248 0.4656300903302236 0.0 0.5311207311207318
0.5711111111111111 0.0 0.0 0.677375429820593 0.5691100251739968 0.0 0.43055956389289796
0.4666666666666667 0.0 0.0 0.6750188476886096 0.46355693765733746 0.0 0.5340067340067347
0.5577777777777778 0.0 0.0 0.679525186281127 0.5609951132829853 0.0 0.43623536956870335
0.5377777777777778 0.0 0.0 0.681458160005886 0.5420701910262106 0.0 0.45422478755812157
0.4577777777777778 0.0 0.0 0.6748565893665637 0.4567155338368133 0.0 0.5399390732724072
0.5177777777777778 0.0 0.0 0.6787003541168048 0.5214867466311269 0.0 0.4751002084335423
0.5444444444444444 0.0 0.0 0.6757583189435126 0.5439360284318081 0.0 0.4553150553150559
0.5711111111111111 0.0 0.0 0.6811256365942882 0.5748260032578113 0.0 0.42135642135642204
0.5377777777777778 0.0 0.0 0.6773953317346624 0.5359099659410632 0.0 0.4613115279781953
0.5066666666666667 0.0 0.0 0.6762235364615243 0.5058196357174589 0.0 0.49151835818502543
0.47555555555555556 0.0 0.0 0.6780407756911238 0.47572930549385456 0.0 0.5202821869488541
0.5511111111111111 0.0 0.0 0.682807422049741 0.5577373019398786 0.0 0.4386083052749723
0.4444444444444444 0.0 0.0 0.6776820146571226 0.44569820820376127 0.0 0.550553150553151
0.4222222222222222 0.0 0.0 0.6763158443424737 0.4204353620613061 0.0 0.5769440436107107
0.5066666666666667 0.0 0.0 0.6746013578209495 0.5037168665778172 0.0 0.49305755972422705
0.43777777777777777 0.0 0.0 0.6774960530875983 0.4361320894417296 0.0 0.5605900272566943
0.5 0.0 0.0 0.6808061958818986 0.5010810010365764 0.0 0.4935706269039608
0.5333333333333333 0.0 0.0 0.6766022345195131 0.5331260180660448 0.0 0.4649671316337991
0.52 0.0 0.0 0.6788881808615206 0.523678365171035 0.0 0.4728555395222067
0.5044444444444445 0.0 0.0 0.6792990684685674 0.5059084851177255 0.0 0.4894660894660896
0.4533333333333333 0.0 0.0 0.6753363726911358 0.4523619132237524 0.0 0.5449735449735452
0.52 0.0 0.0 0.6744832804663136 0.5168665778172664 0.0 0.48260381593715007
0.5466666666666666 0.0 0.0 0.6783684699792473 0.5454464682363394 0.0 0.450665383998718
0.4577777777777778 0.0 0.0 0.6790858665076202 0.4602695098474752 0.0 0.5356742023408694
0.48 0.0 0.0 0.6783543396147392 0.48236339404709017 0.0 0.5134840468173807
0.4866666666666667 0.0 0.0 0.6789613853969795 0.4899748260032578 0.0 0.5062049062049068
0.5044444444444445 0.0 0.0 0.678776347762022 0.5081889530579002 0.0 0.4893057559724232
0.4866666666666667 0.0 0.0 0.6776904649407225 0.487575892196061 0.0 0.5079044412377753
0.52 0.0 0.0 0.6784553329405455 0.5208648008292611 0.0 0.47458714125380874
0.48444444444444446 0.0 0.0 0.6788375560690315 0.48704279579446175 0.0 0.5086740420073759
0.4822222222222222 0.0 0.0 0.6800836140604615 0.4872501110617503 0.0 0.5085778419111758
0.5088888888888888 0.0 0.0 0.6768423046253664 0.5102028727972753 0.0 0.48641975308642027
0.4488888888888889 0.0 0.0 0.6800983336148381 0.44960758181548943 0.0 0.5457752124418798
0.4866666666666667 0.0 0.0 0.6796953235605223 0.488494002665482 0.0 0.5067821067821074
0.4777777777777778 0.0 0.0 0.6758717814744751 0.47916481563749447 0.0 0.5186467853134524
0.5422222222222223 0.0 0.0 0.6749266552148621 0.5399081889530579 0.0 0.460349527016194
0.48444444444444446 0.0 0.0 0.6810671767146145 0.48656893232637344 0.0 0.5084175084175089
0.5266666666666666 0.0 0.0 0.681613954950163 0.5319117429290685 0.0 0.46400513067179805
0.5111111111111111 0.0 0.0 0.6746667806249971 0.5073893084555012 0.0 0.48940195606862325
0.49333333333333335 0.0 0.0 0.6783260912437094 0.4951280912187176 0.0 0.5003687670354344
0.5088888888888888 0.0 0.0 0.6705060138566132 0.49965941063231156 0.0 0.5019721019721023
0.4777777777777778 0.0 0.0 0.682630700143466 0.4795498297053162 0.0 0.5148629148629151
0.4888888888888889 0.0 0.0 0.6774188695497003 0.4899452095365023 0.0 0.5060766394099734
0.5133333333333333 0.0 0.0 0.6795655183367143 0.5152080556789576 0.0 0.4801026134359473
0.47333333333333333 0.0 0.0 0.6742466867147835 0.46758477713608765 0.0 0.5303190636523973
0.47333333333333333 0.0 0.0 0.678381590506018 0.4743077150895898 0.0 0.5211800545133884
0.4577777777777778 0.0 0.0 0.6806470124113218 0.4615134014512069 0.0 0.5339105339105343
0.5022222222222222 0.0 0.0 0.6780223427066774 0.5037464830445728 0.0 0.49206349206349276
0.47333333333333333 0.0 0.0 0.6769031302455291 0.47309343995261366 0.0 0.5236812570145908
0.47555555555555556 0.0 0.0 0.6779376643411222 0.47250111061750333 0.0 0.5237774571107908
0.5111111111111111 0.0 0.0 0.6705339432860222 0.5037760995113283 0.0 0.4979637646304319
0.4866666666666667 0.0 0.0 0.6749593666817123 0.4846734784540204 0.0 0.513163379830047
0.48444444444444446 0.0 0.0 0.6763874039484323 0.48180068117873537 0.0 0.5150553150553154
0.47333333333333333 0.0 0.0 0.6800203807387298 0.4763512512957204 0.0 0.5189353856020529
0.5244444444444445 0.0 0.0 0.677886019750782 0.525455353176366 0.0 0.4702902036235376
0.4866666666666667 0.0 0.0 0.6785927217105792 0.4880793721309048 0.0 0.5076158409491749
0.5133333333333333 0.0 0.0 0.6811062201185498 0.518850881089886 0.0 0.47715247715247777
0.45111111111111113 0.0 0.0 0.6786431902010749 0.4532504072264179 0.0 0.5425685425685429
0.5488888888888889 0.0 0.0 0.6786717692960923 0.5485561972456686 0.0 0.44774731441398186
0.5066666666666667 0.0 0.0 0.6867464762279324 0.5126018066044721 0.0 0.48154561487894887
0.4888888888888889 0.0 0.0 0.6746415281643735 0.4866281652598845 0.0 0.5115279781946453
0.5155555555555555 0.0 0.0 0.676604543512483 0.5156819191470458 0.0 0.4814494147827486
0.4577777777777778 0.0 0.0 0.6787949863026302 0.46053605804827485 0.0 0.535545935545936
0.5488888888888889 0.0 0.0 0.6785481886618328 0.5522878720568636 0.0 0.4461439794773133
0.5022222222222222 0.0 0.0 0.679793785629002 0.5028579890419073 0.0 0.4924482924482929
0.52 0.0 0.0 0.674294446832464 0.5168369613505109 0.0 0.4827000160333502
0.44 0.0 0.0 0.6784220866290814 0.439656448985636 0.0 0.5574474907808245
0.45111111111111113 0.0 0.0 0.6764295068189359 0.4512957204205538 0.0 0.5455186788520127
0.5155555555555555 0.0 0.0 0.6781090260798694 0.514319561676292 0.0 0.4824434824434829
0.5333333333333333 0.0 0.0 0.6845360883273758 0.5369465422775063 0.0 0.4597723264389938
0.4666666666666667 0.0 0.0 0.6790002677199946 0.46776247593662074 0.0 0.5282347282347288
0.47333333333333333 0.0 0.0 0.679671146495622 0.47901673330371686 0.0 0.5177489177489183
0.5111111111111111 0.0 0.0 0.6733711200138521 0.5077150895898119 0.0 0.49199935866602573
0.52 0.0 0.0 0.6748456546186549 0.5169850436842884 0.0 0.4805836139169479
0.45555555555555555 0.0 0.0 0.6753092098193775 0.4542573670961054 0.0 0.5434343434343438
0.5688888888888889 0.0 0.0 0.6774053264174469 0.5682807641048423 0.0 0.431200897867565
0.4777777777777778 0.0 0.0 0.6763130022088559 0.47901673330371686 0.0 0.5172679172679178
0.52 0.0 0.0 0.6832692081660211 0.5245076262401895 0.0 0.47173320506653904
0.4444444444444444 0.0 0.0 0.6776074622054413 0.4453428106026951 0.0 0.5515792849126188