0.4088888888888889 0.0 0.0 0.6729575309555198 0.4058344439508367 0.0 0.5927849927849931
0.5511111111111111 0.0 0.0 0.681429661461401 0.5520509403228195 0.0 0.4407888407888416
0.5377777777777778 0.0 0.0 0.680618560900467 0.5380127350807049 0.0 0.45541125541125604
0.5266666666666666 0.0 0.0 0.6736698314625633 0.5228787205686362 0.0 0.4767676767676773
0.4622222222222222 0.0 0.0 0.6780520228924498 0.4590256182437435 0.0 0.5353535353535361
0.47333333333333333 0.0 0.0 0.6764047050898829 0.47768399229971864 0.0 0.5189033189033196
0.5288888888888889 0.0 0.0 0.6740871809761976 0.5251888049755664 0.0 0.4743947410614082
0.41333333333333333 0.0 0.0 0.6728126291823616 0.40965496816229824 0.0 0.5889369889369893
0.43555555555555553 0.0 0.0 0.6850201840852079 0.43770176217977197 0.0 0.5558762225428898
0.4311111111111111 0.0 0.0 0.6737552168277601 0.4307122760254702 0.0 0.5660734327400999
0.4488888888888889 0.0 0.0 0.6731136422190839 0.44803790907744706 0.0 0.5509058842392183
0.5555555555555556 0.0 0.0 0.6747853145846564 0.5522582555901081 0.0 0.44662497995831374
0.5644444444444444 0.0 0.0 0.679827735847799 0.5646379386939138 0.0 0.429789963123297
0.4822222222222222 0.0 0.0 0.6793463748577497 0.48621353472530726 0.0 0.5088985088985094
0.54 0.0 0.0 0.6765204797401808 0.5375684880793721 0.0 0.460060926727594
0.43333333333333335 0.0 0.0 0.67646978305029 0.435065896638531 0.0 0.5608465608465614
0.42 0.0 0.0 0.6837859197092949 0.4197245668591737 0.0 0.5755651755651761
0.5288888888888889 0.0 0.0 0.6781228852917273 0.527054642381164 0.0 0.46714766714766787
0.43333333333333335 0.0 0.0 0.6768495792512299 0.42929068562120537 0.0 0.5659772326438999
0.4311111111111111 0.0 0.0 0.6735376906241267 0.4272767658818303 0.0 0.5700497033830374
0.4688888888888889 0.0 0.0 0.6836202299503032 0.47549237375981046 0.0 0.5196087862754535
0.5066666666666667 0.0 0.0 0.676970931133112 0.5062046497852806 0.0 0.4894981561648234
0.4222222222222222 0.0 0.0 0.6741877453297771 0.41332741003998225 0.0 0.5838383838383843
0.4822222222222222 0.0 0.0 0.6759191346295589 0.4798756108396268 0.0 0.5151515151515159
0.4911111111111111 0.0 0.0 0.6791446403124893 0.4899155930697468 0.0 0.5042488375821716
0.4955555555555556 0.0 0.0 0.6786211208223275 0.49542425588627276 0.0 0.4986050986050993
0.4533333333333333 0.0 0.0 0.6769483568756713 0.4563897527025026 0.0 0.5391053391053398
0.4688888888888889 0.0 0.0 0.6833386629759411 0.4696579298089738 0.0 0.5234888568221909
0.4488888888888889 0.0 0.0 0.679742569802785 0.447060565674515 0.0 0.5463844797178139
0.49777777777777776 0.0 0.0 0.678090941642652 0.49853398489560197 0.0 0.496200096200097
0.41555555555555557 0.0 0.0 0.6744339946650914 0.40770028135643416 0.0 0.589161455828123
0.4955555555555556 0.0 0.0 0.6799709415180013 0.49145564934103364 0.0 0.5024851691518366
0.5511111111111111 0.0 0.0 0.6786334403749892 0.5498889382496668 0.0 0.4441237774571114
0.52 0.0 0.0 0.6780254921549265 0.5197986080260625 0.0 0.47468334135000867
0.46444444444444444 0.0 0.0 0.672291731861506 0.4607433733155635 0.0 0.5358986692320034
0.4777777777777778 0.0 0.0 0.6734288519815272 0.47718051236487485 0.0 0.5198653198653207
0.48444444444444446 0.0 0.0 0.6798813512229391 0.488494002665482 0.0 0.5060445727112399
0.41555555555555557 0.0 0.0 0.6778563381400241 0.4162594402487783 0.0 0.5795414462081134
0.48 0.0 0.0 0.6735141116223512 0.4796682955723382 0.0 0.5175244508577851
0.52 0.0 0.0 0.6772511708293493 0.518969346956908 0.0 0.4758377425044099
0.5222222222222223 0.0 0.0 0.6772977482664276 0.5237672145713016 0.0 0.4712522045855386
0.48444444444444446 0.0 0.0 0.6769981317574291 0.4847919443210425 0.0 0.5102132435465776
0.5555555555555556 0.0 0.0 0.6798060634909183 0.5546868058640604 0.0 0.43864037197370587
0.5311111111111111 0.0 0.0 0.675918299697803 0.5300162890567155 0.0 0.46714766714766787
0.5022222222222222 0.0 0.0 0.6778541696885364 0.5010513845698208 0.0 0.4934102934102942
0.5488888888888889 0.0 0.0 0.6747213351179953 0.5455057011698504 0.0 0.4532627865961205
0.45555555555555555 0.0 0.0 0.6769870277407272 0.45837405597512215 0.0 0.5374058040724714
0.41333333333333333 0.0 0.0 0.6770295186104733 0.41187620316896195 0.0 0.5848003848003853
0.4444444444444444 0.0 0.0 0.676091377184443 0.44184806752554423 0.0 0.5531505531505538
0.5577777777777778 0.0 0.0 0.6773865389484702 0.5545683399970384 0.0 0.44021164021164083
0.4688888888888889 0.0 0.0 0.6824687826088688 0.4696579298089738 0.0 0.5236171236171244
0.5333333333333333 0.0 0.0 0.6747724986030104 0.5309343995261365 0.0 0.46833413500080223
0.5222222222222223 0.0 0.0 0.6772668883412879 0.5195024433585074 0.0 0.4756132756132764
0.46 0.0 0.0 0.6764632708973152 0.45890715237672147 0.0 0.5357383357383365
0.5066666666666667 0.0 0.0 0.6772223466025103 0.5089293647267881 0.0 0.4864518197851537
0.5222222222222223 0.0 0.0 0.6771032524668756 0.5229971864356582 0.0 0.47208593875260607
0.5311111111111111 0.0 0.0 0.6753213891450015 0.5277654375832963 0.0 0.47080327080327133
0.5266666666666666 0.0 0.0 0.674458860031501 0.52252332296757 0.0 0.4769921436588108
0.4066666666666667 0.0 0.0 0.6834797312743659 0.4077891307567007 0.0 0.5881353214686553
0.49777777777777776 0.0 0.0 0.6769009688719761 0.4967866133570265 0.0 0.4984126984126991
0.4577777777777778 0.0 0.0 0.6788958654486649 0.4575151784392122 0.0 0.5361231361231369
0.49777777777777776 0.0 0.0 0.6744661197869294 0.4965200651562269 0.0 0.4995991662658339
0.5355555555555556 0.0 0.0 0.6784839527782129 0.5314378794609803 0.0 0.46166426166426255
0.4622222222222222 0.0 0.0 0.6778630631417653 0.45837405597512215 0.0 0.5360910694244034
0.40444444444444444 0.0 0.0 0.683131493247145 0.40541981341625943 0.0 0.5905082571749244
0.4688888888888889 0.0 0.0 0.6826033317154366 0.4693913816081741 0.0 0.5241622574955915
0.5311111111111111 0.0 0.0 0.6742820876267194 0.5273211905819636 0.0 0.47215007215007265
0.46444444444444444 0.0 0.0 0.6767538824132079 0.46518584332889085 0.0 0.5299021965688637
0.4688888888888889 0.0 0.0 0.6764633624661013 0.4670812972012439 0.0 0.527785794452462
0.44 0.0 0.0 0.6814352843834423 0.4425588627276766 0.0 0.5531184864518204
0.46444444444444444 0.0 0.0 0.6728279984975667 0.4608026062490745 0.0 0.5357062690396031
0.5644444444444444 0.0 0.0 0.6790762395176065 0.5627721012883163 0.0 0.43068783068783134
0.4666666666666667 0.0 0.0 0.6836205865213593 0.4731822893528802 0.0 0.521949655282989
0.47333333333333333 0.0 0.0 0.678771994741207 0.4718791648156375 0.0 0.5218534551867893
0.5155555555555555 0.0 0.0 0.6761626949677948 0.5134310676736266 0.0 0.4836940836940844
0.45555555555555555 0.0 0.0 0.6751178677221767 0.4543758329631275 0.0 0.5410614077280751
0.5177777777777778 0.0 0.0 0.6771011467967565 0.5186139493558418 0.0 0.4766394099727441
0.5177777777777778 0.0 0.0 0.6770100981420091 0.5193247445579743 0.0 0.47625460958794363
0.4711111111111111 0.0 0.0 0.6835330474366815 0.4773878276321635 0.0 0.5178130511463851
0.4622222222222222 0.0 0.0 0.6836014178589092 0.46512661039537984 0.0 0.5296777296777302
0.5511111111111111 0.0 0.0 0.6784371832065245 0.5494743077150895 0.0 0.4448613115279788
0.5266666666666666 0.0 0.0 0.6777786973991876 0.5249518732415223 0.0 0.46916786916787
0.4777777777777778 0.0 0.0 0.677321599095681 0.47644010069598697 0.0 0.517973384640052
0.43777777777777777 0.0 0.0 0.6756958466518147 0.43254849696431213 0.0 0.5628026294692967
0.5177777777777778 0.0 0.0 0.679393401291451 0.5204501702946839 0.0 0.4730479397146069
0.5088888888888888 0.0 0.0 0.6778237946946493 0.5114171479342514 0.0 0.48321308321308376
0.4622222222222222 0.0 0.0 0.6748636381413765 0.46293499185547166 0.0 0.5329485329485338
0.5577777777777778 0.0 0.0 0.6781243235212525 0.5559603139345476 0.0 0.438640371973706
0.4822222222222222 0.0 0.0 0.6788641782005704 0.48579890419073 0.0 0.5090909090909095
0.4777777777777778 0.0 0.0 0.6737134813816 0.4772693617651414 0.0 0.519448452781787
0.4688888888888889 0.0 0.0 0.6787560274580418 0.4682067229379535 0.0 0.5253487253487259
0.4666666666666667 0.0 0.0 0.6751919973597423 0.4640308011254257 0.0 0.531120731120732
0.5355555555555556 0.0 0.0 0.6788272416720629 0.5368280764104842 0.0 0.4575276575276581
0.5244444444444445 0.0 0.0 0.6780270713344356 0.5250407226417888 0.0 0.468911335578003
0.4288888888888889 0.0 0.0 0.681223813931127 0.4311269065600474 0.0 0.5641494308160979
0.46 0.0 0.0 0.6731694571511595 0.4560639715681919 0.0 0.5402918069584743
0.4311111111111111 0.0 0.0 0.6812445002041811 0.4333481415667111 0.0 0.561968895302229
0.5066666666666667 0.0 0.0 0.6776650152684849 0.5046349770472383 0.0 0.49090909090909174
0.5266666666666666 0.0 0.0 0.6764783821609449 0.5264030801125426 0.0 0.47086740420073814
0.41555555555555557 0.0 0.0 0.6775150855546171 0.41614097438175623 0.0 0.5796055796055801
0.45111111111111113 0.0 0.0 0.6828157411064986 0.45517547756552645 0.0 0.5403880070546744
0.44 0.0 0.0 0.6750068931753892 0.4402487783207463 0.0 0.5561006894340234
0.5511111111111111 0.0 0.0 0.675175482958707 0.5487338960462017 0.0 0.4497995831329171
0.4622222222222222 0.0 0.0 0.6802957266297238 0.45908485117725456 0.0 0.5348404681738024
0.4711111111111111 0.0 0.0 0.67666383757588 0.4693321486746631 0.0 0.5255090588423929
0.5155555555555555 0.0 0.0 0.6773533215331758 0.5152080556789576 0.0 0.479974346641014
0.43333333333333335 0.0 0.0 0.6812010807303999 0.43583592477417443 0.0 0.5596280262946934
0.49333333333333335 0.0 0.0 0.6772838364136096 0.4943284466163187 0.0 0.5010421677088351
0.41555555555555557 0.0 0.0 0.6840050140648195 0.414808233377758 0.0 0.579958313291647