0.5644444444444444 0.0 0.0 0.6853792789957611 0.5701762179771953 0.0 0.4247554914221585
0.4577777777777778 0.0 0.0 0.6745729787503433 0.45357618836072855 0.0 0.5452621452621457
0.47555555555555556 0.0 0.0 0.6788201504781871 0.47732859469865246 0.0 0.5182940516273856
0.40444444444444444 0.0 0.0 0.6841621051446194 0.4035243595439064 0.0 0.5965367965367967
0.5333333333333333 0.0 0.0 0.6767076325174964 0.5340441285354657 0.0 0.4643899310565983
0.5266666666666666 0.0 0.0 0.6895157614975759 0.5383977491485266 0.0 0.45736732403399116
0.5511111111111111 0.0 0.0 0.6834105554098668 0.5590108100103658 0.0 0.4363957030623701
0.5044444444444445 0.0 0.0 0.6818529497266372 0.5107655856656301 0.0 0.48478435145101884
0.49333333333333335 0.0 0.0 0.6752845052844478 0.491248334073745 0.0 0.5060445727112399
0.48 0.0 0.0 0.6759447426292596 0.48052717310824816 0.0 0.5159531826198498
0.5622222222222222 0.0 0.0 0.684483327807883 0.5648748704279579 0.0 0.4302709636042975
0.4666666666666667 0.0 0.0 0.6733930476886396 0.46400118465867024 0.0 0.5346160012826684
0.48444444444444446 0.0 0.0 0.6750461993269441 0.48381460091811046 0.0 0.5143498476831816
0.4777777777777778 0.0 0.0 0.6763360939542495 0.4771508958981194 0.0 0.5189033189033195
0.5333333333333333 0.0 0.0 0.6763673145167634 0.5328594698652451 0.0 0.4651915985249325
0.4888888888888889 0.0 0.0 0.6789078364817561 0.4899452095365023 0.0 0.5048581048581056
0.5311111111111111 0.0 0.0 0.6837391820022365 0.5372130904783059 0.0 0.45723905723905767
0.5733333333333334 0.0 0.0 0.685220557334278 0.5792980897378943 0.0 0.41564854898188286
0.47333333333333333 0.0 0.0 0.6806011251675141 0.4779505405005183 0.0 0.5170755170755179
0.5577777777777778 0.0 0.0 0.6807068552714199 0.564934103361469 0.0 0.43174603174603243
0.5488888888888889 0.0 0.0 0.6830930339549969 0.556611876203169 0.0 0.43908930575597294
0.52 0.0 0.0 0.6769300821879889 0.5214571301643713 0.0 0.47529260862594247
0.5577777777777778 0.0 0.0 0.6841922108156376 0.5617059084851177 0.0 0.4329324995991667
0.44222222222222224 0.0 0.0 0.6742946287720674 0.438738338516215 0.0 0.5595638928972266
0.5044444444444445 0.0 0.0 0.6765916126774828 0.5078631719235895 0.0 0.48953022286355685
0.4777777777777778 0.0 0.0 0.6823027465836526 0.4814452835776692 0.0 0.5126503126503135
0.4866666666666667 0.0 0.0 0.6760826842720392 0.48861246853250406 0.0 0.5080968414301754
0.5555555555555556 0.0 0.0 0.6787387057933227 0.5606100992151636 0.0 0.4366522366522372
0.49777777777777776 0.0 0.0 0.6791199685403138 0.5038649489115948 0.0 0.4936988936988942
0.4955555555555556 0.0 0.0 0.6761332331989398 0.4943876795498297 0.0 0.5022927689594362
0.5133333333333333 0.0 0.0 0.678817930757507 0.5150007404116689 0.0 0.4803591470258143
0.5044444444444445 0.0 0.0 0.6751279352031294 0.5029172219754183 0.0 0.49417989417989483
0.5155555555555555 0.0 0.0 0.6768305859360094 0.5142603287427809 0.0 0.48212281545614943
0.43555555555555553 0.004405286343612369 0.0 0.6862936305937047 0.44172960165852215 0.0 0.5542728876062215
0.4622222222222222 0.0 0.0 0.6843728474836441 0.4707833555456834 0.0 0.5253166586499924
0.5355555555555556 0.0 0.0 0.6823346374302479 0.5381312009477269 0.0 0.4559563892897234
0.47333333333333333 0.0 0.0 0.6746736157829208 0.4717014660151044 0.0 0.5257655924322597
0.5377777777777778 0.0 0.0 0.6824148069009622 0.5402932030208796 0.0 0.4537117203783877
0.47555555555555556 0.0 0.0 0.6743428311233559 0.4744557974233674 0.0 0.5233926567259906
0.54 0.0 0.0 0.6834584250196719 0.5488819783799793 0.0 0.44575917909251306
0.4711111111111111 0.0 0.0 0.680161474041214 0.4724714941507478 0.0 0.5224947891614566
0.5133333333333333 0.0 0.0 0.6837627269609283 0.5219606100992151 0.0 0.4733044733044738
0.5377777777777778 0.0 0.0 0.6781199465290376 0.5406189841551903 0.0 0.45630912297579007
0.5377777777777778 0.0 0.0 0.6784451490290899 0.5390196949503924 0.0 0.4577841911175252
0.5044444444444445 0.0 0.0 0.6893802572576532 0.5143787946098031 0.0 0.4803591470258145
0.5177777777777778 0.0 0.0 0.6781531019190318 0.5194432104249963 0.0 0.47718454385121123
0.44666666666666666 0.0 0.0 0.6816884354286032 0.45082185695246557 0.0 0.5442360109026783
0.5 0.0 0.0 0.6805904424035121 0.5033910854435066 0.0 0.49151835818502543
0.5 0.0 0.0 0.6859680649454623 0.5064415815193247 0.0 0.48731762065095474
0.47333333333333333 0.0 0.0 0.6746547411349367 0.46998371094328445 0.0 0.5279140612473949
0.4666666666666667 0.0 0.0 0.6734454121397907 0.4632015400562713 0.0 0.5356421356421361
0.4711111111111111 0.0 0.0 0.6819995592056437 0.47543314082629945 0.0 0.5199615199615206
0.4888888888888889 0.0 0.0 0.6830158482009937 0.4949503924181845 0.0 0.5000160333493674
0.5088888888888888 0.0 0.0 0.6747544288182078 0.506915444987413 0.0 0.49058842392175783
0.5133333333333333 0.0 0.0 0.6745806073272878 0.5110321338664298 0.0 0.486836620169954
0.5333333333333333 0.0 0.0 0.6830661983610181 0.5406486006219458 0.0 0.4543851210517883
0.5466666666666666 0.0 0.0 0.6773695148382173 0.5471049903746483 0.0 0.45114638447971833
0.4888888888888889 0.0 0.0 0.6762254955314935 0.48778320746334963 0.0 0.5089947089947097
0.5088888888888888 0.0 0.0 0.6777777376795708 0.5084258847919443 0.0 0.4873176206509545
0.4444444444444444 0.0 0.0 0.6833132918675653 0.4494298830149563 0.0 0.5449735449735456
0.48444444444444446 0.0 0.0 0.6768271333076922 0.4864504664593514 0.0 0.5098605098605103
0.54 0.0 0.0 0.679405651000826 0.5459499481711831 0.0 0.45034471701138434
0.5177777777777778 0.0 0.0 0.6747598599108554 0.5155042203465127 0.0 0.48253968253968305
0.4822222222222222 0.0 0.0 0.6834764617353909 0.4908929364726788 0.0 0.5045695045695053
0.5311111111111111 0.0 0.0 0.6819959224923067 0.5373019398785724 0.0 0.45749559082892455
0.4866666666666667 0.0 0.0 0.6810202569250604 0.4928772397452984 0.0 0.5024851691518364
0.5511111111111111 0.0 0.0 0.6807717564536921 0.5560491633348141 0.0 0.4388648388648393
0.5111111111111111 0.0 0.0 0.6834794453675345 0.5144380275433141 0.0 0.48029501362834737
0.4622222222222222 0.0 0.0 0.6872402758461741 0.47119798608026064 0.0 0.524194324194325
0.4622222222222222 0.0 0.0 0.6853715000271489 0.4704279579446172 0.0 0.5249639249639257
0.5688888888888889 0.0 0.0 0.6852739131455164 0.5749148526580778 0.0 0.4198172198172204
0.5466666666666666 0.0 0.0 0.6851510435835756 0.5550125869983711 0.0 0.4398589065255737
0.5133333333333333 0.0 0.0 0.67656554685796 0.5147045757441138 0.0 0.4828282828282836
0.5244444444444445 0.0 0.0 0.6801462494037229 0.5292462609210721 0.0 0.46602533269199997
0.4955555555555556 0.0 0.0 0.6772389781227982 0.49723086035835923 0.0 0.4987012987012994
0.47555555555555556 0.0 0.0 0.6806030441481622 0.480112542573671 0.0 0.5152156485489826
0.49333333333333335 0.0 0.0 0.6759704848060739 0.4941211313490301 0.0 0.5024851691518364
0.5355555555555556 0.0 0.0 0.6818258574216024 0.542099807492966 0.0 0.4525893859227198
0.4888888888888889 0.0 0.0 0.6801669367069313 0.4933214867466311 0.0 0.5018438351771691
0.54 0.0 0.0 0.6835257598595661 0.5479046349770472 0.0 0.4464646464646471
0.4822222222222222 0.0 0.0 0.6774189741418092 0.48292610691544496 0.0 0.5122334455667795
0.4866666666666667 0.0 0.0 0.6749504690493038 0.48671701466015105 0.0 0.5100208433541773
0.5244444444444445 0.0 0.0 0.6809106499082219 0.5291574115208055 0.0 0.46548019881353286
0.5422222222222223 0.0 0.0 0.6789131522730099 0.54749000444247 0.0 0.4493185826519166
0.5177777777777778 0.0 0.0 0.6898768495526965 0.5288612468532504 0.0 0.4665063331730005
0.48444444444444446 0.0 0.0 0.6757291617655697 0.48633200059232934 0.0 0.5103735770402444
0.5444444444444444 0.0 0.0 0.6766971825536658 0.5440248778320746 0.0 0.4546416546416553
0.5266666666666666 0.0 0.0 0.68014187935735 0.5295128091218717 0.0 0.46528779862113256
0.4888888888888889 0.0 0.0 0.6797686510350087 0.49101140233970086 0.0 0.5038961038961045
0.5444444444444444 0.0 0.0 0.6809351453955087 0.5514882274544647 0.0 0.4454385121051794
0.4955555555555556 0.0 0.0 0.6830508155927175 0.49927439656448985 0.0 0.49498156164822893
0.5266666666666666 0.0 0.0 0.6834712575363505 0.530904783059381 0.0 0.46262626262626316
0.5533333333333333 0.0 0.0 0.6798422676387665 0.556611876203169 0.0 0.4389931056597729
0.5488888888888889 0.0 0.0 0.6846683045549878 0.5534132977935732 0.0 0.4413981080647752
0.49777777777777776 0.0 0.0 0.6781169653783204 0.4998963423663557 0.0 0.49626422959756356
0.52 0.0 0.0 0.6851855949604926 0.5258403672441878 0.0 0.46794933461600197
0.48444444444444446 0.0 0.0 0.6808219727855838 0.48633200059232934 0.0 0.5075517075517084
0.5 0.0 0.0 0.6831942139992844 0.5037464830445728 0.0 0.49046015712682445
0.5066666666666667 0.0 0.0 0.6786746275230455 0.5080704871908781 0.0 0.4873817540484213
0.5044444444444445 0.0 0.0 0.6777372597358495 0.5070042943876796 0.0 0.48847202180535576
0.5377777777777778 0.0 0.0 0.6833716867287214 0.5435806308307419 0.0 0.45047298380631773
0.4911111111111111 0.0 0.0 0.6759724436893393 0.4906560047386347 0.0 0.5051146384479723
0.4911111111111111 0.0 0.0 0.6777663096279157 0.4923145268769436 0.0 0.5031265031265038
0.5533333333333333 0.0 0.0 0.6776120349519308 0.5552495187324152 0.0 0.44168670835337553
0.4911111111111111 0.004405286343612369 0.0 0.6839170165139565 0.49536502295276175 0.0 0.4984126984126991
0.56 0.0 0.0 0.6826330568161878 0.5636013623574707 0.0 0.4322911656244993
0.5266666666666666 0.0 0.0 0.6829942499547417 0.5302532207907596 0.0 0.4634279300945975
0.5288888888888889 0.0 0.0 0.6826382305748895 0.5310528653931585 0.0 0.4633637966971307
0.4711111111111111 0.0 0.0 0.6766440405855528 0.47161261661483783 0.0 0.5225909892576566
0.5177777777777778 0.0 0.0 0.6758615175809488 0.5183177846882867 0.0 0.47901234567901296
0.4888888888888889 0.0 0.0 0.6794636995263207 0.4909225529394343 0.0 0.5045053711720384