0.5288888888888889 0.0 0.0 0.6824364939034502 0.5343402932030209 0.0 0.460509860509861
0.4444444444444444 0.0 0.0 0.6845002172650471 0.4451354953354065 0.0 0.5497514830848169
0.5177777777777778 0.0 0.0 0.6741652567169898 0.5147638086776247 0.0 0.48388648388648425
0.5355555555555556 0.0 0.0 0.6837635933252918 0.5394639419517252 0.0 0.45489818823152184
0.5022222222222222 0.0 0.0 0.6771440803855712 0.49817858729453574 0.0 0.4979637646304319
0.5377777777777778 0.0 0.0 0.6793082947544301 0.5378350362801718 0.0 0.4582010582010586
0.5 0.0 0.0 0.6734404220227326 0.4957204205538279 0.0 0.5037678371011711
0.4666666666666667 0.0 0.0 0.6733881909388312 0.4623426625203613 0.0 0.5366682700016041
0.4488888888888889 0.0 0.0 0.6858986596462096 0.4562712868354805 0.0 0.5386564053230727
0.4 0.0 0.0 0.6785847560359268 0.39641640752258256 0.0 0.6003848003848008
0.5466666666666666 0.0 0.0 0.680385234837156 0.5521397897230861 0.0 0.4452461119127792
0.4822222222222222 0.0 0.0 0.6811292378410411 0.4842292314526877 0.0 0.5102453102453111
0.44222222222222224 0.0 0.0 0.6854906913077045 0.44720864800829263 0.0 0.547314413981081
0.5133333333333333 0.0 0.0 0.6766908120139783 0.5128683548052717 0.0 0.4847843514510186
0.5466666666666666 0.0 0.0 0.6815957234225761 0.5532355989930401 0.0 0.44277697611030997
0.4666666666666667 0.0 0.0 0.6745313974204066 0.46583740559751224 0.0 0.5319223985890655
0.4711111111111111 0.0 0.0 0.6751158166592173 0.4708425884791944 0.0 0.5266313932980602
0.48 0.0 0.0 0.6788726578761524 0.47940174737153857 0.0 0.51624178290845
0.4911111111111111 0.0 0.0 0.6769564484982484 0.49101140233970086 0.0 0.505178771845439
0.5377777777777778 0.0 0.0 0.6778965365568719 0.5393750925514587 0.0 0.4583293249959922
0.5244444444444445 0.0 0.0 0.6800512143560554 0.5245668591737006 0.0 0.4712522045855384
0.5177777777777778 0.0 0.0 0.6842787294636681 0.5219013771657042 0.0 0.47192560525893923
0.47333333333333333 0.0 0.0 0.675210087282267 0.47137568488079373 0.0 0.5257976591309929
0.5133333333333333 0.0 0.0 0.6841292199981777 0.5179623870872205 0.0 0.4757094757094764
0.43555555555555553 0.0 0.0 0.6777385081448152 0.4320746334962239 0.0 0.5637966971300309
0.43777777777777777 0.0 0.0 0.6852133251498164 0.4424403968606545 0.0 0.5520602853936192
0.5377777777777778 0.0 0.0 0.6820008640667216 0.5430475344291426 0.0 0.4525252525252529
0.43555555555555553 0.0 0.0 0.677907938744733 0.43672441877683993 0.0 0.5600128266794937
0.4866666666666667 0.0 0.0 0.684675279049963 0.4932918702798756 0.0 0.5009780343113686
0.4955555555555556 0.0 0.0 0.6770967834502741 0.49264030801125425 0.0 0.5032868366201704
0.5222222222222223 0.0 0.0 0.6827581825129406 0.5265511624463202 0.0 0.4673721340388012
0.5133333333333333 0.0 0.0 0.6782094336265977 0.5137864652746927 0.0 0.48257174923841606
0.49333333333333335 0.0 0.0 0.6750696664473134 0.49521694061898414 0.0 0.5046977713644386
0.40444444444444444 0.0 0.0 0.6779342068591971 0.4018658374055975 0.0 0.5950617283950622
0.5066666666666667 0.0 0.0 0.6816197016965836 0.5104398045313194 0.0 0.4839506172839515
0.5066666666666667 0.0 0.0 0.6772066879571875 0.5067673626536354 0.0 0.49001122334455705
0.4288888888888889 0.0 0.0 0.6776989953125179 0.4252332296756997 0.0 0.5706910373577043
0.4577777777777778 0.0 0.0 0.6725786164859807 0.45250999555752996 0.0 0.5466410133076807
0.5222222222222223 0.0 0.0 0.6824536980066663 0.5265215459795647 0.0 0.46756453423120137
0.42444444444444446 0.0 0.0 0.6804158239635953 0.4221827335998815 0.0 0.5727112393779066
0.5111111111111111 0.0 0.0 0.6814336857990123 0.5122464090034059 0.0 0.4823152156485492
0.4888888888888889 0.0 0.0 0.6760759610705848 0.48639123352584035 0.0 0.5096681096681104
0.52 0.0 0.0 0.6788657140227639 0.5237672145713016 0.0 0.4728555395222067
0.5111111111111111 0.0 0.0 0.6735385543741335 0.5064415815193247 0.0 0.4923841590508261
0.44666666666666666 0.0 0.0 0.6805066236370726 0.44475048126758476 0.0 0.5504890171556844
0.5311111111111111 0.0 0.0 0.6798458489257679 0.5312009477269362 0.0 0.4649991983325319
0.4866666666666667 0.0 0.0 0.6864278958470545 0.4937953502147194 0.0 0.49943883277216694
0.4622222222222222 0.0 0.0 0.678716412099569 0.4621945801865837 0.0 0.5328523328523334
0.44 0.0 0.0 0.6745923528707849 0.4339108544350659 0.0 0.5635722302388974
0.48 0.0 0.0 0.6786051420895745 0.48224492818006814 0.0 0.5130992464325801
0.4822222222222222 0.0 0.0 0.6755073202944196 0.481089885976603 0.0 0.5157607824274495
0.4666666666666667 0.0 0.0 0.6752389099474576 0.46571893973049017 0.0 0.5315055315055319
0.4311111111111111 0.0 0.0 0.6745533527767132 0.4278394787501851 0.0 0.5692159692159696
0.44666666666666666 0.0 0.0 0.6769094273760866 0.44418776839922997 0.0 0.5518999518999526
0.4866666666666667 0.0 0.0 0.6756519316530516 0.4849992595883311 0.0 0.5118486451819789
0.48 0.0 0.0 0.681582236360291 0.48354805271731083 0.0 0.5099567099567107
0.5066666666666667 0.0 0.0 0.6817941658706315 0.5096993928624315 0.0 0.4844957511624187
0.41555555555555557 0.0 0.0 0.6767029584898072 0.4098326669628313 0.0 0.5872695206028544
0.4444444444444444 0.0 0.0 0.6776429678895393 0.44398045313194134 0.0 0.5514830848164185
0.5355555555555556 0.0 0.0 0.6840625798508644 0.5407670664889679 0.0 0.4527497194163864
0.4822222222222222 0.0 0.0 0.6790752077623441 0.48437731378646526 0.0 0.5108545775212445
0.4266666666666667 0.0 0.0 0.6800368173188015 0.4245816674070783 0.0 0.5705307038640377
0.5022222222222222 0.0 0.0 0.681070668309797 0.5055530875166593 0.0 0.4893698893698897
0.44666666666666666 0.0 0.0 0.6791886135238707 0.44581667407078335 0.0 0.5488215488215492
0.49777777777777776 0.0 0.0 0.6764266039940352 0.4981193543610247 0.0 0.4989257655924325
0.4288888888888889 0.0 0.0 0.6743068789576148 0.4268621353472531 0.0 0.5699855699855707
0.4288888888888889 0.0 0.0 0.6735037600671558 0.42354509107063526 0.0 0.5745069745069751
0.5 0.0 0.0 0.6775708950561872 0.5017621797719533 0.0 0.49398749398749464
0.4222222222222222 0.0 0.0 0.6770740758468009 0.4171183177846883 0.0 0.5790925124258464
0.5266666666666666 0.0 0.0 0.680102938328357 0.5300459055234711 0.0 0.46621773288440016
0.4177777777777778 0.0 0.0 0.6806707437160096 0.41522286391233526 0.0 0.5802469135802475
0.4955555555555556 0.0 0.0 0.6762095865319654 0.4943580630830742 0.0 0.5026775693442365
0.43555555555555553 0.0 0.0 0.6718727612664314 0.42985339848956017 0.0 0.5700176366843039
0.4266666666666667 0.0 0.0 0.6779584996500696 0.42241966533392566 0.0 0.5729998396665068
0.4266666666666667 0.0 0.0 0.6755142168365933 0.4216792536650378 0.0 0.5758537758537763
0.5111111111111111 0.0 0.0 0.6845628969596087 0.517133126018066 0.0 0.4775372775372779
0.5444444444444444 0.0 0.0 0.6793155088404852 0.5476084703094921 0.0 0.44983164983165036
0.5111111111111111 0.0 0.0 0.6789292598206196 0.5120687102028728 0.0 0.4843354176687511
0.4955555555555556 0.0 0.0 0.6883607143162095 0.5050496075818155 0.0 0.4896264229597568
0.5133333333333333 0.0 0.0 0.6780211310631523 0.51420109580927 0.0 0.48270001603334967
0.5355555555555556 0.0 0.0 0.6837436272882241 0.5396416407522583 0.0 0.4544492544492549
0.5066666666666667 0.0 0.0 0.6831073267414189 0.511683696135051 0.0 0.4825076158409498
0.4622222222222222 0.0 0.0 0.6758721700588642 0.4564193691692581 0.0 0.5403238736572078
0.48444444444444446 0.0 0.0 0.6775791716092886 0.4820376129127795 0.0 0.5138367805034478
0.43555555555555553 0.0 0.0 0.6786823666696793 0.4346808825707093 0.0 0.5605579605579609
0.5066666666666667 0.0 0.0 0.6803009048565517 0.5073893084555012 0.0 0.4873176206509543
0.5022222222222222 0.0 0.0 0.6828162563904252 0.5073300755219903 0.0 0.4870931537598211
0.4288888888888889 0.0 0.0 0.6758011675888894 0.4230416111357915 0.0 0.5731281064614403
0.5333333333333333 0.0 0.0 0.6790261876058133 0.5359395824078187 0.0 0.4619207952541291
0.46 0.0 0.0 0.6806704810126941 0.463527321190582 0.0 0.5337181337181343
0.44666666666666666 0.0 0.0 0.6741769939754308 0.44178883459203316 0.0 0.5567099567099573
0.4266666666666667 0.0 0.0 0.6753439256080819 0.4247001332741004 0.0 0.5721340388007061
0.47555555555555556 0.0 0.0 0.6779833327805022 0.4713460684140382 0.0 0.5242584575917915
0.4577777777777778 0.0 0.0 0.6745663399201256 0.4558862727676588 0.0 0.5418951418951428
0.4666666666666667 0.0 0.0 0.6777921298738859 0.461750333185251 0.0 0.5339105339105346
0.42 0.0 0.0 0.6759959558054648 0.4154894121131349 0.0 0.5813692480359152
0.4911111111111111 0.0 0.0 0.6818282966185055 0.49468384421738487 0.0 0.4996312329645668
0.5111111111111111 0.0 0.0 0.6776490815591323 0.5107655856656301 0.0 0.48613115279782015
0.5577777777777778 0.0 0.0 0.6804839676431469 0.5606693321486746 0.0 0.43610710277376996
0.5133333333333333 0.0 0.0 0.6817907037953312 0.5157115356138012 0.0 0.4786596119929457
0.44 0.0 0.0 0.6765865906185733 0.4372871316451947 0.0 0.559948693282027
0.43333333333333335 0.0 0.0 0.6808408610289843 0.4317784688286687 0.0 0.5630912297578969
0.5088888888888888 0.0 0.0 0.6761234494599621 0.5082778024581668 0.0 0.4883758217091555
0.5466666666666666 0.0 0.0 0.6776173757256041 0.5472826891751814 0.0 0.4506653839987177
0.52 0.0 0.0 0.677665856203087 0.5211609654968162 0.0 0.47603014269681
0.5022222222222222 0.0 0.0 0.6757577749078499 0.5025914408411076 0.0 0.4951098284431623
0.4311111111111111 0.0 0.0 0.6767950854655511 0.4264771212794314 0.0 0.5696649029982368
0.54 0.0 0.0 0.6821064307969867 0.5450022212350066 0.0 0.451114317780985
0.4266666666666667 0.0 0.0 0.677498928143579 0.42265659706796976 0.0 0.5739618406285077
0.44 0.0 0.0 0.6764153690295576 0.4383237079816378 0.0 0.5592111592111597
0.52 0.0 0.0 0.6824211229082106 0.5240041463053458 0.0 0.4707391374058044
0.4288888888888889 0.0 0.0 0.6749508820884143 0.4233970087368577 0.0 0.5737373737373742