0.58 0.0 0.0 0.6801389261188804 0.5797719532059825 0.0 0.41725188391855117
0.5577777777777778 0.0 0.0 0.6791333688161509 0.5601066192803199 0.0 0.4361391694725034
0.5333333333333333 0.0 0.0 0.6865990989124748 0.5403524359543906 0.0 0.4538399871733212
0.5222222222222223 0.0 0.0 0.6793712597932542 0.5198578409595735 0.0 0.47458714125380863
0.5644444444444444 0.0 0.0 0.6807899626895474 0.5656745150303569 0.0 0.4294051627384968
0.49333333333333335 0.0 0.0 0.6769486755734984 0.49157411520805566 0.0 0.5036395703062378
0.5533333333333333 0.0 0.0 0.677204493945253 0.5554272175329483 0.0 0.4416546416546423
0.5333333333333333 0.0 0.0 0.6763627284584868 0.5310824818599141 0.0 0.4655763989097328
0.5444444444444444 0.0 0.0 0.6818237109150426 0.5496223900488671 0.0 0.4456950456950465
0.4777777777777778 0.0 0.0 0.6796839143592615 0.4739227010217681 0.0 0.5197370530703873
0.4822222222222222 0.0 0.0 0.6798531963188964 0.48482156078779803 0.0 0.510854577521245
0.49333333333333335 0.0 0.0 0.6765974743800093 0.49130756700725603 0.0 0.5040885040885049
0.5022222222222222 0.0 0.0 0.6837883567838223 0.5086924329927439 0.0 0.48651595318262064
0.4711111111111111 0.0 0.0 0.6756283046657908 0.4707241226121724 0.0 0.525605258938593
0.56 0.0 0.0 0.6769994082834403 0.5621501554864504 0.0 0.43530543530543586
0.5511111111111111 0.0 0.0 0.6799138781911883 0.5554864504664594 0.0 0.44008337341670756
0.47333333333333333 0.0 0.0 0.680620692466122 0.47774322523322965 0.0 0.5181337181337189
0.4955555555555556 0.0 0.0 0.6844104677187305 0.5016140974381756 0.0 0.4928330928330936
0.5288888888888889 0.0 0.0 0.6816207800774841 0.5298978231896935 0.0 0.464165464165465
0.5155555555555555 0.0 0.0 0.6757220777726562 0.5150599733451799 0.0 0.4813852813852819
0.5244444444444445 0.0 0.0 0.6778300453599089 0.5247149415074781 0.0 0.47041847041847096
0.5311111111111111 0.004405286343612369 0.0 0.6877754484224423 0.5409743817562565 0.0 0.45509058842392247
0.5 0.0 0.0 0.6815613975335059 0.5038945653783503 0.0 0.49026775693442437
0.46444444444444444 0.0 0.0 0.6740869512952037 0.4628165259884496 0.0 0.5346480679814019
0.5044444444444445 0.0 0.0 0.6765500967523326 0.5034503183770176 0.0 0.49219175885842636
0.5133333333333333 0.0 0.0 0.6755428633235283 0.5120094772693617 0.0 0.4839185505852178
0.5177777777777778 0.0 0.0 0.6789002279102287 0.5163334814156672 0.0 0.4780503447170119
0.5622222222222222 0.0 0.0 0.6775073265756094 0.562239004886717 0.0 0.4347282347282353
0.58 0.0 0.0 0.6800293168284409 0.5798311861394936 0.0 0.41702741702741764
0.56 0.0 0.0 0.6776081417353822 0.5560787798015697 0.0 0.44130190796857516
0.5133333333333333 0.0 0.0 0.6762531377861857 0.5102028727972753 0.0 0.48552188552188624
0.5088888888888888 0.0 0.0 0.6788783379474455 0.5100547904634977 0.0 0.4848805515472189
0.5111111111111111 0.0 0.0 0.6844466321039268 0.5139345476084703 0.0 0.47965367965368055
0.47333333333333333 0.0 0.0 0.6750815039552348 0.47196801421590406 0.0 0.5253807920474594
0.5155555555555555 0.0 0.0 0.6774616913668075 0.5173700577521102 0.0 0.4781465448132123
0.48 0.0 0.0 0.6789254011216498 0.4773878276321635 0.0 0.5162738496071838
0.5 0.0 0.0 0.6779442198572512 0.504101880645639 0.0 0.4926406926406933
0.5177777777777778 0.0 0.0 0.6842164586705899 0.5241818451058788 0.0 0.4686868686868695
0.4666666666666667 0.0 0.0 0.6746760829807462 0.4645342810602695 0.0 0.5324033990700664
0.4533333333333333 0.0 0.0 0.6768533024441435 0.4549385458314823 0.0 0.5418951418951427
0.47333333333333333 0.0 0.0 0.6862923912036946 0.48248185991411224 0.0 0.5122334455667795
0.49777777777777776 0.0 0.0 0.6792664282593937 0.5028876055086628 0.0 0.49299342632676046
0.4822222222222222 0.0 0.0 0.6829164265181297 0.48861246853250406 0.0 0.5070065736732409
0.5155555555555555 0.0 0.0 0.6768423833416524 0.514319561676292 0.0 0.4808080808080816
0.5066666666666667 0.0 0.0 0.6763938734525843 0.5055827039834148 0.0 0.49017155683822433
0.5066666666666667 0.0 0.0 0.6779747684938867 0.5099955575299867 0.0 0.48670835337502083
0.48444444444444446 0.0 0.0 0.6777444317795318 0.48191914704575745 0.0 0.5127785794452473
0.52 0.0 0.0 0.6776488307988399 0.5175773730193988 0.0 0.47721661054994413
0.4533333333333333 0.0 0.0 0.6779156225838531 0.45618243743521397 0.0 0.5409331409331415
0.49333333333333335 0.0 0.0 0.6799521074637076 0.49865245076262404 0.0 0.49690556357223103
0.4488888888888889 0.0 0.0 0.6746206195189242 0.44895601954686803 0.0 0.5477312810646151
0.48 0.0 0.0 0.6777276329596869 0.4751962090922553 0.0 0.5189353856020533
0.5333333333333333 0.0 0.0 0.6797239438528637 0.5353472530727085 0.0 0.4588423921757263
0.48 0.0 0.0 0.681178775928853 0.47762475936620763 0.0 0.51556838223505
0.5355555555555556 0.0 0.0 0.676151411765882 0.5370353916777728 0.0 0.4593233926567265
0.5311111111111111 0.0 0.0 0.6777492669550028 0.5311120983266696 0.0 0.464101330767998
0.46444444444444444 0.0 0.0 0.6791576681326194 0.4678809418036428 0.0 0.5288119288119293
0.4955555555555556 0.0 0.0 0.6812381748384714 0.4954834888197838 0.0 0.49757896424563197
0.5 0.0 0.0 0.6790764534969352 0.5049015252480379 0.0 0.49097322430655843
0.48444444444444446 0.0 0.0 0.6781575620687178 0.4825114763808678 0.0 0.5121372454705797
0.5177777777777778 0.0 0.0 0.6776966880123099 0.5141122464090034 0.0 0.48103254769921555
0.4955555555555556 0.0 0.0 0.6757872068904537 0.49184066340885535 0.0 0.502773769440437
0.5111111111111111 0.0 0.0 0.6833321251276591 0.5176958388864209 0.0 0.47747314413981146
0.54 0.0 0.0 0.6790372813745416 0.5413890122908337 0.0 0.4536475869809208
0.5355555555555556 0.004405286343612369 0.0 0.6877979098074142 0.5458314823041611 0.0 0.4502485169151843
0.5577777777777778 0.0 0.0 0.6804899212341127 0.5584184806752555 0.0 0.4367163700497041
0.4955555555555556 0.0 0.0 0.6775202018999424 0.4960462016881386 0.0 0.4986050986050993
0.4622222222222222 0.0 0.0 0.6729930626307987 0.4605064415815193 0.0 0.5381433381433387
0.5333333333333333 0.0 0.0 0.6781129453550129 0.5300459055234711 0.0 0.46541606541606606
0.54 0.0 0.0 0.6765013360680755 0.5418036428254109 0.0 0.45428892095558804
0.49777777777777776 0.0 0.0 0.6810366903502904 0.4971420109580927 0.0 0.4959435626102303
0.52 0.0 0.0 0.6791050477447184 0.5197986080260625 0.0 0.47506814173480916
0.5177777777777778 0.0 0.0 0.678746541664825 0.522582555901081 0.0 0.47365720699054115
0.4688888888888889 0.0 0.0 0.6741194555765609 0.4659854879312898 0.0 0.5310245310245316
0.45111111111111113 0.0 0.0 0.6773582238448921 0.4526876943580631 0.0 0.5437550104216777
0.5044444444444445 0.0 0.0 0.6817681096240498 0.508810898859766 0.0 0.48632355299022056
0.5377777777777778 0.0 0.0 0.6856323812534109 0.5461868799052273 0.0 0.4490941157607832
0.5533333333333333 0.0 0.0 0.680125455473278 0.5544794905967718 0.0 0.4409812409812418
0.48444444444444446 0.0 0.0 0.6771881385682219 0.48562120539019693 0.0 0.5111431778098452
0.4777777777777778 0.0 0.0 0.6756601870106743 0.4753146749592774 0.0 0.5206028539361882
0.56 0.0 0.0 0.6811923155459183 0.5633051976899156 0.0 0.4320666987333661
0.5066666666666667 0.0 0.0 0.6767499354445047 0.5039241818451059 0.0 0.49164662497995903
0.5088888888888888 0.0 0.0 0.6834142339650044 0.5154746038797572 0.0 0.4795574795574803
0.52 0.0 0.0 0.6774607086066268 0.5193543610247298 0.0 0.4753888087221425
0.5088888888888888 0.0 0.0 0.683384966659115 0.5158596179475788 0.0 0.4791726791726799
0.5022222222222222 0.0 0.0 0.6801368761215082 0.5014956315711535 0.0 0.4919352252685596
0.5155555555555555 0.0 0.0 0.6756276308141229 0.5154449874130016 0.0 0.4812890812890819
0.5044444444444445 0.0 0.0 0.68165224108132 0.5054642381163927 0.0 0.4872855539522215
0.5111111111111111 0.0 0.0 0.6815922581207885 0.5122760254701614 0.0 0.481000481000482
0.52 0.0 0.0 0.6769363878104097 0.5184954834888198 0.0 0.47679974346641063
0.5 0.0 0.0 0.6765289514275666 0.49894861543017915 0.0 0.4959435626102301
0.5244444444444445 0.0 0.0 0.6771311503456615 0.5258107507774322 0.0 0.4701619368286041
0.5333333333333333 0.0 0.0 0.6811625344745736 0.5384273656152821 0.0 0.4573673240339914
0.5488888888888889 0.0 0.0 0.6808171566317821 0.5550718199318821 0.0 0.4422639089305761
0.4955555555555556 0.0 0.0 0.6810568354132154 0.49480231008440695 0.0 0.4982844316177659
0.5044444444444445 0.0 0.0 0.6770560422828424 0.5066192803198578 0.0 0.4901715568382242
0.48444444444444446 0.0 0.0 0.6765541410934205 0.48058640604175923 0.0 0.5160493827160499
0.5355555555555556 0.0 0.0 0.6760016456887668 0.5371538575447949 0.0 0.459195125861793
0.47555555555555556 0.0 0.0 0.6795990812698494 0.4715533836813268 0.0 0.5221420554753897
0.49777777777777776 0.0 0.0 0.6744596307253373 0.49397304901525246 0.0 0.5021003687670362
0.5333333333333333 0.0 0.0 0.6793955379064637 0.5360876647415963 0.0 0.4588423921757263
0.5 0.0 0.0 0.6772827876798594 0.4989782318969347 0.0 0.4950777617444293
0.4911111111111111 0.0 0.0 0.6757445861148214 0.4890270990670813 0.0 0.5064935064935072
0.46444444444444444 0.0 0.0 0.6774762433811504 0.4663705019991115 0.0 0.5289081289081299
0.5355555555555556 0.0 0.0 0.6808049342108214 0.5386939138160818 0.0 0.45653358986692405
0.5044444444444445 0.0 0.0 0.6763244711088355 0.5022952761735525 0.0 0.4933461600128273
0.48444444444444446 0.0 0.0 0.6774038293497114 0.4807048719087813 0.0 0.5137085137085146
0.5466666666666666 0.0 0.0 0.6803146447097037 0.5509551310528654 0.0 0.4445727112393787
0.5177777777777778 0.0 0.0 0.6786679269220592 0.5185250999555753 0.0 0.47657527657527743
0.5111111111111111 0.0 0.0 0.6776354666785378 0.5107063527321191 0.0 0.4849767516434189
0.4777777777777778 0.0 0.0 0.6789727175700072 0.48029024137420406 0.0 0.5154401154401163