0.4288888888888889 0.0 0.0 0.678906812873032 0.4298237820228047 0.0 0.569248035914703
0.4866666666666667 0.004405286343612369 0.0 0.6902372468191984 0.4954834888197838 0.0 0.498765432098766
0.5755555555555556 0.0 0.0 0.6772815686287332 0.5694061898415519 0.0 0.4308802308802312
0.5355555555555556 0.0 0.0 0.6760113482201089 0.5352880201391974 0.0 0.46281866281866346
0.44 0.0 0.0 0.6865366340708637 0.44670516807344884 0.0 0.5502324835658172
0.44 0.0 0.0 0.6789846196398767 0.4384717903154154 0.0 0.558441558441559
0.4911111111111111 0.0 0.0 0.6772743692270596 0.4969050792240486 0.0 0.49972743306076717
0.4888888888888889 0.0 0.0 0.6772091950280562 0.49486154301791796 0.0 0.5017476350809692
0.5866666666666667 0.0 0.0 0.6819852293479695 0.5897527025025915 0.0 0.4066057399390737
0.4911111111111111 0.0 0.0 0.6800509532155469 0.4895305790019251 0.0 0.5043771043771049
0.4911111111111111 0.0 0.0 0.6737417879880863 0.4881386050644158 0.0 0.5097643097643103
0.4955555555555556 0.004405286343612369 0.0 0.6893690431277487 0.5031541537094625 0.0 0.4905563572230244
0.5177777777777778 0.0 0.0 0.6800623381247701 0.5184658670220643 0.0 0.47654320987654386
0.4688888888888889 0.0 0.0 0.6744111412470088 0.46536354212942393 0.0 0.531665864999199
0.5555555555555556 0.0 0.0 0.6807228371359274 0.5596919887457427 0.0 0.436171236171237
0.49777777777777776 0.0 0.0 0.6860892642331706 0.507892788390345 0.0 0.4877024210357551
0.4688888888888889 0.004405286343612369 0.0 0.687150147861646 0.47421886568932325 0.0 0.51957671957672
0.48 0.0 0.0 0.6792168662241633 0.48117873537686956 0.0 0.5130351130351136
0.4777777777777778 0.0 0.0 0.6747671509434074 0.4772693617651414 0.0 0.5199294532627872
0.5555555555555556 0.0 0.0 0.6864037120373393 0.5604620168813861 0.0 0.4334135000801672
0.49333333333333335 0.0 0.0 0.6757770022722566 0.4930549385458315 0.0 0.5030303030303034
0.4711111111111111 0.0 0.0 0.673354039863781 0.47016140974381754 0.0 0.5278499278499285
0.5333333333333333 0.0 0.0 0.6826682707550552 0.5387827632163483 0.0 0.45467372134038875
0.54 0.0 0.0 0.675936942199846 0.5395231748852362 0.0 0.45861792528459266
0.5 0.0 0.0 0.6863077857683251 0.5102028727972753 0.0 0.48513708513708587
0.5111111111111111 0.004405286343612369 0.0 0.6883221091022331 0.5196209092255294 0.0 0.4749719416386087
0.47333333333333333 0.0 0.0 0.6787795994173623 0.4748704279579446 0.0 0.5198011864678536
0.4911111111111111 0.0 0.0 0.6762558675212664 0.4912187176069895 0.0 0.5049543049543055
0.47555555555555556 0.0 0.0 0.6744048351931157 0.4730045905523471 0.0 0.5240981240981247
0.4888888888888889 0.0 0.0 0.6789322400462157 0.4896490448689471 0.0 0.5053070386403726
0.4911111111111111 0.0 0.0 0.6763541209947549 0.49465422775062934 0.0 0.5032227032227036
0.4955555555555556 0.0 0.0 0.6779444644377283 0.497734340293203 0.0 0.4976430976430981
0.45555555555555555 0.0 0.0 0.6841071410683995 0.458018658374056 0.0 0.5362834696168035
0.5311111111111111 0.0 0.0 0.6810688156014699 0.5350214719383978 0.0 0.4591309924643264
0.49777777777777776 0.0 0.0 0.6768304498568956 0.49726047682511476 0.0 0.4982202982202988
0.5844444444444444 0.0 0.0 0.6787544565114129 0.5802162002073152 0.0 0.4186948853615524
0.52 0.004405286343612369 0.0 0.6889459958652812 0.5287723974529839 0.0 0.4655443322109992
0.43777777777777777 0.0 0.0 0.6859720714351657 0.44448393306678513 0.0 0.5528619528619532
0.49777777777777776 0.0 0.0 0.6779685721647088 0.498593217829113 0.0 0.4964886964886971
0.5066666666666667 0.0 0.0 0.6832385083295633 0.5118910114023397 0.0 0.4816418149751488
0.4888888888888889 0.0 0.0 0.6781867828770866 0.49228491041018807 0.0 0.5034471701138374
0.44666666666666666 0.0 0.0 0.6728570755241073 0.44332889086332 0.0 0.5546256212922885
0.4688888888888889 0.0 0.0 0.6804991973866942 0.47270842588479195 0.0 0.5213083213083218
0.5288888888888889 0.0 0.0 0.6792095882123754 0.5325040722641788 0.0 0.4631072631072638
0.4577777777777778 0.004405286343612369 0.0 0.6860383263938437 0.46260921072116096 0.0 0.5316337983004655
0.4777777777777778 0.0 0.0 0.6790857041589954 0.47975714497260474 0.0 0.5150553150553157
0.5155555555555555 0.0 0.0 0.6768338700749063 0.5195616762920183 0.0 0.4778579445246117
0.4955555555555556 0.0 0.0 0.6768034264216138 0.49654968162298235 0.0 0.4991822991822996
0.5533333333333333 0.0 0.0 0.6811843803778821 0.5578261513401451 0.0 0.4379028379028387
0.5422222222222223 0.0 0.0 0.682124772130881 0.5460980305049608 0.0 0.4481321147987817
0.5622222222222222 0.0 0.0 0.6794760134228847 0.5661187620316896 0.0 0.42921276254609675
0.4955555555555556 0.0 0.0 0.6817690441419898 0.49983710943284465 0.0 0.4936988936988942
0.4577777777777778 0.0 0.0 0.689384319094941 0.4678809418036428 0.0 0.528010261343595
0.5311111111111111 0.0 0.0 0.6829042028521429 0.5339552791351991 0.0 0.4596440596440605
0.4711111111111111 0.0 0.0 0.6749638308605796 0.47107952021323857 0.0 0.5262465929132603
0.5422222222222223 0.0 0.0 0.6822784939495211 0.5476973197097587 0.0 0.44700978034311434
0.48 0.0 0.0 0.6785982672433654 0.4803494743077151 0.0 0.5148949815616488
0.4622222222222222 0.0 0.0 0.6728907319407641 0.4592921664445432 0.0 0.5377585377585385
0.5222222222222223 0.0 0.0 0.675759314228376 0.5237375981045461 0.0 0.4736251402918077
0.4577777777777778 0.0 0.0 0.6785107804493725 0.45946986524507627 0.0 0.5346160012826685
0.5866666666666667 0.0 0.0 0.679244090833528 0.5833259292166445 0.0 0.41558441558441606
0.5 0.0 0.0 0.679875165069793 0.5065008144528358 0.0 0.48834375501042215
0.5 0.0 0.0 0.6816456661327132 0.5047830593810159 0.0 0.4891774891774896
0.4666666666666667 0.0 0.0 0.6808917804446689 0.46885828520657485 0.0 0.5251883918550591
0.5155555555555555 0.0 0.0 0.6836664551070006 0.5211609654968162 0.0 0.47186147186147265
0.5177777777777778 0.0 0.0 0.6801045177379058 0.5211017325633052 0.0 0.4734327400994075
0.5755555555555556 0.0 0.0 0.6775834298850512 0.570501999111506 0.0 0.4295975629308967
0.5844444444444444 0.0 0.0 0.6785928323739018 0.5800385014067821 0.0 0.4189514189514193
0.5 0.0 0.0 0.6829880786056504 0.505079224048571 0.0 0.4882475549142221
0.49333333333333335 0.0 0.0 0.6790056427601177 0.4934991855471642 0.0 0.5014911014911022
0.5266666666666666 0.0 0.0 0.6777241731395344 0.5306086183918258 0.0 0.46551226551226577
0.5333333333333333 0.0 0.0 0.6796102933196512 0.5320302087960906 0.0 0.4629789963123303
0.5488888888888889 0.0 0.0 0.6769218870490489 0.5487931289797128 0.0 0.44810004810004855
0.5333333333333333 0.0 0.0 0.6832273091999486 0.5390789278839034 0.0 0.4543851210517884
0.4666666666666667 0.0 0.0 0.6859327446071167 0.4770916629646083 0.0 0.5203142536475873
0.5222222222222223 0.0 0.0 0.6805148176749803 0.5256330519768991 0.0 0.4688472021805361
0.4888888888888889 0.0 0.0 0.6738783790723172 0.48559158892344145 0.0 0.5124258457591797
0.5133333333333333 0.0 0.0 0.6758552958910723 0.515356138012735 0.0 0.4818983485650159
0.5066666666666667 0.0 0.0 0.6783235129737669 0.5102621057307863 0.0 0.48491261824595233
0.5044444444444445 0.0 0.0 0.6762865494933595 0.5060269509847475 0.0 0.4912618245951582
0.5333333333333333 0.0 0.0 0.6848957633573299 0.5407670664889679 0.0 0.45217251883918574
0.46 0.0 0.0 0.6843184604338157 0.4689471346068414 0.0 0.5301587301587307
0.49777777777777776 0.0 0.0 0.6782025879795381 0.5005775211017326 0.0 0.49539842873176276
0.5288888888888889 0.0 0.0 0.6823261763444497 0.5340737450022213 0.0 0.45999679333012733
0.44666666666666666 0.0 0.0 0.6865201919172448 0.45375388716126164 0.0 0.5434984768318106
0.52 0.0 0.0 0.6807825346937656 0.5210128831630386 0.0 0.4737534070867411
0.49333333333333335 0.0 0.0 0.6746162352052173 0.49385458314823044 0.0 0.5045695045695051
0.45111111111111113 0.0 0.0 0.6754720670680425 0.45313194135939583 0.0 0.5439153439153446
0.4688888888888889 0.0 0.0 0.6816874004470831 0.47309343995261366 0.0 0.5206028539361878
0.48444444444444446 0.008810572687224627 0.0 0.690695036952895 0.4929957056123204 0.0 0.5007215007215012
0.45555555555555555 0.0 0.0 0.6852519203024149 0.4662224196653339 0.0 0.5320827320827325
0.5733333333333334 0.0 0.0 0.6797975310206106 0.5747075373907893 0.0 0.4214526214526222
0.49777777777777776 0.0 0.0 0.6786918238280039 0.5037464830445728 0.0 0.49222382555715927
0.5266666666666666 0.0 0.0 0.6797411417001075 0.530727084258848 0.0 0.4647747314413987
0.5133333333333333 0.0 0.0 0.6835094560635518 0.518850881089886 0.0 0.4742985409652083
0.48444444444444446 0.0 0.0 0.6789348373833958 0.4853546571893973 0.0 0.5098284431617771
0.4622222222222222 0.004405286343612369 0.0 0.6825946516076229 0.46500814452835776 0.0 0.5302549302549306
0.5044444444444445 0.0 0.0 0.6843034545117155 0.5056715533836813 0.0 0.487349687349688
0.5288888888888889 0.0 0.0 0.6779016363603569 0.5300459055234711 0.0 0.46560846560846614
0.4888888888888889 0.0 0.0 0.6796817630701473 0.4915444987413002 0.0 0.5037999037999041
0.5066666666666667 0.0 0.0 0.6773785177554678 0.5077447060565674 0.0 0.4877024210357548
0.58 0.0 0.0 0.6779016260845558 0.5754479490596772 0.0 0.42437069103735825
0.5 0.0 0.0 0.6800820945521127 0.506974677920924 0.0 0.48754208754208805
0.5177777777777778 0.0 0.0 0.6820577556798885 0.5237079816377906 0.0 0.4703864037197377
0.49333333333333335 0.0 0.0 0.6790117496004869 0.4960758181548941 0.0 0.5003687670354342
0.5555555555555556 0.0 0.0 0.684784844743964 0.561320894417296 0.0 0.4339586339586342
0.5333333333333333 0.0 0.0 0.6810891290501077 0.5370353916777728 0.0 0.45707872374539105
0.43333333333333335 0.0 0.0 0.683625523470481 0.4398637642529246 0.0 0.5592111592111596
0.5377777777777778 0.0 0.0 0.6791607344727144 0.5429883014956316 0.0 0.4523969857303194
0.4955555555555556 0.0 0.0 0.6772212340434636 0.49560195468680585 0.0 0.5013628346961685
0.5088888888888888 0.004405286343612369 0.0 0.6885577216746789 0.5147934251443803 0.0 0.4790444123777464