0.4911111111111111 0.0 0.0 0.6752211214952432 0.49151488227454465 0.0 0.5050505050505057
0.42 0.0 0.0 0.6745111051780686 0.41353472530727087 0.0 0.5856982523649193
0.44666666666666666 0.0 0.0 0.6731111159115708 0.44507626240189546 0.0 0.5526695526695531
0.41333333333333333 0.0 0.0 0.6735057673665097 0.4087960906263883 0.0 0.5907006573673244
0.4622222222222222 0.0 0.0 0.6743878320607595 0.45914408411076557 0.0 0.5371172037838708
0.5377777777777778 0.0 0.0 0.6781278032495254 0.5394047090182141 0.0 0.45682219015552394
0.4822222222222222 0.0 0.0 0.6805384840041817 0.4866873981933955 0.0 0.5085778419111759
0.5111111111111111 0.0 0.0 0.680760380792826 0.5094624611283873 0.0 0.4854898188231527
0.5111111111111111 0.004405286343612369 0.0 0.6794435208073693 0.5122760254701614 0.0 0.48193041526374925
0.45111111111111113 0.0 0.0 0.6881428007158317 0.4574559455057012 0.0 0.537373737373738
0.5177777777777778 0.0 0.0 0.6747346815664446 0.5160077002813565 0.0 0.48186628186628244
0.44222222222222224 0.0 0.0 0.6879838308990223 0.4485710054790463 0.0 0.5464165464165471
0.46 0.0 0.0 0.6801343619766537 0.4640308011254257 0.0 0.5316658649991987
0.45111111111111113 0.0 0.0 0.6728286940076296 0.4488671701466015 0.0 0.5489177489177495
0.4822222222222222 0.0 0.0 0.6748635114876368 0.481089885976603 0.0 0.5156004489337829
0.5222222222222223 0.0 0.0 0.6842292231989044 0.5303716866577817 0.0 0.4643257976591316
0.4666666666666667 0.0 0.0 0.6856795993536746 0.4735673034207019 0.0 0.5204104537437877
0.5333333333333333 0.0 0.0 0.6791005102777345 0.5372427069450615 0.0 0.45935545935545996
0.46444444444444444 0.0 0.0 0.6728664928916672 0.4591144676440101 0.0 0.5389450056116727
0.5822222222222222 0.0 0.0 0.6848604912913747 0.5872945357618836 0.0 0.4096841430174769
0.4688888888888889 0.0 0.0 0.6783409340228581 0.47063527321190585 0.0 0.5248035914702585
0.5066666666666667 0.0 0.0 0.6753712828787696 0.5056123204501703 0.0 0.49071669071669133
0.5088888888888888 0.0 0.0 0.6856853760075053 0.518910114023397 0.0 0.47458714125380863
0.49333333333333335 0.0 0.0 0.6855438093486466 0.5037168665778172 0.0 0.4905563572230246
0.4488888888888889 0.0 0.0 0.6805166503560288 0.4517695838886421 0.0 0.5438832772166109
0.4688888888888889 0.0 0.0 0.6785192051040235 0.4698948615430179 0.0 0.5250921917588588
0.43555555555555553 0.0 0.0 0.6761781466628863 0.4342662520361321 0.0 0.5619368286034958
0.4777777777777778 0.0 0.0 0.6754161594705188 0.4775359099659411 0.0 0.5189353856020529
0.4711111111111111 0.004405286343612369 0.0 0.6784835419122824 0.4665482007996446 0.0 0.5285233285233291
0.5 0.0 0.0 0.675361085124842 0.5015548645046646 0.0 0.49414782748116126
0.5666666666666667 0.004405286343612369 0.0 0.6815360174790506 0.5630682659558714 0.0 0.4324194324194327
0.45555555555555555 0.0 0.0 0.6755435150314445 0.45410928476232787 0.0 0.5425044091710763
0.44666666666666666 0.0 0.0 0.6881442914176691 0.45351695542721754 0.0 0.5416386083052758
0.5222222222222223 0.0 0.0 0.6748371707561318 0.520627869095217 0.0 0.47715247715247766
0.49333333333333335 0.0 0.0 0.6853863306374506 0.5039537983118614 0.0 0.4905563572230246
0.5311111111111111 0.0 0.0 0.674719551812219 0.5283873833851621 0.0 0.4697130030463371
0.5244444444444445 0.004405286343612369 0.0 0.6822764877539005 0.5213682807641048 0.0 0.47240660573993964
0.44222222222222224 0.0 0.0 0.6806727265375916 0.44694209980749294 0.0 0.5500400833734173
0.5133333333333333 0.0 0.0 0.6799909160089472 0.5175773730193988 0.0 0.47772967772967834
0.5333333333333333 0.004405286343612369 0.0 0.6784644214767155 0.5336294980008885 0.0 0.4623697290363963
0.5 0.0 0.0 0.681923059917485 0.5080408707241226 0.0 0.48674042007375407
0.49777777777777776 0.0 0.0 0.6805183184815756 0.5036280171775507 0.0 0.49052429052429125
0.5244444444444445 0.004405286343612369 0.0 0.6814887429883836 0.5219902265659707 0.0 0.47202180535513927
0.4822222222222222 0.0 0.0 0.6757395676431155 0.47940174737153857 0.0 0.5164662497995836
0.43333333333333335 0.0 0.0 0.673232930657088 0.4309492077595143 0.0 0.5685425685425689
0.5088888888888888 0.0 0.0 0.6756094325872399 0.5081593365911447 0.0 0.4882475549142221
0.5133333333333333 0.0 0.0 0.6822260445924161 0.5199170738930845 0.0 0.47500400833734235
0.52 0.004405286343612369 0.0 0.6835864754527663 0.5243595439064119 0.0 0.4696809363476038
0.5111111111111111 0.0 0.0 0.6811720153157528 0.5142307122760255 0.0 0.48035914702581417
0.52 0.0 0.0 0.6818145356003834 0.5258403672441878 0.0 0.4684944684944693
0.5666666666666667 0.0 0.0 0.682950902772829 0.5707981637790611 0.0 0.42722462722462784
0.5133333333333333 0.0 0.0 0.6810428266150418 0.5176958388864209 0.0 0.47721661054994435
0.4311111111111111 0.0 0.0 0.6834802437190616 0.43583592477417443 0.0 0.5610389610389614
0.5333333333333333 0.0 0.0 0.6798802623823509 0.538190433881238 0.0 0.4571107904441243
0.5622222222222222 0.004405286343612369 0.0 0.6817260796125154 0.5600177698800534 0.0 0.4360750360750366
0.5155555555555555 0.0 0.0 0.6834064156532033 0.5167777284169999 0.0 0.4770242103575443
0.5333333333333333 0.004405286343612369 0.0 0.6793060671048098 0.5348733896046202 0.0 0.46076639409972786
0.5177777777777778 0.0 0.0 0.6768022838762959 0.5200947726936177 0.0 0.4747795414462087
0.4888888888888889 0.0 0.0 0.6781919363858783 0.4901525248037909 0.0 0.504986371653039
0.48 0.0 0.0 0.675994368443448 0.4818302976454909 0.0 0.5141895141895149
0.5 0.0 0.0 0.6762739284785573 0.5025025914408411 0.0 0.49292929292929344
0.4311111111111111 0.0 0.0 0.6739279784346663 0.42600325781134313 0.0 0.5724226390893061
0.5111111111111111 0.0 0.0 0.6815422965812404 0.5168369613505109 0.0 0.4780503447170119
0.4711111111111111 0.0 0.0 0.6802404564144163 0.4741892492225677 0.0 0.5200256533589871
0.4622222222222222 0.0 0.0 0.6781334405907231 0.4649785280616022 0.0 0.5304793971460644
0.5844444444444444 0.0 0.0 0.679698224058126 0.584510587886865 0.0 0.4143338143338149
0.5155555555555555 0.0 0.0 0.6734503300338625 0.5126018066044721 0.0 0.4857784191117528
0.5044444444444445 0.0 0.0 0.681035705177986 0.5112098326669628 0.0 0.483309283309284
0.5733333333333334 0.004405286343612369 0.0 0.682288039358813 0.5705316155782615 0.0 0.42510822510822555
0.5644444444444444 0.0 0.0 0.6803742452895875 0.5623574707537391 0.0 0.43389450056116774
0.4688888888888889 0.0 0.0 0.6774733681703055 0.4726788094180364 0.0 0.5234888568221907
0.4666666666666667 0.0 0.0 0.6818273490604545 0.4705760402783948 0.0 0.524226390893058
0.52 0.004405286343612369 0.0 0.682454900282134 0.5177846882866874 0.0 0.4761584094917434
0.4577777777777778 0.0 0.0 0.6808275919567434 0.4615134014512069 0.0 0.5335257335257337
0.48444444444444446 0.0 0.0 0.6847327589097497 0.49391381608174145 0.0 0.5004008337341678
0.4866666666666667 0.0 0.0 0.6751584717897143 0.4872501110617503 0.0 0.5094436427769768
0.5444444444444444 0.004405286343612369 0.0 0.6817565656008846 0.5397897230860358 0.0 0.45537918871252236
0.4488888888888889 0.0 0.0 0.6808898925774136 0.4504664593513994 0.0 0.5445246111912783
0.5088888888888888 0.0 0.0 0.6779961648964095 0.5084555012586999 0.0 0.4867083533750206
0.4888888888888889 0.0 0.0 0.6760939129860307 0.4905375388716126 0.0 0.5061087061087067
0.5711111111111111 0.0 0.0 0.6801508861980146 0.5685769287723974 0.0 0.4286034952701623
0.5311111111111111 0.0 0.0 0.6780077546606716 0.5320894417296017 0.0 0.4637806637806642
0.42444444444444446 0.0 0.0 0.6854819641411439 0.4297645490892936 0.0 0.5652396985730324
0.54 0.0 0.0 0.678503212157121 0.5417740263586555 0.0 0.4537437870771208
0.4266666666666667 0.0 0.0 0.6714007373145421 0.41868799052273065 0.0 0.5790283790283793
0.5244444444444445 0.0 0.0 0.6728082022442089 0.5205094032281948 0.0 0.47881994548661255
0.5222222222222223 0.004405286343612369 0.0 0.6813098914675962 0.5204205538279283 0.0 0.4739137405804078
0.5333333333333333 0.0 0.0 0.6831935390001682 0.5394343254849696 0.0 0.4553150553150558
0.4911111111111111 0.0 0.0 0.6757092265989969 0.4914852658077891 0.0 0.5040564373897716
0.5688888888888889 0.0 0.0 0.6824456334884456 0.5724863023841256 0.0 0.42530062530062585
0.52 0.0 0.0 0.6753494753308136 0.5183177846882867 0.0 0.47933301266634654
0.5555555555555556 0.0 0.0 0.6852897291176122 0.5618243743521398 0.0 0.4343434343434348
0.5066666666666667 0.0 0.0 0.6806464654751171 0.5049015252480379 0.0 0.490428090428091
0.44666666666666666 0.0 0.0 0.6791666943880517 0.45040722641788833 0.0 0.5449735449735453
0.4488888888888889 0.0 0.0 0.6759465176897932 0.4475344291426033 0.0 0.5489818823152159
0.4711111111111111 0.0 0.0 0.6778001730898792 0.47371538575447947 0.0 0.5218855218855225
0.4866666666666667 0.0 0.0 0.6813621127466203 0.4918110469420998 0.0 0.5035433702100374
0.4266666666666667 0.0 0.0 0.6738065806744747 0.42333777580334664 0.0 0.5747955747955753
0.45111111111111113 0.0 0.0 0.6777516534728383 0.45076262401895456 0.0 0.5438832772166109
0.5177777777777778 0.004405286343612369 0.0 0.6825006003820553 0.5151488227454465 0.0 0.47933301266634665
0.4911111111111111 0.0 0.0 0.6758541664305734 0.49169258107507774 0.0 0.5036395703062377
0.5133333333333333 0.0 0.0 0.6723646975856418 0.5104694209980749 0.0 0.4882154882154889
0.5244444444444445 0.0 0.0 0.6761047870654662 0.5251295720420553 0.0 0.47138047138047223
0.5044444444444445 0.0 0.0 0.6828963759130456 0.5098474751962091 0.0 0.4838223504890178
0.4711111111111111 0.0 0.0 0.6862193134535718 0.47895750037020585 0.0 0.5171396504729845
0.44222222222222224 0.0 0.0 0.6754838182320189 0.43971568191914706 0.0 0.5571588904922242
0.4688888888888889 0.0 0.0 0.6813433356146286 0.4714053013475492 0.0 0.5232323232323237
0.5711111111111111 0.004405286343612369 0.0 0.6828554474385577 0.569643121575596 0.0 0.42603815937149325
0.5355555555555556 0.0 0.0 0.678029163921542 0.5370057752110173 0.0 0.4592592592592598
0.49777777777777776 0.0 0.0 0.6747469600969187 0.4980897378942692 0.0 0.49857303190636604