0.48 0.0 0.0 0.6843201422716297 0.4822153117133126 0.0 0.5102132435465774
0.45555555555555555 0.0 0.0 0.673211787815077 0.45313194135939583 0.0 0.5444604777938118
0.48444444444444446 0.0 0.0 0.6729033790570722 0.4809418036428254 0.0 0.5176527176527183
0.4888888888888889 0.0 0.0 0.6719669080406511 0.4851473419221087 0.0 0.5151194484527823
0.5044444444444445 0.0 0.0 0.6894445447692378 0.5130756700725604 0.0 0.47926887926888007
0.4777777777777778 0.0 0.0 0.6729102791885446 0.4749888938249667 0.0 0.5229757896424571
0.5088888888888888 0.0 0.0 0.6744848751279224 0.5060269509847475 0.0 0.4917107583774256
0.48444444444444446 0.0 0.0 0.6795943486071829 0.4889974826003258 0.0 0.5062690396023737
0.5022222222222222 0.0 0.0 0.6768512294772616 0.5053161557826151 0.0 0.4904601571268242
0.5377777777777778 0.0 0.0 0.6777645425582494 0.537272323411817 0.0 0.4593554593554596
0.43333333333333335 0.0 0.0 0.67432672099319 0.4316007700281356 0.0 0.5664261664261668
0.4711111111111111 0.0 0.0 0.6844525351740577 0.4730638234858581 0.0 0.5191598524931864
0.45555555555555555 0.0 0.0 0.6785318933808157 0.4563305197689916 0.0 0.5384640051306725
0.45111111111111113 0.0 0.0 0.679954891540807 0.45440544942988303 0.0 0.5401956068622742
0.43333333333333335 0.0 0.0 0.6832940747032598 0.4376129127795054 0.0 0.5565175565175571
0.47333333333333333 0.0 0.0 0.6828842715402873 0.47895750037020585 0.0 0.515183581850249
0.5111111111111111 0.0 0.0 0.677874640200249 0.5126314230712276 0.0 0.48260381593714996
0.5577777777777778 0.0 0.0 0.6803408725889132 0.5621501554864504 0.0 0.4347923681257022
0.5088888888888888 0.0 0.0 0.676975462820905 0.5105582703983415 0.0 0.485521885521886
0.5222222222222223 0.0 0.0 0.6802245453050922 0.5256034355101437 0.0 0.46887926887926934
0.5022222222222222 0.0 0.0 0.6803732216555989 0.5025025914408411 0.0 0.4908128908128915
0.48 0.0 0.0 0.684059827311008 0.48304457278246704 0.0 0.50937950937951
0.5177777777777778 0.0 0.0 0.6767692712326618 0.5203317044276617 0.0 0.47558120891454303
0.5088888888888888 0.0 0.0 0.6763766328545064 0.5064119650525692 0.0 0.4900112233445574
0.45111111111111113 0.0 0.0 0.6792060071403603 0.45333925662668445 0.0 0.5408369408369413
0.4666666666666667 0.0 0.0 0.6750271833395098 0.46601510439804533 0.0 0.5294532627865967
0.4955555555555556 0.0 0.0 0.6902935521614845 0.5039537983118614 0.0 0.48744588744588824
0.4911111111111111 0.0 0.0 0.6835928887569557 0.49554272175329483 0.0 0.4976751643418317
0.5244444444444445 0.0 0.0 0.6743686682831069 0.5228491041018807 0.0 0.47612634279301014
0.5177777777777778 0.0 0.0 0.6798875805465084 0.5205982526284614 0.0 0.47394580727914126
0.5133333333333333 0.0 0.0 0.677099242903964 0.5150599733451799 0.0 0.4812249478916153
0.49777777777777776 0.0 0.0 0.6792399421489331 0.49577965348733893 0.0 0.4984447651114323
0.54 0.0 0.0 0.6804971336542381 0.541981341625944 0.0 0.4532307198973873
0.5044444444444445 0.0 0.0 0.6871343666528585 0.510528653931586 0.0 0.48093634760301496
0.56 0.0 0.0 0.6784391941974525 0.562298237820228 0.0 0.43469616802950184
0.4688888888888889 0.0 0.0 0.677506502085949 0.46835480527173107 0.0 0.5266313932980605
0.47555555555555556 0.0 0.0 0.6752619852014777 0.4771508958981194 0.0 0.5205066538399881
0.4888888888888889 0.0 0.0 0.6802768896502178 0.4895898119354361 0.0 0.5035113035113041
0.5222222222222223 0.0 0.0 0.6851668996484719 0.525336887309344 0.0 0.4668590668590673
0.5244444444444445 0.0 0.0 0.673956376476186 0.522582555901081 0.0 0.47660734327401066
0.48 0.0 0.0 0.6784153438819476 0.4835184362505553 0.0 0.5113355780022453
0.47333333333333333 0.0 0.0 0.6756560865771305 0.47288612468532504 0.0 0.5223023889690563
0.46 0.0 0.0 0.6764706272275365 0.46015104398045314 0.0 0.5350649350649357
0.5266666666666666 0.0 0.0 0.6789330683011019 0.5273508070487191 0.0 0.4681096681096688
0.49777777777777776 0.0 0.0 0.6866289013332553 0.5035095513105287 0.0 0.4885682219015559
0.48444444444444446 0.0 0.0 0.6818187361057709 0.48748704279579447 0.0 0.5053711720378395
0.4622222222222222 0.0 0.0 0.6746206176130884 0.459914112246409 0.0 0.5362514029180703
0.45555555555555555 0.0 0.0 0.6761298778909087 0.45573819043388125 0.0 0.5400352733686073
0.5133333333333333 0.0 0.0 0.6767040552272162 0.5154449874130016 0.0 0.4811608144941485
0.5555555555555556 0.0 0.0 0.6796623990351051 0.5596623722789871 0.0 0.4378387045053721
0.5155555555555555 0.0 0.0 0.6841834754275345 0.5210721160965497 0.0 0.47202180535513927
0.49777777777777776 0.0 0.0 0.681147256799335 0.5006959869687546 0.0 0.49286515953182675
0.46444444444444444 0.0 0.0 0.6827005005832704 0.467377461868799 0.0 0.5255411255411262
0.5044444444444445 0.0 0.0 0.6834632482930156 0.5081889530579002 0.0 0.4836940836940846
0.4622222222222222 0.0 0.0 0.6747567199292668 0.46166148378498445 0.0 0.5350328683662025
0.5244444444444445 0.0 0.0 0.6746705672704181 0.5242706945061454 0.0 0.47474747474747536
0.49333333333333335 0.0 0.0 0.6834638629750635 0.4998963423663557 0.0 0.49385922719256137
0.4688888888888889 0.0 0.0 0.6766978920263208 0.46734784540204355 0.0 0.5281385281385289
0.47333333333333333 0.0 0.0 0.6753382534607033 0.4726195764845254 0.0 0.5227513227513234
0.4577777777777778 0.0 0.0 0.6760961342659191 0.4556493410336147 0.0 0.5399711399711407
0.49777777777777776 0.0 0.0 0.677261371890939 0.4961942840219162 0.0 0.4992143658810332
0.4688888888888889 0.0 0.0 0.6746021300218701 0.4680290241374204 0.0 0.5277537277537283
0.4577777777777778 0.0 0.0 0.6737770081885268 0.45553087516659263 0.0 0.5410934744268083
0.5511111111111111 0.0 0.0 0.6809029171429783 0.5549237375981045 0.0 0.4409812409812415
0.5066666666666667 0.0 0.0 0.6790172662464432 0.510410188064564 0.0 0.48465608465608534
0.45111111111111113 0.0 0.0 0.676222998765958 0.4507033910854435 0.0 0.5442360109026783
0.5622222222222222 0.0 0.0 0.679973000590553 0.5639271434917814 0.0 0.432932499599167
0.5222222222222223 0.0 0.0 0.6761172537494102 0.5216940618984155 0.0 0.47535674202340916
0.4577777777777778 0.0 0.0 0.6744837623831506 0.4560047386346809 0.0 0.5398108064774737
0.5155555555555555 0.0 0.0 0.6771728346321935 0.5182881682215311 0.0 0.4776334776334782
0.5177777777777778 0.0 0.0 0.6832568536897958 0.5197393750925514 0.0 0.4725669392336065
0.49333333333333335 0.0 0.0 0.6818684732828905 0.49492077595142897 0.0 0.4976751643418317
0.5177777777777778 0.0 0.0 0.6809883810181201 0.5213386642973493 0.0 0.4720538720538727
0.4866666666666667 0.0 0.0 0.679507580986802 0.49038945653783506 0.0 0.5046336379669719
0.44666666666666666 0.0 0.0 0.6740256637112582 0.4436842884643862 0.0 0.5538560205226879
0.5355555555555556 0.0 0.0 0.6828682712116152 0.5412113134903006 0.0 0.4535193201859876
0.4666666666666667 0.0 0.0 0.6880020553958087 0.47303420701910265 0.0 0.5204745871412543
0.5155555555555555 0.0 0.0 0.6825301383691907 0.5188804975566415 0.0 0.47420234086900814
0.49333333333333335 0.0 0.0 0.6865710507557726 0.4991559306974678 0.0 0.49206349206349265
0.44666666666666666 0.0 0.0 0.6787558262442591 0.4464682363394047 0.0 0.5487894821228159
0.4577777777777778 0.0 0.0 0.6754223151935924 0.4558862727676588 0.0 0.5398749398749405
0.5 0.0 0.0 0.672234442680898 0.4951280912187176 0.0 0.5055635722302394
0.4866666666666667 0.0 0.0 0.6780941324119024 0.4855323559899304 0.0 0.5087381754048427
0.4577777777777778 0.0 0.0 0.673311513880824 0.45650821856952467 0.0 0.5401956068622742
0.49333333333333335 0.0 0.0 0.6723065340580805 0.48985636013623574 0.0 0.5106301106301112
0.5088888888888888 0.0 0.0 0.6824475165472997 0.5132533688730935 0.0 0.479974346641014
0.5222222222222223 0.0 0.0 0.6802614219734825 0.5231452687694358 0.0 0.4713163379830052
0.5133333333333333 0.0 0.0 0.6765706908173446 0.51420109580927 0.0 0.48234728234728286
0.48444444444444446 0.0 0.0 0.677846931515245 0.48582852065748555 0.0 0.5080327080327087
0.45111111111111113 0.0 0.0 0.681654532846175 0.457159780838146 0.0 0.5394260060926734
0.4711111111111111 0.0 0.0 0.6765904550926221 0.47030949207759515 0.0 0.5248997915664588
0.5022222222222222 0.0 0.0 0.6795279097769712 0.5043091959129276 0.0 0.49007535674202396
0.5155555555555555 0.0 0.0 0.6840025566528539 0.5185843328890863 0.0 0.4740420073753413
0.5622222222222222 0.0 0.0 0.6773497217773725 0.5635125129572042 0.0 0.4338624338624344
0.4577777777777778 0.0 0.0 0.6752946500314023 0.45579742336739226 0.0 0.5401956068622742
0.4888888888888889 0.0 0.0 0.6812964424767163 0.48961942840219164 0.0 0.5030303030303036
0.5133333333333333 0.0 0.0 0.6786268778632948 0.5156819191470458 0.0 0.4792368125701465
0.5244444444444445 0.0 0.0 0.6817107811752381 0.5273508070487191 0.0 0.46641013307680024
0.4577777777777778 0.0 0.0 0.6735096313520734 0.4562712868354805 0.0 0.540355940355941
0.46 0.0 0.0 0.6789171755579597 0.46089145564934103 0.0 0.5326919993586665
0.5111111111111111 0.0 0.0 0.6762848202552069 0.508751665926255 0.0 0.4876382876382882
0.43777777777777777 0.0 0.0 0.6782705367215065 0.438738338516215 0.0 0.5566137566137571
0.4822222222222222 0.0 0.0 0.6766368273906971 0.48230416111357916 0.0 0.5135161135161141
0.4688888888888889 0.0 0.0 0.6794978352121751 0.4701021768103065 0.0 0.5241943241943248
0.5355555555555556 0.0 0.0 0.6798257879980159 0.5370946246112839 0.0 0.4590347923681265
0.4777777777777778 0.0 0.0 0.685340865220244 0.48298533984895603 0.0 0.5091229757896432
0.48 0.0 0.0 0.6720436408932345 0.4775951428994521 0.0 0.5204745871412546
0.5044444444444445 0.0 0.0 0.6797046801768535 0.5066785132533689 0.0 0.4870931537598209
0.5266666666666666 0.0 0.0 0.6756708273048808 0.5258699837109433 0.0 0.4712522045855385
0.4822222222222222 0.0 0.0 0.6774686479988422 0.4851769583888642 0.0 0.5114959114959123
0.5266666666666666 0.0 0.0 0.6834719305441554 0.5293351103213386 0.0 0.4637165303831976