0.08823529411764706 0.0 0.0 0.5685536685536686 0.08788052843193567 0.0 0.9125935711140467
0.014705882352941176 0.679245283018868 0.2666666666666667 1.0 0.01751866743251005 0.1428571428571429 0.980625275209159
0.08823529411764706 0.0 0.0 0.5707770007770008 0.08788052843193567 0.0 0.9125935711140467
0.029411764705882353 0.4056603773584906 0.12 0.5 0.03388856978747846 0.0 0.9658740642888596
0.029411764705882353 0.4056603773584906 0.06666666666666665 0.5714285714285714 0.035611717403790925 0.0 0.9641127256715103
0.04411764705882353 0.21698113207547165 0.040000000000000036 0.5512820512820512 0.04595060310166571 0.0 0.9504623513870541
0.058823529411764705 0.07547169811320753 0.0 0.5598290598290598 0.061458931648477884 0.0 0.9372523117569352
0.07352941176470588 0.018867924528301883 0.0 0.5716200466200465 0.07639287765651924 0.0 0.9249229414354909
0.029411764705882353 0.4056603773584906 0.06666666666666665 0.5714285714285714 0.03446295232624928 0.0 0.964993394980185
0.08823529411764706 0.0 0.0 0.5785547785547785 0.08816771970132108 0.0 0.9134742404227213
0.029411764705882353 0.4056603773584906 0.06666666666666665 0.5714285714285714 0.03331418724870764 0.0 0.9656538969616909