0.014705882352941176 0.679245283018868 0.2666666666666667 1.0 0.01751866743251005 0.1428571428571429 0.980625275209159
0.08823529411764706 0.0 0.0 0.5685148185148186 0.08788052843193567 0.0 0.9125935711140467
0.08823529411764706 0.0 0.0 0.5818181818181818 0.09075244112578977 0.0 0.9101717305151915
0.029411764705882353 0.39622641509433965 0.07999999999999996 0.5714285714285714 0.03331418724870764 0.0 0.9656538969616909
0.04411764705882353 0.21698113207547165 0.06666666666666665 0.5405982905982906 0.04738655944859276 0.0 0.9533245266402466
0.058823529411764705 0.08490566037735847 0.013333333333333308 0.5608974358974359 0.06260769672601953 0.0 0.9365918097754293
0.07352941176470588 0.018867924528301883 0.0 0.5716200466200465 0.07610568638713383 0.0 0.9240422721268163
0.058823529411764705 0.08490566037735847 0.013333333333333308 0.5587606837606838 0.06031016657093624 0.0 0.9381329810656098
0.08823529411764706 0.0 0.0 0.5825330225330225 0.09075244112578977 0.0 0.9101717305151915
0.029411764705882353 0.39622641509433965 0.12 0.5 0.032739804709936815 0.0 0.9665345662703655
0.08823529411764706 0.0 0.0 0.5905594405594405 0.09046524985640436 0.0 0.9092910612065169
0.058823529411764705 0.08490566037735847 0.0 0.577991452991453 0.06318207926479034 0.0 0.9357111404667547