0.014705882352941176 0.679245283018868 0.2666666666666667 1.0 0.01751866743251005 0.1428571428571429 0.980625275209159
0.08823529411764706 0.0 0.0 0.5685148185148186 0.08788052843193567 0.0 0.9125935711140467
0.08823529411764706 0.0 0.0 0.5693861693861694 0.08788052843193567 0.0 0.9125935711140467
0.014705882352941176 0.679245283018868 0.4 1.0 0.018954623779437105 0.2142857142857143 0.9834874504623514
0.029411764705882353 0.39622641509433965 0.12 0.5 0.03159103963239517 0.0 0.9674152355790401
0.04411764705882353 0.21698113207547165 0.06666666666666665 0.5405982905982906 0.04767375071797817 0.0 0.9542051959489212
0.058823529411764705 0.07547169811320753 0.026666666666666616 0.5395299145299145 0.05973578403216542 0.0 0.9390136503742844
0.07352941176470588 0.028301886792452824 0.0 0.5703130203130202 0.07639287765651924 0.0 0.9249229414354909
0.058823529411764705 0.07547169811320753 0.013333333333333308 0.5587606837606838 0.06260769672601953 0.0 0.9365918097754293
0.014705882352941176 0.679245283018868 0.4 1.0 0.018667432510051693 0.2142857142857143 0.9826067811536768
0.029411764705882353 0.39622641509433965 0.07999999999999996 0.5714285714285714 0.03331418724870764 0.0 0.9656538969616909
0.08823529411764706 0.0 0.0 0.5805361305361305 0.09075244112578977 0.0 0.9101717305151915
0.08823529411764706 0.0 0.0 0.5685536685536686 0.08788052843193567 0.0 0.9125935711140467