0,0.0
0,0.0
0,0.0
0,0.0
1,0.14285714285714285
0,0.0
0,0.0
0,0.0
0,0.0
0,0.0
3,0.42857142857142855
0,0.0
0,0.0
0,0.0
0,0.0
0,0.0
0,0.0
2,0.2857142857142857
2,0.2857142857142857
0,0.0
0,0.0
0,0.0
1,0.14285714285714285
0,0.0
0,0.0
0,0.0
0,0.0
0,0.0
0,0.0
0,0.0
0,0.0
0,0.0
0,0.0
3,0.42857142857142855
1,0.14285714285714285
0,0.0
0,0.0
2,0.2857142857142857
0,0.0
0,0.0
0,0.0
0,0.0
0,0.0
0,0.0
0,0.0
0,0.0
0,0.0
0,0.0
0,0.0
0,0.0
0,0.0
0,0.0
0,0.0
0,0.0
5,0.7142857142857143
0,0.0
0,0.0
0,0.0
0,0.0
0,0.0
0,0.0
0,0.0
0,0.0
0,0.0
1,0.14285714285714285
5,0.7142857142857143
0,0.0
1,0.14285714285714285
