0,0.0
0,0.0
0,0.0
0,0.0
0,0.0
0,0.0
0,0.0
0,0.0
4,0.3076923076923077
1,0.07692307692307693
3,0.23076923076923078
0,0.0
0,0.0
0,0.0
0,0.0
0,0.0
0,0.0
0,0.0
0,0.0
3,0.23076923076923078
6,0.46153846153846156
3,0.23076923076923078
0,0.0
2,0.15384615384615385
0,0.0
0,0.0
0,0.0
0,0.0
0,0.0
0,0.0
0,0.0
0,0.0
0,0.0
0,0.0
0,0.0
3,0.23076923076923078
1,0.07692307692307693
0,0.0
0,0.0
3,0.23076923076923078
0,0.0
0,0.0
0,0.0
0,0.0
0,0.0
0,0.0
0,0.0
0,0.0
0,0.0
0,0.0
0,0.0
0,0.0
1,0.07692307692307693
0,0.0
0,0.0
0,0.0
0,0.0
6,0.46153846153846156
0,0.0
0,0.0
0,0.0
6,0.46153846153846156
0,0.0
0,0.0
0,0.0
3,0.23076923076923078
0,0.0
2,0.15384615384615385
