0,0.0
0,0.0
0,0.0
0,0.0
1,0.08333333333333333
0,0.0
7,0.5833333333333334
0,0.0
0,0.0
0,0.0
0,0.0
0,0.0
0,0.0
0,0.0
0,0.0
0,0.0
0,0.0
0,0.0
0,0.0
0,0.0
0,0.0
0,0.0
0,0.0
0,0.0
0,0.0
0,0.0
0,0.0
0,0.0
0,0.0
0,0.0
4,0.3333333333333333
2,0.16666666666666666
2,0.16666666666666666
7,0.5833333333333334
0,0.0
2,0.16666666666666666
1,0.08333333333333333
0,0.0
3,0.25
1,0.08333333333333333
0,0.0
0,0.0
0,0.0
0,0.0
0,0.0
0,0.0
0,0.0
0,0.0
0,0.0
0,0.0
0,0.0
0,0.0
0,0.0
1,0.08333333333333333
0,0.0
0,0.0
0,0.0
0,0.0
0,0.0
6,0.5
6,0.5
0,0.0
0,0.0
0,0.0
3,0.25
0,0.0
2,0.16666666666666666
0,0.0
