0,0.0
0,0.0
0,0.0
0,0.0
0,0.0
0,0.0
3,0.25
0,0.0
1,0.08333333333333333
0,0.0
0,0.0
5,0.4166666666666667
0,0.0
0,0.0
0,0.0
0,0.0
0,0.0
0,0.0
0,0.0
1,0.08333333333333333
5,0.4166666666666667
4,0.3333333333333333
0,0.0
0,0.0
0,0.0
0,0.0
0,0.0
0,0.0
0,0.0
0,0.0
5,0.4166666666666667
0,0.0
0,0.0
0,0.0
0,0.0
1,0.08333333333333333
0,0.0
0,0.0
2,0.16666666666666666
2,0.16666666666666666
0,0.0
0,0.0
0,0.0
0,0.0
0,0.0
0,0.0
0,0.0
0,0.0
0,0.0
0,0.0
0,0.0
0,0.0
1,0.08333333333333333
0,0.0
0,0.0
6,0.5
0,0.0
0,0.0
0,0.0
0,0.0
0,0.0
0,0.0
0,0.0
1,0.08333333333333333
10,0.8333333333333334
0,0.0
0,0.0
2,0.16666666666666666
