0.4365079365079365 0.0 0.0 0.5257503906105234 0.4351736789159122 0.0 0.5620558976788254
0.46825396825396826 0.0 0.0 0.5258770892904246 0.4681637966743594 0.0 0.5285804516027157
0.501984126984127 0.0 0.0 0.5215075597428894 0.49464465352979464 0.0 0.5020132638559924
0.5634920634920635 0.0 0.0 0.5266322215879816 0.5675779631930884 0.0 0.43190431075319713
0.5 0.0 0.0 0.5240867643244931 0.49156754837564354 0.0 0.5018948365703463
0.5436507936507936 0.0 0.0 0.5231010900495245 0.5388484525711581 0.0 0.4579977893573346
0.47619047619047616 0.0 0.0 0.5229331914766643 0.4699686371974673 0.0 0.5251855360808464
0.44246031746031744 0.0 0.0 0.5254256494171929 0.44132788922421445 0.0 0.5558976788252015
0.4523809523809524 0.0 0.0 0.5224836443725503 0.44650571039706494 0.0 0.5500552660666351
0.49206349206349204 0.0 0.0 0.5267347282948658 0.4955026924670099 0.0 0.5030396336649301
0.5218253968253969 0.0 0.0 0.5245092582820915 0.5178117048346056 0.0 0.4769856308226751
0.49603174603174605 0.0 0.0 0.5228235413758705 0.4919817740694716 0.0 0.5050528975209226
0.4722222222222222 0.0 0.0 0.5246778131121377 0.4704716255399728 0.0 0.5262513816516659
0.4583333333333333 0.0 0.0 0.5269655004245485 0.4614474229244334 0.0 0.5370677404073898
0.4801587301587302 0.0 0.0 0.5234552700278192 0.47905201491212496 0.0 0.5195799778935735
0.5515873015873016 0.0 0.0 0.5271536300682397 0.5533759394046985 0.0 0.442839096794568
0.49206349206349204 0.0 0.0 0.52531165442428 0.49230723711462215 0.0 0.5049344702352758
0.5079365079365079 0.0 0.0 0.5219038628809266 0.5007101011894195 0.0 0.4954208116216643
0.48412698412698413 0.0 0.0 0.5238626088055015 0.4831350967512871 0.0 0.5150007895152378
0.503968253968254 0.0 0.0 0.5242691049168129 0.5030179300550328 0.0 0.4947891994315491
0.44642857142857145 0.0 0.0 0.5216136597912223 0.4410911888277413 0.0 0.5569635243960207
0.49007936507936506 0.0 0.0 0.5219147513987776 0.4801763417953725 0.0 0.5146060318964157
0.5337301587301587 0.0 0.0 0.5240803831079891 0.5299130126042961 0.0 0.4660508447813042
0.49206349206349204 0.0 0.0 0.5222810868743774 0.48177406947156637 0.0 0.5123164377072476
0.5178571428571429 0.0 0.0 0.527507039524088 0.5235221018995206 0.0 0.47532764882362266
0.498015873015873 0.0 0.0 0.5261144626127794 0.4942600153855258 0.0 0.4982630664771829
0.4861111111111111 0.0 0.0 0.5233505972638723 0.4765962482987159 0.0 0.5169351018474657
0.5416666666666666 0.0 0.0 0.5232529782996137 0.5371323746967276 0.0 0.4598136744039161
0.5277777777777778 0.0 0.0 0.5247855994276295 0.5238179773951122 0.0 0.47066950892152204
0.5337301587301587 0.0 0.0 0.5253325103869647 0.5367773241020178 0.0 0.46312963840202137
0.5317460317460317 0.0 0.0 0.5287422656189392 0.5358009349665661 0.0 0.46016895626085574
0.501984126984127 0.0 0.0 0.5208494477499613 0.4911533226818155 0.0 0.504223906521396
0.5476190476190477 0.0 0.0 0.5230649073401477 0.541274631635008 0.0 0.4545239223117006
0.5198412698412699 0.0 0.0 0.5226282399207549 0.5128705840582283 0.0 0.48239381020053695
0.4801587301587302 0.0 0.0 0.5285872336674594 0.4832238593999645 0.0 0.5132243802305383
0.5476190476190477 0.0 0.0 0.5264840007179094 0.5508609976921711 0.0 0.44718143060161086
0.4880952380952381 0.0 0.0 0.5229056433363714 0.4843185987336529 0.0 0.5129480498973631
0.5277777777777778 0.0 0.0 0.5240462106507132 0.5224865376649506 0.0 0.47201168482551725
0.48412698412698413 0.0 0.0 0.5258375756980549 0.4796437659033079 0.0 0.5135401863255964
0.4662698412698413 0.0 0.0 0.5205204546085233 0.4557074383099592 0.0 0.5398310437391439
0.5178571428571429 0.0 0.0 0.5261410388750065 0.514231611337949 0.0 0.47872256434549176
0.5158730158730159 0.0 0.0 0.5252559953427923 0.5140244984910349 0.0 0.48124901310595314
0.5337301587301587 0.0 0.0 0.5252972673531303 0.5351500088762648 0.0 0.4634059687351968
0.5218253968253969 0.0 0.0 0.5234596561693987 0.5178412923841648 0.0 0.4787620401073742
0.4801587301587302 0.0 0.0 0.5228052786959662 0.47260192910823123 0.0 0.5221459024159166
0.5416666666666666 0.0 0.0 0.5226646976648668 0.5384638144268892 0.0 0.46064266540344256
0.4583333333333333 0.0 0.0 0.520561391996657 0.44893188946091483 0.0 0.547370914258645
0.49007936507936506 0.0 0.0 0.5233877092961768 0.4884312681223741 0.0 0.5097505131849045
0.49007936507936506 0.0 0.0 0.5235177995379778 0.4881945677259009 0.0 0.5095136586136113
0.5059523809523809 0.0 0.0 0.5237506875107284 0.5046452452807858 0.0 0.49360492657508304
0.48214285714285715 0.0 0.0 0.523981239821607 0.4726315166577904 0.0 0.5199352597505134
0.4583333333333333 0.0 0.0 0.5225994013152845 0.4481922007219362 0.0 0.5453576504026529
0.5416666666666666 0.0 0.0 0.5273613381402081 0.5411266938872122 0.0 0.4524317069319438
0.5436507936507936 0.0 0.0 0.5252476921327378 0.5403574175986745 0.0 0.4548397284067581
0.4801587301587302 0.0 0.0 0.524220775552605 0.47064915083732767 0.0 0.5217116690352126
0.5218253968253969 0.0 0.0 0.5231362352034057 0.5153559382211965 0.0 0.47978840991631144
0.49007936507936506 0.0 0.0 0.5235808917089886 0.48854961832061067 0.0 0.509434707089847
0.5297619047619048 0.0 0.0 0.5227990122643398 0.5221610746198 0.0 0.47311700615821894
0.5535714285714286 0.0 0.0 0.5255483680288868 0.5481093555831706 0.0 0.44410232117479853
0.4801587301587302 0.0 0.0 0.5221337661277338 0.4721581158648441 0.0 0.5227380388441497
0.4603174603174603 0.0 0.0 0.5248304355538285 0.45532280016569027 0.0 0.5395941891678513
0.4603174603174603 0.0 0.0 0.523009193873047 0.455470737913486 0.0 0.5410153165956104
0.5238095238095238 0.0 0.0 0.5250261362639856 0.5215397360790579 0.0 0.47398547291962745
0.49404761904761907 0.0 0.0 0.5233473642086207 0.48857920587016984 0.0 0.5065529764724461
0.47023809523809523 0.0 0.0 0.5228454239944901 0.4673057577371442 0.0 0.5302779093636507
0.49007936507936506 0.0 0.0 0.5259065206092333 0.48931889460914846 0.0 0.506947734091268
0.4662698412698413 0.0 0.0 0.520413642691026 0.45535238771524944 0.0 0.5400678983104372
0.5178571428571429 0.0 0.0 0.529485763703616 0.520947985087875 0.0 0.4737091425864518
0.5456349206349206 0.0 0.0 0.5259969357998444 0.5460974022131487 0.0 0.4506158218853623
0.4801587301587302 0.0 0.0 0.5244019314979856 0.4739333688383928 0.0 0.5196589294173379
0.5337301587301587 0.0 0.0 0.5239732593509737 0.5318657908751997 0.0 0.46597189325753985
0.5317460317460317 0.0 0.0 0.5257649529331293 0.5332564057044795 0.0 0.4643928627822519
0.4880952380952381 0.0 0.0 0.5230571320334844 0.48585715131072843 0.0 0.512553292278541
0.45634920634920634 0.0 0.0 0.5220538726455938 0.44937570270430205 0.0 0.5468577293541768
0.5674603174603174 0.0 0.0 0.5255643346774764 0.5690573406710456 0.0 0.4300094741828513
0.43452380952380953 0.0 0.0 0.52528571362234 0.4329546126989763 0.0 0.5643454918679931
0.5357142857142857 0.0 0.0 0.5255507876080945 0.5349133084797917 0.0 0.46091899573661776
0.5198412698412699 0.0 0.0 0.5270585976439869 0.5204745842949287 0.0 0.47434075477656734
0.5158730158730159 0.0 0.0 0.5255828956380919 0.5166577904017989 0.0 0.4808147797252489
0.5456349206349206 0.0 0.0 0.523634742057285 0.5390555654180721 0.0 0.4559055739775779
0.5555555555555556 0.0 0.0 0.5258919494339218 0.5579324220368069 0.0 0.4402731722722245
0.4781746031746032 0.0 0.0 0.5239886548465335 0.47005739984614475 0.0 0.5234486025580294
0.49206349206349204 0.0 0.0 0.5241495853034014 0.4923959997632996 0.0 0.506513500710564
0.45436507936507936 0.0 0.0 0.5261189251330807 0.4514172436238831 0.0 0.5435812411179538
0.5376984126984127 0.0 0.0 0.5260785146039315 0.53497248357891 0.0 0.45878730459497863
0.5277777777777778 0.0 0.0 0.528293583812399 0.5308302266406296 0.0 0.46486657192483816
0.4781746031746032 0.0 0.0 0.5237132581777599 0.4719510030179301 0.0 0.5228169903679141
0.5218253968253969 0.0 0.0 0.5260564499884592 0.5220131368720042 0.0 0.47422232749092075
0.49007936507936506 0.0 0.0 0.5216171699682088 0.47745428723593114 0.0 0.5158297805147642
0.4623015873015873 0.0 0.0 0.5216303041858614 0.45461269897627077 0.0 0.5410942681193749
0.4801587301587302 0.0 0.0 0.5245895159834603 0.47227646606308066 0.0 0.5207642507500396
0.47023809523809523 0.0 0.0 0.5237148898032722 0.46496834132197173 0.0 0.5304752881730619
0.4861111111111111 0.0 0.0 0.5238779348493572 0.48417066098585715 0.0 0.5130270014211276
0.5297619047619048 0.0 0.0 0.5263226038862276 0.5311852772353394 0.0 0.4656166114006003
0.49007936507936506 0.0 0.0 0.5277351350048198 0.4944079531333215 0.0 0.5035133428075164
0.5595238095238095 0.0 0.0 0.5259036110974142 0.5597668501094739 0.0 0.43695720827411944
0.46825396825396826 0.0 0.0 0.5227981860119061 0.4638736019882833 0.0 0.5329622611716408
0.4662698412698413 0.0 0.0 0.5206739123271309 0.4575418663826262 0.0 0.5388836254539713
0.4742063492063492 0.0 0.0 0.523424687197161 0.4692585360080478 0.0 0.5263698089373126
0.5 0.0 0.0 0.5244629231310373 0.4977809337830641 0.0 0.49869729985788736
0.5575396825396826 0.0 0.0 0.5263459690646443 0.5587904609740222 0.0 0.4382599084162323
0.498015873015873 0.0 0.0 0.5256203160120041 0.4932244511509557 0.0 0.50035528185694
0.5297619047619048 0.0 0.0 0.5265527527446461 0.5345878454346411 0.0 0.46545870835307135
0.48412698412698413 0.0 0.0 0.5267839108662061 0.4807089176874371 0.0 0.5120401073740727
0.48412698412698413 0.0 0.0 0.5224406165259188 0.4799988164980176 0.0 0.5173693352281701
0.48412698412698413 0.0 0.0 0.5228530647145371 0.4799692289484585 0.0 0.5168956260855835
0.49007936507936506 0.0 0.0 0.5232658128167712 0.48482158707615836 0.0 0.5106979314700775
0.5277777777777778 0.0 0.0 0.5242215270495618 0.5227232380614237 0.0 0.47173535449234194
0.5198412698412699 0.0 0.0 0.5252389465087102 0.5170720160956269 0.0 0.4774988157271435
0.4861111111111111 0.0 0.0 0.5255828575822891 0.4855021007160187 0.0 0.5110137375651351
0.5119047619047619 0.0 0.0 0.5251057735117443 0.514231611337949 0.0 0.48503868624664503