0.4623015873015873 0.0 0.0 0.5238061870468085 0.45686135274276585 0.0 0.5382914890257382
0.43253968253968256 0.0 0.0 0.5318840902982619 0.4433694301437955 0.0 0.5576740881099003
0.5634920634920635 0.0 0.0 0.5267256086118669 0.5643529202911415 0.0 0.4317069319437864
0.5575396825396826 0.0 0.0 0.5239018476734922 0.5533463518551394 0.0 0.44386546660350534
0.44246031746031744 0.0 0.0 0.5238798890243086 0.4394934611515474 0.0 0.557950418443076
0.47619047619047616 0.0 0.0 0.5247836249529688 0.4728978046038227 0.0 0.5225406600347386
0.5 0.0 0.0 0.5273841122230898 0.4991715486123439 0.0 0.4949471024790778
0.4801587301587302 0.0 0.0 0.5291539584182081 0.48109355583170604 0.0 0.5125138165166585
0.5674603174603174 0.0 0.0 0.5239714409617742 0.5578140718385703 0.0 0.43506237170377393
0.5138888888888888 0.0 0.0 0.5211949819324159 0.4999704124504409 0.0 0.49305226590873186
0.5158730158730159 0.0 0.0 0.5249401091548882 0.5162139771584118 0.0 0.4817227222485394
0.47619047619047616 0.0 0.0 0.5244446058958726 0.47547192141546835 0.0 0.5221064266540344
0.5277777777777778 0.0 0.0 0.5260895189898861 0.5263625066571986 0.0 0.46849834201800067
0.4305555555555556 0.0 0.0 0.5272108592560792 0.4340789395822238 0.0 0.5654113374388127
0.4742063492063492 0.0 0.0 0.526732054999762 0.4758861471092964 0.0 0.5209221537975681
0.5396825396825397 0.0 0.0 0.5252125105439839 0.5346470205337593 0.0 0.45902415916627204
0.48412698412698413 0.0 0.0 0.5256079802778011 0.4862122019054382 0.0 0.5123559134691298
0.503968253968254 0.0 0.0 0.5349362965180671 0.5148825374282502 0.0 0.4810516342965422
0.5476190476190477 0.0 0.0 0.5216367789240752 0.5380495887330611 0.0 0.4573661771672193
0.4781746031746032 0.0 0.0 0.5268825488046771 0.4805609799396414 0.0 0.5166192957524078
0.5059523809523809 0.0 0.0 0.527147872402153 0.5034913308479791 0.0 0.4896573503868624
0.5178571428571429 0.0 0.0 0.5270546165777827 0.5187585064204983 0.0 0.4767093004894992
0.48214285714285715 0.0 0.0 0.5349779976632176 0.49159713592520266 0.0 0.5039870519501026
0.48214285714285715 0.0 0.0 0.530736862265 0.4871294159417717 0.0 0.5079346281383229
0.5059523809523809 0.0 0.0 0.534093668634162 0.5154447008698739 0.0 0.48014369177325145
0.49404761904761907 0.0 0.0 0.525200714464187 0.4934315639978697 0.0 0.5033554397599875
0.5178571428571429 0.0 0.0 0.5239557201460913 0.5110953310846795 0.0 0.4830648981525343
0.4583333333333333 0.0 0.0 0.5336588724128309 0.4646724658263803 0.0 0.5292120637928309
0.5456349206349206 0.0 0.0 0.5214358537139041 0.5357121723178886 0.0 0.45969524711826926
0.5218253968253969 0.0 0.0 0.5257935702338461 0.5211550979347891 0.0 0.474735512395389
0.4365079365079365 0.0 0.0 0.5240896161231366 0.43339842594236344 0.0 0.5629638402021158
0.498015873015873 0.0 0.0 0.5272569872347611 0.49612403100775193 0.0 0.4969603663350701
0.503968253968254 0.0 0.0 0.5293932868827967 0.5062725605065388 0.0 0.4880388441496921
0.5634920634920635 0.0 0.0 0.5244473051643842 0.5551216048286881 0.0 0.43790462655929263
0.5 0.0 0.0 0.5238214052978689 0.4964199065033434 0.0 0.4997631454287068
0.48412698412698413 0.0 0.0 0.5291842704328662 0.484555299130126 0.0 0.508724143375967
0.47023809523809523 0.0 0.0 0.5283688528349166 0.4717734777205752 0.0 0.5240407389862624
0.4603174603174603 0.0 0.0 0.5327173526820499 0.4659447304574235 0.0 0.5283041212695403
0.5079365079365079 0.0 0.0 0.5323508468823356 0.5175158293390142 0.0 0.4799463129638405
0.4384920634920635 0.0 0.0 0.525832881856119 0.43765903307888043 0.0 0.5587004579188377
0.5436507936507936 0.0 0.0 0.5263672475255645 0.5401798923013196 0.0 0.45298436759829463
0.4662698412698413 0.0 0.0 0.5242067956336933 0.46126989762707854 0.0 0.5334754460761093
0.5357142857142857 0.0 0.0 0.5222560374148789 0.527043020297059 0.0 0.4673930206852991
0.501984126984127 0.0 0.0 0.5282631141658025 0.502840404757678 0.0 0.49119690510026814
0.4861111111111111 0.0 0.0 0.5239114620464249 0.4755606840641458 0.0 0.5168561503237012
0.47023809523809523 0.0 0.0 0.5271550743737035 0.47159595242322033 0.0 0.5242775935575554
0.47023809523809523 0.0 0.0 0.5232902256700189 0.46718740753890764 0.0 0.5304752881730616
0.498015873015873 0.0 0.0 0.5234124639498957 0.4940233149890526 0.0 0.5023290699510501
0.5158730158730159 0.0 0.0 0.5198418679646318 0.506095035209184 0.0 0.4918679930522659
0.4742063492063492 0.0 0.0 0.5245627027908518 0.47325285519853244 0.0 0.5240012632243801
0.4801587301587302 0.0 0.0 0.5270213371045346 0.48183324457068466 0.0 0.5145665561345332
0.5714285714285714 0.0 0.0 0.5270771045827268 0.5725190839694656 0.0 0.42321964313911264
0.5555555555555556 0.0 0.0 0.5231417387690876 0.5471033788981596 0.0 0.44745776093478606
0.498015873015873 0.0 0.0 0.5241837198479888 0.4956506302148056 0.0 0.5010263698089372
0.5396825396825397 0.0 0.0 0.522498301147091 0.5316586780282857 0.0 0.4629717353544921
0.5138888888888888 0.0 0.0 0.5248304478354149 0.5060062725605066 0.0 0.4864203379125216
0.48214285714285715 0.0 0.0 0.5272585506878518 0.480886442984792 0.0 0.5136586136112427
0.4722222222222222 0.0 0.0 0.5248299552549647 0.4723060536126398 0.0 0.5256987209853148
0.48214285714285715 0.0 0.0 0.525163005431039 0.4836676726433517 0.0 0.5149613137533553
0.5158730158730159 0.0 0.0 0.526681851430297 0.5137877980945618 0.0 0.4799857887257223
0.5 0.0 0.0 0.5242047756808265 0.49763299603526834 0.0 0.49909205747670915
0.4662698412698413 0.0 0.0 0.5285137453041312 0.4703532753417362 0.0 0.5268435180798988
0.4722222222222222 0.0 0.0 0.5221590182591319 0.46875554766554234 0.0 0.529962103268593
0.4801587301587302 0.0 0.0 0.5243686814351944 0.4796437659033079 0.0 0.5182378019895784
0.49404761904761907 0.0 0.0 0.5199551797043468 0.48112314338126516 0.0 0.5134217590399494
0.45634920634920634 0.0 0.0 0.5337753059992686 0.4625421622581218 0.0 0.5312253276488234
0.4781746031746032 0.0 0.0 0.5245514139720081 0.477631812533286 0.0 0.5200142112742776
0.49404761904761907 0.0 0.0 0.5253422032911906 0.4937570270430203 0.0 0.5031185851886943
0.5396825396825397 0.0 0.0 0.5215182143761524 0.5313332149831351 0.0 0.4649455234486024
0.49603174603174605 0.0 0.0 0.5210278699137183 0.48547251316645956 0.0 0.5093952313279646
0.49404761904761907 0.0 0.0 0.5279380078413509 0.49159713592520266 0.0 0.5007500394757619
0.5297619047619048 0.0 0.0 0.522090008489684 0.5249127167288005 0.0 0.47339333649139403
0.4623015873015873 0.0 0.0 0.5244977369735572 0.4622758743120895 0.0 0.5365545555029212
0.4781746031746032 0.0 0.0 0.5226099909000844 0.468282146872596 0.0 0.5248697299857887
0.5 0.0 0.0 0.5275156416382871 0.4991419610627848 0.0 0.4947102479077845
0.501984126984127 0.0 0.0 0.519946700030702 0.4904136339428369 0.0 0.5054476551397441
0.5138888888888888 0.0 0.0 0.5199739008405654 0.5039943191904847 0.0 0.49352597505131857
0.48214285714285715 0.0 0.0 0.5254764353307184 0.48091603053435117 0.0 0.5145665561345333
0.5099206349206349 0.0 0.0 0.5272276216602233 0.5086099769217114 0.0 0.4854334438654666
0.503968253968254 0.0 0.0 0.5208673596682759 0.4957689804130422 0.0 0.501539554713406
0.5654761904761905 0.0 0.0 0.5244195191653849 0.5626960175158293 0.0 0.4337991473235433
0.503968253968254 0.0 0.0 0.5217260787388425 0.494910941475827 0.0 0.5002368545712932
0.5436507936507936 0.0 0.0 0.5233745765916029 0.5389372152198355 0.0 0.45795831359545247
0.5555555555555556 0.0 0.0 0.5244705582820944 0.5512160482868809 0.0 0.44303647560397885
0.4583333333333333 0.0 0.0 0.52856442116416 0.46484999112373515 0.0 0.5349755250276328
0.49206349206349204 0.0 0.0 0.5269972314976102 0.4910349724835789 0.0 0.5041054792357491
0.5555555555555556 0.0 0.0 0.5259516185518003 0.5549144919817741 0.0 0.44141796936680855
0.4246031746031746 0.0 0.0 0.5248766832401665 0.4217705189656193 0.0 0.5741354808147796
0.4801587301587302 0.0 0.0 0.5240048762236762 0.47993964139889933 0.0 0.5188299384178113
0.5 0.0 0.0 0.5237402302378027 0.49692289484584884 0.0 0.49984209695247106
0.5198412698412699 0.0 0.0 0.5253145091750747 0.5162139771584118 0.0 0.478722564345492
0.5079365079365079 0.0 0.0 0.5208644931549068 0.5025445292620865 0.0 0.49767093004895
0.5198412698412699 0.0 0.0 0.5223404636406794 0.5171311911947453 0.0 0.48255171324806556
0.4444444444444444 0.0 0.0 0.5265652506220523 0.44425705663056986 0.0 0.5521080056845097
0.4305555555555556 0.0 0.0 0.5304939424486798 0.43709686963725664 0.0 0.5620164219169429
0.49603174603174605 0.0 0.0 0.5214719953003628 0.4864784898514705 0.0 0.508921522185378
0.41865079365079366 0.0 0.0 0.5288360098475977 0.4216817563169418 0.0 0.5749644718143059
0.5257936507936508 0.0 0.0 0.5266162466741049 0.5217468489259719 0.0 0.4713405968735198
0.48412698412698413 0.0 0.0 0.5203590894687561 0.4721877034144032 0.0 0.522224853939681
0.503968253968254 0.0 0.0 0.5197711479203946 0.49236641221374045 0.0 0.5030396336649297
0.4861111111111111 0.0 0.0 0.5253223226326647 0.4835493224451151 0.0 0.5119611558503078
0.5079365079365079 0.0 0.0 0.5251969353444773 0.5063613231552163 0.0 0.48969682614874444
0.5734126984126984 0.0 0.0 0.5257956731337613 0.5725486715190248 0.0 0.42345649771040583
0.5555555555555556 0.0 0.0 0.5261524512674465 0.5550624297295698 0.0 0.441102163271751
0.5257936507936508 0.0 0.0 0.5212313514824749 0.5179892301319605 0.0 0.48042002210642676
0.4880952380952381 0.0 0.0 0.5261098908403579 0.4910941475826972 0.0 0.5078556766145585
0.4722222222222222 0.0 0.0 0.5234960783790655 0.46940647375584355 0.0 0.528027790936365
0.4880952380952381 0.0 0.0 0.5258225035357612 0.48769157938339547 0.0 0.5086451918522026
0.4722222222222222 0.0 0.0 0.5264897767148922 0.4722468785135215 0.0 0.5238038844149691
0.5158730158730159 0.0 0.0 0.5198051665790607 0.5045860701816676 0.0 0.4922232749092059
0.501984126984127 0.0 0.0 0.5275276481206955 0.5011243268832475 0.0 0.49289436286120314
0.4781746031746032 0.0 0.0 0.5232988365993126 0.47467305757737144 0.0 0.5227775146060318