0.5059523809523809 0.0 0.0 0.5213001602149873 0.4976034084857092 0.0 0.499249960524238
0.49206349206349204 0.0 0.0 0.522564010477097 0.4860050890585242 0.0 0.5099478919943153
0.48412698412698413 0.0 0.0 0.5218679249430169 0.47908160246168413 0.0 0.5182772777514606
0.45634920634920634 0.0 0.0 0.5206651562948615 0.4462394224510326 0.0 0.5494236538765198
0.5158730158730159 0.0 0.0 0.5269505278266237 0.5185809811231434 0.0 0.47809095215537656
0.48412698412698413 0.0 0.0 0.5250137604170284 0.4844961240310077 0.0 0.513145428706774
0.5436507936507936 0.0 0.0 0.5243758897685712 0.5359192851648027 0.0 0.4574846044528659
0.4801587301587302 0.0 0.0 0.5242849961070878 0.47680336114562993 0.0 0.5186720353702825
0.47023809523809523 0.0 0.0 0.5242913302026446 0.4688738978637789 0.0 0.5286199273645981
0.5198412698412699 0.0 0.0 0.5268563807908146 0.5221314870702408 0.0 0.47449865782409617
0.5218253968253969 0.0 0.0 0.5257278752763572 0.5163027398070892 0.0 0.47607768829938435
0.5059523809523809 0.0 0.0 0.5310891402658469 0.5155334635185513 0.0 0.4825911890099478
0.503968253968254 0.0 0.0 0.5228881543766236 0.49437836558376236 0.0 0.4987762513816514
0.4603174603174603 0.0 0.0 0.5226536610173509 0.45837031777028225 0.0 0.540975840833728
0.5396825396825397 0.0 0.0 0.5244453358600699 0.5386117521746849 0.0 0.45878730459497874
0.49206349206349204 0.0 0.0 0.5241324012426176 0.4914196106278478 0.0 0.5069082583293856
0.5436507936507936 0.0 0.0 0.5250100730710249 0.5380791762826203 0.0 0.45566871940628473
0.5198412698412699 0.0 0.0 0.5261476779170973 0.5136694478963252 0.0 0.47769619453655476
0.5416666666666666 0.0 0.0 0.5234192836978425 0.5395585537605776 0.0 0.459300489499447
0.5357142857142857 0.0 0.0 0.5230249028909395 0.533345168353157 0.0 0.4658534659718929
0.4742063492063492 0.0 0.0 0.5233092151221846 0.4689034854133381 0.0 0.5261329543660189
0.5317460317460317 0.0 0.0 0.5270678676086742 0.5273093082430913 0.0 0.46462971735354497
0.5238095238095238 0.0 0.0 0.5257309661578066 0.5214509734303805 0.0 0.4728406758250432
0.5178571428571429 0.0 0.0 0.52287706892209 0.5097343038049589 0.0 0.4844465498184113
0.5257936507936508 0.0 0.0 0.5236850357773184 0.5233149890526066 0.0 0.47386704563398085
0.5218253968253969 0.0 0.0 0.5246991458405669 0.5229007633587787 0.0 0.4759197852518555
0.5218253968253969 0.0 0.0 0.5232898131263498 0.5157109888159063 0.0 0.4793936522974894
0.5178571428571429 0.0 0.0 0.5238299848982026 0.5123084206166045 0.0 0.4824727617243013
0.49206349206349204 0.0 0.0 0.5259281526166575 0.49227764956506304 0.0 0.5039081004263382
0.45436507936507936 0.0 0.0 0.5209874598941748 0.44496715781998936 0.0 0.5506868782567503
0.44642857142857145 0.0 0.0 0.5196574506146854 0.4353216166637079 0.0 0.5609900521080057
0.5079365079365079 0.0 0.0 0.5253364703301542 0.5044973075329902 0.0 0.4896573503868623
0.5119047619047619 0.0 0.0 0.5267235450549949 0.5092904905615717 0.0 0.48365703458076725
0.48214285714285715 0.0 0.0 0.5221729197840599 0.4770992366412214 0.0 0.5199747355123951
0.49206349206349204 0.0 0.0 0.5242811318046596 0.4853245754186638 0.0 0.5075793462813831
0.501984126984127 0.0 0.0 0.5293633789903361 0.5100893543996686 0.0 0.4887888836254537
0.5337301587301587 0.0 0.0 0.5275366552634582 0.5347357831824369 0.0 0.46087951997473553
0.5337301587301587 0.0 0.0 0.5224515808224192 0.5274276584413279 0.0 0.4690904784462342
0.49404761904761907 0.0 0.0 0.5261452827544983 0.4913012604296112 0.0 0.5029606821411652
0.5238095238095238 0.0 0.0 0.5230928460063964 0.5153855257707557 0.0 0.4784857097741986
0.4583333333333333 0.0 0.0 0.5212635849911487 0.4496124031007752 0.0 0.5461076898784147
0.46825396825396826 0.0 0.0 0.5249261398611438 0.46591514290786434 0.0 0.5297252486972996
0.47619047619047616 0.0 0.0 0.5249494374493624 0.4743180069826617 0.0 0.5218300963208589
0.498015873015873 0.0 0.0 0.521467735219322 0.4925735250606545 0.0 0.5056845097110372
0.4880952380952381 0.0 0.0 0.5308958256153377 0.4949701165749453 0.0 0.5014211274277591
0.4861111111111111 0.0 0.0 0.521274935145665 0.4799988164980176 0.0 0.5177246170851096
0.5297619047619048 0.0 0.0 0.5237141467899807 0.5231670513048109 0.0 0.4711826938259911
0.498015873015873 0.0 0.0 0.5235202154737526 0.4918930114207941 0.0 0.5026448760461077
0.4880952380952381 0.0 0.0 0.5229081954881731 0.4799100538493402 0.0 0.5139349439444181
0.4801587301587302 0.0 0.0 0.5274156897890635 0.48109355583170604 0.0 0.5146455076582976
0.5079365079365079 0.0 0.0 0.5230032203473839 0.5039055565418072 0.0 0.4929338386230854
0.5277777777777778 0.0 0.0 0.524467781913356 0.5259778685129297 0.0 0.47027475130270036
0.45436507936507936 0.0 0.0 0.5203975742964736 0.4448488076217528 0.0 0.5513184904468654
0.4503968253968254 0.0 0.0 0.5264693595713609 0.4492277649565063 0.0 0.5451602715932417
0.44642857142857145 0.0 0.0 0.5205277688990366 0.437363157583289 0.0 0.5595689246802464
0.4583333333333333 0.0 0.0 0.5214900051644902 0.4505592046866678 0.0 0.5453971261645351
0.4662698412698413 0.0 0.0 0.5219543501118165 0.45854784306763713 0.0 0.5365545555029212
0.4583333333333333 0.0 0.0 0.5221519390074592 0.4505592046866678 0.0 0.5442918048318333
0.5 0.0 0.0 0.5284788164337333 0.5012426770814841 0.0 0.4930127901468496
0.5138888888888888 0.0 0.0 0.5231402513365108 0.5061542103083023 0.0 0.48744670772145915
0.501984126984127 0.0 0.0 0.5248291624899858 0.4978992839813007 0.0 0.496170851097426
0.5456349206349206 0.0 0.0 0.5235991032590029 0.5381975264808568 0.0 0.45673456497710363
0.4444444444444444 0.0 0.0 0.5259444044156091 0.44289602935084915 0.0 0.5520290541607453
0.5079365079365079 0.0 0.0 0.5238008758138043 0.5004734007929463 0.0 0.49265750828990995
0.5059523809523809 0.0 0.0 0.5222035200780294 0.5021007160186993 0.0 0.49585504500236843
0.4603174603174603 0.0 0.0 0.5245603876485417 0.45700929049056155 0.0 0.5384099163113849
0.5257936507936508 0.0 0.0 0.5257558808844158 0.5258299307651341 0.0 0.47043265435022896
0.5218253968253969 0.0 0.0 0.5229884345984397 0.5146754245813362 0.0 0.47978840991631144
0.5218253968253969 0.0 0.0 0.5233004608127407 0.5140244984910349 0.0 0.47994631296384005
0.5238095238095238 0.0 0.0 0.5223675781525056 0.5149417125273685 0.0 0.47955155534501803
0.4384920634920635 0.0 0.0 0.5234188572185619 0.4329842002485354 0.0 0.5632006947734092
0.5178571428571429 0.0 0.0 0.5229926689921713 0.5152375880229599 0.0 0.4830648981525342
0.5099206349206349 0.0 0.0 0.5222151414509852 0.4985206225220427 0.0 0.4936838780988473
0.5257936507936508 0.0 0.0 0.5239294234284076 0.5174566542398958 0.0 0.4756039791567974
0.49603174603174605 0.0 0.0 0.5237760995729115 0.49289898810580507 0.0 0.503276488236223
0.49603174603174605 0.0 0.0 0.5243645919653201 0.48846085567193326 0.0 0.5035922943312804
0.47023809523809523 0.0 0.0 0.5216958545597439 0.4624829871590035 0.0 0.5330806884572872
0.5158730158730159 0.0 0.0 0.5250269049739129 0.510178117048346 0.0 0.48215695562924354
0.5317460317460317 0.0 0.0 0.5245076575477892 0.5249127167288005 0.0 0.46806410863729675
0.5416666666666666 0.0 0.0 0.5249167076827 0.5416296822297177 0.0 0.45626085583451736
0.47023809523809523 0.0 0.0 0.5225509268090973 0.4604710337889816 0.0 0.5326069793147008
0.4523809523809524 0.0 0.0 0.5229202146664254 0.44887271436179654 0.0 0.5483578083057004
0.4503968253968254 0.0 0.0 0.5254748013643313 0.4468903485413338 0.0 0.5475288173061742
0.44841269841269843 0.0 0.0 0.522949982520442 0.4454701461624948 0.0 0.5522659087320385
0.4603174603174603 0.0 0.0 0.5249977036734458 0.4574826912835079 0.0 0.5379756829306805
0.5138888888888888 0.0 0.0 0.5256027271942971 0.5154151133203149 0.0 0.4825517132480657
0.5257936507936508 0.0 0.0 0.5251677595373146 0.5240842653411445 0.0 0.47153797568293054
0.45634920634920634 0.0 0.0 0.5201225710493718 0.44508550801822594 0.0 0.550450023685457
0.44642857142857145 0.0 0.0 0.5253507978860337 0.4439907686845376 0.0 0.5508842570661615
0.44642857142857145 0.0 0.0 0.5276523354422284 0.44724539913604355 0.0 0.5473709142586451
0.5158730158730159 0.0 0.0 0.5211143799148633 0.5100005917509912 0.0 0.48855202905416073
0.5238095238095238 0.0 0.0 0.5246293010442666 0.516066039410616 0.0 0.476432970156324
0.49404761904761907 0.0 0.0 0.5256071383511308 0.49307651340315994 0.0 0.5027633033317542
0.49007936507936506 0.0 0.0 0.5261147764451071 0.4881649801763418 0.0 0.5069082583293856
0.49404761904761907 0.0 0.0 0.524170381829697 0.4925143499615362 0.0 0.5045397126164535
0.5376984126984127 0.0 0.0 0.5231749615722618 0.5309781643884254 0.0 0.4643533870203692
0.4583333333333333 0.0 0.0 0.5213067577282867 0.4492277649565063 0.0 0.5462261171640612
0.4781746031746032 0.0 0.0 0.522222348115797 0.47499852062252207 0.0 0.5236459813674403
0.5277777777777778 0.0 0.0 0.5226101640957526 0.5189656192674122 0.0 0.47513027001421115
0.5178571428571429 0.0 0.0 0.525876680200749 0.5195869578081543 0.0 0.47820937944102326
0.5416666666666666 0.0 0.0 0.5235783371313518 0.5392922658145453 0.0 0.4591425864519183
0.4444444444444444 0.0 0.0 0.5212738201408493 0.43490739096987985 0.0 0.5603189641560082
0.5376984126984127 0.0 0.0 0.5220162309911374 0.5301201254512101 0.0 0.46573503868624666
0.5099206349206349 0.0 0.0 0.5223084264266901 0.5051482336232913 0.0 0.49206537186167654
0.4603174603174603 0.0 0.0 0.5223924690601297 0.45245280785845315 0.0 0.5423574924996053
0.4603174603174603 0.0 0.0 0.5204345812844596 0.44946446535297946 0.0 0.545989262592768
0.45634920634920634 0.0 0.0 0.5206339922386183 0.44653529794662405 0.0 0.5494631296384019
0.5218253968253969 0.0 0.0 0.5241465109157233 0.5192023196638854 0.0 0.4772619611558504
0.5238095238095238 0.0 0.0 0.5234385212582191 0.5173383040416593 0.0 0.4773803884414971
0.501984126984127 0.0 0.0 0.5209273600610865 0.49215929936682645 0.0 0.5035528185693983