0.5734126984126984 0.0 0.0 0.522158888442098 0.5664240487602816 0.0 0.43293068056213513
0.49007936507936506 0.0 0.0 0.5242112741897232 0.4851174625717498 0.0 0.5087636191378495
0.5198412698412699 0.0 0.0 0.5177435652390281 0.5062429729569797 0.0 0.49364440233696505
0.49007936507936506 0.0 0.0 0.5249417521104394 0.4860050890585242 0.0 0.5079741039002053
0.5436507936507936 0.0 0.0 0.523854558998369 0.5422214332209007 0.0 0.45645823464392843
0.5337301587301587 0.0 0.0 0.5248973763003291 0.5289366234688443 0.0 0.4652613295436604
0.5357142857142857 0.0 0.0 0.5220807537851896 0.5294396118113498 0.0 0.4680246328754145
0.5277777777777778 0.0 0.0 0.5261824394952754 0.5248535416296822 0.0 0.46881414811305877
0.5515873015873016 0.0 0.0 0.5257689779007634 0.5538493401976449 0.0 0.44544449707879363
0.4583333333333333 0.0 0.0 0.5269764568674432 0.4572459908870347 0.0 0.53706774040739
0.503968253968254 0.0 0.0 0.520687456138586 0.496331143854666 0.0 0.5018158850465813
0.498015873015873 0.0 0.0 0.5230857875527943 0.49139002307828866 0.0 0.5030396336649299
0.49007936507936506 0.0 0.0 0.5259669521263215 0.4925735250606545 0.0 0.5062371703773885
0.4801587301587302 0.0 0.0 0.5289814295126759 0.4813598437777383 0.0 0.5129480498973631
0.4861111111111111 0.0 0.0 0.5247974299982086 0.4846440617788035 0.0 0.511369019422075
0.5099206349206349 0.0 0.0 0.5241510691981601 0.5062429729569797 0.0 0.4891441654823939
0.5456349206349206 0.0 0.0 0.5237086588614482 0.545564826321084 0.0 0.45472130112111164
0.4880952380952381 0.0 0.0 0.5298385713624169 0.49008817089768625 0.0 0.5038291489025739
0.5 0.0 0.0 0.5244046538790982 0.495532280016569 0.0 0.49877625138165194
0.49007936507936506 0.0 0.0 0.5216521460961021 0.4813302562281792 0.0 0.5134217590399494
0.5158730158730159 0.0 0.0 0.5253654624639124 0.5115391443280668 0.0 0.4817227222485395
0.5773809523809523 0.0 0.0 0.5247828118362177 0.5712764068879815 0.0 0.42203537028264637
0.5 0.0 0.0 0.5247200306011336 0.49363867684478374 0.0 0.4988946786672983
0.4801587301587302 0.0 0.0 0.5210296401871304 0.4723060536126398 0.0 0.5242775935575557
0.49206349206349204 0.0 0.0 0.518410517609357 0.4777797502810817 0.0 0.5182772777514606
0.47619047619047616 0.0 0.0 0.5267212447112756 0.4778389253802 0.0 0.5187904626559294
0.49206349206349204 0.0 0.0 0.5218270625701491 0.4828392212556956 0.0 0.5119216800884259
0.5119047619047619 0.0 0.0 0.5257326863019793 0.5118941949227765 0.0 0.4847623559134693
0.5555555555555556 0.0 0.0 0.5247904669378485 0.5494703828628913 0.0 0.4435891362703299
0.4523809523809524 0.0 0.0 0.5286419420563985 0.45242322030889404 0.0 0.5417653560713722
0.5238095238095238 0.0 0.0 0.5218560848648159 0.51281140895911 0.0 0.4805384493920736
0.45436507936507936 0.0 0.0 0.5245621711237249 0.44943487780342034 0.0 0.545989262592768
0.5357142857142857 0.0 0.0 0.5229196805451796 0.529498786910468 0.0 0.46656402968577326
0.49206349206349204 0.0 0.0 0.5186579900892421 0.47831232617314634 0.0 0.5176456655613453
0.5297619047619048 0.0 0.0 0.5202542986504718 0.5186105686727025 0.0 0.4771435338702037
0.5059523809523809 0.0 0.0 0.5243400976207605 0.49866856026983847 0.0 0.49364440233696527
0.503968253968254 0.0 0.0 0.5212598112517136 0.49387537724125685 0.0 0.5013816516658771
0.5634920634920635 0.0 0.0 0.5251235208845114 0.5570447955500325 0.0 0.435259750513185
0.47619047619047616 0.0 0.0 0.5249316640618623 0.47526480856855435 0.0 0.5213958629401547
0.5138888888888888 0.0 0.0 0.52260017322297 0.504467719983431 0.0 0.4891046897205117
0.4742063492063492 0.0 0.0 0.5193735918999299 0.4594354695544115 0.0 0.5350544765513974
0.5456349206349206 0.0 0.0 0.5280370529650861 0.5475471921415468 0.0 0.4477340912679616
0.5158730158730159 0.0 0.0 0.528193472761601 0.5141724362388307 0.0 0.4789988946786674
0.5 0.0 0.0 0.5223298560317352 0.49526599207053673 0.0 0.5019343123322281
0.498015873015873 0.0 0.0 0.5214768154264104 0.4888454938162021 0.0 0.5062371703773882
0.48214285714285715 0.0 0.0 0.5234226134000614 0.47819397597490976 0.0 0.5174877625138168
0.5138888888888888 0.0 0.0 0.5253429720676327 0.5103260547961418 0.0 0.48349913153323865
0.4781746031746032 0.0 0.0 0.5200993277161396 0.4714480146754246 0.0 0.5277909363650719
0.48412698412698413 0.0 0.0 0.5256427903210926 0.48044262974140484 0.0 0.5135796620874784
0.503968253968254 0.0 0.0 0.5194446582097413 0.49100538493401974 0.0 0.50501342175904
0.46825396825396826 0.0 0.0 0.5200201279770684 0.4580744422746908 0.0 0.5389231012158535
0.5337301587301587 0.0 0.0 0.5214021535307721 0.5244097283862951 0.0 0.4711037423022265
0.498015873015873 0.0 0.0 0.5231888863951364 0.4926031126102136 0.0 0.50268435180799
0.5218253968253969 0.0 0.0 0.5233425864287735 0.5135510976980886 0.0 0.4799857887257226
0.5158730158730159 0.0 0.0 0.5276363707283797 0.5155926386176697 0.0 0.47966998263066496
0.47023809523809523 0.0 0.0 0.5188858723458748 0.45700929049056155 0.0 0.5389231012158535
0.48214285714285715 0.0 0.0 0.5192756373966846 0.47363749334280136 0.0 0.5253434391283751
0.4801587301587302 0.0 0.0 0.5190030674312254 0.468075034025682 0.0 0.5283830727933048
0.4642857142857143 0.0 0.0 0.5215431719138498 0.45816320492336826 0.0 0.5389231012158534
0.4781746031746032 0.0 0.0 0.5202525809395262 0.4717734777205752 0.0 0.5276725090794252
0.501984126984127 0.0 0.0 0.5259054207171849 0.49943783655837626 0.0 0.49447339333649143
0.45436507936507936 0.0 0.0 0.5238561938777068 0.4492277649565063 0.0 0.5464629717353543
0.4722222222222222 0.0 0.0 0.5233451233587865 0.4690514231611338 0.0 0.5271987999368388
0.49603174603174605 0.0 0.0 0.5280213160736573 0.49378661459257944 0.0 0.49857887257224076
0.5158730158730159 0.0 0.0 0.5224698571815212 0.5079886383809693 0.0 0.4868940470551083
0.503968253968254 0.0 0.0 0.5187001103502035 0.48754364163559977 0.0 0.506355597663035
0.4722222222222222 0.0 0.0 0.5217961008172136 0.463400201195337 0.0 0.5316990367914101
0.4861111111111111 0.0 0.0 0.5211558692995502 0.47559027161370493 0.0 0.5189878414653403
0.5277777777777778 0.0 0.0 0.522862013208731 0.5177525297354874 0.0 0.47481446391915394
0.5257936507936508 0.0 0.0 0.5269584949810104 0.5220723119711226 0.0 0.470235275540818
0.498015873015873 0.0 0.0 0.5229554997285513 0.4889046689153204 0.0 0.5048555187115111
0.5119047619047619 0.0 0.0 0.5195015068208355 0.49692289484584884 0.0 0.4974340754776567
0.5297619047619048 0.0 0.0 0.5185512083397584 0.5158293390141429 0.0 0.48302542239065205
0.4603174603174603 0.0 0.0 0.528421980642536 0.45990887034735783 0.0 0.5336333491236382
0.4781746031746032 0.0 0.0 0.5217652200566604 0.46647730634948814 0.0 0.5267645665561345
0.5119047619047619 0.0 0.0 0.521115688566026 0.5064796733534529 0.0 0.49289436286120325
0.498015873015873 0.0 0.0 0.5187675903760454 0.48047221729096395 0.0 0.51235591346913
0.49206349206349204 0.0 0.0 0.5201422753623575 0.48396354813894316 0.0 0.5139744197063003
0.5297619047619048 0.0 0.0 0.5261454992574761 0.5323687792177052 0.0 0.4665245539238908
0.5079365079365079 0.0 0.0 0.5293895654397627 0.5114207941298302 0.0 0.48401231643770737
0.5 0.0 0.0 0.5233158581388866 0.49452630333155806 0.0 0.5003947576188221
0.5079365079365079 0.0 0.0 0.524666323111875 0.5020415409195811 0.0 0.4907626717195642
0.5119047619047619 0.0 0.0 0.5258744503463979 0.512190070418368 0.0 0.48444654981841173
0.45634920634920634 0.0 0.0 0.5240736371910887 0.45177229421859283 0.0 0.5441733775461864
0.5099206349206349 0.0 0.0 0.5238154424371183 0.5054145215693236 0.0 0.48981525343439125
0.503968253968254 0.0 0.0 0.5182153400793725 0.48683354044618027 0.0 0.5072240644244433
0.49206349206349204 0.0 0.0 0.5224205371112476 0.4846440617788035 0.0 0.5099873677561977
0.503968253968254 0.0 0.0 0.5243556295994979 0.498372684774247 0.0 0.4950260540028424
0.5099206349206349 0.0 0.0 0.5200558444420347 0.49541392981833243 0.0 0.497868308858361
0.4642857142857143 0.0 0.0 0.5235667374941889 0.4565358896976152 0.0 0.5377783041212696
0.49404761904761907 0.0 0.0 0.5234216651118256 0.48996982069944967 0.0 0.5061582188536241
0.501984126984127 0.0 0.0 0.5242797481495874 0.4972187703414403 0.0 0.49696036633507046
0.5277777777777778 0.0 0.0 0.5217419254573108 0.5187880939700574 0.0 0.47670930048949955
0.5416666666666666 0.0 0.0 0.5250183675036517 0.5412450440854488 0.0 0.456892468024633
0.5158730158730159 0.0 0.0 0.5219527048251964 0.5091721403633351 0.0 0.4877625138165168
0.5119047619047619 0.0 0.0 0.5216379375322958 0.5007396887389787 0.0 0.4921837991473236
0.5515873015873016 0.0 0.0 0.5210559596385937 0.5397064915083732 0.0 0.45476077688299377
0.5099206349206349 0.0 0.0 0.5229844479376325 0.5043789573347536 0.0 0.4912363808621508
0.503968253968254 0.0 0.0 0.523393758153692 0.49363867684478374 0.0 0.49893415442918054
0.5099206349206349 0.0 0.0 0.5248147788181675 0.507515237588023 0.0 0.4886309805779253
0.5099206349206349 0.0 0.0 0.520917453113064 0.4997337120539677 0.0 0.49573661771672184
0.4781746031746032 0.0 0.0 0.5237335710849865 0.46999822474702646 0.0 0.5233301752723828
0.4880952380952381 0.0 0.0 0.5265281151781597 0.48801704242854604 0.0 0.507934628138323
0.5496031746031746 0.0 0.0 0.5245806419564776 0.5508905852417303 0.0 0.4492736459813673
0.5099206349206349 0.0 0.0 0.5216985251269101 0.500414225693828 0.0 0.49336807200378974
0.49603174603174605 0.0 0.0 0.5188347807536959 0.4869223030948577 0.0 0.5125138165166587
0.4722222222222222 0.0 0.0 0.5199014749333971 0.45822238002248655 0.0 0.5361992736459813
0.5 0.0 0.0 0.5220509298174264 0.493283626250074 0.0 0.5027238275698722
0.4642857142857143 0.0 0.0 0.5274701044100785 0.4654713296644772 0.0 0.53008053055424
0.49404761904761907 0.0 0.0 0.5211872568671446 0.4877211669329546 0.0 0.5104216011369019
0.5059523809523809 0.0 0.0 0.5234272531474643 0.4957098053139239 0.0 0.49707879362071694