0.5158730158730159 0.0 0.0 0.5201072735498461 0.5072785371915498 0.0 0.4916311384809726
0.43253968253968256 0.0 0.0 0.527165153454934 0.43481862832120244 0.0 0.5633585978209379
0.5158730158730159 0.0 0.0 0.5235309745285378 0.5085803893721522 0.0 0.4860650560555818
0.5257936507936508 0.0 0.0 0.5273761567555793 0.5281673471803066 0.0 0.46818253592294345
0.5178571428571429 0.0 0.0 0.5232755805262231 0.5131368720042606 0.0 0.48278856781935897
0.4801587301587302 0.0 0.0 0.5216397580808568 0.46857802236818746 0.0 0.5267645665561344
0.5753968253968254 0.0 0.0 0.5305704547074647 0.5840286407479732 0.0 0.41520606347702504
0.5734126984126984 0.0 0.0 0.5251180757231626 0.5732587727084443 0.0 0.42448286751934317
0.5912698412698413 0.0 0.0 0.5295362645018206 0.5980531392390083 0.0 0.40111321648507825
0.41865079365079366 0.0 0.0 0.5296013596778848 0.4234865968400497 0.0 0.5746881414811306
0.46825396825396826 0.0 0.0 0.5331414761224776 0.4796437659033079 0.0 0.5190667929891046
0.48214285714285715 0.0 0.0 0.5301245077822753 0.48627137700455647 0.0 0.5088425706616138
0.5674603174603174 0.0 0.0 0.5215577785728281 0.5627551926149477 0.0 0.43731249013105933
0.47023809523809523 0.0 0.0 0.5255039972963577 0.4675128705840582 0.0 0.5277909363650717
0.5099206349206349 0.0 0.0 0.5274973322294697 0.508757914669507 0.0 0.4842886467708828
0.5833333333333334 0.0 0.0 0.5300296258775348 0.5913663530386414 0.0 0.4086136112426968
0.5099206349206349 0.0 0.0 0.527348946824585 0.509142552813776 0.0 0.4841702194852363
0.4861111111111111 0.0 0.0 0.5294786925250385 0.494910941475827 0.0 0.5048555187115111
0.5238095238095238 0.0 0.0 0.5254406558633052 0.5208592224391976 0.0 0.4735907153008053
0.5337301587301587 0.0 0.0 0.5269592197055081 0.5338185691461034 0.0 0.46099794726038235
0.4781746031746032 0.0 0.0 0.5261152682366173 0.4799988164980176 0.0 0.517803568608874
0.4861111111111111 0.0 0.0 0.5325170864233534 0.4925735250606545 0.0 0.5023685457129323
0.503968253968254 0.0 0.0 0.5267173141637518 0.5048523581276999 0.0 0.49103900205273965
0.5615079365079365 0.0 0.0 0.5265482066626402 0.5627256050653885 0.0 0.43383862308542565
0.4722222222222222 0.0 0.0 0.5274089523322044 0.4728682170542636 0.0 0.5224617085109742
0.5615079365079365 0.0 0.0 0.5257664948374677 0.5615716906325818 0.0 0.4355360808463602
0.5376984126984127 0.0 0.0 0.5243882742886243 0.5310669270371028 0.0 0.46312963840202126
0.48412698412698413 0.0 0.0 0.5264355289663389 0.4877211669329546 0.0 0.5112505921364283
0.5654761904761905 0.0 0.0 0.5210590283191016 0.5605065388484526 0.0 0.440707405652929
0.498015873015873 0.0 0.0 0.5255220766175602 0.49807680927865555 0.0 0.4986578240960051
0.5059523809523809 0.0 0.0 0.5243929293655429 0.502840404757678 0.0 0.49281541133743867
0.5079365079365079 0.0 0.0 0.5263297306961454 0.5093792532102491 0.0 0.4868150955313436
0.48412698412698413 0.0 0.0 0.5213714818253709 0.4734599680454465 0.0 0.5218695720827411
0.5158730158730159 0.0 0.0 0.5277906683232282 0.5149417125273685 0.0 0.4778540975840837
0.49007936507936506 0.0 0.0 0.5277424241392336 0.4921297118172673 0.0 0.5031975367124584
0.5416666666666666 0.0 0.0 0.5289209676502881 0.5438191608970945 0.0 0.4504184430759516
0.4722222222222222 0.0 0.0 0.5245481471054771 0.4711521391798331 0.0 0.5259355755566081
0.5119047619047619 0.0 0.0 0.5252132599007932 0.5115391443280668 0.0 0.48539396810358404
0.5138888888888888 0.0 0.0 0.5259791560205256 0.5107106929404107 0.0 0.4829464708668878
0.5 0.0 0.0 0.523258471209895 0.49455589088111723 0.0 0.5007895152376439
0.5158730158730159 0.0 0.0 0.524067129542838 0.5111249186342387 0.0 0.48318332543818077
0.48214285714285715 0.0 0.0 0.5341203484319289 0.49517722942185927 0.0 0.5036317700931628
0.49603174603174605 0.0 0.0 0.5293660804743563 0.5020711284691401 0.0 0.4954602873835465
0.5595238095238095 0.0 0.0 0.5247494806796155 0.5573998461447423 0.0 0.4388915206063476
0.4722222222222222 0.0 0.0 0.5226702372426352 0.46473164092549857 0.0 0.5316200852676456
0.49007936507936506 0.0 0.0 0.530987476757243 0.4960352683590745 0.0 0.4997236696668247
0.49603174603174605 0.0 0.0 0.5229696747798849 0.48863838096928813 0.0 0.5066319279962103
0.5099206349206349 0.0 0.0 0.5251530340315556 0.5097047162553997 0.0 0.4874467077214588
0.45436507936507936 0.0 0.0 0.5301396232201174 0.45896206876146517 0.0 0.5377388283593874
0.5357142857142857 0.0 0.0 0.5236247341200398 0.5275164210900053 0.0 0.46537975682930677
0.4880952380952381 0.0 0.0 0.5290477373252802 0.4911533226818155 0.0 0.5040660034738671
0.5376984126984127 0.0 0.0 0.5268162860922444 0.5401207172022013 0.0 0.45716879835780855
0.5416666666666666 0.0 0.0 0.5262584731011484 0.5404757677969111 0.0 0.45444497078793644
0.5535714285714286 0.0 0.0 0.5274360848726071 0.5555950056216344 0.0 0.440470551081636
0.4305555555555556 0.0 0.0 0.5264669492791958 0.4304396709864489 0.0 0.5668719406284541
0.5555555555555556 0.0 0.0 0.5248890678202995 0.5568376827031185 0.0 0.4425627664613926
0.5297619047619048 0.0 0.0 0.5284489097577773 0.5324871294159418 0.0 0.4624585504500237
0.5218253968253969 0.0 0.0 0.5229674885252205 0.5145274868335404 0.0 0.481091110058424
0.5158730158730159 0.0 0.0 0.5292720359546905 0.5209183975383159 0.0 0.4750118427285651
0.5059523809523809 0.0 0.0 0.5267980453448164 0.5030179300550328 0.0 0.48981525343439136
0.5496031746031746 0.0 0.0 0.5214958532015602 0.5415113320314812 0.0 0.4551555345018158
0.5515873015873016 0.0 0.0 0.5246310182335268 0.5479910053849341 0.0 0.4471419548397285
0.44642857142857145 0.0 0.0 0.5319009815435626 0.45393218533641044 0.0 0.5439365229748935
0.5476190476190477 0.0 0.0 0.5264001945290039 0.5492632700159773 0.0 0.4478525185536082
0.503968253968254 0.0 0.0 0.5195078959029034 0.49301733830404165 0.0 0.5044607610926888
0.498015873015873 0.0 0.0 0.5279260702403435 0.4989644357654299 0.0 0.49522343281225334
0.5357142857142857 0.0 0.0 0.5271021015991172 0.5362447482099533 0.0 0.4589846834043898
0.5297619047619048 0.0 0.0 0.5273484784973536 0.5323983667672644 0.0 0.4640375809253122
0.5198412698412699 0.0 0.0 0.5199851896763759 0.508935439966862 0.0 0.48835465024474956
0.49404761904761907 0.0 0.0 0.5241073841952939 0.4897331203029765 0.0 0.506197694615506
0.5198412698412699 0.0 0.0 0.5227584673155565 0.5142611988875081 0.0 0.48180167377230365
0.4861111111111111 0.0 0.0 0.5234040444560809 0.47840108882182375 0.0 0.5149613137533553
0.501984126984127 0.0 0.0 0.5266688182476608 0.4993194863601397 0.0 0.4937233538607295
0.5357142857142857 0.0 0.0 0.5278246864311931 0.5375761879401147 0.0 0.457839886309806
0.5694444444444444 0.0 0.0 0.5223534427290976 0.5660394106160128 0.0 0.4340360018948364
0.5277777777777778 0.0 0.0 0.5282284468823022 0.5299426001538553 0.0 0.4649849992104851
0.5218253968253969 0.0 0.0 0.5198887127730255 0.510769868039529 0.0 0.4865387651981683
0.5138888888888888 0.0 0.0 0.5270100967509224 0.5159772767619386 0.0 0.48049897363019134
0.5099206349206349 0.0 0.0 0.5290963448658904 0.5155926386176697 0.0 0.48136744039159984
0.5674603174603174 0.0 0.0 0.5217847328713809 0.5618675661281732 0.0 0.43770724774988135
0.49007936507936506 0.0 0.0 0.5315477547482712 0.49976329960352683 0.0 0.4981841149534185
0.5 0.0 0.0 0.5211772962405823 0.487395703887804 0.0 0.5070266856150323
0.5575396825396826 0.0 0.0 0.5260520862654854 0.5583170601810759 0.0 0.43885204484446527
0.46825396825396826 0.0 0.0 0.5281546476106525 0.4699686371974673 0.0 0.5261329543660191
0.5059523809523809 0.0 0.0 0.526623537182341 0.505680809515356 0.0 0.4898942049581557
0.5297619047619048 0.0 0.0 0.5284433375403322 0.5322208414699094 0.0 0.4626164534975524
0.501984126984127 0.0 0.0 0.5264745826414172 0.5021303035682585 0.0 0.4939602084320227
0.5337301587301587 0.0 0.0 0.5259756984260106 0.526451269305876 0.0 0.46459024159166284
0.5158730158730159 0.0 0.0 0.5264813785995269 0.5145570743830996 0.0 0.47966998263066485
0.49206349206349204 0.0 0.0 0.5274749018106699 0.4910349724835789 0.0 0.502921206379283
0.5178571428571429 0.0 0.0 0.5235576841190838 0.5105923427421741 0.0 0.4839333649139428
0.4444444444444444 0.0 0.0 0.5314322456312585 0.4512988934256465 0.0 0.5466208747828833
0.4880952380952381 0.0 0.0 0.5280125618759869 0.48789869223030946 0.0 0.5056450339491552
0.5357142857142857 0.0 0.0 0.5254000407687563 0.5331380555062429 0.0 0.4621427443549663
0.5297619047619048 0.0 0.0 0.5273963841756801 0.5309781643884254 0.0 0.4643928627822519
0.4880952380952381 0.0 0.0 0.5334104475102882 0.5009763891354518 0.0 0.4983814937628297
0.5178571428571429 0.0 0.0 0.5289514479482601 0.5226640629623055 0.0 0.47422232749092064
0.49404761904761907 0.0 0.0 0.5248372867664944 0.492070536718149 0.0 0.5041054792357491
0.5476190476190477 0.0 0.0 0.525846459429243 0.5478430676371383 0.0 0.4491946944576032
0.5476190476190477 0.0 0.0 0.5251526158942366 0.5448547251316646 0.0 0.450339491552187
0.5119047619047619 0.0 0.0 0.5300809811455177 0.5197053080063909 0.0 0.47789357334596605
0.5257936507936508 0.0 0.0 0.5268620669457291 0.5273684833422096 0.0 0.46889309963682346
0.5337301587301587 0.0 0.0 0.5267592268344373 0.5318657908751997 0.0 0.4618269382599087
0.4722222222222222 0.0 0.0 0.5245542782717764 0.46875554766554234 0.0 0.5273172272224853
0.5178571428571429 0.0 0.0 0.5228390717637551 0.5123675957157229 0.0 0.4831833254381809
0.5496031746031746 0.0 0.0 0.5239874207404194 0.5478430676371383 0.0 0.4508526764566555
0.5634920634920635 0.0 0.0 0.5238780760408934 0.560388188650216 0.0 0.4362861203221221
0.49206349206349204 0.0 0.0 0.5282878862288273 0.490236108645482 0.0 0.501736933522817
0.49007936507936506 0.0 0.0 0.5329237337078059 0.49639031895378427 0.0 0.49869729985788724
0.4662698412698413 0.0 0.0 0.5249505781929209 0.46473164092549857 0.0 0.5327648823622295
0.4444444444444444 0.0 0.0 0.5288795859097319 0.44496715781998936 0.0 0.5498578872572237