0.4603174603174603 0.0 0.0 0.5214359460383475 0.4491390023078289 0.0 0.5453181746407705
0.47619047619047616 0.0 0.0 0.5243507825981877 0.47461388247825315 0.0 0.5228564661297962
0.5178571428571429 0.0 0.0 0.5206881844587218 0.5089946150659802 0.0 0.48843360176851436
0.5555555555555556 0.0 0.0 0.5252964480603126 0.5526066631161607 0.0 0.4430759513658612
0.42857142857142855 0.0 0.0 0.5219233890354944 0.42002485354162966 0.0 0.5744907626717196
0.49404761904761907 0.0 0.0 0.5238233079394182 0.4910349724835789 0.0 0.5058424127585663
0.4444444444444444 0.0 0.0 0.523726293521841 0.43759985797976214 0.0 0.557200378967314
0.5277777777777778 0.0 0.0 0.522973416437129 0.5188768566187348 0.0 0.47473551239538936
0.4623015873015873 0.0 0.0 0.5304823455694307 0.46854843481862835 0.0 0.5281067424601296
0.4603174603174603 0.0 0.0 0.5207984538729578 0.4513876560743239 0.0 0.5451207958313595
0.4880952380952381 0.0 0.0 0.5203601287662688 0.47902242736256584 0.0 0.5179614716564032
0.5535714285714286 0.0 0.0 0.5242400107344272 0.552458725368365 0.0 0.44658929417337745
0.4861111111111111 0.0 0.0 0.5205933804305496 0.4763003728031244 0.0 0.5200931627980421
0.48214285714285715 0.0 0.0 0.524837217664742 0.4740517190366294 0.0 0.5176061897994633
0.5257936507936508 0.0 0.0 0.5218552840583586 0.5212438605834665 0.0 0.4771435338702037
0.498015873015873 0.0 0.0 0.5249410024313977 0.49508846677318186 0.0 0.5001184272856467
0.4880952380952381 0.0 0.0 0.5207670097763061 0.4802355168944908 0.0 0.5170930048949944
0.4603174603174603 0.0 0.0 0.5231450495305354 0.4550269246700988 0.0 0.5413705984525503
0.5158730158730159 0.0 0.0 0.5268329830413893 0.5145274868335404 0.0 0.47978840991631155
0.47619047619047616 0.0 0.0 0.522428057761728 0.4696431741523167 0.0 0.5262908574135481
0.5376984126984127 0.0 0.0 0.5258071523170796 0.532132078821232 0.0 0.4607216169272068
0.46825396825396826 0.0 0.0 0.5230700624610747 0.46053020888809987 0.0 0.5340675825043423
0.5 0.0 0.0 0.5252092025556495 0.49878691046807505 0.0 0.49759197852518566
0.5119047619047619 0.0 0.0 0.5265148076475021 0.5131960471033788 0.0 0.4828280435812411
0.4662698412698413 0.0 0.0 0.5244691945536298 0.46591514290786434 0.0 0.5325280277909362
0.5734126984126984 0.0 0.0 0.5248767196412484 0.5737321735013906 0.0 0.426377704089689
0.5178571428571429 0.0 0.0 0.5233330318017423 0.5142020237883899 0.0 0.48314384967629875
0.5376984126984127 0.0 0.0 0.5245209592874579 0.5376945381383513 0.0 0.461353229117322
0.5317460317460317 0.0 0.0 0.5238911785568707 0.5292620865139949 0.0 0.46834043897047195
0.4583333333333333 0.0 0.0 0.5229695941494141 0.45470146162494823 0.0 0.543068056213485
0.4662698412698413 0.0 0.0 0.5230239462935553 0.461772885969584 0.0 0.5350150007895151
0.4861111111111111 0.0 0.0 0.5256772958568721 0.4791999526599207 0.0 0.5120795831359547
0.4781746031746032 0.0 0.0 0.5245963918495229 0.47156636487366116 0.0 0.5215537659876839
0.5138888888888888 0.0 0.0 0.5216580740169554 0.5037872063435707 0.0 0.4906442444339175
0.5575396825396826 0.0 0.0 0.5260632471921128 0.5550920172791289 0.0 0.440075793462814
0.5178571428571429 0.0 0.0 0.5274311316716768 0.5179596425824013 0.0 0.4765513974419707
0.47619047619047616 0.0 0.0 0.5234384610292737 0.4726611042073495 0.0 0.5243960208432022
0.45634920634920634 0.0 0.0 0.5229225609946603 0.445913959405882 0.0 0.5467393020685299
0.47619047619047616 0.0 0.0 0.5233395737357103 0.4725131664595538 0.0 0.5245539238907311
0.47619047619047616 0.0 0.0 0.52533918324784 0.4764778981004793 0.0 0.5207247749881574
0.47619047619047616 0.0 0.0 0.5300847939958407 0.48204035741759865 0.0 0.5150797410390018
0.5575396825396826 0.0 0.0 0.5244094960738175 0.5534351145038168 0.0 0.4429575240802145
0.47619047619047616 0.0 0.0 0.523447431102384 0.4730161548020593 0.0 0.5242381177956734
0.49404761904761907 0.0 0.0 0.5234691179044765 0.48801704242854604 0.0 0.5066319279962105
0.43253968253968256 0.0 0.0 0.5256986902399762 0.43112018462630924 0.0 0.566674561819043
0.5079365079365079 0.0 0.0 0.5229663224407274 0.4987573229185159 0.0 0.49486815095531367
0.5257936507936508 0.0 0.0 0.5254030870889033 0.5252677673235102 0.0 0.47173535449234205
0.4722222222222222 0.0 0.0 0.5234450663562866 0.4697319368009941 0.0 0.5281462182220116
0.4503968253968254 0.0 0.0 0.5265228371000072 0.4513876560743239 0.0 0.5464629717353546
0.49206349206349204 0.0 0.0 0.5248285235408379 0.4859163264098467 0.0 0.5075398705195011
0.5476190476190477 0.0 0.0 0.5244708874648715 0.5421030830226641 0.0 0.4522343281225327
0.48412698412698413 0.0 0.0 0.5230526779592316 0.4806201550387597 0.0 0.5170535291331122
0.47023809523809523 0.0 0.0 0.5261471539830396 0.4682229717734777 0.0 0.5261329543660194
0.4742063492063492 0.0 0.0 0.5249610648299673 0.47396295638795194 0.0 0.5233301752723829
0.4623015873015873 0.0 0.0 0.522894236152712 0.4556482632108409 0.0 0.5398310437391441
0.4722222222222222 0.0 0.0 0.5198452751269259 0.46706905734067106 0.0 0.5337123006474023
0.5158730158730159 0.0 0.0 0.5231357669194121 0.5091129652642168 0.0 0.4859071530080531
0.5138888888888888 0.0 0.0 0.5235769714700887 0.5039351440913663 0.0 0.48780198957839904
0.5317460317460317 0.0 0.0 0.5211074276726255 0.5202378838984555 0.0 0.47434075477656723
0.5277777777777778 0.0 0.0 0.5275711022783667 0.5300609503520919 0.0 0.4664850781620088
0.498015873015873 0.0 0.0 0.5253299144291422 0.4918338363216758 0.0 0.5010658455708199
0.5436507936507936 0.0 0.0 0.5270384029111744 0.5422214332209007 0.0 0.45136586136112455
0.4623015873015873 0.0 0.0 0.5264522010289189 0.4607373217350139 0.0 0.5337123006474025
0.5 0.0 0.0 0.520740774418576 0.4890821942126753 0.0 0.5056450339491553
0.5158730158730159 0.0 0.0 0.5220804514792424 0.5106811053908515 0.0 0.48744670772145915
0.5059523809523809 0.0 0.0 0.5261455318404552 0.5072489496419906 0.0 0.48993368072003785
0.4781746031746032 0.0 0.0 0.5262525854212744 0.47840108882182375 0.0 0.5178035686088742
0.503968253968254 0.0 0.0 0.5177544742707745 0.4883425054736967 0.0 0.5083688615190274
0.48412698412698413 0.0 0.0 0.5226249265792156 0.4788744896147701 0.0 0.517764092846992
0.4662698412698413 0.0 0.0 0.5234202726474309 0.4544055861293568 0.0 0.5370282646455078
0.5 0.0 0.0 0.5238164257683151 0.49508846677318186 0.0 0.49980262119058905
0.4365079365079365 0.0 0.0 0.5231396071336046 0.43268832475294394 0.0 0.5660034738670456
0.43253968253968256 0.0 0.0 0.5207108048114497 0.4223918575063613 0.0 0.5725564503394915
0.5376984126984127 0.0 0.0 0.5261727986110626 0.5359192851648027 0.0 0.458826780356861
0.4503968253968254 0.0 0.0 0.5288931067426728 0.45393218533641044 0.0 0.542673298594663
0.4642857142857143 0.0 0.0 0.5223454399127684 0.456683827445411 0.0 0.5396336649297333
0.4861111111111111 0.0 0.0 0.5203487351095324 0.47745428723593114 0.0 0.5199352597505131
0.5535714285714286 0.0 0.0 0.5271576368366911 0.5529321261613113 0.0 0.44122059055739815
0.4880952380952381 0.0 0.0 0.5237463176330611 0.48124149357950174 0.0 0.5128690983735988
0.498015873015873 0.0 0.0 0.5250383839847433 0.49639031895378427 0.0 0.4998815727143535
0.44642857142857145 0.0 0.0 0.5220989929491741 0.4407065506834724 0.0 0.5566871940628454
0.43253968253968256 0.0 0.0 0.5283429043709654 0.4324516243564708 0.0 0.5617795673456498
0.5416666666666666 0.0 0.0 0.525277042987078 0.5366885614533404 0.0 0.4566556134533397
0.5119047619047619 0.0 0.0 0.5263891723555554 0.5069530741463992 0.0 0.4850386862466449
0.49603174603174605 0.0 0.0 0.5229130990883587 0.4876619918338363 0.0 0.5064345491867994
0.48214285714285715 0.0 0.0 0.5232484220315179 0.47748387478549026 0.0 0.5183957050371073
0.4861111111111111 0.0 0.0 0.5245826914616539 0.4860938517072016 0.0 0.5121585346597188
0.4642857142857143 0.0 0.0 0.523229716646084 0.4572755784365939 0.0 0.5376993525975051
0.5396825396825397 0.0 0.0 0.5229476353948121 0.5313628025326942 0.0 0.46328754144955
0.5436507936507936 0.0 0.0 0.5266755792034848 0.5418072075270726 0.0 0.45183957050371104
0.5376984126984127 0.0 0.0 0.5246419050048292 0.5318953784247589 0.0 0.46127427759355766
0.498015873015873 0.0 0.0 0.5267515467805122 0.4983135096751287 0.0 0.49735512395389214
0.498015873015873 0.0 0.0 0.525580625903186 0.49286940055624595 0.0 0.4993683878098848
0.5476190476190477 0.0 0.0 0.5280574321180037 0.5521036747736553 0.0 0.4457603031738515
0.49404761904761907 0.0 0.0 0.5206454528682583 0.4852949878691047 0.0 0.5117637770408969
0.5575396825396826 0.0 0.0 0.5266534782550261 0.562429729569797 0.0 0.4381020053687037
0.4503968253968254 0.0 0.0 0.5217420640988519 0.4437540682880644 0.0 0.5532133270172115
0.5317460317460317 0.0 0.0 0.5296942092262324 0.5381087638321794 0.0 0.45902415916627215
0.5575396825396826 0.0 0.0 0.5255709523079907 0.5544115036392686 0.0 0.44090478446234027
0.501984126984127 0.0 0.0 0.5188310019998179 0.4873069412391266 0.0 0.5083688615190274
0.5218253968253969 0.0 0.0 0.5255379779948076 0.518906444168294 0.0 0.4757618822043268
0.5456349206349206 0.0 0.0 0.5252865614210077 0.5455944138706432 0.0 0.4527869887888837
0.48214285714285715 0.0 0.0 0.5230141426549141 0.4778685129297592 0.0 0.5193825990841622
0.4662698412698413 0.0 0.0 0.5228071076580855 0.46126989762707854 0.0 0.5354887099321017
0.5357142857142857 0.0 0.0 0.5212369740241951 0.5243505532871767 0.0 0.47015632401705343
0.43253968253968256 0.0 0.0 0.5276598198518004 0.4320669862122019 0.0 0.5624901310595296
0.5277777777777778 0.0 0.0 0.523601934696011 0.5211255103852299 0.0 0.4726827727775146
0.4642857142857143 0.0 0.0 0.5229749585369146 0.4533404343452275 0.0 0.53939681035844
0.5496031746031746 0.0 0.0 0.5267135514340897 0.55124563583644 0.0 0.4460366335070267
0.4742063492063492 0.0 0.0 0.5205434775643911 0.4637848393396059 0.0 0.5319753671245855
0.44047619047619047 0.0 0.0 0.5266988500727598 0.43765903307888043 0.0 0.5558976788252015
0.4246031746031746 0.0 0.0 0.5210705350638216 0.41644476004497305 0.0 0.579780514763935