0.5238095238095238 0.0 0.0 0.5258394647069005 0.5210367477365525 0.0 0.47331438496763
0.5138888888888888 0.0 0.0 0.5264458703292518 0.5107106929404107 0.0 0.4827096162955945
0.45436507936507936 0.0 0.0 0.5236095675559134 0.4424226285579028 0.0 0.5506474024948682
0.44642857142857145 0.0 0.0 0.5212295157237535 0.4387537724125688 0.0 0.5579109426811937
0.5138888888888888 0.0 0.0 0.5212837762838815 0.5039943191904847 0.0 0.4912363808621506
0.48412698412698413 0.0 0.0 0.5264426950041953 0.485354162968223 0.0 0.5118822043265436
0.44047619047619047 0.0 0.0 0.5287120112442697 0.44745251198295755 0.0 0.5525817148270962
0.5257936507936508 0.0 0.0 0.5252765803592921 0.5202970589975738 0.0 0.4727222485393966
0.4603174603174603 0.0 0.0 0.526926535328835 0.4597017575004438 0.0 0.5354097584083373
0.5099206349206349 0.0 0.0 0.5278274914415557 0.510769868039529 0.0 0.4834596557713561
0.501984126984127 0.0 0.0 0.520872311382553 0.49218888691638557 0.0 0.5037107216169274
0.4603174603174603 0.0 0.0 0.523783198259332 0.4521569323628617 0.0 0.5419627348807832
0.4801587301587302 0.0 0.0 0.5277161254762013 0.4836676726433517 0.0 0.5142112742775936
0.44642857142857145 0.0 0.0 0.5218120592015176 0.43899047280904196 0.0 0.5571609032054319
0.5535714285714286 0.0 0.0 0.5216555986722339 0.5478726551866975 0.0 0.45286594031264804
0.5238095238095238 0.0 0.0 0.5283534745016363 0.5267767323510267 0.0 0.46822201168482547
0.49206349206349204 0.0 0.0 0.5255326514610728 0.48846085567193326 0.0 0.5060397915679773
0.5099206349206349 0.0 0.0 0.5228974699667454 0.4991419610627848 0.0 0.49403915995578707
0.5079365079365079 0.0 0.0 0.5261996549204171 0.5023965915142908 0.0 0.4898942049581555
0.503968253968254 0.0 0.0 0.52518861281297 0.5024261790638499 0.0 0.49348649928943644
0.5357142857142857 0.0 0.0 0.5242292814601722 0.5313628025326942 0.0 0.46340596873519646
0.498015873015873 0.0 0.0 0.5262484465799742 0.4914196106278478 0.0 0.5003158060950575
0.4642857142857143 0.0 0.0 0.5256490400899486 0.457305165986153 0.0 0.5348965735038684
0.5059523809523809 0.0 0.0 0.5188395395774713 0.49446712823243977 0.0 0.5036317700931627
0.5138888888888888 0.0 0.0 0.5253247668216291 0.5092313154624534 0.0 0.48401231643770726
0.5436507936507936 0.0 0.0 0.5278824139843031 0.5423989585182555 0.0 0.45128690983736
0.49603174603174605 0.0 0.0 0.527997364412505 0.493904964790816 0.0 0.498657824096005
0.5138888888888888 0.0 0.0 0.526017025445781 0.5130481093555832 0.0 0.48251223748618366
0.49404761904761907 0.0 0.0 0.5228344276799868 0.4852062252204272 0.0 0.5085267645665561
0.5238095238095238 0.0 0.0 0.5252194832823749 0.5227232380614237 0.0 0.47386704563398074
0.4861111111111111 0.0 0.0 0.52216923593628 0.47819397597490976 0.0 0.5170140533712302
0.45436507936507936 0.0 0.0 0.5236212735192731 0.4459731345050003 0.0 0.5477656718774672
0.5456349206349206 0.0 0.0 0.5231347073044819 0.5379904136339428 0.0 0.45681351650086843
0.4662698412698413 0.0 0.0 0.5288170033753127 0.4711521391798331 0.0 0.5257776725090795
0.4801587301587302 0.0 0.0 0.5233993964430368 0.47331203029765073 0.0 0.5212774356545085
0.5099206349206349 0.0 0.0 0.5225789520862493 0.5039647316409255 0.0 0.4915916627190905
0.5079365079365079 0.0 0.0 0.5253110093361953 0.5010059766850109 0.0 0.49131533238591496
0.503968253968254 0.0 0.0 0.5274162564306945 0.501627315225753 0.0 0.4915916627190905
0.49007936507936506 0.0 0.0 0.5213482865997089 0.4825729333096633 0.0 0.5135796620874783
0.4642857142857143 0.0 0.0 0.5248643573103486 0.45517486241789457 0.0 0.5381335859782093
0.44246031746031744 0.0 0.0 0.5225625234338587 0.43481862832120244 0.0 0.5603979156797725
0.5158730158730159 0.0 0.0 0.5253993179088395 0.5132552222024972 0.0 0.4818016737723041
0.5 0.0 0.0 0.5230342191138082 0.4926622877093319 0.0 0.5016579819990526
0.5218253968253969 0.0 0.0 0.5228695186319168 0.513225634652938 0.0 0.48069635243960207
0.47023809523809523 0.0 0.0 0.5221036556170373 0.4639919521865199 0.0 0.5328043581241119
0.44841269841269843 0.0 0.0 0.5236387850531948 0.4375110953310847 0.0 0.5557397757776725
0.5059523809523809 0.0 0.0 0.521047345497459 0.49378661459257944 0.0 0.5006316121901153
0.4623015873015873 0.0 0.0 0.5277866974200982 0.4653233919166815 0.0 0.5314621822201171
0.4801587301587302 0.0 0.0 0.5233061688312124 0.4755606840641458 0.0 0.5203694931312174
0.4742063492063492 0.0 0.0 0.5253159031430076 0.4769217113438665 0.0 0.5231327964629717
0.5257936507936508 0.0 0.0 0.5194686239045974 0.5137877980945618 0.0 0.48326227696194546
0.503968253968254 0.0 0.0 0.5250227323466246 0.5013314397301616 0.0 0.49388125690825857
0.5476190476190477 0.0 0.0 0.5216758586155488 0.5411266938872122 0.0 0.45807674088109884
0.44246031746031744 0.0 0.0 0.5288393373980456 0.4498195159476892 0.0 0.5505684509711037
0.49603174603174605 0.0 0.0 0.5193839434801488 0.4838747854902657 0.0 0.5120795831359543
0.5178571428571429 0.0 0.0 0.5236111155067977 0.5116870820758624 0.0 0.48290699510500557
0.49404761904761907 0.0 0.0 0.5243990595375949 0.4889046689153204 0.0 0.5058029369966841
0.45436507936507936 0.0 0.0 0.5215955999410672 0.4467424107935381 0.0 0.549660508447813
0.5138888888888888 0.0 0.0 0.5208219007196658 0.5047931830285816 0.0 0.49190746881414815
0.5 0.0 0.0 0.5287287564557642 0.4998816498017634 0.0 0.4931312174324963
0.4781746031746032 0.0 0.0 0.5229261363677858 0.4709450263329191 0.0 0.5236854571293228
0.5138888888888888 0.0 0.0 0.5236126828004524 0.5072785371915498 0.0 0.4869335228169903
0.503968253968254 0.0 0.0 0.5185108584958015 0.4881058050772235 0.0 0.5073819674719724
0.4365079365079365 0.0 0.0 0.5285097455479657 0.4425705663056986 0.0 0.5569635243960209
0.49404761904761907 0.0 0.0 0.5192815693682854 0.4809456180839103 0.0 0.5144481288488865
0.49603174603174605 0.0 0.0 0.5195673511478927 0.4837564352920291 0.0 0.5118822043265432
0.5337301587301587 0.0 0.0 0.5209960948254909 0.5257707556660157 0.0 0.4717353544923416
0.5158730158730159 0.0 0.0 0.523223412683742 0.5055328717675602 0.0 0.48709142586451926
0.501984126984127 0.0 0.0 0.520814216395831 0.493283626250074 0.0 0.5034343912837518
0.4801587301587302 0.0 0.0 0.5234275969482579 0.4719510030179301 0.0 0.521830096320859
0.5357142857142857 0.0 0.0 0.5196008534818425 0.5252973548730694 0.0 0.47280120006316106
0.42857142857142855 0.0 0.0 0.5243136163089481 0.4268891650393514 0.0 0.5703852834359702
0.5138888888888888 0.0 0.0 0.5209006165100728 0.5045564826321084 0.0 0.4918285172903837
0.5099206349206349 0.0 0.0 0.5263080495575041 0.5054145215693236 0.0 0.4875256592452234
0.49404761904761907 0.0 0.0 0.5186275980873337 0.4795254157050713 0.0 0.5162245381335859
0.501984126984127 0.0 0.0 0.5262962987897126 0.5029291674063554 0.0 0.49348649928943633
0.4623015873015873 0.0 0.0 0.5217546459159311 0.4520681697141843 0.0 0.5429496289278384
0.5119047619047619 0.0 0.0 0.5249517678966771 0.5104148174448192 0.0 0.4851965892941733
0.44841269841269843 0.0 0.0 0.5214080705113303 0.44046985028699925 0.0 0.5557397757776725
0.5 0.0 0.0 0.5245592910881542 0.4947925912775904 0.0 0.4997631454287067
0.5138888888888888 0.0 0.0 0.5235094751830767 0.5081661636783241 0.0 0.48713090162640116
0.5079365079365079 0.0 0.0 0.5280304058272312 0.5064204982543346 0.0 0.48598610453181745
0.5178571428571429 0.0 0.0 0.5235955302822761 0.5101189419492278 0.0 0.4840517921995895
0.4742063492063492 0.0 0.0 0.5232278050569222 0.47038286289129533 0.0 0.5264882362229591
0.44841269841269843 0.0 0.0 0.521359864539706 0.43399017693354636 0.0 0.5593715458708354
0.4742063492063492 0.0 0.0 0.5225265334756815 0.46795668382744543 0.0 0.5276725090794252
0.47619047619047616 0.0 0.0 0.5216680994660976 0.464613290727262 0.0 0.5281856939838939
0.5198412698412699 0.0 0.0 0.5210961555775555 0.51177584472454 0.0 0.48539396810358415
0.5099206349206349 0.0 0.0 0.5200692161085371 0.5011835019823658 0.0 0.4968419390494234
0.4583333333333333 0.0 0.0 0.5240219606225497 0.4506775548849044 0.0 0.5431470077372491
0.49206349206349204 0.0 0.0 0.5202159198126335 0.4812710811290609 0.0 0.5144086530870045
0.5357142857142857 0.0 0.0 0.5233273066854969 0.5292029114148766 0.0 0.4657745144481288
0.5099206349206349 0.0 0.0 0.5276203924270055 0.5055624593171194 0.0 0.4870124743407548
0.4603174603174603 0.0 0.0 0.5274742346758833 0.4639623646369608 0.0 0.5340281067424602
0.44246031746031744 0.0 0.0 0.5243218592657793 0.4372448073850524 0.0 0.5590162640138954
0.498015873015873 0.0 0.0 0.5193792516510897 0.48562045091425526 0.0 0.5104610768987838
0.43253968253968256 0.0 0.0 0.5232867677502042 0.431475235221019 0.0 0.5685299226275067
0.4722222222222222 0.0 0.0 0.5250607801108704 0.46786792117876796 0.0 0.5260934786041369
0.5138888888888888 0.0 0.0 0.5200784846074569 0.5029883425054738 0.0 0.4937233538607293
0.4861111111111111 0.0 0.0 0.528286313762235 0.4882833303745784 0.0 0.5066319279962104
0.4861111111111111 0.0 0.0 0.5262059920920561 0.4847919995265992 0.0 0.5104610768987843
0.4623015873015873 0.0 0.0 0.521400401320908 0.4529853837505178 0.0 0.5420811621664297
0.49603174603174605 0.0 0.0 0.5199461155631451 0.4805609799396414 0.0 0.5132243802305385
0.5099206349206349 0.0 0.0 0.5201756519879743 0.5008876264867743 0.0 0.4968814148113059
0.5119047619047619 0.0 0.0 0.5228900776553104 0.5064796733534529 0.0 0.4891046897205116
0.5138888888888888 0.0 0.0 0.5244731285593448 0.5123971832652819 0.0 0.4841702194852362
0.45436507936507936 0.0 0.0 0.5266967835381731 0.45263033315580803 0.0 0.5421206379283121
0.4861111111111111 0.0 0.0 0.5274798309468168 0.4847919995265992 0.0 0.5090399494710249
0.5119047619047619 0.0 0.0 0.5265823403115203 0.510355642345701 0.0 0.48349913153323854
0.4384920634920635 0.0 0.0 0.5224130648509281 0.4313272974732233 0.0 0.5645428706774039
0.47023809523809523 0.0 0.0 0.5245002069374982 0.4645245280785845 0.0 0.5298831517448286