0.5138888888888888 0.0 0.0 0.5233416527554708 0.5114503816793893 0.0 0.48602558029369947
0.4801587301587302 0.0 0.0 0.524209060314546 0.47600449730753297 0.0 0.5192641717985159
0.4523809523809524 0.0 0.0 0.5254699733098649 0.4483401384697319 0.0 0.5453971261645352
0.5337301587301587 0.0 0.0 0.5250323386385134 0.5298538375051778 0.0 0.4642744354966053
0.49603174603174605 0.0 0.0 0.5219946385511065 0.49020652109592283 0.0 0.5064740249486814
0.5515873015873016 0.0 0.0 0.5226152822924848 0.5439079235457719 0.0 0.45105005526606656
0.5 0.0 0.0 0.5278367475611673 0.4998816498017634 0.0 0.49364440233696505
0.5238095238095238 0.0 0.0 0.5265884897393428 0.5220427244215634 0.0 0.4709853150165799
0.5138888888888888 0.0 0.0 0.5241986290625709 0.5130481093555832 0.0 0.4844465498184114
0.5436507936507936 0.0 0.0 0.5233653745815093 0.5381087638321794 0.0 0.45732670140533715
0.48412698412698413 0.0 0.0 0.5207845558757852 0.47828273862358717 0.0 0.5206852992262752
0.5158730158730159 0.0 0.0 0.5219689675891839 0.5088170897686254 0.0 0.48697299857887255
0.45436507936507936 0.0 0.0 0.51985811776693 0.43922717320551513 0.0 0.5547923574924994
0.4523809523809524 0.0 0.0 0.5273056558122373 0.44940529025386117 0.0 0.5428312016421919
0.48412698412698413 0.0 0.0 0.521713733941469 0.4721285283152849 0.0 0.5207247749881574
0.49404761904761907 0.0 0.0 0.5283124223269205 0.49573939286348306 0.0 0.4988552029054161
0.47619047619047616 0.0 0.0 0.5189358704997133 0.4620983490147346 0.0 0.5330017369335229
0.4662698412698413 0.0 0.0 0.5258882783996716 0.466861944493757 0.0 0.5300410547923576
0.4742063492063492 0.0 0.0 0.5267903829670788 0.47233564116219895 0.0 0.5216327175114479
0.4642857142857143 0.0 0.0 0.5210669890251807 0.45177229421859283 0.0 0.54172588030949
0.5277777777777778 0.0 0.0 0.5213534425872739 0.5200011835019823 0.0 0.4761961155850305
0.5138888888888888 0.0 0.0 0.5279253241872671 0.5120717202201314 0.0 0.48018316753513346
0.5158730158730159 0.0 0.0 0.5211544030293381 0.5090833777146577 0.0 0.4881572714353384
0.5218253968253969 0.0 0.0 0.5217393686589762 0.5145866619326588 0.0 0.4812095373440708
0.498015873015873 0.0 0.0 0.5239299478760846 0.48925971951003017 0.0 0.5022501184272858
0.48214285714285715 0.0 0.0 0.5208061740054153 0.4710633765311557 0.0 0.5231722722248542
0.49603174603174605 0.0 0.0 0.5288408559575699 0.4991419610627848 0.0 0.49597347228801514
0.5198412698412699 0.0 0.0 0.5237968789716911 0.5126338836617551 0.0 0.48030159482078016
0.48214285714285715 0.0 0.0 0.5207629035197173 0.4705012130895319 0.0 0.5233696510342651
0.5138888888888888 0.0 0.0 0.5215576930274095 0.5040830818391621 0.0 0.4901310595294489
0.47619047619047616 0.0 0.0 0.5178086844868175 0.45982010769868037 0.0 0.5349755250276331
0.4503968253968254 0.0 0.0 0.5286983280708133 0.44893188946091483 0.0 0.5433838623085427
0.5198412698412699 0.0 0.0 0.5242663568404404 0.5173974791407776 0.0 0.47880151586925623
0.5257936507936508 0.0 0.0 0.5221911065755195 0.5185809811231434 0.0 0.4769066792989104
0.48412698412698413 0.0 0.0 0.5206788261665128 0.47159595242322033 0.0 0.5217906205589768
0.5 0.0 0.0 0.5296728414176433 0.501627315225753 0.0 0.4908416232433287
0.501984126984127 0.0 0.0 0.5183023659203891 0.48911178176223447 0.0 0.5078556766145588
0.48214285714285715 0.0 0.0 0.5226297927877628 0.4687259601159832 0.0 0.5221459024159165
0.5456349206349206 0.0 0.0 0.523055250527988 0.539647316409255 0.0 0.45582662245381345
0.5396825396825397 0.0 0.0 0.5254553738406418 0.5386117521746849 0.0 0.45728722564345503
0.4880952380952381 0.0 0.0 0.5205767662702165 0.4720989407657258 0.0 0.519895783988631
0.4722222222222222 0.0 0.0 0.524737928334861 0.46952482395408013 0.0 0.5263303331754299
0.5099206349206349 0.0 0.0 0.5220989329041792 0.5049411207763773 0.0 0.4923417021948523
0.5138888888888888 0.0 0.0 0.5240734944971576 0.5095863660571631 0.0 0.4853939681035844
0.5198412698412699 0.0 0.0 0.5234592778792007 0.5117462571749808 0.0 0.48140691615348175
0.4623015873015873 0.0 0.0 0.5210162466947057 0.4507071424344636 0.0 0.5433838623085425
0.4801587301587302 0.0 0.0 0.5257653288185291 0.48201076986803953 0.0 0.5161061108479394
0.48214285714285715 0.0 0.0 0.5222798151318191 0.4752352210189952 0.0 0.5202115900836887
0.4861111111111111 0.0 0.0 0.5229678583284824 0.47467305757737144 0.0 0.5174877625138166
0.5198412698412699 0.0 0.0 0.5253087451377217 0.514231611337949 0.0 0.4782488552029055
0.5079365079365079 0.0 0.0 0.525893120554546 0.5035800934966566 0.0 0.488986262434865
0.5079365079365079 0.0 0.0 0.5253174266723887 0.5083732765252382 0.0 0.4886704563398072
0.4444444444444444 0.0 0.0 0.5229858303842971 0.4395526362506657 0.0 0.5563319122059054
0.5079365079365079 0.0 0.0 0.5254550646369212 0.5068938990472809 0.0 0.48859150481604285
0.5 0.0 0.0 0.5252840735523453 0.49828392212556954 0.0 0.496920890573188
0.5218253968253969 0.0 0.0 0.522040081112922 0.5145570743830996 0.0 0.481091110058424
0.5436507936507936 0.0 0.0 0.5224220961316806 0.5364814486064264 0.0 0.45906363492815405
0.503968253968254 0.0 0.0 0.526243839923661 0.5005325758920646 0.0 0.4920653718616771
0.5238095238095238 0.0 0.0 0.5245892663164204 0.5224569501153914 0.0 0.473709142586452
0.5119047619047619 0.0 0.0 0.5204448510956681 0.501627315225753 0.0 0.4934864992894361
0.48412698412698413 0.0 0.0 0.5242420622994055 0.47674418604651164 0.0 0.5160271593241748
0.45436507936507936 0.0 0.0 0.5247762617906782 0.45094384283093675 0.0 0.5442918048318335
0.49404761904761907 0.0 0.0 0.5229090854796868 0.4821291200662761 0.0 0.5097505131849047
0.44047619047619047 0.0 0.0 0.5276258346567413 0.437984496124031 0.0 0.5550686878256752
0.4742063492063492 0.0 0.0 0.5271468450561904 0.4718326528196935 0.0 0.5213169114163902
0.49603174603174605 0.0 0.0 0.5239640010689761 0.48704065329309426 0.0 0.504223906521396
0.503968253968254 0.0 0.0 0.5287239710957397 0.5084324516243565 0.0 0.4874072319595767
0.49206349206349204 0.0 0.0 0.5266833980288359 0.49073909698798746 0.0 0.5034343912837517
0.503968253968254 0.0 0.0 0.5211825391828201 0.49437836558376236 0.0 0.5003158060950574
0.5416666666666666 0.0 0.0 0.5210590301143342 0.5323096041185869 0.0 0.4645902415916625
0.5238095238095238 0.0 0.0 0.5229113195575248 0.520947985087875 0.0 0.4767882520132637
0.4861111111111111 0.0 0.0 0.5210009709916533 0.47313450500029586 0.0 0.5195799778935734
0.4781746031746032 0.0 0.0 0.5206640354839002 0.46777915853009056 0.0 0.5270408968893102
0.5138888888888888 0.0 0.0 0.5263990398102191 0.5121604828688088 0.0 0.48128848886783515
0.49404761904761907 0.0 0.0 0.5281948750802864 0.4978992839813007 0.0 0.498302542239065
0.49007936507936506 0.0 0.0 0.5282745482418104 0.49144919817740695 0.0 0.5033159639981054
0.5257936507936508 0.0 0.0 0.5226759126115105 0.5223385999171548 0.0 0.4751697457760933
0.4781746031746032 0.0 0.0 0.5249824689686219 0.4786673767678561 0.0 0.5193825990841623
0.4662698412698413 0.0 0.0 0.526803610470814 0.4639919521865199 0.0 0.5298042002210642
0.4801587301587302 0.0 0.0 0.5242120352009789 0.4743180069826617 0.0 0.5196984051792202
0.5138888888888888 0.0 0.0 0.5215025458199678 0.5075448251375821 0.0 0.48945997157745136
0.498015873015873 0.0 0.0 0.5225402041657212 0.48878631871708383 0.0 0.5048555187115111
0.4880952380952381 0.0 0.0 0.5213418913373398 0.479466240605953 0.0 0.5159482078004105
0.44841269841269843 0.0 0.0 0.5246467382151687 0.4425113912065803 0.0 0.5513579662087478
0.4781746031746032 0.0 0.0 0.5228485476222103 0.4706787383868868 0.0 0.5232512237486184
0.4880952380952381 0.0 0.0 0.523062172889901 0.48118231848038345 0.0 0.5130664771830094
0.48412698412698413 0.0 0.0 0.5211489902082025 0.4734599680454465 0.0 0.5204089688930996
0.49206349206349204 0.0 0.0 0.5242768521054856 0.4859459139594059 0.0 0.5076582978051475
0.47023809523809523 0.0 0.0 0.5209663086083448 0.4611811349784011 0.0 0.5342254855518712
0.49404761904761907 0.0 0.0 0.521938853086409 0.4881058050772235 0.0 0.5085662403284383
0.49007936507936506 0.0 0.0 0.519464628889138 0.4775726374341677 0.0 0.5176456655613453
0.5317460317460317 0.0 0.0 0.5226653502619797 0.5274868335404462 0.0 0.4696036633507027
0.45634920634920634 0.0 0.0 0.5205108071283271 0.4415645896206876 0.0 0.5510421601136903
0.5297619047619048 0.0 0.0 0.5241692504417598 0.5281081720811882 0.0 0.46845886625611877
0.49206349206349204 0.0 0.0 0.5247906902307305 0.48559086336469615 0.0 0.5067108795199747
0.5337301587301587 0.0 0.0 0.5271484729586764 0.5320137286229955 0.0 0.4610768987841467
0.5119047619047619 0.0 0.0 0.5250256557270203 0.5081957512278833 0.0 0.48649928943628606
0.44841269841269843 0.0 0.0 0.527877353284344 0.4455884963607314 0.0 0.5465813990210012
0.49404761904761907 0.0 0.0 0.5268924926145013 0.48934848215870763 0.0 0.5014606031896417
0.5079365079365079 0.0 0.0 0.5210983498319245 0.4970708325936446 0.0 0.49688141481130577
0.5 0.0 0.0 0.526520612374071 0.5002662879460323 0.0 0.4951839570503709
0.48214285714285715 0.0 0.0 0.5240981330773412 0.4779572755784366 0.0 0.5173298594662874
0.4623015873015873 0.0 0.0 0.516758871684833 0.4453517959642582 0.0 0.5497394599715775
0.49404761904761907 0.0 0.0 0.5290640215578509 0.495532280016569 0.0 0.49798673614400757
0.503968253968254 0.0 0.0 0.5198621337797755 0.4962423812059885 0.0 0.5028422548555186
0.5059523809523809 0.0 0.0 0.5247161853387927 0.5040239067400438 0.0 0.49190746881414815
0.48214285714285715 0.0 0.0 0.5199999949427873 0.4733416178472099 0.0 0.5246328754144957
0.501984126984127 0.0 0.0 0.5231600785814587 0.49840227232380613 0.0 0.4984209695247115
0.4503968253968254 0.0 0.0 0.5253528325193262 0.44529262086513993 0.0 0.5478446234012319
0.44642857142857145 0.0 0.0 0.5266353013565575 0.4418900526658382 0.0 0.5507658297805149
0.4662698412698413 0.0 0.0 0.522723098182574 0.4573347535357122 0.0 0.5367124585504504