0.4623015873015873 0.0 0.0 0.5271686813106359 0.46292680040239065 0.0 0.5327254066003476
0.498015873015873 0.0 0.0 0.5210732952758431 0.4851174625717498 0.0 0.5082109584714983
0.5337301587301587 0.0 0.0 0.5219668265289541 0.5247351914314456 0.0 0.4705905573977578
0.4662698412698413 0.0 0.0 0.5279947614769006 0.4647612284750577 0.0 0.5287383546502448
0.47619047619047616 0.0 0.0 0.5234076363237976 0.46706905734067106 0.0 0.5261724301279013
0.47619047619047616 0.0 0.0 0.5235403798388196 0.47153677732410204 0.0 0.5245933996526135
0.498015873015873 0.0 0.0 0.5254362816180167 0.49236641221374045 0.0 0.5000394757618822
0.5119047619047619 0.0 0.0 0.5221052922876277 0.5009172140363335 0.0 0.4921048476235591
0.5059523809523809 0.0 0.0 0.5253955633461059 0.5003846381442689 0.0 0.49171009000473753
0.4523809523809524 0.0 0.0 0.5193760280333656 0.4423338659092254 0.0 0.5563319122059056
0.4503968253968254 0.0 0.0 0.5267126560942573 0.4493461151547429 0.0 0.5457524080214746
0.5059523809523809 0.0 0.0 0.5272140642424287 0.5090242026155394 0.0 0.48859150481604285
0.4603174603174603 0.0 0.0 0.5231551280017936 0.45464228652582994 0.0 0.5401073740723199
0.4781746031746032 0.0 0.0 0.5252119738672455 0.4696431741523167 0.0 0.5208037265119219
0.5079365079365079 0.0 0.0 0.5255316182983627 0.5029883425054738 0.0 0.4894599715774519
0.5277777777777778 0.0 0.0 0.5269885954528395 0.5308006390910704 0.0 0.46680088425706634
0.5138888888888888 0.0 0.0 0.5280229881416036 0.5160068643114977 0.0 0.4792357492499604
0.5079365079365079 0.0 0.0 0.5202550885947235 0.49763299603526834 0.0 0.49798673614400735
0.503968253968254 0.0 0.0 0.5207385073608151 0.4946742410793538 0.0 0.5013421759039948
0.5 0.0 0.0 0.5197910426467183 0.484348186283212 0.0 0.5083293857571449
0.4623015873015873 0.0 0.0 0.5214430205326263 0.453843422687733 0.0 0.5423574924996056
0.5 0.0 0.0 0.5288407612229906 0.5045860701816676 0.0 0.49238117795673453
0.5 0.0 0.0 0.5260693021919015 0.49964494940529025 0.0 0.4958945207642508
0.4583333333333333 0.0 0.0 0.5184988724031455 0.4483105509201728 0.0 0.5513579662087478
0.4603174603174603 0.0 0.0 0.5213577931272113 0.4574826912835079 0.0 0.5429891046897208
0.5119047619047619 0.0 0.0 0.53315847113615 0.5249718918279188 0.0 0.4743802305384497
0.5 0.0 0.0 0.5220298001279611 0.4910349724835789 0.0 0.5029212063792832
0.5277777777777778 0.0 0.0 0.522367040335469 0.5215101485294988 0.0 0.47457760934786075
0.4801587301587302 0.0 0.0 0.5194569652260187 0.46896266051245633 0.0 0.5273172272224852
0.49206349206349204 0.0 0.0 0.5262644521958296 0.48789869223030946 0.0 0.5043423338070429
0.498015873015873 0.0 0.0 0.5255685978629406 0.49677495709805314 0.0 0.49881572714353384
0.47023809523809523 0.0 0.0 0.5277312108594223 0.46896266051245633 0.0 0.5249092057476712
0.5119047619047619 0.0 0.0 0.5247058180551291 0.5070714243446358 0.0 0.48681509553134417
0.5178571428571429 0.0 0.0 0.5221027780021893 0.5122492455174863 0.0 0.4852755408179382
0.4583333333333333 0.0 0.0 0.5269963528371815 0.4579265045268951 0.0 0.5374230222643296
0.48214285714285715 0.0 0.0 0.5219160203874345 0.47248357890999465 0.0 0.5211984841307438
0.49007936507936506 0.0 0.0 0.5207305368733476 0.4823362329131901 0.0 0.5147639349439447
0.48412698412698413 0.0 0.0 0.5257645341193521 0.47695129889342563 0.0 0.5138165166587714
0.5158730158730159 0.0 0.0 0.5209386946860605 0.5078407006331735 0.0 0.4894204958155691
0.48412698412698413 0.0 0.0 0.5190888198714803 0.4690514231611338 0.0 0.5263303331754301
0.5277777777777778 0.0 0.0 0.5221477090540869 0.5195869578081543 0.0 0.4759197852518554
0.5535714285714286 0.0 0.0 0.5236612744339063 0.5509793478904077 0.0 0.4469840517921998
0.4722222222222222 0.0 0.0 0.5265531838927207 0.46700988224155277 0.0 0.5239223117006162
0.503968253968254 0.0 0.0 0.520425554158803 0.4905615716906326 0.0 0.5026054002842253
0.4603174603174603 0.0 0.0 0.5256541198652559 0.4581927924729274 0.0 0.5368703615979789
0.4801587301587302 0.0 0.0 0.5259917514984936 0.472749866856027 0.0 0.5178035686088743
0.5337301587301587 0.0 0.0 0.5214497180125036 0.5258891058642523 0.0 0.47047213011211153
0.5119047619047619 0.0 0.0 0.5252067212250365 0.50346174329842 0.0 0.48732828043581244
0.4742063492063492 0.0 0.0 0.5316813590551868 0.47905201491212496 0.0 0.5154744986578244
0.5317460317460317 0.0 0.0 0.5227009799429327 0.5253861175217468 0.0 0.470235275540818
0.4880952380952381 0.0 0.0 0.5257974105286062 0.4830167465530505 0.0 0.5089609979472607
0.5297619047619048 0.0 0.0 0.5275528349879998 0.5300313628025327 0.0 0.46384020211590093
0.5257936507936508 0.0 0.0 0.5223328274600934 0.5149121249778094 0.0 0.4782488552029054
0.48214285714285715 0.0 0.0 0.5217698781506496 0.47532398366767264 0.0 0.5208432022738041
0.5198412698412699 0.0 0.0 0.5254553335202251 0.5160364518610568 0.0 0.4776567187746723
0.5535714285714286 0.0 0.0 0.5217297551792546 0.544115036392686 0.0 0.4514053371230061
0.49603174603174605 0.0 0.0 0.521453882364164 0.4838747854902657 0.0 0.5089609979472602
0.49404761904761907 0.0 0.0 0.5268205756454659 0.4871294159417717 0.0 0.5026448760461079
0.5357142857142857 0.0 0.0 0.5263178225972913 0.5345286703355228 0.0 0.4603663350702668
0.498015873015873 0.0 0.0 0.530721272174191 0.5024557666134091 0.0 0.4924206537186171
0.5357142857142857 0.0 0.0 0.5295599432653567 0.5420734954731049 0.0 0.4548792041686407
0.501984126984127 0.0 0.0 0.5206561134370616 0.48996982069944967 0.0 0.5042239065213959
0.498015873015873 0.0 0.0 0.5266024639464257 0.49159713592520266 0.0 0.4987367756197698
0.5456349206349206 0.0 0.0 0.5216238383891384 0.5367477365524588 0.0 0.4594978683088582
0.503968253968254 0.0 0.0 0.5268855130644285 0.5064796733534529 0.0 0.4910390020527394
0.501984126984127 0.0 0.0 0.5200895714591421 0.4866560151488254 0.0 0.5058818885204484
0.5277777777777778 0.0 0.0 0.5225126476647399 0.5186401562222617 0.0 0.47509079425232903
0.5317460317460317 0.0 0.0 0.5235771799536353 0.526628794603231 0.0 0.4687351965892945
0.5575396825396826 0.0 0.0 0.5237009339192109 0.5513935735842358 0.0 0.44414179693668077
0.4503968253968254 0.0 0.0 0.5193879264806138 0.4389608852594828 0.0 0.5588978367282487
0.503968253968254 0.0 0.0 0.5215602759831951 0.5001775252973548 0.0 0.49956576661929597
0.501984126984127 0.0 0.0 0.5210345309806693 0.4931652760518374 0.0 0.502723827569872
0.5079365079365079 0.0 0.0 0.5200430769597734 0.4971300076927629 0.0 0.49838149376282936
0.5198412698412699 0.0 0.0 0.5220874647493049 0.5085212142730339 0.0 0.4847623559134693
0.4781746031746032 0.0 0.0 0.5198709182684511 0.47076750103556425 0.0 0.5275146060318967
0.49603174603174605 0.0 0.0 0.5255820112193437 0.49449671578199894 0.0 0.5007105637138797
0.47619047619047616 0.0 0.0 0.5190128716856856 0.4632522634475413 0.0 0.531817464077057
0.4623015873015873 0.0 0.0 0.5217702558089375 0.45973134505000296 0.0 0.5404626559292598
0.47619047619047616 0.0 0.0 0.5259121659125724 0.47520563346943606 0.0 0.5208826780356861
0.5138888888888888 0.0 0.0 0.5243147758606981 0.5096159536067223 0.0 0.48523606505605565
0.5436507936507936 0.0 0.0 0.5225673892536047 0.5380791762826203 0.0 0.4589057318806252
0.5337301587301587 0.0 0.0 0.5271435610165848 0.5339960944434582 0.0 0.460563713879678
0.498015873015873 0.0 0.0 0.5275612883780968 0.5002367003964732 0.0 0.49601294804989726
0.4662698412698413 0.0 0.0 0.5240611056585517 0.4639623646369608 0.0 0.5324885520290541
0.5456349206349206 0.0 0.0 0.5219576839659817 0.5362447482099533 0.0 0.45882678035686064
0.5496031746031746 0.0 0.0 0.5255155192076356 0.5466003905556541 0.0 0.4483657034580767
0.5496031746031746 0.0 0.0 0.5218688242841005 0.5429611219598793 0.0 0.4549186799305225
0.49007936507936506 0.0 0.0 0.5236990472125967 0.4831055092017279 0.0 0.5099478919943153
0.45634920634920634 0.0 0.0 0.5218122995119268 0.4533108467956684 0.0 0.5464234959734725
0.5138888888888888 0.0 0.0 0.5239704372395376 0.5080774010296467 0.0 0.48610453181746405
0.5456349206349206 0.0 0.0 0.5243656356207578 0.5417480324279543 0.0 0.4539317858834676
0.5456349206349206 0.0 0.0 0.5269243066932772 0.5451801881768152 0.0 0.4498263066477184
0.5436507936507936 0.0 0.0 0.5245506274778472 0.5385821646251258 0.0 0.4553923890731091
0.501984126984127 0.0 0.0 0.5188948687418026 0.48541333806734127 0.0 0.5080530554239697
0.5476190476190477 0.0 0.0 0.5247116749401181 0.5423693709686964 0.0 0.45112900678983103
0.4781746031746032 0.0 0.0 0.5241870871550034 0.4721877034144032 0.0 0.522224853939681
0.5277777777777778 0.0 0.0 0.5243257450616922 0.5221018995206816 0.0 0.4724853939681035
0.4742063492063492 0.0 0.0 0.5263409134294527 0.46668441919640213 0.0 0.5229748934154431
0.5496031746031746 0.0 0.0 0.5217356082702042 0.542901946860761 0.0 0.4551950102636979
0.5079365079365079 0.0 0.0 0.5222458434202335 0.49763299603526834 0.0 0.4956576661929575
0.5396825396825397 0.0 0.0 0.5227002528824042 0.5347061956328777 0.0 0.46249802621190583
0.5099206349206349 0.0 0.0 0.5253801660608276 0.5049115332268181 0.0 0.48768356229275267
0.501984126984127 0.0 0.0 0.525426925795966 0.4963607314042251 0.0 0.49557871466919345
0.49007936507936506 0.0 0.0 0.5240794145649977 0.48488076217527665 0.0 0.5095926101373756
0.5257936507936508 0.0 0.0 0.5221017312157095 0.5163323273566484 0.0 0.4775777672509084
0.5297619047619048 0.0 0.0 0.5221978990495262 0.5192614947630038 0.0 0.4739459971577451
0.5496031746031746 0.0 0.0 0.52688477333578 0.5537901650985265 0.0 0.4450497394599714
0.48214285714285715 0.0 0.0 0.5246598906961595 0.4758269720101781 0.0 0.5170535291331122
0.5 0.0 0.0 0.5259765741079439 0.4968933072962897 0.0 0.4964471814306015
0.5297619047619048 0.0 0.0 0.521442679318782 0.5224865376649506 0.0 0.4744986578240964
0.5396825396825397 0.0 0.0 0.5245153955980093 0.5343511450381679 0.0 0.4604847623559135
0.501984126984127 0.0 0.0 0.5267949353073403 0.5005029883425055 0.0 0.49321016895626135