0.49603174603174605 0.0 0.0 0.522111238729563 0.48715900349133084 0.0 0.5073030159482079
0.5396825396825397 0.0 0.0 0.5203077939633984 0.53393691934434 0.0 0.4672351176377705
0.5337301587301587 0.0 0.0 0.5260160479607674 0.5325758920646192 0.0 0.46289278383072807
0.45634920634920634 0.0 0.0 0.5282171611551464 0.45763062903130364 0.0 0.5375414495499763
0.503968253968254 0.0 0.0 0.5286669521391602 0.5040830818391621 0.0 0.48993368072003807
0.49404761904761907 0.0 0.0 0.5225723273118551 0.49144919817740695 0.0 0.5074609189957366
0.49404761904761907 0.0 0.0 0.5293090952607786 0.4911237351322563 0.0 0.5004737091425866
0.498015873015873 0.0 0.0 0.527093302446782 0.5000591750991182 0.0 0.49699984209695236
0.49206349206349204 0.0 0.0 0.522154764893871 0.48857920587016984 0.0 0.5101452708037265
0.5555555555555556 0.0 0.0 0.5258534213017628 0.5529617137108704 0.0 0.4419706300331596
0.5277777777777778 0.0 0.0 0.5254528018326738 0.5280194094325108 0.0 0.4699589452076426
0.47619047619047616 0.0 0.0 0.5211727932807393 0.4698798745487899 0.0 0.528067266698247
0.4742063492063492 0.0 0.0 0.5249474487414847 0.4720101781170484 0.0 0.5238828359387335
0.5376984126984127 0.0 0.0 0.521583845456709 0.5313628025326942 0.0 0.4676298752565926
0.5138888888888888 0.0 0.0 0.5228058922845651 0.5081365761287651 0.0 0.4884730775303966
0.5158730158730159 0.0 0.0 0.5211952185399111 0.5103260547961418 0.0 0.48843360176851414
0.5099206349206349 0.0 0.0 0.5216883140733405 0.49866856026983847 0.0 0.4953023843360177
0.5198412698412699 0.0 0.0 0.5221205508475352 0.5182555180779927 0.0 0.482828043581241
0.5218253968253969 0.0 0.0 0.5204382670990643 0.5151784129238417 0.0 0.48436759829464726
0.4623015873015873 0.0 0.0 0.5247245549457782 0.4567725900940884 0.0 0.5364361282172747
0.5476190476190477 0.0 0.0 0.5261863022761348 0.5483756435292029 0.0 0.4488788883625452
0.4444444444444444 0.0 0.0 0.5216511883626395 0.4365347061956329 0.0 0.5595294489183642
0.48412698412698413 0.0 0.0 0.5252111993664982 0.4793774779572756 0.0 0.5144481288488867
0.501984126984127 0.0 0.0 0.5287316478550812 0.4978401088821824 0.0 0.4936049265750829
0.5218253968253969 0.0 0.0 0.5253735770531123 0.5152967631220783 0.0 0.4783672824885522
0.5436507936507936 0.0 0.0 0.5236241118572025 0.538020001183502 0.0 0.4574846044528662
0.5416666666666666 0.0 0.0 0.5237181735385559 0.5320729037221137 0.0 0.46080056845097117
0.49007936507936506 0.0 0.0 0.5246490201704 0.48630096455411564 0.0 0.5085662403284383
0.49206349206349204 0.0 0.0 0.5289488093948779 0.49360908929522457 0.0 0.5005526606663511
0.501984126984127 0.0 0.0 0.5208197942092384 0.4937570270430203 0.0 0.5030791094268119
0.49404761904761907 0.0 0.0 0.5218282082413294 0.48707024084265343 0.0 0.5090004737091425
0.47619047619047616 0.0 0.0 0.525198128383621 0.47529439611811347 0.0 0.5213563871782725
0.4662698412698413 0.0 0.0 0.5277548021252192 0.4691697733593704 0.0 0.5278304121269539
0.46825396825396826 0.0 0.0 0.5249899608892402 0.4667435942955204 0.0 0.5295278698878889
0.498015873015873 0.0 0.0 0.522082406167637 0.49147878572696607 0.0 0.5045791883783356
0.49404761904761907 0.0 0.0 0.5255659699786187 0.4949405290253861 0.0 0.5030001579030476
0.498015873015873 0.0 0.0 0.5288247234906633 0.49801763417953726 0.0 0.4958155692404864
0.45436507936507936 0.0 0.0 0.5296395194294179 0.4579265045268951 0.0 0.5381730617400916
0.46825396825396826 0.0 0.0 0.523490909594243 0.4627492751050358 0.0 0.5326069793147007
0.5515873015873016 0.0 0.0 0.5256445582794652 0.551452748683354 0.0 0.4456418758882045
0.49404761904761907 0.0 0.0 0.5214123173229549 0.48340138469731936 0.0 0.5103821253750197
0.5337301587301587 0.0 0.0 0.5208429430806473 0.5274868335404462 0.0 0.4717748302542242
0.5079365079365079 0.0 0.0 0.5225615507551965 0.5041718444878395 0.0 0.4940786357176693
0.4623015873015873 0.0 0.0 0.5265825181645997 0.4616249482217883 0.0 0.5338307279330491
0.4722222222222222 0.0 0.0 0.5239180257394893 0.4659447304574235 0.0 0.5277909363650719
0.5297619047619048 0.0 0.0 0.5285052785963416 0.5362743357595124 0.0 0.4632480656876681
0.4305555555555556 0.0 0.0 0.5210856386514353 0.42135629327179125 0.0 0.5740960050528976
0.44642857142857145 0.0 0.0 0.5244578730425741 0.4447896325226345 0.0 0.5528975209221538
0.49603174603174605 0.0 0.0 0.520006381607501 0.48872714361796554 0.0 0.5108953102794882
0.49603174603174605 0.0 0.0 0.5216530323603225 0.4858275637611693 0.0 0.5080530554239697
0.5059523809523809 0.0 0.0 0.5211453581120813 0.4976034084857092 0.0 0.498657824096005
0.45436507936507936 0.0 0.0 0.5280430866260986 0.4555299130126043 0.0 0.5396336649297331
0.5099206349206349 0.0 0.0 0.5258942677128329 0.5014793774779572 0.0 0.4899336807200382
0.5099206349206349 0.0 0.0 0.5231433040011497 0.5081661636783241 0.0 0.49064424443391774
0.4781746031746032 0.0 0.0 0.5247427270612081 0.47618202260488784 0.0 0.5199352597505131
0.5277777777777778 0.0 0.0 0.5269541230300023 0.5212438605834665 0.0 0.47039317858834695
0.44246031746031744 0.0 0.0 0.5222141936166744 0.434522752825611 0.0 0.5605558187273012
0.5277777777777778 0.0 0.0 0.5263713191370709 0.530918989289307 0.0 0.4683799147323542
0.5099206349206349 0.0 0.0 0.5221238620093955 0.4993490739096988 0.0 0.49423653876519835
0.4742063492063492 0.0 0.0 0.5235583897687778 0.4688738978637789 0.0 0.526488236222959
0.4781746031746032 0.0 0.0 0.5198977733086683 0.4675720456831765 0.0 0.5285804516027158
0.44841269841269843 0.0 0.0 0.5250991527256225 0.4431327297473223 0.0 0.5512395389231012
0.5198412698412699 0.0 0.0 0.5206896726414312 0.507929463281851 0.0 0.48728880467393043
0.4801587301587302 0.0 0.0 0.5281682018521429 0.4794070655068347 0.0 0.5134217590399497
0.44841269841269843 0.0 0.0 0.527651887971557 0.4489910645600331 0.0 0.5466603505447656
0.4722222222222222 0.0 0.0 0.5271482715718819 0.47032368779217704 0.0 0.5230933207010895
0.4503968253968254 0.0 0.0 0.5238054477913171 0.4476004497307533 0.0 0.5496605084478128
0.5257936507936508 0.0 0.0 0.5190834065172131 0.5150600627256051 0.0 0.48338070424759216
0.5119047619047619 0.0 0.0 0.5200655247551208 0.5026037043612048 0.0 0.49439444181272707
0.5099206349206349 0.0 0.0 0.5214618346944309 0.5023078288656133 0.0 0.49427601452708037
0.49007936507936506 0.0 0.0 0.5232772672914094 0.48860879341972896 0.0 0.5105005526606663
0.4503968253968254 0.0 0.0 0.5267781098649136 0.4496715781998935 0.0 0.5457918837833571
0.498015873015873 0.0 0.0 0.5213418762118707 0.49091662228534233 0.0 0.5060792673298593
0.5178571428571429 0.0 0.0 0.5203975800604467 0.5115687318776259 0.0 0.48803884414969223
0.4722222222222222 0.0 0.0 0.52293986715492 0.46286762530327236 0.0 0.5298436759829466
0.5079365079365079 0.0 0.0 0.5237835712044359 0.5010355642345701 0.0 0.4933680720037896
0.45436507936507936 0.0 0.0 0.5272469507581047 0.4526007456062489 0.0 0.5410547923574924
0.4781746031746032 0.0 0.0 0.5239219659195754 0.47091543878335995 0.0 0.5225406600347386
0.5138888888888888 0.0 0.0 0.5261392628902067 0.5120421326705722 0.0 0.4835780830570031
0.5099206349206349 0.0 0.0 0.5194713057651277 0.5013018521806024 0.0 0.49782883309647874
0.4781746031746032 0.0 0.0 0.520547586579388 0.468075034025682 0.0 0.5281462182220118
0.49603174603174605 0.0 0.0 0.5263449273116925 0.49230723711462215 0.0 0.5010658455708197
0.5099206349206349 0.0 0.0 0.5280523045596652 0.5117462571749808 0.0 0.4842886467708828
0.5376984126984127 0.0 0.0 0.5236589219302294 0.5342919699390496 0.0 0.4630901626401389
0.4722222222222222 0.0 0.0 0.5204295033186879 0.4617432984200249 0.0 0.5345807674088111
0.503968253968254 0.0 0.0 0.5252691255960354 0.49668619444937573 0.0 0.49459182062213813
0.4583333333333333 0.0 0.0 0.5241431710552047 0.4544055861293568 0.0 0.5414495499763144
0.5138888888888888 0.0 0.0 0.5231960338033417 0.5035800934966566 0.0 0.4886704563398073
0.5158730158730159 0.0 0.0 0.519730329328966 0.5050298834250547 0.0 0.4911969051002686
0.5277777777777778 0.0 0.0 0.5207333657023822 0.5208296348896384 0.0 0.4776961945365549
0.4722222222222222 0.0 0.0 0.5237031485547972 0.47168471507189774 0.0 0.5278698878888362
0.503968253968254 0.0 0.0 0.5212254628942011 0.49514764187230015 0.0 0.5003158060950577
0.5257936507936508 0.0 0.0 0.528287602564311 0.5277827090360376 0.0 0.4677877783041213
0.44642857142857145 0.0 0.0 0.5267744992121888 0.44425705663056986 0.0 0.5494631296384018
0.48412698412698413 0.0 0.0 0.5244544973986952 0.47727676193857627 0.0 0.5159482078004105
0.4722222222222222 0.0 0.0 0.524658627256721 0.47014616249482216 0.0 0.5259750513184904
0.5317460317460317 0.0 0.0 0.5283495215407771 0.5381087638321794 0.0 0.4614321806410866
0.4642857142857143 0.0 0.0 0.5284135209678726 0.46502751642109 0.0 0.5292120637928313
0.5059523809523809 0.0 0.0 0.5200385700068032 0.4970116574945263 0.0 0.500789515237644
0.44642857142857145 0.0 0.0 0.5256202684765618 0.44197881531451566 0.0 0.5516737723038052
0.5238095238095238 0.0 0.0 0.5263111568166369 0.5174566542398958 0.0 0.4748144639191537
0.49404761904761907 0.0 0.0 0.5248311676802555 0.4940233149890526 0.0 0.5035528185693985
0.49603174603174605 0.0 0.0 0.5256332365699979 0.4949997041245044 0.0 0.500789515237644
0.5297619047619048 0.0 0.0 0.5262278686382695 0.5301793005503285 0.0 0.46719564187588813
0.4742063492063492 0.0 0.0 0.5270403148687958 0.4769217113438665 0.0 0.5211984841307435
0.5277777777777778 0.0 0.0 0.5266733800818657 0.5267175572519084 0.0 0.46759039949471015
0.48214285714285715 0.0 0.0 0.5255977967379849 0.4808568554352329 0.0 0.5151586925627664
0.503968253968254 0.0 0.0 0.528112605787108 0.5034321557488609 0.0 0.4906047686720354
0.5099206349206349 0.0 0.0 0.5237369831000157 0.5092609030120125 0.0 0.4898547291962736
0.49603174603174605 0.0 0.0 0.5273716630175608 0.49053198414107346 0.0 0.5011447970945841
0.5198412698412699 0.0 0.0 0.5246401328265237 0.5163323273566484 0.0 0.478762040107374
0.4603174603174603 0.0 0.0 0.5249375371459097 0.4578081543286585 0.0 0.5378967314069163