0.5079365079365079 0.0 0.0 0.5212834553909906 0.4985502100716019 0.0 0.49648665719248364
0.4861111111111111 0.0 0.0 0.5271658810733939 0.48949641990650333 0.0 0.5079346281383232
0.4444444444444444 0.0 0.0 0.525297522241964 0.44046985028699925 0.0 0.5541607453023845
0.4880952380952381 0.0 0.0 0.5257475216210028 0.48570921356293273 0.0 0.5088820464234962
0.49404761904761907 0.0 0.0 0.5308276467869898 0.5037280312444523 0.0 0.49522343281225334
0.44841269841269843 0.0 0.0 0.5234390928878464 0.44671282324397893 0.0 0.5516737723038057
0.5099206349206349 0.0 0.0 0.5241277405192298 0.5055032842180011 0.0 0.4886309805779252
0.4801587301587302 0.0 0.0 0.522877170792374 0.4706195632877685 0.0 0.5220669508921523
0.4742063492063492 0.0 0.0 0.521747486656798 0.46502751642109 0.0 0.5296462971735354
0.5 0.0 0.0 0.5198384329409766 0.48928930705958934 0.0 0.5072240644244435
0.4861111111111111 0.0 0.0 0.53008151333541 0.4942304278359666 0.0 0.5039081004263384
0.4444444444444444 0.0 0.0 0.5249993044402846 0.44283685425173086 0.0 0.5531343754934471
0.5079365079365079 0.0 0.0 0.5250835084668631 0.5038759689922481 0.0 0.4892625927680405
0.49404761904761907 0.0 0.0 0.5289452729111425 0.49431919048464407 0.0 0.49881572714353406
0.5059523809523809 0.0 0.0 0.5206020230968048 0.49535475471921414 0.0 0.49972366966682447
0.4503968253968254 0.0 0.0 0.5218137954403986 0.44437540682880644 0.0 0.5530159482078003
0.5555555555555556 0.0 0.0 0.5210460028305907 0.5463045150600627 0.0 0.4497078793620718
0.5218253968253969 0.0 0.0 0.5194579145651553 0.5107994555890881 0.0 0.4867756197694616
0.44246031746031744 0.0 0.0 0.5231005777778452 0.4383099591691816 0.0 0.5580688457287226
0.49603174603174605 0.0 0.0 0.5269527467169701 0.49893484821587075 0.0 0.49822359071530087
0.45436507936507936 0.0 0.0 0.5283813126534213 0.45739392863483047 0.0 0.5396336649297332
0.4642857142857143 0.0 0.0 0.5247010972199929 0.4610331972306054 0.0 0.5338307279330492
0.5376984126984127 0.0 0.0 0.5243120876122414 0.5334931061009527 0.0 0.4610768987841467
0.5297619047619048 0.0 0.0 0.5239703504765222 0.5262145689094029 0.0 0.4690115269224696
0.49404761904761907 0.0 0.0 0.522534773260185 0.48698147819397597 0.0 0.5082504342333806
0.49206349206349204 0.0 0.0 0.5236230535844602 0.4877211669329546 0.0 0.5081320069477342
0.503968253968254 0.0 0.0 0.5257027036587941 0.5005621634416237 0.0 0.49277593557555677
0.501984126984127 0.0 0.0 0.5237000855810932 0.49508846677318186 0.0 0.49865782409600523
0.5198412698412699 0.0 0.0 0.5197692261462223 0.5106219302917332 0.0 0.48645981367440416
0.5099206349206349 0.0 0.0 0.5283394544689022 0.516480265104444 0.0 0.4823543344386547
0.5218253968253969 0.0 0.0 0.5198764507186859 0.5129593467069057 0.0 0.4841702194852363
0.498015873015873 0.0 0.0 0.5297476041044284 0.5056216344162376 0.0 0.4927364598136743
0.48214285714285715 0.0 0.0 0.5229229688101538 0.47754304988460855 0.0 0.5186325596084006
0.46825396825396826 0.0 0.0 0.5272454003772803 0.4705308006390911 0.0 0.5257776725090795
0.5198412698412699 0.0 0.0 0.5195525887283433 0.5120421326705722 0.0 0.48693352281699065
0.5337301587301587 0.0 0.0 0.5259436846829533 0.5324575418663826 0.0 0.4620637928312016
0.49206349206349204 0.0 0.0 0.5215530546052626 0.4845848866796852 0.0 0.5113690194220748
0.4742063492063492 0.0 0.0 0.5242752900244338 0.4705308006390911 0.0 0.524909205747671
0.498015873015873 0.0 0.0 0.5247929770469505 0.5013018521806024 0.0 0.4997631454287067
0.5257936507936508 0.0 0.0 0.5241060939010846 0.520326646547133 0.0 0.47327490920574766
0.45436507936507936 0.0 0.0 0.5227539612804285 0.4474820995325167 0.0 0.547726196115585
0.5416666666666666 0.0 0.0 0.523086299688219 0.5331084679566839 0.0 0.45930048949944735
0.5496031746031746 0.0 0.0 0.5209654218139875 0.5402982424995562 0.0 0.45570819516816696
0.49603174603174605 0.0 0.0 0.5247154100457518 0.4971891827918812 0.0 0.5017764092846992
0.5099206349206349 0.0 0.0 0.5226977982749367 0.5058583348127108 0.0 0.49103900205273976
0.501984126984127 0.0 0.0 0.5235459277669101 0.49692289484584884 0.0 0.4981841149534184
0.4722222222222222 0.0 0.0 0.5267044627135755 0.47091543878335995 0.0 0.5233696510342651
0.47619047619047616 0.0 0.0 0.523572882992095 0.46875554766554234 0.0 0.5245539238907311
0.5059523809523809 0.0 0.0 0.5244538880962777 0.5002958754955914 0.0 0.4926969840517924
0.4861111111111111 0.0 0.0 0.5240158185743341 0.48091603053435117 0.0 0.5135401863255962
0.5277777777777778 0.0 0.0 0.5216129095596507 0.5230191135570152 0.0 0.4758013579662087
0.4722222222222222 0.0 0.0 0.5207080966285909 0.465234629268004 0.0 0.5325675035528186
0.503968253968254 0.0 0.0 0.5242908690073288 0.5034321557488609 0.0 0.4947891994315491
0.5337301587301587 0.0 0.0 0.5214298619568104 0.5223090123675957 0.0 0.47074846044528684
0.4861111111111111 0.0 0.0 0.5264718398753733 0.4822770578140718 0.0 0.5098689404705511
0.44246031746031744 0.0 0.0 0.522552019256631 0.4377182081779987 0.0 0.5589767882520134
0.4880952380952381 0.0 0.0 0.5227666168375839 0.47831232617314634 0.0 0.5141717985157115
0.5218253968253969 0.0 0.0 0.5246076633003294 0.5184330433753477 0.0 0.47607768829938424
0.5198412698412699 0.0 0.0 0.5226384519006227 0.514823362329132 0.0 0.4817227222485394
0.5615079365079365 0.0 0.0 0.5218303224428328 0.5530504763595478 0.0 0.4426022422232754
0.5218253968253969 0.0 0.0 0.5234962053632443 0.5108882182377655 0.0 0.4799463129638404
0.5 0.0 0.0 0.5255028663236803 0.49369785194390203 0.0 0.49842096952471193
0.4880952380952381 0.0 0.0 0.5214322142366373 0.47917036511036154 0.0 0.5161850623717039
0.5178571428571429 0.0 0.0 0.52605290554393 0.5140836735901533 0.0 0.47816990367914114
0.4523809523809524 0.0 0.0 0.5244739591915237 0.4505592046866678 0.0 0.546147165640297
0.49206349206349204 0.0 0.0 0.5247395716972696 0.49065033433931005 0.0 0.5054476551397442
0.5059523809523809 0.0 0.0 0.5207480417087061 0.4956506302148056 0.0 0.4995262908574134
0.5416666666666666 0.0 0.0 0.5212182319959322 0.5291437363157583 0.0 0.46395862940154764
0.4742063492063492 0.0 0.0 0.5205427759536128 0.4681933842239186 0.0 0.5306331912205904
0.5436507936507936 0.0 0.0 0.522914775475318 0.5397360790579324 0.0 0.4576425075003945
0.48412698412698413 0.0 0.0 0.5252620220502199 0.48115273093082433 0.0 0.5134217590399495
0.49007936507936506 0.0 0.0 0.5242395271289941 0.4877803420320729 0.0 0.5082504342333807
0.4742063492063492 0.0 0.0 0.5223208498299304 0.46662524409728384 0.0 0.5285015000789517
0.4781746031746032 0.0 0.0 0.5222037836294191 0.4732232676489733 0.0 0.5240802147481445
0.45634920634920634 0.0 0.0 0.5285952186217688 0.4580152671755725 0.0 0.537107216169272
0.4623015873015873 0.0 0.0 0.5218271266108432 0.4567725900940884 0.0 0.5402652771198484
0.49603174603174605 0.0 0.0 0.5256236794248326 0.48988105805077226 0.0 0.5021316911416391
0.4365079365079365 0.0 0.0 0.5244590968818429 0.4341381146813421 0.0 0.5620953734407077
0.5059523809523809 0.0 0.0 0.53028640778927 0.5142611988875081 0.0 0.4841702194852361
0.5218253968253969 0.0 0.0 0.5236656717436282 0.5173087164921001 0.0 0.4776172430127903
0.5238095238095238 0.0 0.0 0.520068084637909 0.5149417125273685 0.0 0.4820385283435974
0.5178571428571429 0.0 0.0 0.5258274384548597 0.5135806852476478 0.0 0.47844623401231656
0.5218253968253969 0.0 0.0 0.5281176222919648 0.525001479377478 0.0 0.47165640296857725
0.4722222222222222 0.0 0.0 0.5222954949067751 0.4646724658263803 0.0 0.5305937154587084
0.5178571428571429 0.0 0.0 0.519476329954406 0.5081365761287651 0.0 0.4889862624348652
0.47619047619047616 0.0 0.0 0.5250455979575589 0.47032368779217704 0.0 0.5221853781777988
0.5456349206349206 0.0 0.0 0.5219440504955314 0.535593822119652 0.0 0.45708984683404397
0.5357142857142857 0.0 0.0 0.5288029848528587 0.5415705071305994 0.0 0.45902415916627193
0.4662698412698413 0.0 0.0 0.5233048625151266 0.46206876146517545 0.0 0.5346597189325755
0.5158730158730159 0.0 0.0 0.5200628227075824 0.5034321557488609 0.0 0.49115742933838624
0.4384920634920635 0.0 0.0 0.5229434856064427 0.43404935203266465 0.0 0.562569082583294
0.47619047619047616 0.0 0.0 0.5227347597880405 0.4710633765311557 0.0 0.5251065845570818
0.4742063492063492 0.0 0.0 0.5220231237032824 0.4678087460796497 0.0 0.5284620243170695
0.45634920634920634 0.0 0.0 0.5243838338600251 0.4547606367240665 0.0 0.5421601136901943
0.5158730158730159 0.0 0.0 0.5188508294025806 0.5047044203799042 0.0 0.4923022264329704
0.5277777777777778 0.0 0.0 0.5248945050099484 0.5244689034854133 0.0 0.46991946944576035
0.4722222222222222 0.0 0.0 0.5227977169383691 0.4670986448902302 0.0 0.5288962576977735
0.5317460317460317 0.0 0.0 0.527768241946063 0.5348837209302325 0.0 0.46186641402179063
0.5337301587301587 0.0 0.0 0.5211752610093066 0.5229303509083377 0.0 0.47114321806410886
0.5396825396825397 0.0 0.0 0.5242175774857761 0.5353275341736198 0.0 0.4593794410232118
0.5297619047619048 0.0 0.0 0.5216755983045113 0.5179892301319605 0.0 0.47485393968103606
0.5158730158730159 0.0 0.0 0.5204894097053372 0.5099118291023137 0.0 0.4891441654823939
0.5099206349206349 0.0 0.0 0.5221048661210714 0.5033729806497426 0.0 0.4924601294804991
0.4642857142857143 0.0 0.0 0.5246638020499289 0.460145570743831 0.0 0.534580767408811
0.45436507936507936 0.0 0.0 0.523150046743414 0.45174270666903366 0.0 0.5462655929259435
0.5059523809523809 0.0 0.0 0.5205286783802072 0.4956210426652465 0.0 0.49996052423811776
0.5198412698412699 0.0 0.0 0.5237615542263626 0.5171903662938635 0.0 0.4795910311069005
0.5337301587301587 0.0 0.0 0.5229399327911671 0.5251494171252736 0.0 0.4672745933996527
0.5059523809523809 0.0 0.0 0.5272964976797588 0.504674832830345 0.0 0.48760461076898787
0.49603174603174605 0.0 0.0 0.5256039787506441 0.49745547073791346 0.0 0.500394757618822
0.5 0.0 0.0 0.5265280898605406 0.50346174329842 0.0 0.4953023843360176