0.5198412698412699 0.0 0.0 0.5200421169178547 0.5118350198236582 0.0 0.4876835622927522
0.5694444444444444 0.0 0.0 0.5225872844301379 0.5639091070477543 0.0 0.43411495341860096
0.503968253968254 0.0 0.0 0.5269176347067348 0.5040239067400438 0.0 0.4909995262908573
0.45634920634920634 0.0 0.0 0.5297665698527493 0.4594650571039707 0.0 0.5372651192168008
0.4384920634920635 0.0 0.0 0.5221058285039228 0.431475235221019 0.0 0.5665956102952789
0.5257936507936508 0.0 0.0 0.5204561839770547 0.5188176815196165 0.0 0.48006474024948675
0.4722222222222222 0.0 0.0 0.521127121496392 0.461772885969584 0.0 0.5323701247434076
0.5 0.0 0.0 0.52460817018926 0.49352032664654716 0.0 0.49984209695247117
0.5773809523809523 0.0 0.0 0.5246398866736056 0.5770459790520149 0.0 0.4212853308068847
0.5753968253968254 0.0 0.0 0.5252101517379006 0.5763062903130363 0.0 0.4222327490920573
0.4781746031746032 0.0 0.0 0.522872268875408 0.4717734777205752 0.0 0.5232512237486184
0.5317460317460317 0.0 0.0 0.5232669696545048 0.5226048878631872 0.0 0.4701168482551713
0.5277777777777778 0.0 0.0 0.5238767339075668 0.5226048878631872 0.0 0.47216958787304597
0.4603174603174603 0.0 0.0 0.531208857856043 0.46360731404225103 0.0 0.5304752881730618
0.5674603174603174 0.0 0.0 0.5227054469604244 0.5592046866678502 0.0 0.43608874151271115
0.5853174603174603 0.0 0.0 0.5237016053069258 0.579501745665424 0.0 0.4158771514290226
0.5317460317460317 0.0 0.0 0.5236471339910255 0.517693354636369 0.0 0.4728801515869254
0.49603174603174605 0.0 0.0 0.5305292364428469 0.4983135096751287 0.0 0.495144481288489
0.5079365079365079 0.0 0.0 0.5225583256937496 0.49754423338659093 0.0 0.4953023843360176
0.5099206349206349 0.0 0.0 0.5270277794261682 0.5091721403633351 0.0 0.4853150165798201
0.5555555555555556 0.0 0.0 0.5247408746773934 0.55124563583644 0.0 0.4433128059371546
0.5277777777777778 0.0 0.0 0.5296731810180407 0.5299130126042961 0.0 0.4641954839728406
0.5138888888888888 0.0 0.0 0.5252725003635262 0.5070418367950766 0.0 0.4852755408179379
0.5416666666666666 0.0 0.0 0.523651171856441 0.5334931061009527 0.0 0.45953734407074076
0.5496031746031746 0.0 0.0 0.5251912232072665 0.5449139002307829 0.0 0.44891836412442765
0.4305555555555556 0.0 0.0 0.523136389029218 0.4270962778862655 0.0 0.5708195168166748
0.5059523809523809 0.0 0.0 0.528082697370688 0.5086691520208296 0.0 0.48720985315016574
0.5674603174603174 0.0 0.0 0.5227253716827847 0.5592638617669684 0.0 0.43604926575082903
0.4642857142857143 0.0 0.0 0.5222529305014093 0.45990887034735783 0.0 0.5380546344544451
0.5396825396825397 0.0 0.0 0.5247323671771533 0.5339960944434582 0.0 0.4597347228801517
0.5436507936507936 0.0 0.0 0.5235355800481055 0.5351204213267057 0.0 0.45780041054792375
0.5138888888888888 0.0 0.0 0.5206269714082956 0.505710397064915 0.0 0.4918285172903837
0.5138888888888888 0.0 0.0 0.5271237424080571 0.513610272797207 0.0 0.481249013105953
0.4503968253968254 0.0 0.0 0.52731270123959 0.4518314693177111 0.0 0.5449234170219484
0.49206349206349204 0.0 0.0 0.52344211948985 0.4910349724835789 0.0 0.5083293857571449
0.5575396825396826 0.0 0.0 0.526868583062521 0.5582282975323983 0.0 0.4376282962261173
0.5119047619047619 0.0 0.0 0.523257373578387 0.5059470974613882 0.0 0.48953892310121605
0.503968253968254 0.0 0.0 0.5267923853234084 0.4991715486123439 0.0 0.49301279014684984
0.5337301587301587 0.0 0.0 0.5194904774218786 0.5232262264039292 0.0 0.47497236696668244
0.5257936507936508 0.0 0.0 0.5287501585539292 0.5303568258476833 0.0 0.46707721459024176
0.5575396825396826 0.0 0.0 0.5247837422150429 0.5540564530445589 0.0 0.4409442602242223
0.44047619047619047 0.0 0.0 0.5267355084809842 0.43931593585419254 0.0 0.5553844939207326
0.44047619047619047 0.0 0.0 0.5267937944989873 0.4388129475116871 0.0 0.5554634454444971
0.4623015873015873 0.0 0.0 0.5210596193281136 0.4556778507604 0.0 0.542712774356545
0.48214285714285715 0.0 0.0 0.5280098600948759 0.48357890999467423 0.0 0.511408495183957
0.5575396825396826 0.0 0.0 0.5236872321535005 0.5563642819101722 0.0 0.4420495815569241
0.5654761904761905 0.0 0.0 0.5245650307148194 0.5647967335345286 0.0 0.4328122532764884
0.49206349206349204 0.0 0.0 0.5226037803974448 0.4852654003195455 0.0 0.509632085899258
0.5357142857142857 0.0 0.0 0.5230125161415046 0.5310077519379846 0.0 0.4654192325911891
0.4880952380952381 0.0 0.0 0.5268328706876584 0.48636013965323394 0.0 0.5080530554239697
0.5138888888888888 0.0 0.0 0.5198001726762949 0.5031954553523877 0.0 0.4936049265750829
0.46825396825396826 0.0 0.0 0.5244686809233838 0.46446535297946623 0.0 0.5308700457918838
0.5873015873015873 0.0 0.0 0.5260998812452279 0.589058524173028 0.0 0.4093241749565767
0.4623015873015873 0.0 0.0 0.5221741125979195 0.4565063021480561 0.0 0.5404626559292595
0.5396825396825397 0.0 0.0 0.521466010009658 0.5348541333806734 0.0 0.46526132954366006
0.501984126984127 0.0 0.0 0.5202437860099115 0.4924551748624179 0.0 0.5046581399021002
0.5257936507936508 0.0 0.0 0.5211666785281894 0.5178708799337239 0.0 0.478762040107374
0.5277777777777778 0.0 0.0 0.5266904077484111 0.5287295106219303 0.0 0.46731406916153473
0.4781746031746032 0.0 0.0 0.5256796150579165 0.474791407775608 0.0 0.5191852202747513
0.4583333333333333 0.0 0.0 0.5222472734468586 0.4533108467956684 0.0 0.543818095689247
0.5376984126984127 0.0 0.0 0.5245974889338256 0.5301793005503285 0.0 0.46198484130743744
0.5416666666666666 0.0 0.0 0.5249405310619149 0.5378128883365879 0.0 0.45693194378651514
0.5357142857142857 0.0 0.0 0.5210776744436811 0.530090537901651 0.0 0.4697615663982314
0.5615079365079365 0.0 0.0 0.5235493780925765 0.5571631457482691 0.0 0.4403521237959892
0.5753968253968254 0.0 0.0 0.5238299169539286 0.5710397064915084 0.0 0.42546976156639826
0.5218253968253969 0.0 0.0 0.5229631679474308 0.5137582105450027 0.0 0.480143691773251
0.4801587301587302 0.0 0.0 0.519792509273235 0.46792709627788626 0.0 0.5275540817937787
0.49404761904761907 0.0 0.0 0.5225034115925663 0.4895851825551808 0.0 0.5080925311858517
0.5396825396825397 0.0 0.0 0.5243320171707889 0.535564234570093 0.0 0.45957681983262255
0.47619047619047616 0.0 0.0 0.5227253682842415 0.46946564885496184 0.0 0.5253434391283752
0.4880952380952381 0.0 0.0 0.5195050259759826 0.47544233386590923 0.0 0.5204089688930997
0.5357142857142857 0.0 0.0 0.5254922006604027 0.5320433161725546 0.0 0.4619453655455549
0.5476190476190477 0.0 0.0 0.5250730389291155 0.5479910053849341 0.0 0.4497868308858358
0.5198412698412699 0.0 0.0 0.5226832179305574 0.5093200781111308 0.0 0.4829464708668877
0.44246031746031744 0.0 0.0 0.5255379539034316 0.4390792354577194 0.0 0.5563713879677881
0.47619047619047616 0.0 0.0 0.5240461023030235 0.46896266051245633 0.0 0.5237644086530869
0.47619047619047616 0.0 0.0 0.5288112179688581 0.4720397656666075 0.0 0.5177640928469918
0.4742063492063492 0.0 0.0 0.520957828012521 0.46345937629445527 0.0 0.5306726669824728
0.5357142857142857 0.0 0.0 0.5206398749350841 0.5260962187111663 0.0 0.470590557397758
0.5099206349206349 0.0 0.0 0.5255381792542518 0.5096159536067223 0.0 0.48697299857887255
0.4880952380952381 0.0 0.0 0.5248039591703755 0.4846144742292443 0.0 0.5095531343754935
0.5515873015873016 0.0 0.0 0.5208887602130567 0.5444109118882774 0.0 0.454444970787936
0.4523809523809524 0.0 0.0 0.5226800851566091 0.44733416178472096 0.0 0.5501342175903997
0.5416666666666666 0.0 0.0 0.5238581594914963 0.5364814486064264 0.0 0.45831359545239214
0.5555555555555556 0.0 0.0 0.5221149415524398 0.5442037990413634 0.0 0.44927364598136765
0.5277777777777778 0.0 0.0 0.5208300080629814 0.5209775726374342 0.0 0.47749881572714337
0.4861111111111111 0.0 0.0 0.5211319314651559 0.4786377892182969 0.0 0.518514132322754
0.43452380952380953 0.0 0.0 0.524247610288423 0.4319486360139653 0.0 0.5654902889625772
0.503968253968254 0.0 0.0 0.5238872615553131 0.4999112373513226 0.0 0.49636822990683727
0.5317460317460317 0.0 0.0 0.5234261686984185 0.522575300313628 0.0 0.47031422706458237
0.5059523809523809 0.0 0.0 0.5183094182754295 0.49307651340315994 0.0 0.504460761092689
0.498015873015873 0.0 0.0 0.5264736335906166 0.4977217586839458 0.0 0.4983814937628296
0.5436507936507936 0.0 0.0 0.5268427542546371 0.5437895733475353 0.0 0.4517211432180638
0.5436507936507936 0.0 0.0 0.5236697400883251 0.530889401739748 0.0 0.45989262592768065
0.5138888888888888 0.0 0.0 0.5256934412878655 0.5082253387774425 0.0 0.4843281225327649
0.5476190476190477 0.0 0.0 0.5220028439484451 0.5363335108586307 0.0 0.4573267014053374
0.5496031746031746 0.0 0.0 0.5239507308609924 0.5429611219598793 0.0 0.45116848255171316
0.498015873015873 0.0 0.0 0.5250965616803422 0.4926031126102136 0.0 0.5003947576188219
0.5257936507936508 0.0 0.0 0.5235303262370701 0.5104148174448192 0.0 0.47931470077372484
0.5079365079365079 0.0 0.0 0.5219170476939547 0.49893484821587075 0.0 0.4952629085741356
0.5059523809523809 0.0 0.0 0.5229348351323372 0.50346174329842 0.0 0.49538133585978195
0.501984126984127 0.0 0.0 0.5196433064975845 0.4886975560684064 0.0 0.5068687825675036
0.5337301587301587 0.0 0.0 0.520800910696271 0.5269838451979407 0.0 0.472209063634928
0.4880952380952381 0.0 0.0 0.5240171798282842 0.48357890999467423 0.0 0.5116453497552502
0.4662698412698413 0.0 0.0 0.5194227955034897 0.4551156873187763 0.0 0.5415679772619615
0.4880952380952381 0.0 0.0 0.5195616057185757 0.47547192141546835 0.0 0.520290541607453
0.5515873015873016 0.0 0.0 0.5227745685292583 0.542487721166933 0.0 0.4518000947418288
0.4742063492063492 0.0 0.0 0.527462146716754 0.4747026451269306 0.0 0.5200931627980421
0.5297619047619048 0.0 0.0 0.5266569001694082 0.530918989289307 0.0 0.4654192325911889
0.5376984126984127 0.0 0.0 0.5209637701212979 0.53151074028049 0.0 0.46806410863729664