nsga-ii 0.1 metric-min-ed-value 1.6502954982111102 0 
nsga-ii 0.1 metric-min-ed-solution 1.583570923629747;0.6276885706885706;1.6276885706885706;0.6404295800399696;0.5981078699418734;1.6276885706885706;1.6580716618378442 0 
r-nsga-ii 0.1 metric-min-ed-value 1.640006430001632 0 
r-nsga-ii 0.1 metric-min-ed-solution 1.5815442131268451;0.6256618601856687;1.6256618601856687;0.6359067229067225;0.5825831697778572;1.6256618601856687;1.6582466246066285 0 
nsga-iii 0.1 metric-min-ed-value 1.6086869024257946 0 
nsga-iii 0.1 metric-min-ed-solution 1.6080264973122116;0.6080264973122116;1.6080264973122116;0.6080264973122116;0.6080264973122116;1.6080264973122116;1.6080264973122116 0 
nautilus-1 0.1 metric-min-ed-value 1.1338934190276817 0 
nautilus-1 0.1 metric-min-ed-solution 1.4285714285714286;0.42857142857142855;1.4285714285714286;0.42857142857142855;0.42857142857142855;1.4285714285714286;1.4285714285714286 0 
nautilus-2 0.1 metric-min-ed-value 1.1338934190276817 0 
nautilus-2 0.1 metric-min-ed-solution 1.4285714285714286;0.42857142857142855;1.4285714285714286;0.42857142857142855;0.42857142857142855;1.4285714285714286;1.4285714285714286 0 
nautilus-3 0.1 metric-min-ed-value 1.1338934190276817 0 
nautilus-3 0.1 metric-min-ed-solution 1.4285714285714286;0.42857142857142855;1.4285714285714286;0.42857142857142855;0.42857142857142855;1.4285714285714286;1.4285714285714286 0 
nsga-ii 0.2 metric-min-ed-value 1.6458528096818343 0 
nsga-ii 0.2 metric-min-ed-solution 1.568865041276806;0.6276885706885706;1.6276885706885706;0.6472672829815688;0.5745581858522697;1.6276885706885706;1.6739237093939867 0 
r-nsga-ii 0.2 metric-min-ed-value 1.6378483834301933 0 
r-nsga-ii 0.2 metric-min-ed-solution 1.540996644791711;0.6292319389093579;1.629231938909358;0.6305815665815659;0.540489836669266;1.629231938909358;1.7157576984866367 0 
nsga-iii 0.2 metric-min-ed-value 1.6086869024257946 0 
nsga-iii 0.2 metric-min-ed-solution 1.6080264973122116;0.6080264973122116;1.6080264973122116;0.6080264973122116;0.6080264973122116;1.6080264973122116;1.6080264973122116 0 
nautilus-1 0.2 metric-min-ed-value 1.1338934190276817 0 
nautilus-1 0.2 metric-min-ed-solution 1.4285714285714286;0.42857142857142855;1.4285714285714286;0.42857142857142855;0.42857142857142855;1.4285714285714286;1.4285714285714286 0 
nautilus-2 0.2 metric-min-ed-value 1.1338934190276817 0 
nautilus-2 0.2 metric-min-ed-solution 1.4285714285714286;0.42857142857142855;1.4285714285714286;0.42857142857142855;0.42857142857142855;1.4285714285714286;1.4285714285714286 0 
nautilus-3 0.2 metric-min-ed-value 1.1338934190276817 0 
nautilus-3 0.2 metric-min-ed-solution 1.4285714285714286;0.42857142857142855;1.4285714285714286;0.42857142857142855;0.42857142857142855;1.4285714285714286;1.4285714285714286 0 
nsga-ii 0.3 metric-min-ed-value 1.6458528096818343 0 
nsga-ii 0.3 metric-min-ed-solution 1.568865041276806;0.6276885706885706;1.6276885706885706;0.6472672829815688;0.5745581858522697;1.6276885706885706;1.6739237093939867 0 
r-nsga-ii 0.3 metric-min-ed-value 1.62121278293965 0 
r-nsga-ii 0.3 metric-min-ed-solution 1.4786030366562568;0.6256618601856687;1.6256618601856687;0.6274074509368629;0.48177903422357793;1.6256618601856687;1.7740546386973375 0 
nsga-iii 0.3 metric-min-ed-value 1.6086869024257946 0 
nsga-iii 0.3 metric-min-ed-solution 1.6080264973122116;0.6080264973122116;1.6080264973122116;0.6080264973122116;0.6080264973122116;1.6080264973122116;1.6080264973122116 0 
nautilus-1 0.3 metric-min-ed-value 1.11362174278307 0 
nautilus-1 0.3 metric-min-ed-solution 1.44327731092437;0.29649595687331537;1.361904761904762;0.5256410256410257;0.4389103142693034;1.4285714285714286;1.4149210542869723 0 
nautilus-2 0.3 metric-min-ed-value 1.11362174278307 0 
nautilus-2 0.3 metric-min-ed-solution 1.44327731092437;0.29649595687331537;1.361904761904762;0.5256410256410257;0.4389103142693034;1.4285714285714286;1.4149210542869723 0 
nautilus-3 0.3 metric-min-ed-value 1.1140633567949032 0 
nautilus-3 0.3 metric-min-ed-solution 1.44327731092437;0.29649595687331537;1.361904761904762;0.5256410256410257;0.43919750553868875;1.4285714285714286;1.415801723595647 0 
nsga-ii 0.4 metric-min-ed-value 1.6458528096818343 0 
nsga-ii 0.4 metric-min-ed-solution 1.568865041276806;0.6276885706885706;1.6276885706885706;0.6472672829815688;0.5745581858522697;1.6276885706885706;1.6739237093939867 0 
r-nsga-ii 0.4 metric-min-ed-value 1.62121278293965 0 
r-nsga-ii 0.4 metric-min-ed-solution 1.4786030366562568;0.6256618601856687;1.6256618601856687;0.6274074509368629;0.48177903422357793;1.6256618601856687;1.7740546386973375 0 
nsga-iii 0.4 metric-min-ed-value 1.6086869024257946 0 
nsga-iii 0.4 metric-min-ed-solution 1.6080264973122116;0.6080264973122116;1.6080264973122116;0.6080264973122116;0.6080264973122116;1.6080264973122116;1.6080264973122116 0 
nautilus-1 0.4 metric-min-ed-value 1.0892689701410307 0 
nautilus-1 0.4 metric-min-ed-solution 1.44327731092437;0.24932614555256055;1.2952380952380953;0.5366300366300366;0.444941330926397;1.4285714285714286;1.4136000503239605 0 
nautilus-2 0.4 metric-min-ed-value 1.0892689701410307 0 
nautilus-2 0.4 metric-min-ed-solution 1.44327731092437;0.24932614555256055;1.2952380952380953;0.5366300366300366;0.444941330926397;1.4285714285714286;1.4136000503239605 0 
nautilus-3 0.4 metric-min-ed-value 1.0892689701410307 0 
nautilus-3 0.4 metric-min-ed-solution 1.44327731092437;0.24932614555256055;1.2952380952380953;0.5366300366300366;0.444941330926397;1.4285714285714286;1.4136000503239605 0 
nsga-ii 0.5 metric-min-ed-value 1.6458528096818343 0 
nsga-ii 0.5 metric-min-ed-solution 1.568865041276806;0.6276885706885706;1.6276885706885706;0.6472672829815688;0.5745581858522697;1.6276885706885706;1.6739237093939867 0 
r-nsga-ii 0.5 metric-min-ed-value 1.62121278293965 0 
r-nsga-ii 0.5 metric-min-ed-solution 1.4786030366562568;0.6256618601856687;1.6256618601856687;0.6274074509368629;0.48177903422357793;1.6256618601856687;1.7740546386973375 0 
nsga-iii 0.5 metric-min-ed-value 1.6086869024257946 0 
nsga-iii 0.5 metric-min-ed-solution 1.6080264973122116;0.6080264973122116;1.6080264973122116;0.6080264973122116;0.6080264973122116;1.6080264973122116;1.6080264973122116 0 
nautilus-1 0.5 metric-min-ed-value 1.0892689701410307 0 
nautilus-1 0.5 metric-min-ed-solution 1.44327731092437;0.24932614555256055;1.2952380952380953;0.5366300366300366;0.444941330926397;1.4285714285714286;1.4136000503239605 0 
nautilus-2 0.5 metric-min-ed-value 1.0892689701410307 0 
nautilus-2 0.5 metric-min-ed-solution 1.44327731092437;0.24932614555256055;1.2952380952380953;0.5366300366300366;0.444941330926397;1.4285714285714286;1.4136000503239605 0 
nautilus-3 0.5 metric-min-ed-value 1.0892689701410307 0 
nautilus-3 0.5 metric-min-ed-solution 1.44327731092437;0.24932614555256055;1.2952380952380953;0.5366300366300366;0.444941330926397;1.4285714285714286;1.4136000503239605 0 
nsga-ii 0.6 metric-min-ed-value 1.6458528096818343 0 
nsga-ii 0.6 metric-min-ed-solution 1.568865041276806;0.6276885706885706;1.6276885706885706;0.6472672829815688;0.5745581858522697;1.6276885706885706;1.6739237093939867 0 
r-nsga-ii 0.6 metric-min-ed-value 1.62121278293965 0 
r-nsga-ii 0.6 metric-min-ed-solution 1.4786030366562568;0.6256618601856687;1.6256618601856687;0.6274074509368629;0.48177903422357793;1.6256618601856687;1.7740546386973375 0 
nsga-iii 0.6 metric-min-ed-value 1.6086869024257946 0 
nsga-iii 0.6 metric-min-ed-solution 1.6080264973122116;0.6080264973122116;1.6080264973122116;0.6080264973122116;0.6080264973122116;1.6080264973122116;1.6080264973122116 0 
nautilus-1 0.6 metric-min-ed-value 1.06775649264845 0 
nautilus-1 0.6 metric-min-ed-solution 1.457983193277311;0.13611859838274926;1.2952380952380953;0.5203962703962703;0.45441864281611555;1.4285714285714286;1.404573189910046 0 
nautilus-2 0.6 metric-min-ed-value 1.06775649264845 0 
nautilus-2 0.6 metric-min-ed-solution 1.457983193277311;0.13611859838274926;1.2952380952380953;0.5203962703962703;0.45441864281611555;1.4285714285714286;1.404573189910046 0 
nautilus-3 0.6 metric-min-ed-value 1.06775649264845 0 
nautilus-3 0.6 metric-min-ed-solution 1.457983193277311;0.13611859838274926;1.2952380952380953;0.5203962703962703;0.45441864281611555;1.4285714285714286;1.404573189910046 0 
nsga-ii 0.7 metric-min-ed-value 1.6458528096818343 0 
nsga-ii 0.7 metric-min-ed-solution 1.568865041276806;0.6276885706885706;1.6276885706885706;0.6472672829815688;0.5745581858522697;1.6276885706885706;1.6739237093939867 0 
r-nsga-ii 0.7 metric-min-ed-value 1.62121278293965 0 
r-nsga-ii 0.7 metric-min-ed-solution 1.4786030366562568;0.6256618601856687;1.6256618601856687;0.6274074509368629;0.48177903422357793;1.6256618601856687;1.7740546386973375 0 
nsga-iii 0.7 metric-min-ed-value 1.6086869024257946 0 
nsga-iii 0.7 metric-min-ed-solution 1.6080264973122116;0.6080264973122116;1.6080264973122116;0.6080264973122116;0.6080264973122116;1.6080264973122116;1.6080264973122116 0 
nautilus-1 0.7 metric-min-ed-value 1.060533801564767 0 
nautilus-1 0.7 metric-min-ed-solution 1.457983193277311;0.11725067385444737;1.2819047619047619;0.5193278943278944;0.45499302535488634;1.4285714285714286;1.4017110146568537 0 
nautilus-2 0.7 metric-min-ed-value 1.060533801564767 0 
nautilus-2 0.7 metric-min-ed-solution 1.457983193277311;0.11725067385444737;1.2819047619047619;0.5193278943278944;0.45499302535488634;1.4285714285714286;1.4017110146568537 0 
nautilus-3 0.7 metric-min-ed-value 1.060533801564767 0 
nautilus-3 0.7 metric-min-ed-solution 1.457983193277311;0.11725067385444737;1.2819047619047619;0.5193278943278944;0.45499302535488634;1.4285714285714286;1.4017110146568537 0 
nsga-ii 0.8 metric-min-ed-value 1.6458528096818343 0 
nsga-ii 0.8 metric-min-ed-solution 1.568865041276806;0.6276885706885706;1.6276885706885706;0.6472672829815688;0.5745581858522697;1.6276885706885706;1.6739237093939867 0 
r-nsga-ii 0.8 metric-min-ed-value 1.62121278293965 0 
r-nsga-ii 0.8 metric-min-ed-solution 1.4786030366562568;0.6256618601856687;1.6256618601856687;0.6274074509368629;0.48177903422357793;1.6256618601856687;1.7740546386973375 0 
nsga-iii 0.8 metric-min-ed-value 1.6086869024257946 0 
nsga-iii 0.8 metric-min-ed-solution 1.6080264973122116;0.6080264973122116;1.6080264973122116;0.6080264973122116;0.6080264973122116;1.6080264973122116;1.6080264973122116 0 
nautilus-1 0.8 metric-min-ed-value 1.060533801564767 0 
nautilus-1 0.8 metric-min-ed-solution 1.457983193277311;0.11725067385444737;1.2819047619047619;0.5193278943278944;0.45499302535488634;1.4285714285714286;1.4017110146568537 0 
nautilus-2 0.8 metric-min-ed-value 1.060533801564767 0 
nautilus-2 0.8 metric-min-ed-solution 1.457983193277311;0.11725067385444737;1.2819047619047619;0.5193278943278944;0.45499302535488634;1.4285714285714286;1.4017110146568537 0 
nautilus-3 0.8 metric-min-ed-value 1.060533801564767 0 
nautilus-3 0.8 metric-min-ed-solution 1.457983193277311;0.11725067385444737;1.2819047619047619;0.5193278943278944;0.45499302535488634;1.4285714285714286;1.4017110146568537 0 
nsga-ii 0.9 metric-min-ed-value 1.6458528096818343 0 
nsga-ii 0.9 metric-min-ed-solution 1.568865041276806;0.6276885706885706;1.6276885706885706;0.6472672829815688;0.5745581858522697;1.6276885706885706;1.6739237093939867 0 
r-nsga-ii 0.9 metric-min-ed-value 1.62121278293965 0 
r-nsga-ii 0.9 metric-min-ed-solution 1.4786030366562568;0.6256618601856687;1.6256618601856687;0.6274074509368629;0.48177903422357793;1.6256618601856687;1.7740546386973375 0 
nsga-iii 0.9 metric-min-ed-value 1.6086869024257946 0 
nsga-iii 0.9 metric-min-ed-solution 1.6080264973122116;0.6080264973122116;1.6080264973122116;0.6080264973122116;0.6080264973122116;1.6080264973122116;1.6080264973122116 0 
nautilus-1 0.9 metric-min-ed-value 1.060533801564767 0 
nautilus-1 0.9 metric-min-ed-solution 1.457983193277311;0.11725067385444737;1.2819047619047619;0.5193278943278944;0.45499302535488634;1.4285714285714286;1.4017110146568537 0 
nautilus-2 0.9 metric-min-ed-value 1.060533801564767 0 
nautilus-2 0.9 metric-min-ed-solution 1.457983193277311;0.11725067385444737;1.2819047619047619;0.5193278943278944;0.45499302535488634;1.4285714285714286;1.4017110146568537 0 
nautilus-3 0.9 metric-min-ed-value 1.060533801564767 0 
nautilus-3 0.9 metric-min-ed-solution 1.457983193277311;0.11725067385444737;1.2819047619047619;0.5193278943278944;0.45499302535488634;1.4285714285714286;1.4017110146568537 0 
nsga-ii 1.0 metric-min-ed-value 1.6458528096818343 0 
nsga-ii 1.0 metric-min-ed-solution 1.568865041276806;0.6276885706885706;1.6276885706885706;0.6472672829815688;0.5745581858522697;1.6276885706885706;1.6739237093939867 0 
r-nsga-ii 1.0 metric-min-ed-value 1.62121278293965 0 
r-nsga-ii 1.0 metric-min-ed-solution 1.4786030366562568;0.6256618601856687;1.6256618601856687;0.6274074509368629;0.48177903422357793;1.6256618601856687;1.7740546386973375 0 
nsga-iii 1.0 metric-min-ed-value 1.6086869024257946 0 
nsga-iii 1.0 metric-min-ed-solution 1.6080264973122116;0.6080264973122116;1.6080264973122116;0.6080264973122116;0.6080264973122116;1.6080264973122116;1.6080264973122116 0 
nautilus-1 1.0 metric-min-ed-value 1.060533801564767 0 
nautilus-1 1.0 metric-min-ed-solution 1.457983193277311;0.11725067385444737;1.2819047619047619;0.5193278943278944;0.45499302535488634;1.4285714285714286;1.4017110146568537 0 
nautilus-2 1.0 metric-min-ed-value 1.060533801564767 0 
nautilus-2 1.0 metric-min-ed-solution 1.457983193277311;0.11725067385444737;1.2819047619047619;0.5193278943278944;0.45499302535488634;1.4285714285714286;1.4017110146568537 0 
nautilus-3 1.0 metric-min-ed-value 1.060533801564767 0 
nautilus-3 1.0 metric-min-ed-solution 1.457983193277311;0.11725067385444737;1.2819047619047619;0.5193278943278944;0.45499302535488634;1.4285714285714286;1.4017110146568537 0 
