0.5555555555555556 0.0 0.0 0.6739853061945442 0.551043980453132 0.0 0.4468173801507138
0.5644444444444444 0.0 0.0 0.6785302728797369 0.5656152820968459 0.0 0.4302709636042972
0.5533333333333333 0.0 0.0 0.6740788938195872 0.5483192655116245 0.0 0.44989578322911694
0.52 0.0 0.0 0.6857284102830684 0.5269657929808974 0.0 0.46727593394260114
0.5466666666666666 0.0 0.0 0.6839065849070544 0.5505108840515327 0.0 0.44351451018117727
0.47333333333333333 0.0 0.0 0.680296674107254 0.4709610543462165 0.0 0.5240981240981246
0.47333333333333333 0.0 0.0 0.6744157858772729 0.47193839774914853 0.0 0.5272085938752611
0.4888888888888889 0.0 0.0 0.6739863556454595 0.4866873981933955 0.0 0.5117203783870454
0.5022222222222222 0.0 0.0 0.6838116746592908 0.5071819931882127 0.0 0.48760622093955475
0.44666666666666666 0.0 0.0 0.6828448074241854 0.4499333629498001 0.0 0.5462241462241468
0.5066666666666667 0.0 0.0 0.6771054227467371 0.5075077743225234 0.0 0.4877024210357548
0.5088888888888888 0.0 0.0 0.6772856710914354 0.5099363245964756 0.0 0.48507295173961884
0.4955555555555556 0.0 0.0 0.6765638400163831 0.4950688582852066 0.0 0.5000801667468341
0.52 0.0 0.0 0.6817764079316705 0.5202428550273952 0.0 0.4735289401956073
0.4866666666666667 0.0 0.0 0.6872558502849194 0.4919295128091219 0.0 0.5018759018759023
0.4955555555555556 0.0 0.0 0.6767511000658154 0.49500962535169557 0.0 0.5003046336379673
0.5377777777777778 0.0 0.0 0.6785262891759297 0.5395231748852362 0.0 0.4559243225909896
0.4955555555555556 0.0 0.0 0.6804328789041281 0.49577965348733893 0.0 0.49793169793169867
0.4955555555555556 0.0 0.0 0.6743743810523951 0.49246260921072116 0.0 0.5050825717492389
0.4488888888888889 0.0 0.0 0.6746312427362696 0.4449874130016289 0.0 0.5517396184062857
0.5422222222222223 0.0 0.0 0.6807105206240138 0.5431363838294091 0.0 0.4509539842873178
0.54 0.0 0.0 0.673159571272249 0.534577224937065 0.0 0.46362033028699734
0.5133333333333333 0.0 0.0 0.6811778558944618 0.5101140233970087 0.0 0.48353375020041744
0.5577777777777778 0.0 0.0 0.6737151402577783 0.5523174885236192 0.0 0.4458874458874462
0.5066666666666667 0.0 0.0 0.6762441525893141 0.5070635273211905 0.0 0.4885682219015557
0.5333333333333333 0.0 0.0 0.6829942221026362 0.5373611728120835 0.0 0.4569825236491907
0.5177777777777778 0.0 0.0 0.6856493049032099 0.5247741744409892 0.0 0.46942440275773656
0.49333333333333335 0.0 0.0 0.682109684071263 0.4960462016881386 0.0 0.49793169793169856
0.5244444444444445 0.0 0.0 0.6860402422104909 0.5317340441285354 0.0 0.4625941959275299
0.4577777777777778 0.0 0.0 0.6741960866205805 0.4545831482304161 0.0 0.5433060766394107
0.5577777777777778 0.0 0.0 0.6754309722909805 0.5521397897230861 0.0 0.4444123777457112
0.5777777777777777 0.0 0.0 0.6765216946346402 0.5766326077298978 0.0 0.4200096200096204
0.5177777777777778 0.0 0.0 0.6759546265939784 0.5167184954834888 0.0 0.47881994548661266
0.6133333333333333 0.0 0.0 0.6806007094493498 0.615667110913668 0.0 0.380824114157448
0.5666666666666667 0.0 0.0 0.6757728361530095 0.5646971716274248 0.0 0.4334135000801671
0.5066666666666667 0.0 0.0 0.6771972050271159 0.5037760995113283 0.0 0.4911014911014918
0.4666666666666667 0.0 0.0 0.6791123807837735 0.46752554420257664 0.0 0.527721661054995
0.44222222222222224 0.0 0.0 0.6822145258531428 0.44412853546571895 0.0 0.5520923520923526
0.4622222222222222 0.0 0.0 0.6742114107366705 0.4595587146453428 0.0 0.538335738335739
0.48444444444444446 0.0 0.0 0.6778638973572578 0.48494002665482006 0.0 0.5095077761744433
0.4533333333333333 0.0 0.0 0.6742177311669936 0.4494298830149563 0.0 0.5474106140772814
0.5511111111111111 0.0 0.0 0.676637651764816 0.550185102917222 0.0 0.445887445887446
0.5622222222222222 0.0 0.0 0.6743972903127884 0.5589515770768547 0.0 0.4392817059483729
0.4577777777777778 0.0 0.0 0.6775453252537752 0.45464238116392713 0.0 0.5410614077280751
0.5444444444444444 0.0 0.0 0.6785177307936128 0.5450910706352732 0.0 0.4500240500240503
0.5577777777777778 0.0 0.0 0.6782339410169053 0.5573522878720568 0.0 0.4374859708193045
0.47555555555555556 0.0 0.0 0.6794393652144837 0.47572930549385456 0.0 0.5195125861792536
0.48 0.0 0.0 0.6770193423324931 0.4756996890270991 0.0 0.5196087862754537
0.5222222222222223 0.0 0.0 0.6785383604266324 0.52252332296757 0.0 0.4719897386564058
0.4488888888888889 0.0 0.0 0.6743561098682556 0.4440989189989634 0.0 0.5528619528619534
0.54 0.0 0.0 0.679306009415722 0.5436102472974974 0.0 0.4521083854417194
0.43555555555555553 0.0 0.0 0.681966843610618 0.43530282837257517 0.0 0.5602693602693609
0.5022222222222222 0.0 0.0 0.6808869315952835 0.5044276617799497 0.0 0.4894660894660898
0.48 0.0 0.0 0.6754083056055843 0.47990522730638235 0.0 0.516209716209717
0.45111111111111113 0.0 0.0 0.6750057263565902 0.4473567303420702 0.0 0.5489177489177496
0.5288888888888889 0.0 0.0 0.676054366324454 0.5286539315859617 0.0 0.4681738015071354
0.4688888888888889 0.0 0.0 0.6828966483993091 0.470990670812972 0.0 0.522109988776656
0.5822222222222222 0.0 0.0 0.6769508641076831 0.5817562564786021 0.0 0.4147506814173484
0.5244444444444445 0.0 0.0 0.6819115745438444 0.5248037909077448 0.0 0.46903960237293596
0.5177777777777778 0.0 0.0 0.6817973052710721 0.5178143047534429 0.0 0.4757736091069428
0.5044444444444445 0.0 0.0 0.6878185296658847 0.5096105434621649 0.0 0.48436748436748467
0.5088888888888888 0.0 0.0 0.6779550676879004 0.511505997334518 0.0 0.4840468173801513
0.5777777777777777 0.0 0.0 0.6746310636708819 0.5730193987857248 0.0 0.42459515792849156
0.5 0.0 0.0 0.6805172865234264 0.49939286243151193 0.0 0.4942440275773614
0.5288888888888889 0.0 0.0 0.681634082289217 0.5330075521990226 0.0 0.46176046176046237
0.5155555555555555 0.0 0.0 0.6842314966064209 0.520627869095217 0.0 0.47240660573993953
0.5466666666666666 0.0 0.0 0.6783123131111849 0.5469272915741152 0.0 0.44758698092031457
0.5155555555555555 0.0 0.0 0.683015748721065 0.5181697023545091 0.0 0.475517075517076
0.5133333333333333 0.0 0.0 0.6831626731014726 0.5167777284169999 0.0 0.4763828763828768
0.4888888888888889 0.0 0.0 0.6808313688456992 0.48950096253516956 0.0 0.5043450376783717
0.5666666666666667 0.0 0.0 0.678709478186854 0.567866133570265 0.0 0.42738496071829424
0.5511111111111111 0.0 0.0 0.6861235291336664 0.5580334666074337 0.0 0.4352733686067026
0.5644444444444444 0.0 0.0 0.676573228947562 0.5626832518880498 0.0 0.4352733686067023
0.58 0.0 0.0 0.6765711808233523 0.5794461720716718 0.0 0.4171556838223508
0.5422222222222223 0.0 0.0 0.6840183660685358 0.544617207167185 0.0 0.44803591470258175
0.47555555555555556 0.0 0.0 0.6762124516598113 0.4756996890270991 0.0 0.5198653198653205
0.5022222222222222 0.0 0.0 0.6869885917566134 0.5085739671257219 0.0 0.4863876863876869
0.5155555555555555 0.0 0.0 0.6760270243920266 0.5135495335406486 0.0 0.4811928811928815
0.4688888888888889 0.0 0.0 0.6759251706788855 0.463527321190582 0.0 0.5322109988776662
0.5222222222222223 0.0 0.0 0.6805817644725134 0.5213090478305938 0.0 0.47314413981080694
0.4888888888888889 0.0 0.0 0.6806977834016069 0.48745742632903893 0.0 0.5065897065897071
0.4888888888888889 0.0 0.0 0.6762884682826911 0.4860358359247742 0.0 0.5099246432579772
0.5533333333333333 0.0 0.0 0.6776082187794046 0.5528505849252184 0.0 0.44258457591790945
0.5 0.0 0.0 0.6806553794379759 0.5021471938397749 0.0 0.4917748917748924
0.5155555555555555 0.0 0.0 0.6777685594198096 0.5150895898119354 0.0 0.4794292127625467
0.5155555555555555 0.0 0.0 0.6831805866098223 0.5155930697467792 0.0 0.47728074394741116
0.4822222222222222 0.0 0.0 0.6800029627840145 0.48342958685028875 0.0 0.5104697771364444
0.5177777777777778 0.0 0.0 0.6853414508916186 0.5239152969050792 0.0 0.4703864037197376
0.5133333333333333 0.0 0.0 0.6755946581268962 0.5125129572042055 0.0 0.482956549623217
0.5377777777777778 0.0 0.0 0.6728438575454521 0.5329187027987561 0.0 0.46586499919833313
0.4866666666666667 0.0 0.0 0.6770897363116875 0.48265955871464533 0.0 0.51261824595158
0.5177777777777778 0.0 0.0 0.6832455738900981 0.5205686361617059 0.0 0.4733044733044738
0.5155555555555555 0.0 0.0 0.6760117061439893 0.510647119798608 0.0 0.48414301747635136
0.5111111111111111 0.0 0.0 0.6750512580470832 0.506856212053902 0.0 0.48860028860028903
0.5266666666666666 0.0 0.0 0.6840098600569222 0.5270250259144084 0.0 0.46647426647426704
0.5377777777777778 0.0 0.0 0.6767774078146842 0.5343402932030209 0.0 0.4610229276895951
0.4822222222222222 0.0 0.0 0.6771335216540063 0.4827780245816674 0.0 0.5119769119769125
0.5111111111111111 0.0 0.0 0.6740164104246897 0.5071227602547016 0.0 0.49049222382555757
0.48 0.0 0.0 0.6773195686343855 0.4759070042943877 0.0 0.5192560525893866
0.5466666666666666 0.0 0.0 0.6777569573454028 0.5488819783799793 0.0 0.4465929132595805
0.5288888888888889 0.0 0.0 0.6786036663382153 0.5304901525248038 0.0 0.46477473144139847
0.5044444444444445 0.0 0.0 0.6827773654308179 0.504101880645639 0.0 0.4890492223825563
0.5266666666666666 0.0 0.0 0.6822817613516806 0.5280023693173405 0.0 0.4654481321147993
0.5133333333333333 0.0 0.0 0.6826412692245148 0.5158300014808234 0.0 0.4786275452942125
0.4866666666666667 0.0 0.0 0.67699347034297 0.4831630386494891 0.0 0.5121372454705795
0.5355555555555556 0.0 0.0 0.6787023448625139 0.5330964015992892 0.0 0.46028539361872745
0.5066666666666667 0.0 0.0 0.6780910435632277 0.50501999111506 0.0 0.48953022286355685
0.4577777777777778 0.0 0.0 0.6775250338956825 0.4548793128979713 0.0 0.540708674042008
0.5244444444444445 0.0 0.0 0.6810224422775454 0.5243299274396565 0.0 0.4697130030463367
0.5333333333333333 0.0 0.0 0.6836982156883362 0.5384569820820376 0.0 0.45650152316819026
0.5177777777777778 0.0 0.0 0.6808920549604226 0.520746334962239 0.0 0.47381754048420754