0.48412698412698413 0.0 0.0 0.5208820076536373 0.47514645837031777 0.0 0.5206458234643931
0.5099206349206349 0.0 0.0 0.5253871122221794 0.5021598911178177 0.0 0.4894599715774516
0.5 0.0 0.0 0.527177203717771 0.49961536185573113 0.0 0.49510500552660675
0.49206349206349204 0.0 0.0 0.5220664813694773 0.4810047931830286 0.0 0.5119216800884259
0.4603174603174603 0.0 0.0 0.5239588753950536 0.4574826912835079 0.0 0.5397520922153798
0.4662698412698413 0.0 0.0 0.527035196861073 0.46715781998934847 0.0 0.5290936365071846
0.49206349206349204 0.0 0.0 0.5239381115755478 0.4828983963548139 0.0 0.509276804042318
0.48214285714285715 0.0 0.0 0.5196670506698642 0.47038286289129533 0.0 0.5248302542239066
0.5297619047619048 0.0 0.0 0.5246181418025336 0.5216876738268537 0.0 0.4704326543502291
0.4603174603174603 0.0 0.0 0.5242193311875282 0.4571572282383573 0.0 0.5395152376440866
0.5099206349206349 0.0 0.0 0.5258586632044795 0.5080182259305285 0.0 0.4870124743407549
0.5714285714285714 0.0 0.0 0.524774908048873 0.5715426948340139 0.0 0.428785725564503
0.5793650793650794 0.0 0.0 0.5222506638989346 0.5704479555003255 0.0 0.42657508289909973
0.5456349206349206 0.0 0.0 0.5272382758872348 0.5456831765193206 0.0 0.45006316121901146
0.49007936507936506 0.0 0.0 0.5228211559181699 0.4855021007160187 0.0 0.5106189799463129
0.5138888888888888 0.0 0.0 0.5216530340371924 0.5031658678028286 0.0 0.49103900205273965
0.5138888888888888 0.0 0.0 0.5250019508330236 0.5081661636783241 0.0 0.48499921048476236
0.47619047619047616 0.0 0.0 0.5245511342817237 0.4728386295047044 0.0 0.5225011842728566
0.4880952380952381 0.0 0.0 0.5194752829030719 0.4750281081720812 0.0 0.5196194536554556
0.5773809523809523 0.0 0.0 0.522064481548027 0.568317651932067 0.0 0.42882520132638546
0.503968253968254 0.0 0.0 0.5241085507437393 0.499792887153086 0.0 0.49522343281225345
0.5575396825396826 0.0 0.0 0.5224363628441105 0.548582756376117 0.0 0.4472603821253748
0.47619047619047616 0.0 0.0 0.5290863862120849 0.4813598437777383 0.0 0.5164613927048793
0.5694444444444444 0.0 0.0 0.520795074761901 0.557754896739452 0.0 0.4384967629875257
0.5198412698412699 0.0 0.0 0.5275040955781716 0.520740872240961 0.0 0.4744197063003315
0.5238095238095238 0.0 0.0 0.5221456326150454 0.5179892301319605 0.0 0.4792357492499605
0.4880952380952381 0.0 0.0 0.5257485483036451 0.4860346766080833 0.0 0.5087241433759674
0.5357142857142857 0.0 0.0 0.5205125067416673 0.5259186934138115 0.0 0.47149849992104864
0.45436507936507936 0.0 0.0 0.5226368388697755 0.4516243564707971 0.0 0.54673930206853
0.4781746031746032 0.0 0.0 0.5345446529508573 0.488815906266643 0.0 0.5086057160903206
0.5654761904761905 0.0 0.0 0.5249155983531455 0.5613054026865495 0.0 0.43435180798989415
0.5198412698412699 0.0 0.0 0.5236041090370765 0.5160068643114977 0.0 0.4799857887257224
0.503968253968254 0.0 0.0 0.5231265210546684 0.4961832061068702 0.0 0.4973945997157745
0.49603174603174605 0.0 0.0 0.5224044544532108 0.4916858985738801 0.0 0.5054476551397441
0.5238095238095238 0.0 0.0 0.5235219480810155 0.5143499615361856 0.0 0.47809095215537667
0.4861111111111111 0.0 0.0 0.5203447010857044 0.4763299603526836 0.0 0.5193825990841625
0.46825396825396826 0.0 0.0 0.5216992745984477 0.4623350494112078 0.0 0.5338307279330492
0.4642857142857143 0.0 0.0 0.5214158420018308 0.45606248890466894 0.0 0.5391599557871469
0.5198412698412699 0.0 0.0 0.5215555867475214 0.5075448251375821 0.0 0.4859071530080532
0.4583333333333333 0.0 0.0 0.5276266397451503 0.46053020888809987 0.0 0.5362387494078635
0.5198412698412699 0.0 0.0 0.5214950285624769 0.5069826616959583 0.0 0.48622295910311086
0.5793650793650794 0.0 0.0 0.5222394986865917 0.570773418545476 0.0 0.42645665561345314
0.5416666666666666 0.0 0.0 0.5238624740566837 0.5359784602639209 0.0 0.45918206221380087
0.5297619047619048 0.0 0.0 0.5220184628786988 0.5187585064204983 0.0 0.4749723669666823
0.5535714285714286 0.0 0.0 0.5252871777468379 0.5508018225930529 0.0 0.44501026369808916
0.5158730158730159 0.0 0.0 0.5217916895245737 0.5039647316409255 0.0 0.48957839886309806
0.5555555555555556 0.0 0.0 0.5239997418741849 0.5492336824664181 0.0 0.4456418758882047
0.5198412698412699 0.0 0.0 0.5242888120449847 0.5132848097520564 0.0 0.4798278856781937
0.5059523809523809 0.0 0.0 0.5226923643081356 0.49650866915202085 0.0 0.49660508447813045
0.5674603174603174 0.0 0.0 0.5258995346068203 0.5643233327415823 0.0 0.4302068529922628
0.5238095238095238 0.0 0.0 0.5244446006925942 0.5180779927806379 0.0 0.47513027001421115
0.4880952380952381 0.0 0.0 0.5221715792062284 0.48053139239008225 0.0 0.5140533712300648
0.48412698412698413 0.0 0.0 0.5225706820433014 0.4763299603526836 0.0 0.5180404231801674
0.4861111111111111 0.0 0.0 0.5194313547139592 0.47544233386590923 0.0 0.5213563871782725
0.501984126984127 0.0 0.0 0.5264060124991641 0.5019527782709036 0.0 0.49376282962261187
0.4801587301587302 0.0 0.0 0.522065992833553 0.4718622403692526 0.0 0.522935417653561
0.5416666666666666 0.0 0.0 0.5239217601130491 0.5349133084797917 0.0 0.45930048949944735
0.5496031746031746 0.0 0.0 0.524045183191751 0.5430202970589976 0.0 0.4519579977893572
0.48214285714285715 0.0 0.0 0.5251504409427337 0.48041304219184566 0.0 0.5153560713721776
0.5099206349206349 0.0 0.0 0.5237244920410182 0.5019527782709036 0.0 0.49103900205273965
0.44841269841269843 0.0 0.0 0.5233760287905135 0.44641694774838747 0.0 0.5517132480656877
0.5515873015873016 0.0 0.0 0.524905282393979 0.5458902893662347 0.0 0.4484051792199589
0.4662698412698413 0.0 0.0 0.5226327695858286 0.4587549559145512 0.0 0.536475603979157
0.5297619047619048 0.0 0.0 0.5218891413830675 0.5210663352861116 0.0 0.4744197063003316
0.48412698412698413 0.0 0.0 0.5216197834287517 0.4763299603526836 0.0 0.5196194536554557
0.4623015873015873 0.0 0.0 0.5265932893377897 0.4614474229244334 0.0 0.5348176219801042
0.5099206349206349 0.0 0.0 0.5250146546438822 0.5008284513876561 0.0 0.4903679141007421
0.5158730158730159 0.0 0.0 0.5224187288322459 0.5102668796970234 0.0 0.4862624348649931
0.5138888888888888 0.0 0.0 0.5215029989424955 0.5061542103083023 0.0 0.49017053529133103
0.503968253968254 0.0 0.0 0.5262940523526607 0.5031066927037102 0.0 0.49190746881414826
0.498015873015873 0.0 0.0 0.5205398245551464 0.48567962601337356 0.0 0.5080135796620875
0.5297619047619048 0.0 0.0 0.5242217439225446 0.5231078762056927 0.0 0.46980104216011376
0.5515873015873016 0.0 0.0 0.5226884389674104 0.5425468962660512 0.0 0.45215537659876837
0.5158730158730159 0.0 0.0 0.5261846301813651 0.5141428486892715 0.0 0.48069635243960207
0.5297619047619048 0.0 0.0 0.522784165215873 0.5198828333037457 0.0 0.47327490920574766
0.5595238095238095 0.0 0.0 0.5237638719517661 0.5568376827031185 0.0 0.4419706300331593
0.5436507936507936 0.0 0.0 0.522989959302201 0.535593822119652 0.0 0.4589846834043898
0.44246031746031744 0.0 0.0 0.5266405733514337 0.44206757796319307 0.0 0.5538449392073268
0.4662698412698413 0.0 0.0 0.5279017875217695 0.46739452038582163 0.0 0.5279883151744829
0.4880952380952381 0.0 0.0 0.5222888401994876 0.4800579915971359 0.0 0.514250750039476
0.5 0.0 0.0 0.5267448129324369 0.5018936031717853 0.0 0.4946707721459026
0.5277777777777778 0.0 0.0 0.5207838726620208 0.5147937747795728 0.0 0.47903837044054953
0.4781746031746032 0.0 0.0 0.5210036462449572 0.468282146872596 0.0 0.526448760461077
0.5416666666666666 0.0 0.0 0.5205809856145737 0.5285223977750163 0.0 0.4664061266382442
0.5218253968253969 0.0 0.0 0.5255918907997075 0.5147345996804544 0.0 0.47706458234643945
0.4861111111111111 0.0 0.0 0.5239139611851295 0.47902242736256584 0.0 0.5145665561345336
0.47023809523809523 0.0 0.0 0.5241718567046825 0.4668323569441979 0.0 0.5297647244591822
0.5 0.0 0.0 0.5241898199659843 0.49514764187230015 0.0 0.4992499605242381
0.5396825396825397 0.0 0.0 0.5240294353558417 0.5364518610568673 0.0 0.46016895626085597
0.5099206349206349 0.0 0.0 0.5291939212953832 0.51281140895911 0.0 0.4823543344386547
0.5138888888888888 0.0 0.0 0.5222575958906369 0.5030771051541512 0.0 0.48953892310121583
0.5218253968253969 0.0 0.0 0.521166810181723 0.5119237824723356 0.0 0.48385441339017854
0.5138888888888888 0.0 0.0 0.5231148431857122 0.504674832830345 0.0 0.48807831991157435
0.5158730158730159 0.0 0.0 0.52259186059836 0.5054441091188828 0.0 0.4870124743407548
0.503968253968254 0.0 0.0 0.5255063152512894 0.5021894786673767 0.0 0.49289436286120336
0.5059523809523809 0.0 0.0 0.5205080333514022 0.49369785194390203 0.0 0.5004342333807043
0.5257936507936508 0.0 0.0 0.5242600954050253 0.5196757204568317 0.0 0.473353860729512
0.49007936507936506 0.0 0.0 0.5256892545767451 0.4874844665364815 0.0 0.5067898310437392
0.5119047619047619 0.0 0.0 0.5250376958409355 0.5061246227587431 0.0 0.4871309016264014
0.4880952380952381 0.0 0.0 0.5227882405851475 0.48325344694952366 0.0 0.5127901468498341
0.503968253968254 0.0 0.0 0.5266748676936717 0.504260607136517 0.0 0.4915916627190907
0.5218253968253969 0.0 0.0 0.5228158563542314 0.5152375880229599 0.0 0.47966998263066507
0.5694444444444444 0.0 0.0 0.5249732884923468 0.570152080004734 0.0 0.430127901468498
0.5257936507936508 0.0 0.0 0.5245019911480585 0.5204154091958104 0.0 0.4728406758250435
0.498015873015873 0.0 0.0 0.5237357937086419 0.4925439375110953 0.0 0.5021711669035214
0.47023809523809523 0.0 0.0 0.5282162698367202 0.4718326528196935 0.0 0.5232906995105007
0.5753968253968254 0.0 0.0 0.5249416625997174 0.5756553642227351 0.0 0.4247986736144005
0.5 0.0 0.0 0.5220530246635037 0.49443754068288065 0.0 0.5018948365703457
0.5138888888888888 0.0 0.0 0.5243458820189615 0.5075744126871412 0.0 0.48563082267487767
0.4722222222222222 0.0 0.0 0.5227636306884098 0.46591514290786434 0.0 0.5294094426022423