0.44642857142857145 0.0 0.0 0.5229041588167294 0.44348778034203207 0.0 0.5541212695405021
0.4722222222222222 0.0 0.0 0.5242587005663912 0.46413988993431565 0.0 0.5283435970314228
0.5238095238095238 0.0 0.0 0.5222086157969883 0.5158885141132611 0.0 0.4799857887257224
0.5337301587301587 0.0 0.0 0.5247051992016765 0.5333747559027161 0.0 0.4646297173535451
0.45634920634920634 0.0 0.0 0.5248723925918631 0.4504112669388721 0.0 0.5426338228327807
0.5396825396825397 0.0 0.0 0.5248753635367939 0.5378720634357063 0.0 0.4590636349281543
0.4623015873015873 0.0 0.0 0.5242944899194992 0.45446476122847507 0.0 0.5383309647876204
0.45634920634920634 0.0 0.0 0.520635356136244 0.44733416178472096 0.0 0.5491078477814624
0.5059523809523809 0.0 0.0 0.522901345232408 0.5003846381442689 0.0 0.49474972366966663
0.5575396825396826 0.0 0.0 0.5215086333625666 0.5535830522516125 0.0 0.4499447339333651
0.5297619047619048 0.0 0.0 0.5223716244127354 0.5186697437718208 0.0 0.4754460761092687
0.4880952380952381 0.0 0.0 0.5287587351805061 0.49159713592520266 0.0 0.5039870519501026
0.4662698412698413 0.0 0.0 0.5268133335702557 0.4669802946919936 0.0 0.5288173061740091
0.4365079365079365 0.0 0.0 0.5297836722500797 0.443872418486301 0.0 0.554910784778146
0.49206349206349204 0.0 0.0 0.5262835379964741 0.48934848215870763 0.0 0.5040265277119846
0.5555555555555556 0.0 0.0 0.5245008402011292 0.5553583052251613 0.0 0.44497078793620737
0.4662698412698413 0.0 0.0 0.5250416136283641 0.46496834132197173 0.0 0.5309095215537659
0.503968253968254 0.0 0.0 0.529105640734011 0.5062133854074206 0.0 0.48784146534028094
0.5297619047619048 0.0 0.0 0.5245496323034528 0.5244097283862951 0.0 0.46952471182693845
0.5317460317460317 0.0 0.0 0.5230149183322238 0.530711876442393 0.0 0.46952471182693833
0.44642857142857145 0.0 0.0 0.5228145517573487 0.439611811349784 0.0 0.555068687825675
0.5257936507936508 0.0 0.0 0.5239268606307477 0.5182851056275519 0.0 0.4749328912048001
0.48412698412698413 0.0 0.0 0.5230584287807621 0.4771584117403397 0.0 0.51701405337123
0.4801587301587302 0.0 0.0 0.5263593657611618 0.48044262974140484 0.0 0.5151192168008842
0.503968253968254 0.0 0.0 0.5226901607967416 0.4954435173678916 0.0 0.4987367756197696
0.5337301587301587 0.0 0.0 0.5270227205020304 0.5362447482099533 0.0 0.4611953260697934
0.498015873015873 0.0 0.0 0.5206318764062504 0.4905615716906326 0.0 0.5070661613769145
0.4722222222222222 0.0 0.0 0.524933165929725 0.4711817267293923 0.0 0.5248697299857887
0.5257936507936508 0.0 0.0 0.5227552320399894 0.5151488253742825 0.0 0.4781699036791409
0.45634920634920634 0.0 0.0 0.5252934164392399 0.4511213681282916 0.0 0.5418837833570188
0.4642857142857143 0.0 0.0 0.5239237303460498 0.45600331380555065 0.0 0.5368703615979789
0.4722222222222222 0.0 0.0 0.5232916471033102 0.46544174211491807 0.0 0.5284225485551873
0.4523809523809524 0.0 0.0 0.5257726745108203 0.44795550032546305 0.0 0.545199747355124
0.5059523809523809 0.0 0.0 0.5269892176603287 0.5018048405231079 0.0 0.48957839886309795
0.503968253968254 0.0 0.0 0.5266820014607587 0.5041718444878395 0.0 0.4906047686720353
0.4583333333333333 0.0 0.0 0.5238100832886198 0.45550032546304514 0.0 0.5408968893099637
0.5357142857142857 0.0 0.0 0.5249056886940769 0.529291674063554 0.0 0.46301121111637433
0.5317460317460317 0.0 0.0 0.52506077684897 0.5318953784247589 0.0 0.4660508447813043
0.4444444444444444 0.0 0.0 0.5255315442426471 0.4410911888277413 0.0 0.553331754302858
0.503968253968254 0.0 0.0 0.5234807114579119 0.493490739096988 0.0 0.4979077846202431
0.5059523809523809 0.0 0.0 0.5241550403421584 0.49769217113438663 0.0 0.49427601452708025
0.4781746031746032 0.0 0.0 0.5219693704649099 0.4700278122965856 0.0 0.5249092057476707
0.4781746031746032 0.0 0.0 0.527477680466667 0.47837150127226463 0.0 0.5157508289909996
0.4801587301587302 0.0 0.0 0.5271191003333617 0.47961417835374875 0.0 0.5142507500394757
0.4880952380952381 0.0 0.0 0.5250615248670673 0.48346055979643765 0.0 0.5096320858992578
0.49206349206349204 0.0 0.0 0.5251004316076973 0.4808272678856737 0.0 0.5090794252329072
0.44246031746031744 0.0 0.0 0.5239776216561428 0.4371856322859341 0.0 0.5572793304910784
0.4444444444444444 0.0 0.0 0.5244065913438144 0.4401147996922895 0.0 0.5545555029212061
0.49007936507936506 0.0 0.0 0.5218577146944354 0.4830759216521688 0.0 0.5127506710879519
0.49206349206349204 0.0 0.0 0.5228803119133053 0.48502869992307235 0.0 0.5095136586136115
0.4384920634920635 0.0 0.0 0.5276104915204627 0.44126871412509616 0.0 0.5557792515395545
0.5158730158730159 0.0 0.0 0.5224092246812798 0.5065388484525711 0.0 0.4875256592452234
0.5 0.0 0.0 0.5245868075179064 0.4937570270430203 0.0 0.49834201800094735
0.49603174603174605 0.0 0.0 0.521163446809693 0.4903544588437186 0.0 0.5078556766145585
0.44642857142857145 0.0 0.0 0.5245025015567746 0.4380436712231493 0.0 0.5540028422548555
0.4503968253968254 0.0 0.0 0.5264022553887706 0.446919936090893 0.0 0.5461076898784147
0.4742063492063492 0.0 0.0 0.5238567708827511 0.4660039055565418 0.0 0.5268829938417813
0.498015873015873 0.0 0.0 0.5276109613104565 0.4964790816024617 0.0 0.4960918995736616
0.5 0.0 0.0 0.5259831784857174 0.49736670808923605 0.0 0.49624980262119045
0.5119047619047619 0.0 0.0 0.5269609091377027 0.512190070418368 0.0 0.4824332859624191
0.4642857142857143 0.0 0.0 0.5237070022465048 0.4616249482217883 0.0 0.5350939523132796
0.48412698412698413 0.0 0.0 0.5251488891143262 0.4836084975442334 0.0 0.5127901468498341
0.4523809523809524 0.0 0.0 0.5251366123082388 0.44742292443339843 0.0 0.5455945049739459
0.5158730158730159 0.0 0.0 0.5231231608872448 0.5132848097520564 0.0 0.48428864677088257
0.47619047619047616 0.0 0.0 0.5220625803148843 0.47316409254985503 0.0 0.5263303331754301
0.45436507936507936 0.0 0.0 0.5255125791521652 0.45106219302917333 0.0 0.5429496289278382
0.5257936507936508 0.0 0.0 0.5239247783517736 0.5179892301319605 0.0 0.4755250276330334
0.5396825396825397 0.0 0.0 0.5261258885338161 0.5427244215634062 0.0 0.4570108953102796
0.49007936507936506 0.0 0.0 0.5200704730863278 0.4799100538493402 0.0 0.5162245381335859
0.47619047619047616 0.0 0.0 0.524325817271871 0.4710929640807148 0.0 0.5226590873203851
0.48412698412698413 0.0 0.0 0.5261745469766818 0.48612343925676077 0.0 0.5112111163745461
0.5 0.0 0.0 0.5256024207980493 0.49671578199893485 0.0 0.49676298752565895
0.4801587301587302 0.0 0.0 0.5279390874760232 0.48118231848038345 0.0 0.5131059529448918
0.5714285714285714 0.0 0.0 0.5248536839696678 0.5710397064915084 0.0 0.429062055897679
0.4861111111111111 0.0 0.0 0.5290633512711663 0.4894076572578259 0.0 0.5056845097110373
0.45436507936507936 0.0 0.0 0.5220161114952055 0.4489023019113557 0.0 0.5474498657824096
0.49007936507936506 0.0 0.0 0.5273046266376618 0.4933132137996331 0.0 0.5037501973788094
0.49206349206349204 0.0 0.0 0.5270184701962145 0.4903248712941594 0.0 0.502921206379283
0.5099206349206349 0.0 0.0 0.5282306841802821 0.5134919225989704 0.0 0.4827490920574766
0.5079365079365079 0.0 0.0 0.5266890487347206 0.5086099769217114 0.0 0.48645981367440383
0.49007936507936506 0.0 0.0 0.52654532706893 0.4902952837446003 0.0 0.5047765671877467
0.5138888888888888 0.0 0.0 0.524446140269425 0.5081661636783241 0.0 0.48499921048476224
0.5 0.0 0.0 0.5256446305090658 0.49671578199893485 0.0 0.4966840360018947
0.5218253968253969 0.0 0.0 0.5278786193734956 0.5236108645481982 0.0 0.4714590241591664
0.5158730158730159 0.0 0.0 0.5238600860335214 0.5079590508314101 0.0 0.48452550134217587
0.4642857142857143 0.0 0.0 0.5246943917482441 0.45777856677909934 0.0 0.5351334280751618
0.4603174603174603 0.0 0.0 0.5210065667035342 0.4504112669388721 0.0 0.5448049897363021
0.5396825396825397 0.0 0.0 0.5241560761026968 0.5361263980117167 0.0 0.46048476235591373
0.498015873015873 0.0 0.0 0.5271915115437212 0.5021303035682585 0.0 0.4956971419548398
0.5099206349206349 0.0 0.0 0.5269843084086687 0.5076927628853778 0.0 0.4852755408179378
0.49603174603174605 0.0 0.0 0.5284034145861349 0.49644949405290256 0.0 0.4966445602400126
0.48412698412698413 0.0 0.0 0.523899454866224 0.47804603822711406 0.0 0.5155534501815884
0.5317460317460317 0.0 0.0 0.5261146524494713 0.5284336351263388 0.0 0.46557713563871783
0.4623015873015873 0.0 0.0 0.5228058412682182 0.4506183797857861 0.0 0.5408968893099636
0.498015873015873 0.0 0.0 0.5249254008243691 0.4901769335463637 0.0 0.5011053213327016
0.5456349206349206 0.0 0.0 0.5221761087344614 0.5375761879401147 0.0 0.4599321016895628
0.5138888888888888 0.0 0.0 0.5238673208576176 0.5060358601100657 0.0 0.48649928943628595
0.5138888888888888 0.0 0.0 0.5244353947562043 0.5070122492455175 0.0 0.48563082267487767
0.4722222222222222 0.0 0.0 0.525425272581041 0.4697319368009941 0.0 0.5247118269382598
0.498015873015873 0.0 0.0 0.5249778034868914 0.49958577430617196 0.0 0.49885520290541596
0.501984126984127 0.0 0.0 0.5268249971590544 0.5023374164151725 0.0 0.49265750828990984
0.49603174603174605 0.0 0.0 0.5237328805849025 0.4883720930232558 0.0 0.5047370914258645
0.5218253968253969 0.0 0.0 0.5252687704976949 0.5194390200603586 0.0 0.47509079425232903
0.49206349206349204 0.0 0.0 0.5265004419969773 0.4946150659802355 0.0 0.5030791094268118
0.45634920634920634 0.0 0.0 0.5237438551115118 0.45017456654239896 0.0 0.543502289594189
0.4722222222222222 0.0 0.0 0.5234242535704497 0.46771998343097226 0.0 0.5284225485551872
0.48214285714285715 0.0 0.0 0.5217219180166498 0.47538315876679094 0.0 0.5207642507500394
0.5178571428571429 0.0 0.0 0.5220706228180991 0.5079590508314101 0.0 0.4862624348649929
0.5138888888888888 0.0 0.0 0.5252339145345345 0.5129001716077874 0.0 0.4832228012000632
0.48214285714285715 0.0 0.0 0.52354872566794 0.4792887153085981 0.0 0.5167377230380545
0.49007936507936506 0.0 0.0 0.5219808629928026 0.4846144742292443 0.0 0.5123559134691298
0.45436507936507936 0.0 0.0 0.5269502058138227 0.4572755784365939 0.0 0.540225801357966