0.4623015873015873 0.0 0.0 0.5253375167442138 0.4594058820048524 0.0 0.5366335070266859
0.5257936507936508 0.0 0.0 0.5193601788037924 0.5137877980945618 0.0 0.48488078319911576
0.5178571428571429 0.0 0.0 0.5226967993972169 0.5146162494822178 0.0 0.48385441339017854
0.42063492063492064 0.0 0.0 0.5224371956700936 0.41851588851411325 0.0 0.5810832149060478
0.47619047619047616 0.0 0.0 0.5236969999808059 0.46727617018758505 0.0 0.5261724301279016
0.5277777777777778 0.0 0.0 0.5225462151478303 0.5208888099887568 0.0 0.47524869729985775
0.4365079365079365 0.0 0.0 0.5221849770572418 0.4292561690040831 0.0 0.5671087951997473
0.5059523809523809 0.0 0.0 0.5233721600231531 0.5047931830285816 0.0 0.49423653876519824
0.5198412698412699 0.0 0.0 0.5229868958084072 0.516480265104444 0.0 0.4810516342965421
0.49007936507936506 0.0 0.0 0.5286292658362978 0.4955618675661282 0.0 0.5026448760461075
0.5257936507936508 0.0 0.0 0.528183154146954 0.5281969347298656 0.0 0.4675114479709459
0.5238095238095238 0.0 0.0 0.5255226093964153 0.519113557015208 0.0 0.4740644244433915
0.44841269841269843 0.0 0.0 0.5274804865124089 0.45014497899283984 0.0 0.5468577293541764
0.5376984126984127 0.0 0.0 0.5237034757886194 0.5318657908751997 0.0 0.4631691141639035
0.49603174603174605 0.0 0.0 0.5295066868896059 0.4986093851707202 0.0 0.49609189957366173
0.4365079365079365 0.0 0.0 0.5222335408042699 0.4324516243564708 0.0 0.5655692404863413
0.5138888888888888 0.0 0.0 0.5299596392687722 0.5220723119711226 0.0 0.47682772777514615
0.5436507936507936 0.0 0.0 0.5228182393418727 0.5362151606603941 0.0 0.45902415916627204
0.46825396825396826 0.0 0.0 0.5219524284455052 0.46292680040239065 0.0 0.5343833885994
0.47023809523809523 0.0 0.0 0.5258380997233667 0.4728090419551453 0.0 0.526646139270488
0.47619047619047616 0.0 0.0 0.5245584445135145 0.4728090419551453 0.0 0.5229354176535608
0.498015873015873 0.0 0.0 0.5197606126393186 0.4939641398899343 0.0 0.509868940470551
0.4722222222222222 0.0 0.0 0.5222001999167332 0.4675720456831765 0.0 0.5300805305542396
0.498015873015873 0.0 0.0 0.5241035045736085 0.4895851825551808 0.0 0.5028422548555185
0.498015873015873 0.0 0.0 0.5243511125255901 0.4911533226818155 0.0 0.5021711669035214
0.4722222222222222 0.0 0.0 0.5277312321913128 0.4763595479022427 0.0 0.5218300963208587
0.5 0.0 0.0 0.5210140447914821 0.4902952837446003 0.0 0.5050528975209223
0.5376984126984127 0.0 0.0 0.5236604859003487 0.5368660867506954 0.0 0.4624585504500234
0.49404761904761907 0.0 0.0 0.5246790785698064 0.4911237351322563 0.0 0.5045791883783357
0.48214285714285715 0.0 0.0 0.5228468352477007 0.47331203029765073 0.0 0.5203694931312175
0.5436507936507936 0.0 0.0 0.5251500914688525 0.5421918456713415 0.0 0.4541686404547608
0.5178571428571429 0.0 0.0 0.5242732006854836 0.5152375880229599 0.0 0.4809726827727775
0.5119047619047619 0.0 0.0 0.5219556208817184 0.5044085448843126 0.0 0.4917100900047371
0.5396825396825397 0.0 0.0 0.5247825744377981 0.5362447482099533 0.0 0.4589057318806252
0.5277777777777778 0.0 0.0 0.527232190469392 0.5273684833422096 0.0 0.46743249644718154
0.498015873015873 0.0 0.0 0.5228140574286239 0.49411207763773 0.0 0.5034343912837517
0.5079365079365079 0.0 0.0 0.5241235674219225 0.4994674241079354 0.0 0.4926969840517923
0.5158730158730159 0.0 0.0 0.526247643610828 0.5178117048346056 0.0 0.4795910311069005
0.4742063492063492 0.0 0.0 0.5238735147951585 0.468075034025682 0.0 0.5268040423180169
0.49404761904761907 0.0 0.0 0.5238586502627048 0.49204094916858987 0.0 0.5054476551397443
0.49603174603174605 0.0 0.0 0.5231640977926957 0.49378661459257944 0.0 0.5045397126164537
0.5238095238095238 0.0 0.0 0.5204790904079263 0.5133439848511746 0.0 0.48302542239065205
0.49206349206349204 0.0 0.0 0.5257961164422718 0.48482158707615836 0.0 0.506789831043739
0.47619047619047616 0.0 0.0 0.5255405854617203 0.46922894845848867 0.0 0.5228564661297965
0.4623015873015873 0.0 0.0 0.5235683193627881 0.4521273448133026 0.0 0.5399494710247907
0.47619047619047616 0.0 0.0 0.5278823386798379 0.47976211610154446 0.0 0.5176851413232275
0.4801587301587302 0.0 0.0 0.5218379139313238 0.47085626368424166 0.0 0.5241591662719092
0.5059523809523809 0.0 0.0 0.5239701915468477 0.5046452452807858 0.0 0.493210168956261
0.49007936507936506 0.0 0.0 0.5229849534334075 0.48396354813894316 0.0 0.511605873993368
0.5218253968253969 0.0 0.0 0.5244272846727513 0.5153855257707557 0.0 0.47832780672666997
0.5059523809523809 0.0 0.0 0.5253389042266681 0.5028699923072372 0.0 0.4915916627190906
0.4662698412698413 0.0 0.0 0.5251620634112565 0.4623942245103261 0.0 0.5329227854097585
0.5059523809523809 0.0 0.0 0.5306604437466451 0.5097047162553997 0.0 0.48373598610453195
0.501984126984127 0.0 0.0 0.525999554048647 0.49961536185573113 0.0 0.4947102479077846
0.5396825396825397 0.0 0.0 0.525795760560374 0.5389963903189537 0.0 0.4566161376914575
0.5595238095238095 0.0 0.0 0.5232875749551479 0.55124563583644 0.0 0.442444339175746
0.5059523809523809 0.0 0.0 0.5235923377204659 0.5050002958754956 0.0 0.4940391599557873
0.5198412698412699 0.0 0.0 0.5211521450051041 0.5114207941298302 0.0 0.48464392862782246
0.4781746031746032 0.0 0.0 0.5240034468764699 0.4761524350553287 0.0 0.5208037265119216
0.501984126984127 0.0 0.0 0.5256528217480653 0.5002958754955914 0.0 0.49498657824096004
0.4781746031746032 0.0 0.0 0.5227095573067922 0.4691993609089295 0.0 0.524514448128849
0.5337301587301587 0.0 0.0 0.5222448796592619 0.5235516894490798 0.0 0.4711037423022265
0.49603174603174605 0.0 0.0 0.5240196072224914 0.4910941475826972 0.0 0.503473867045634
0.5059523809523809 0.0 0.0 0.5259876439143646 0.5049707083259365 0.0 0.4902494868150957
0.47619047619047616 0.0 0.0 0.5207161917012317 0.46727617018758505 0.0 0.529330491078478
0.5158730158730159 0.0 0.0 0.5266529114399717 0.5177229421859282 0.0 0.4789988946786674
0.503968253968254 0.0 0.0 0.5236659077520285 0.5007692762885377 0.0 0.4962498026211908
0.503968253968254 0.0 0.0 0.526163842441033 0.5042310195869578 0.0 0.49190746881414815
0.5317460317460317 0.0 0.0 0.5272267416816417 0.533345168353157 0.0 0.4624190746881415
0.4642857142857143 0.0 0.0 0.5294818196352472 0.46511627906976744 0.0 0.5286594031264805
0.5297619047619048 0.0 0.0 0.5225574990980691 0.5224569501153914 0.0 0.4730775303963366
0.4384920634920635 0.0 0.0 0.5221568509547012 0.432096573761761 0.0 0.5644244433917576
0.4742063492063492 0.0 0.0 0.5228654424287368 0.46937688620628437 0.0 0.5269619453655456
0.45436507936507936 0.0 0.0 0.5245861337147752 0.4532516716965501 0.0 0.5448839412600665
0.5138888888888888 0.0 0.0 0.5240116552637781 0.5053257589206462 0.0 0.4872493289120482
0.44841269841269843 0.0 0.0 0.5268225088994495 0.4439315935854193 0.0 0.5502131691141641
0.4880952380952381 0.0 0.0 0.5228610813970321 0.48097520563346946 0.0 0.5137770408968894
0.49206349206349204 0.0 0.0 0.5243773570458914 0.48636013965323394 0.0 0.5075398705195012
0.48412698412698413 0.0 0.0 0.5264738801677259 0.4812710811290609 0.0 0.5120795831359546
0.4781746031746032 0.0 0.0 0.5253285379831912 0.4721877034144032 0.0 0.5208037265119217
0.5119047619047619 0.0 0.0 0.5226859881792628 0.5023078288656133 0.0 0.4909600505289754
0.5317460317460317 0.0 0.0 0.526366407663474 0.5289070359192851 0.0 0.4644323385441338
0.48214285714285715 0.0 0.0 0.5246753052446499 0.4780756257766732 0.0 0.5170140533712302
0.5138888888888888 0.0 0.0 0.5259104577048848 0.5121013077696905 0.0 0.48227538291489014
0.5 0.0 0.0 0.5277285200411919 0.49952659920705367 0.0 0.4955392389073109
0.5 0.0 0.0 0.5232491595897143 0.4963607314042251 0.0 0.5007105637138799
0.5 0.0 0.0 0.5221357261818469 0.4961536185573111 0.0 0.5023290699510503
0.48412698412698413 0.0 0.0 0.5212004202797451 0.4779572755784366 0.0 0.520251065845571
0.5059523809523809 0.0 0.0 0.523807656951823 0.4948221788271495 0.0 0.49561819043107536
0.5218253968253969 0.0 0.0 0.5245908207973256 0.5156814012663471 0.0 0.4779725248697301
0.49603174603174605 0.0 0.0 0.5207866050606742 0.48638972720279305 0.0 0.5090004737091427
0.4603174603174603 0.0 0.0 0.522459810951704 0.4498195159476892 0.0 0.5439365229748934
0.49404761904761907 0.0 0.0 0.5251503495467962 0.48854961832061067 0.0 0.5044607610926892
0.5079365079365079 0.0 0.0 0.524008085432784 0.5007396887389787 0.0 0.492854887099321
0.43452380952380953 0.0 0.0 0.5231230941667646 0.42825019231907213 0.0 0.5676219801042162
0.4623015873015873 0.0 0.0 0.5209941204466787 0.4533404343452275 0.0 0.5429101531659563
0.49007936507936506 0.0 0.0 0.5296263299649281 0.49372743949346115 0.0 0.5017764092846991
0.5138888888888888 0.0 0.0 0.5301175842106088 0.5175454168885733 0.0 0.47659087320385307
0.46825396825396826 0.0 0.0 0.5240807852123104 0.4592579442570566 0.0 0.5330017369335227
0.5119047619047619 0.0 0.0 0.5222125387373372 0.5074560624889046 0.0 0.49103900205273965
0.5456349206349206 0.0 0.0 0.5215108443679441 0.5387596899224806 0.0 0.4600900047370915
0.5337301587301587 0.0 0.0 0.5271280036264456 0.5331084679566839 0.0 0.46127427759355744
0.44841269841269843 0.0 0.0 0.5239046383457391 0.44351736789159124 0.0 0.55175272382757
0.4642857142857143 0.0 0.0 0.5223615432848204 0.458518255518078 0.0 0.5388836254539712
0.498015873015873 0.0 0.0 0.5258550476908496 0.4962423812059885 0.0 0.49857887257224076
0.5178571428571429 0.0 0.0 0.5274824941663812 0.5173087164921001 0.0 0.4763934943944418
0.4722222222222222 0.0 0.0 0.5238752104570319 0.4703532753417362 0.0 0.5270014211274278
0.4801587301587302 0.0 0.0 0.524007136705187 0.47804603822711406 0.0 0.5188694141796938
0.5257936507936508 0.0 0.0 0.524851620769813 0.5197644831055092 0.0 0.47370914258645225
0.49404761904761907 0.0 0.0 0.5280931392527715 0.4992307237114622 0.0 0.4997631454287067
0.4503968253968254 0.0 0.0 0.5213678985546616 0.4418012900171608 0.0 0.5540423180167376
0.5099206349206349 0.0 0.0 0.5231102288934968 0.5070714243446358 0.0 0.49163113848097273