0.503968253968254 0.0 0.0 0.5278104106481162 0.5054145215693236 0.0 0.4897363019106272
0.44841269841269843 0.0 0.0 0.5207594130466031 0.441239126575537 0.0 0.556450339491552
0.5357142857142857 0.0 0.0 0.5217817856449731 0.5293212616131132 0.0 0.4688536238749407
0.5535714285714286 0.0 0.0 0.5252080990641359 0.5478134800875791 0.0 0.4449313121743247
0.5198412698412699 0.0 0.0 0.5194201401168874 0.5102668796970234 0.0 0.48890731091110085
0.5099206349206349 0.0 0.0 0.5243527216692592 0.5104444049943784 0.0 0.48867045633980744
0.5178571428571429 0.0 0.0 0.5215072241802787 0.5101189419492278 0.0 0.48642033791252215
0.5099206349206349 0.0 0.0 0.5287684340672031 0.5142611988875081 0.0 0.4819990525817148
0.4384920634920635 0.0 0.0 0.5248661166868795 0.43410852713178294 0.0 0.5605558187273012
0.4603174603174603 0.0 0.0 0.5226780700549445 0.4555890881117226 0.0 0.5407389862624348
0.5198412698412699 0.0 0.0 0.5272472075296353 0.5198532457541867 0.0 0.47426180325280276
0.4880952380952381 0.0 0.0 0.5239021761406406 0.4799100538493402 0.0 0.5122769619453654
0.44047619047619047 0.0 0.0 0.5259968832811786 0.437363157583289 0.0 0.557042475919785
0.47619047619047616 0.0 0.0 0.5210622183579255 0.46561926741227294 0.0 0.5292120637928315
0.5257936507936508 0.0 0.0 0.5284890446992113 0.5266583821527901 0.0 0.4669193115427124
0.5119047619047619 0.0 0.0 0.526546500466771 0.5096159536067223 0.0 0.4835780830570031
0.5337301587301587 0.0 0.0 0.5234029793880921 0.5262737440085212 0.0 0.46766935101847484
0.5099206349206349 0.0 0.0 0.5228752646632321 0.5049115332268181 0.0 0.49103900205273976
0.5218253968253969 0.0 0.0 0.5284785629961666 0.5218356115746494 0.0 0.47141954839728384
0.46825396825396826 0.0 0.0 0.5207297817603106 0.45896206876146517 0.0 0.5362387494078635
0.4801587301587302 0.0 0.0 0.5291619606016673 0.4843185987336529 0.0 0.5112111163745463
0.4662698412698413 0.0 0.0 0.5224967306294243 0.4589028936623469 0.0 0.5350939523132797
0.5218253968253969 0.0 0.0 0.5285507810580508 0.5228415882596603 0.0 0.47082741196905076
0.5198412698412699 0.0 0.0 0.5218624815402766 0.5126338836617551 0.0 0.4840123164377076
0.503968253968254 0.0 0.0 0.5278564837193848 0.5068347239481626 0.0 0.4891046897205118
0.4742063492063492 0.0 0.0 0.5238924395203014 0.4720693532161666 0.0 0.5247118269382598
0.4583333333333333 0.0 0.0 0.5213970468807824 0.45304455884963607 0.0 0.5445286594031264
0.49206349206349204 0.0 0.0 0.5219426886069954 0.48721817859044914 0.0 0.5097110374230223
0.45436507936507936 0.0 0.0 0.5223435624801893 0.4482809633706136 0.0 0.5478446234012315
0.4781746031746032 0.0 0.0 0.528850623367718 0.48201076986803953 0.0 0.5136586136112425
0.5119047619047619 0.0 0.0 0.5233553420828067 0.5026037043612048 0.0 0.49040738986262433
0.5178571428571429 0.0 0.0 0.527412995409561 0.5178117048346056 0.0 0.47599873677561966
0.5257936507936508 0.0 0.0 0.5290431894252382 0.5267175572519084 0.0 0.46636665087636164
0.5436507936507936 0.0 0.0 0.5251381176698282 0.5408899934907391 0.0 0.4542081162166426
0.5615079365079365 0.0 0.0 0.5241571275235504 0.5562459317119356 0.0 0.43885204484446505
0.4880952380952381 0.0 0.0 0.5218000708576516 0.4794070655068347 0.0 0.5153165956102954
0.5615079365079365 0.0 0.0 0.5237775132507968 0.5579028344872478 0.0 0.4391283751776406
0.5 0.0 0.0 0.525958272930495 0.499792887153086 0.0 0.49565766619295737
0.4722222222222222 0.0 0.0 0.5229137794058244 0.4676016332327357 0.0 0.5284620243170693
0.4642857142857143 0.0 0.0 0.5231437890272155 0.45606248890466894 0.0 0.5371072161692718
0.49206349206349204 0.0 0.0 0.5218395656862007 0.48707024084265343 0.0 0.5098294647086687
0.5079365079365079 0.0 0.0 0.5197377282726224 0.5 0.0 0.49964471814306033
0.5178571428571429 0.0 0.0 0.5209150957558216 0.5062725605065388 0.0 0.48882835938733604
0.5059523809523809 0.0 0.0 0.5209884433126145 0.49215929936682645 0.0 0.5020527396178747
0.5119047619047619 0.0 0.0 0.5268126332366606 0.5116870820758624 0.0 0.48255171324806545
0.4861111111111111 0.0 0.0 0.5233891161857517 0.47674418604651164 0.0 0.5148428864677086
0.5277777777777778 0.0 0.0 0.5231307596959481 0.5194094325107994 0.0 0.47398547291962734
0.48412698412698413 0.0 0.0 0.5233893614530363 0.4757677969110598 0.0 0.5168956260855831
0.5079365079365079 0.0 0.0 0.528495522627908 0.5109473933368839 0.0 0.4843281225327649
0.5099206349206349 0.0 0.0 0.5255991463869092 0.5087875022190662 0.0 0.4867361440075797
0.5099206349206349 0.0 0.0 0.5277020858808436 0.5125155334635185 0.0 0.4834201800094745
0.5079365079365079 0.0 0.0 0.5264712116954489 0.5052665838215279 0.0 0.48772303805463446
0.48214285714285715 0.0 0.0 0.5201694940591544 0.47245399136043553 0.0 0.5240407389862625
0.49007936507936506 0.0 0.0 0.5240331692237532 0.48198118231848036 0.0 0.509908416232433
0.49603174603174605 0.0 0.0 0.5225462734072364 0.49162672347476183 0.0 0.5047370914258644
0.5 0.0 0.0 0.5249702688869855 0.4963607314042251 0.0 0.49774988157271416
0.45634920634920634 0.0 0.0 0.5290652272632227 0.45887330611278776 0.0 0.5352123795989262
0.5376984126984127 0.0 0.0 0.5223000808690321 0.5321912539203503 0.0 0.46561661140059984
0.4742063492063492 0.0 0.0 0.5279219523657429 0.4758269720101781 0.0 0.5189878414653402
0.4801587301587302 0.0 0.0 0.5217177746263154 0.4739925439375111 0.0 0.5230538449392075
0.5198412698412699 0.0 0.0 0.5240709947606919 0.5142907864370673 0.0 0.4797489341544289
0.4722222222222222 0.0 0.0 0.5237202721463915 0.46999822474702646 0.0 0.5270014211274276
0.5138888888888888 0.0 0.0 0.528207470357465 0.5171903662938635 0.0 0.47856466129796305
0.49603174603174605 0.0 0.0 0.5251459198107282 0.49133084797917037 0.0 0.502131691141639
0.5238095238095238 0.0 0.0 0.5240532333642528 0.5175158293390142 0.0 0.4759197852518553
0.5238095238095238 0.0 0.0 0.5218424024767726 0.5147345996804544 0.0 0.48030159482077994
0.5119047619047619 0.0 0.0 0.5221932041127818 0.5065684360021303 0.0 0.4903284383388601
0.4722222222222222 0.0 0.0 0.5272784023134399 0.4728682170542636 0.0 0.521987999368388
0.5158730158730159 0.0 0.0 0.5238569535572611 0.5055920468666785 0.0 0.4851965892941732
0.5158730158730159 0.0 0.0 0.5244230791487294 0.5165690277531215 0.0 0.4826701405337124
0.5257936507936508 0.0 0.0 0.5237773890684218 0.517900467483283 0.0 0.474735512395389
0.498015873015873 0.0 0.0 0.527118377679497 0.4972187703414403 0.0 0.4964077056687194
0.4742063492063492 0.0 0.0 0.5210992882743392 0.46357772649269186 0.0 0.530198957839886
0.5178571428571429 0.0 0.0 0.5262203558204519 0.5184922184744659 0.0 0.47769619453655454
0.5277777777777778 0.0 0.0 0.5291945173272891 0.5310373394875436 0.0 0.46423495973472284
0.48214285714285715 0.0 0.0 0.521331194765421 0.47825315107402805 0.0 0.5206458234643927
0.4880952380952381 0.0 0.0 0.5223647997539758 0.48215870761583524 0.0 0.5132243802305384
0.498015873015873 0.0 0.0 0.5197477960875452 0.48260252085922245 0.0 0.5100268435180797
0.5178571428571429 0.0 0.0 0.5261228042906683 0.5169536658973903 0.0 0.4778146218222009
0.5198412698412699 0.0 0.0 0.5226622306158886 0.5174566542398958 0.0 0.48203852834359684
0.5178571428571429 0.0 0.0 0.5245179557312097 0.5121308953192497 0.0 0.4811305858203063
0.47023809523809523 0.0 0.0 0.5275737897470781 0.47147760222498375 0.0 0.5235670298436761
0.4861111111111111 0.0 0.0 0.5246431246448088 0.48183324457068466 0.0 0.5125532922785407
0.4662698412698413 0.0 0.0 0.5277544861829521 0.4661518433043375 0.0 0.5285015000789512
0.5396825396825397 0.0 0.0 0.5231561911022337 0.5313923900822534 0.0 0.4624585504500235
0.4583333333333333 0.0 0.0 0.5213834700421832 0.4499378661459258 0.0 0.5448049897363019
0.5178571428571429 0.0 0.0 0.5276377238467301 0.5176341795372508 0.0 0.4755645033949154
0.47619047619047616 0.0 0.0 0.5264409547443923 0.4765074856500385 0.0 0.5188694141796937
0.5059523809523809 0.0 0.0 0.5205736647882674 0.49372743949346115 0.0 0.5012632243802306
0.4781746031746032 0.0 0.0 0.5220037971024122 0.4676312207822948 0.0 0.5260145270803723
0.5595238095238095 0.0 0.0 0.5236041289454051 0.5553583052251613 0.0 0.4413390178430441
0.45634920634920634 0.0 0.0 0.5246578856453129 0.45544115036392685 0.0 0.5423574924996053
0.4861111111111111 0.0 0.0 0.5216239404751054 0.4818628321202438 0.0 0.5166192957524081
0.5158730158730159 0.0 0.0 0.524186958456976 0.5067163737499261 0.0 0.4843281225327646
0.5178571428571429 0.0 0.0 0.522741893562881 0.5114503816793893 0.0 0.48389388915206055
0.47619047619047616 0.0 0.0 0.5224272506216734 0.47085626368424166 0.0 0.5257381967471972
0.5119047619047619 0.0 0.0 0.5285138543421091 0.5157109888159063 0.0 0.4801042160113691
0.5 0.0 0.0 0.5277114438013425 0.4983135096751287 0.0 0.4954602873835464
0.49404761904761907 0.0 0.0 0.521762744602028 0.4868039528966211 0.0 0.5093952313279646
0.5079365079365079 0.0 0.0 0.5258673400900069 0.5048227705781407 0.0 0.48859150481604285
0.5476190476190477 0.0 0.0 0.5246510157703193 0.5421622581217823 0.0 0.4512474340754775
0.5178571428571429 0.0 0.0 0.5252937682652639 0.5137582105450027 0.0 0.48014369177325134
0.5059523809523809 0.0 0.0 0.5208774714060669 0.49177466122255753 0.0 0.5022106426654036
0.49007936507936506 0.0 0.0 0.5199953951509585 0.4794070655068347 0.0 0.5166587715142903
0.5 0.0 0.0 0.5251380247987242 0.500414225693828 0.0 0.49707879362071683
0.4880952380952381 0.0 0.0 0.5198976397975079 0.47307532990117757 0.0 0.5199747355123951
0.5277777777777778 0.0 0.0 0.5223993583196265 0.524794366530564 0.0 0.4741828517290384
0.5079365079365079 0.0 0.0 0.5266916752345774 0.5060062725605066 0.0 0.4873677561976947
0.5277777777777778 0.0 0.0 0.5225217476139963 0.5186105686727025 0.0 0.4751697457760934
0.501984126984127 0.0 0.0 0.5266928606857726 0.5033433931001834 0.0 0.49253908100426336
0.5099206349206349 0.0 0.0 0.5271090664092835 0.5121013077696905 0.0 0.48420969524711854