0.44246031746031744 0.0 0.0 0.5254485267033969 0.44301437954908574 0.0 0.5549502605400285
0.5376984126984127 0.0 0.0 0.5216059565063564 0.5295875495591456 0.0 0.4666035054476554
0.5357142857142857 0.0 0.0 0.5212665377106395 0.5269542576483816 0.0 0.46928785725564537
0.5257936507936508 0.0 0.0 0.5258370622461053 0.5249127167288005 0.0 0.4706695089215225
0.5297619047619048 0.0 0.0 0.5283802546658314 0.52908456121664 0.0 0.4641560082109587
0.5357142857142857 0.0 0.0 0.5230278977535872 0.532339191668146 0.0 0.4654981841149536
0.5317460317460317 0.0 0.0 0.5228293387274163 0.527871471684715 0.0 0.4698405179219961
0.4861111111111111 0.0 0.0 0.525222212538755 0.4831646843008462 0.0 0.5118427285646612
0.4623015873015873 0.0 0.0 0.519224601116964 0.45399136043552873 0.0 0.5455550292120639
0.5178571428571429 0.0 0.0 0.528739325605214 0.5218356115746494 0.0 0.47410390020527393
0.4444444444444444 0.0 0.0 0.5253268596272497 0.4454405586129357 0.0 0.5528185693983894
0.5198412698412699 0.0 0.0 0.5273814968594686 0.5210663352861116 0.0 0.4744197063003317
0.5138888888888888 0.0 0.0 0.5241022145178061 0.5090242026155394 0.0 0.4855518711511133
0.49603174603174605 0.0 0.0 0.525684859267698 0.4911237351322563 0.0 0.5017764092846991
0.501984126984127 0.0 0.0 0.5212506512079268 0.495118054322741 0.0 0.5022895941891679
0.45634920634920634 0.0 0.0 0.5255502241704837 0.4592579442570566 0.0 0.5408574135480813
0.4583333333333333 0.0 0.0 0.5234110689044327 0.45609207645422806 0.0 0.5421995894520761
0.5396825396825397 0.0 0.0 0.5213005358288822 0.526835907450145 0.0 0.46620874782883326
0.5257936507936508 0.0 0.0 0.5215402100187073 0.5140540860405941 0.0 0.4794726038212539
0.4801587301587302 0.0 0.0 0.526391751841154 0.479259127759039 0.0 0.515277119848413
0.45634920634920634 0.0 0.0 0.5263893735696374 0.45990887034735783 0.0 0.5394757618822041
0.44642857142857145 0.0 0.0 0.5249518103595627 0.44191964021539737 0.0 0.5537265119216801
0.5138888888888888 0.0 0.0 0.5237868224703891 0.5085212142730339 0.0 0.486262434864993
0.4384920634920635 0.0 0.0 0.5259413188371769 0.4389312977099237 0.0 0.5583846518237803
0.5654761904761905 0.0 0.0 0.5240177902692978 0.5568672702526777 0.0 0.43585188694141797
0.5257936507936508 0.0 0.0 0.5253691814370007 0.5246464287827682 0.0 0.47126164534975534
0.45634920634920634 0.0 0.0 0.5214727915913211 0.45008580389372155 0.0 0.5473314384967629
0.49206349206349204 0.0 0.0 0.5249074148053638 0.4852062252204272 0.0 0.5078162008526765
0.4662698412698413 0.0 0.0 0.5203547127640784 0.45982010769868037 0.0 0.5395941891678511
0.5476190476190477 0.0 0.0 0.5282060654599713 0.5493520326646547 0.0 0.4460761092689087
0.49404761904761907 0.0 0.0 0.524548385964506 0.4861530268063199 0.0 0.5066714037580926
0.48412698412698413 0.0 0.0 0.5251447230439191 0.48269128350789986 0.0 0.5131849044686564
0.5357142857142857 0.0 0.0 0.5265671745661006 0.5336410438487484 0.0 0.4598926259276803
0.5218253968253969 0.0 0.0 0.5214347020884377 0.5105923427421741 0.0 0.48326227696194546
0.5218253968253969 0.0 0.0 0.5215577609987544 0.510178117048346 0.0 0.48326227696194546
0.498015873015873 0.0 0.0 0.5292923705755699 0.5006213385407421 0.0 0.49376282962261187
0.501984126984127 0.0 0.0 0.5301122187245014 0.507722350434937 0.0 0.48819674719722084
0.44246031746031744 0.0 0.0 0.5259161328010279 0.4418308775667199 0.0 0.5545949786830887
0.4523809523809524 0.0 0.0 0.5236774265064909 0.4504704420379904 0.0 0.5476077688299381
0.49603174603174605 0.0 0.0 0.52330323800657 0.4884312681223741 0.0 0.5055660824253907
0.5317460317460317 0.0 0.0 0.5250521295537435 0.5291437363157583 0.0 0.4660113690194222
0.498015873015873 0.0 0.0 0.5253566655985518 0.4925143499615362 0.0 0.5007500394757618
0.5337301587301587 0.0 0.0 0.5240894693378412 0.530711876442393 0.0 0.4656560871624824
0.48214285714285715 0.0 0.0 0.5294924742237431 0.4846440617788035 0.0 0.5090399494710248
0.5238095238095238 0.0 0.0 0.5274924678054214 0.5252381797739512 0.0 0.4700773724932892
0.4583333333333333 0.0 0.0 0.5251709920980041 0.4557666134090775 0.0 0.5398705195010263
0.45634920634920634 0.0 0.0 0.5283966207976941 0.45952423220308897 0.0 0.5376204010737407
0.5396825396825397 0.0 0.0 0.5218919142355524 0.5303864133972425 0.0 0.46459024159166296
0.47619047619047616 0.0 0.0 0.5247290681734186 0.4711521391798331 0.0 0.5232117479867362
0.49007936507936506 0.0 0.0 0.5234401446584884 0.4822178827149535 0.0 0.5111321648507816
0.5416666666666666 0.0 0.0 0.5242223156370344 0.5360080478134801 0.0 0.45780041054792375
0.5158730158730159 0.0 0.0 0.5200533248765014 0.5031066927037102 0.0 0.4922232749092058
0.49404761904761907 0.0 0.0 0.5228246156775789 0.4860050890585242 0.0 0.5083293857571449
0.4523809523809524 0.0 0.0 0.5258944861029472 0.45257115805668974 0.0 0.5442128533080688
0.49603174603174605 0.0 0.0 0.5215269858146087 0.4883425054736967 0.0 0.5078162008526764
0.45634920634920634 0.0 0.0 0.5266774413605583 0.4575418663826262 0.0 0.5393178588346756
0.498015873015873 0.0 0.0 0.5231646870090626 0.49073909698798746 0.0 0.5034343912837518
0.49603174603174605 0.0 0.0 0.5215627702523781 0.48650807740102964 0.0 0.5085662403284383
0.4781746031746032 0.0 0.0 0.5230285924469921 0.4765370731995976 0.0 0.5233301752723829
0.48412698412698413 0.0 0.0 0.5274830899226739 0.4832830344990828 0.0 0.5105400284225485
0.5099206349206349 0.0 0.0 0.5226110783311345 0.5047044203799042 0.0 0.49202589609979486
0.5436507936507936 0.0 0.0 0.5239589152346338 0.536392685957749 0.0 0.4564977104058112
0.4583333333333333 0.0 0.0 0.5235743052264171 0.45097343038049587 0.0 0.5439759987367756
0.49206349206349204 0.0 0.0 0.5227545735673281 0.48372684774247 0.0 0.5103821253750196
0.4623015873015873 0.0 0.0 0.525901119520818 0.46121072252796025 0.0 0.5342649613137533
0.5476190476190477 0.0 0.0 0.5257974720998227 0.5450618379785787 0.0 0.4497473551239538
0.5357142857142857 0.0 0.0 0.522210888151227 0.5239363275933487 0.0 0.46865624506552983
0.5476190476190477 0.0 0.0 0.5229249062984686 0.5399431919048464 0.0 0.45460287383546505
0.5079365079365079 0.0 0.0 0.52257196590741 0.5031658678028286 0.0 0.4940786357176695
0.4444444444444444 0.0 0.0 0.5262056064573696 0.44650571039706494 0.0 0.5516737723038054
0.4523809523809524 0.0 0.0 0.523673492145759 0.4498786910468075 0.0 0.5478051476393491
0.5238095238095238 0.0 0.0 0.5260682883261363 0.5235221018995206 0.0 0.4722880151586928
0.5297619047619048 0.0 0.0 0.5226561120395683 0.5260074560624889 0.0 0.4720511605873996
0.5238095238095238 0.0 0.0 0.5271432127195222 0.5245280785845317 0.0 0.4707089846834044
0.5059523809523809 0.0 0.0 0.5237780791565113 0.4990236108645482 0.0 0.4946707721459025
0.5337301587301587 0.0 0.0 0.5211578258253332 0.5238475649446713 0.0 0.4716169272066951
0.5198412698412699 0.0 0.0 0.5236114114172692 0.5177229421859282 0.0 0.48030159482078016
0.5456349206349206 0.0 0.0 0.5206024235010402 0.5347357831824369 0.0 0.4606821411653248
0.5555555555555556 0.0 0.0 0.5222384775893214 0.5465116279069767 0.0 0.44793147007737255
0.44841269841269843 0.0 0.0 0.5261126964148665 0.44822178827149534 0.0 0.5482393810200539
0.5436507936507936 0.0 0.0 0.521704890617362 0.5340256819930174 0.0 0.4606031896415602
0.5198412698412699 0.0 0.0 0.522250619240609 0.51281140895911 0.0 0.48326227696194557
0.5218253968253969 0.0 0.0 0.5222140735212679 0.5178412923841648 0.0 0.480459497868309
0.4801587301587302 0.0 0.0 0.522399353153885 0.47559027161370493 0.0 0.5221459024159167
0.5138888888888888 0.0 0.0 0.5237477936492059 0.5072193620924315 0.0 0.4868545712932262
0.5079365079365079 0.0 0.0 0.5231839278203292 0.5031954553523877 0.0 0.49261803252802794
0.5178571428571429 0.0 0.0 0.521442127284307 0.5069826616959583 0.0 0.4871309016264015
0.5158730158730159 0.0 0.0 0.5214417808410904 0.5053553464702053 0.0 0.48902573819674733
0.5059523809523809 0.0 0.0 0.5226179777766511 0.499792887153086 0.0 0.4959339965261328
0.5198412698412699 0.0 0.0 0.5233697869962673 0.5173383040416593 0.0 0.48065687667771995
0.5079365079365079 0.0 0.0 0.5230922856465494 0.5032250429019468 0.0 0.4933285962419075
0.501984126984127 0.0 0.0 0.5211201345572876 0.4918338363216758 0.0 0.5035922943312807
0.5436507936507936 0.0 0.0 0.5234084162318456 0.5373098999940825 0.0 0.4576819832622774
0.47619047619047616 0.0 0.0 0.5249344853925675 0.47316409254985503 0.0 0.522066950892152
0.5099206349206349 0.0 0.0 0.5227091222312661 0.5041126693887212 0.0 0.4917495657666191
0.5178571428571429 0.0 0.0 0.5274960655659016 0.5192910823125628 0.0 0.47619611558503083
0.4722222222222222 0.0 0.0 0.5246139017721151 0.4691105982602521 0.0 0.526488236222959
0.498015873015873 0.0 0.0 0.5240557922537386 0.4921297118172673 0.0 0.5020922153797569
0.49007936507936506 0.0 0.0 0.5239177323685057 0.480886442984792 0.0 0.5113690194220748
0.45436507936507936 0.0 0.0 0.5253753074388412 0.45689094029232497 0.0 0.5432654350228958
0.5317460317460317 0.0 0.0 0.5216038195542361 0.5221610746198 0.0 0.47299857887257235
0.5357142857142857 0.0 0.0 0.5233250398362855 0.5308598141901888 0.0 0.46530080530554263
0.48214285714285715 0.0 0.0 0.5244851709029482 0.4779276880288775 0.0 0.5173298594662876
0.4742063492063492 0.0 0.0 0.5242779569861508 0.4711521391798331 0.0 0.5246723511763776
0.48412698412698413 0.0 0.0 0.52461331744349 0.4769217113438665 0.0 0.5159087320385283
0.5238095238095238 0.0 0.0 0.5208659428568816 0.5108290431386473 0.0 0.4824332859624192
0.5178571428571429 0.0 0.0 0.5289889119093834 0.5214805609799397 0.0 0.4734722880151587
0.5515873015873016 0.0 0.0 0.5275316105723853 0.5522516125214509 0.0 0.4431943786515079
0.5238095238095238 0.0 0.0 0.5235659266942851 0.5213917983312623 0.0 0.4766303489657353
0.5317460317460317 0.0 0.0 0.5217660887720884 0.5202082963488964 0.0 0.47288015158692576
0.5119047619047619 0.0 0.0 0.5227579357933603 0.5084620391739156 0.0 0.4903679141007423