0.4801587301587302 0.0 0.0 0.5245963542314256 0.4749097579738446 0.0 0.5191852202747512
0.5595238095238095 0.0 0.0 0.5297887877089841 0.5666015740576366 0.0 0.43147007737249343
0.5416666666666666 0.0 0.0 0.5225307313150327 0.5345582578850819 0.0 0.4611163745460285
0.47619047619047616 0.0 0.0 0.5274534365002894 0.47520563346943606 0.0 0.5184746565608718
0.5059523809523809 0.0 0.0 0.5268439824595067 0.5036096810462157 0.0 0.48934154429180476
0.5059523809523809 0.0 0.0 0.5276533085551712 0.5011835019823658 0.0 0.48965735038686253
0.4662698412698413 0.0 0.0 0.5257424251225107 0.4641103023847565 0.0 0.5310674246012947
0.5138888888888888 0.0 0.0 0.5202554366611526 0.5025149417125274 0.0 0.4925785567661455
0.498015873015873 0.0 0.0 0.5225746929712815 0.4947630037280312 0.0 0.5034343912837517
0.501984126984127 0.0 0.0 0.5275201501281491 0.5030179300550328 0.0 0.49198642033791273
0.5099206349206349 0.0 0.0 0.5222201366803508 0.4999408249008817 0.0 0.49392073267014036
0.5257936507936508 0.0 0.0 0.524317598270458 0.5226048878631872 0.0 0.47299857887257224
0.5079365079365079 0.0 0.0 0.5247819138581998 0.5060358601100657 0.0 0.48993368072003807
0.49007936507936506 0.0 0.0 0.5251184989541509 0.48195159476892124 0.0 0.5093162798042001
0.5218253968253969 0.0 0.0 0.5240552363898804 0.518906444168294 0.0 0.47761724301279007
0.5515873015873016 0.0 0.0 0.5256655751053835 0.5479318302858157 0.0 0.4465103426496131
0.5198412698412699 0.0 0.0 0.52378066348245 0.5126338836617551 0.0 0.48034107058266207
0.5396825396825397 0.0 0.0 0.5255886713594189 0.5352979466240606 0.0 0.4579977893573346
0.5198412698412699 0.0 0.0 0.5273825832036245 0.5203858216462512 0.0 0.47414337596715594
0.5357142857142857 0.0 0.0 0.5282804574203221 0.5392035031658678 0.0 0.4567345649771045
0.4226190476190476 0.0 0.0 0.5249899999522851 0.42319072134445823 0.0 0.5766224538133586
0.498015873015873 0.0 0.0 0.5235582948995411 0.48683354044618027 0.0 0.5044607610926891
0.48214285714285715 0.0 0.0 0.5265086887994614 0.4807680927865554 0.0 0.513145428706774
0.49404761904761907 0.0 0.0 0.5288107010356842 0.4976625835848275 0.0 0.4973551239538925
0.44246031746031744 0.0 0.0 0.5284473024565606 0.44144623942245104 0.0 0.5512395389231012
0.5297619047619048 0.0 0.0 0.5238825869399824 0.5269838451979407 0.0 0.4696826148744673
0.5238095238095238 0.0 0.0 0.5223055695805724 0.5152671755725191 0.0 0.47860413705984517
0.5654761904761905 0.0 0.0 0.5287243874745721 0.5707142434463578 0.0 0.42641717985157124
0.5357142857142857 0.0 0.0 0.5270271501246622 0.5374282501923191 0.0 0.4587083530712146
0.498015873015873 0.0 0.0 0.5263175772567461 0.49289898810580507 0.0 0.49909205747670937
0.4880952380952381 0.0 0.0 0.5269074735100785 0.48988105805077226 0.0 0.506355597663035
0.47023809523809523 0.0 0.0 0.5252951957013112 0.4676016332327357 0.0 0.527830412126954
0.5079365079365079 0.0 0.0 0.5249536904472729 0.5025741168116457 0.0 0.49052581714827104
0.4781746031746032 0.0 0.0 0.5281617051805392 0.48032427954316825 0.0 0.5148034107058266
0.4801587301587302 0.0 0.0 0.5268438237813413 0.47739511213681285 0.0 0.5154744986578241
0.4880952380952381 0.0 0.0 0.5216393827821844 0.47911119001124325 0.0 0.5151192168008842
0.5436507936507936 0.0 0.0 0.5261034852657758 0.5439670986448902 0.0 0.4528264645507659
0.45634920634920634 0.0 0.0 0.5244325510522161 0.45452393632759336 0.0 0.5421601136901943
0.5198412698412699 0.0 0.0 0.521916134903849 0.5092017279128943 0.0 0.48464392862782246
0.5158730158730159 0.0 0.0 0.525497829312809 0.5103260547961418 0.0 0.4817621980104214
0.503968253968254 0.0 0.0 0.5201440061193014 0.49227764956506304 0.0 0.5026448760461075
0.5158730158730159 0.0 0.0 0.5257098854757265 0.5108882182377655 0.0 0.48168324648665717
0.5059523809523809 0.0 0.0 0.52619096659601 0.5036392685957749 0.0 0.49017053529133103
0.5119047619047619 0.0 0.0 0.5259523729394967 0.5089650275164211 0.0 0.48440707405652916
0.44841269841269843 0.0 0.0 0.5289964279792149 0.4513580685247648 0.0 0.5440944260224223
0.5218253968253969 0.0 0.0 0.5267030006493832 0.5208888099887568 0.0 0.47351176377704085
0.44642857142857145 0.0 0.0 0.5278097256238471 0.44517427066690335 0.0 0.5478446234012315
0.501984126984127 0.0 0.0 0.5249197756568529 0.4983135096751287 0.0 0.495894520764251
0.49007936507936506 0.0 0.0 0.5260086901518028 0.48488076217527665 0.0 0.5071845886625613
0.5238095238095238 0.0 0.0 0.5276218392782671 0.5242913781880585 0.0 0.4701168482551713
0.4583333333333333 0.0 0.0 0.5301980811262128 0.4622166992129712 0.0 0.532843833885994
0.5119047619047619 0.0 0.0 0.5228427522831371 0.5096751287058405 0.0 0.48953892310121583
0.5059523809523809 0.0 0.0 0.5257985679476006 0.5026037043612048 0.0 0.49096005052897507
0.4801587301587302 0.0 0.0 0.5202364727171136 0.4691401858098112 0.0 0.5260934786041369
0.5079365079365079 0.0 0.0 0.5206223788807891 0.4954435173678916 0.0 0.4983025422390651
0.498015873015873 0.0 0.0 0.5230225294426452 0.49763299603526834 0.0 0.5026054002842255
0.5238095238095238 0.0 0.0 0.5215473631874428 0.5119533700218948 0.0 0.48164377072477493
0.49206349206349204 0.0 0.0 0.5205648928892148 0.48183324457068466 0.0 0.5137770408968891
0.5138888888888888 0.0 0.0 0.5257724787501692 0.5096455411562815 0.0 0.48338070424759194
0.5198412698412699 0.0 0.0 0.52456464874763 0.511805432274099 0.0 0.48018316753513346
0.5238095238095238 0.0 0.0 0.5247783956129215 0.5196757204568317 0.0 0.4740644244433915
0.5218253968253969 0.0 0.0 0.5263475194363174 0.5165690277531215 0.0 0.4748144639191537
0.5119047619047619 0.0 0.0 0.5237603284952889 0.5022782413160543 0.0 0.48953892310121583
0.4880952380952381 0.0 0.0 0.5271598368742245 0.4874548789869223 0.0 0.5058029369966842
0.5218253968253969 0.0 0.0 0.5220972930005584 0.5107994555890881 0.0 0.48203852834359695
0.5138888888888888 0.0 0.0 0.527002071985767 0.5106219302917332 0.0 0.4816042949628928
0.5138888888888888 0.0 0.0 0.5295420303842892 0.5163027398070892 0.0 0.47670930048949944
0.5436507936507936 0.0 0.0 0.5244564454866028 0.5371323746967276 0.0 0.45614242854887077
0.49007936507936506 0.0 0.0 0.5215580318705303 0.480679330137878 0.0 0.513145428706774
0.5 0.0 0.0 0.5208403583006036 0.48783951713119117 0.0 0.5061187430917414
0.49404761904761907 0.0 0.0 0.5258165274468785 0.4940233149890526 0.0 0.5020132638559927
0.5178571428571429 0.0 0.0 0.5257566371934502 0.5146162494822178 0.0 0.4787225643454919
0.5357142857142857 0.0 0.0 0.526072473761805 0.5350020711284691 0.0 0.4605242381177955
0.47619047619047616 0.0 0.0 0.5301083908665544 0.4757382093615007 0.0 0.5164219169429971
0.5079365079365079 0.0 0.0 0.5228044218912246 0.49893484821587075 0.0 0.4944339175746092
0.4781746031746032 0.0 0.0 0.522667992717211 0.4682525593230369 0.0 0.524948681509553
0.49007936507936506 0.0 0.0 0.5230304671173461 0.48325344694952366 0.0 0.5110926890888994
0.5059523809523809 0.0 0.0 0.5279007633968145 0.5050594709746139 0.0 0.48768356229275245
0.49007936507936506 0.0 0.0 0.5227563764028903 0.4807976803361146 0.0 0.5126322438023052
0.4603174603174603 0.0 0.0 0.5248518182659959 0.4563879519498195 0.0 0.5386072951207959
0.503968253968254 0.0 0.0 0.5266180490489202 0.5002958754955914 0.0 0.49238117795673486
0.5198412698412699 0.0 0.0 0.5269695078232964 0.5201195337002189 0.0 0.47477498815727137
0.5376984126984127 0.0 0.0 0.5242811131468598 0.5299130126042961 0.0 0.46277435654508114
0.5238095238095238 0.0 0.0 0.5291037763281669 0.5260370436120481 0.0 0.4671166903521239
0.4801587301587302 0.0 0.0 0.5238767955425049 0.47899283981300667 0.0 0.5188299384178117
0.4742063492063492 0.0 0.0 0.5270288205875091 0.4717143026214569 0.0 0.5210800568450972
0.46825396825396826 0.0 0.0 0.5273291964418867 0.46739452038582163 0.0 0.526843518079899
0.4781746031746032 0.0 0.0 0.5268624957251815 0.47535357121723176 0.0 0.5174088109900521
0.5496031746031746 0.0 0.0 0.5257500852500515 0.5463341026096219 0.0 0.4478919943154904
0.4861111111111111 0.0 0.0 0.5238959629153405 0.4844369489318895 0.0 0.5127901468498344
0.49603174603174605 0.0 0.0 0.522848197317381 0.4925143499615362 0.0 0.5049344702352755
0.48412698412698413 0.0 0.0 0.5257402088745149 0.4786969643174152 0.0 0.5133428075161852
0.45634920634920634 0.0 0.0 0.5265238953259175 0.4527190958044855 0.0 0.5402652771198484
0.49404761904761907 0.0 0.0 0.5260816382869022 0.4927214628084502 0.0 0.501776409284699
0.498015873015873 0.0 0.0 0.5265476761012293 0.49612403100775193 0.0 0.49771040581083237
0.5178571428571429 0.0 0.0 0.5299920772045035 0.520947985087875 0.0 0.47213011211116385
0.5198412698412699 0.0 0.0 0.5270342608363853 0.5201195337002189 0.0 0.47473551239538947
0.4801587301587302 0.0 0.0 0.5289133428224082 0.4799100538493402 0.0 0.5127111953260699
0.5198412698412699 0.0 0.0 0.5244899735252561 0.5116870820758624 0.0 0.4803805463445444
0.49404761904761907 0.0 0.0 0.5203190689554726 0.4853837505177821 0.0 0.5116848255171322
0.5238095238095238 0.0 0.0 0.5235130035826664 0.5153263506716373 0.0 0.47773567029843667
0.49603174603174605 0.0 0.0 0.5280695260355572 0.49215929936682645 0.0 0.4984999210484765
0.5218253968253969 0.0 0.0 0.52760517231786 0.5229007633587787 0.0 0.47197220906363524
0.5079365079365079 0.0 0.0 0.5245873552882783 0.503254630451506 0.0 0.49068372019579976
0.49007936507936506 0.0 0.0 0.5271213095794504 0.48683354044618027 0.0 0.5048949944733936
0.4642857142857143 0.0 0.0 0.5298714234231707 0.46700988224155277 0.0 0.528383072793305
0.49007936507936506 0.0 0.0 0.5257806817951017 0.48721817859044914 0.0 0.506355597663035
0.5158730158730159 0.0 0.0 0.5258729089215456 0.5164506775548849 0.0 0.48030159482078005