0.5476190476190477 0.0 0.0 0.524128719653589 0.5449730753299011 0.0 0.4519579977893573
0.5158730158730159 0.0 0.0 0.5249882937695982 0.5147937747795728 0.0 0.4817227222485396
0.5277777777777778 0.0 0.0 0.5201320807883902 0.5185513935735843 0.0 0.4795120795831359
0.501984126984127 0.0 0.0 0.5215391868288947 0.4956506302148056 0.0 0.5014606031896416
0.47023809523809523 0.0 0.0 0.5214576377776221 0.46479081602461686 0.0 0.5329227854097585
0.4742063492063492 0.0 0.0 0.5217491327680462 0.4688443103142198 0.0 0.5285015000789517
0.44246031746031744 0.0 0.0 0.5223948194649258 0.4362980057991597 0.0 0.5601610611084793
0.498015873015873 0.0 0.0 0.5276589356993064 0.5006805136398603 0.0 0.49549976314542876
0.501984126984127 0.0 0.0 0.5214871565854831 0.49455589088111723 0.0 0.5017764092846991
0.5952380952380952 0.0 0.0 0.5261481030486916 0.5997100420143203 0.0 0.4027711984841307
0.4642857142857143 0.0 0.0 0.5227545645688193 0.46121072252796025 0.0 0.5367914100742144
0.4087301587301587 0.0 0.0 0.5269446373142326 0.40901828510562754 0.0 0.5910311069003632
0.4603174603174603 0.0 0.0 0.523526495374654 0.4581336173738091 0.0 0.5397520922153798
0.498015873015873 0.0 0.0 0.5236097726441515 0.49381620214213856 0.0 0.5021316911416391
0.5218253968253969 0.0 0.0 0.5261267810768703 0.5208592224391976 0.0 0.47390652139586287
0.4742063492063492 0.0 0.0 0.5269255505461022 0.47766140008284513 0.0 0.5204484446549816
0.44841269841269843 0.0 0.0 0.5245831978164743 0.44490798272087106 0.0 0.5510421601136903
0.501984126984127 0.0 0.0 0.520874525584122 0.49502929167406357 0.0 0.502526448760461
0.49603174603174605 0.0 0.0 0.5205450224561228 0.48996982069944967 0.0 0.508882046423496
0.5416666666666666 0.0 0.0 0.5252805326376189 0.5403278300491153 0.0 0.4556292436444024
0.49603174603174605 0.0 0.0 0.5219478517140717 0.48928930705958934 0.0 0.5063950734249171
0.46825396825396826 0.0 0.0 0.5236450028200269 0.465234629268004 0.0 0.531856939838939
0.47023809523809523 0.0 0.0 0.526690925360853 0.47316409254985503 0.0 0.5248302542239063
0.4801587301587302 0.0 0.0 0.5266736939640699 0.47816438842535064 0.0 0.5153165956102952
0.4742063492063492 0.0 0.0 0.5212219381429608 0.46937688620628437 0.0 0.5292910153165957
0.5476190476190477 0.0 0.0 0.5239750396824032 0.5443813243387182 0.0 0.4523132796462972
0.5297619047619048 0.0 0.0 0.5236168421651631 0.5226048878631872 0.0 0.47201168482551703
0.5257936507936508 0.0 0.0 0.5233943261803149 0.5157405763654654 0.0 0.4777356702984368
0.49603174603174605 0.0 0.0 0.5249155536268386 0.4896147701047399 0.0 0.5026448760461076
0.4781746031746032 0.0 0.0 0.5252645677671706 0.47449553228001656 0.0 0.5199352597505131
0.4781746031746032 0.0 0.0 0.5239277813563792 0.4755015089650275 0.0 0.5214748144639192
0.49404761904761907 0.0 0.0 0.5231322394883496 0.4895555950056216 0.0 0.5068687825675036
0.4642857142857143 0.0 0.0 0.519869399565207 0.4541984732824427 0.0 0.5423180167377231
0.4880952380952381 0.0 0.0 0.5242387852436431 0.4817148943724481 0.0 0.5123953892310121
0.49206349206349204 0.0 0.0 0.5244582165836386 0.48872714361796554 0.0 0.5065135007105637
0.49404761904761907 0.0 0.0 0.5218748893127563 0.4872773536895674 0.0 0.5085267645665561
0.5257936507936508 0.0 0.0 0.5192489842547869 0.5155630510681105 0.0 0.4827490920574766
0.46825396825396826 0.0 0.0 0.5224297604348623 0.46260133735724007 0.0 0.5335149218379913
0.501984126984127 0.0 0.0 0.525597462310196 0.4980472217290964 0.0 0.4953813358597823
0.43253968253968256 0.0 0.0 0.5221972675913799 0.4258240132552222 0.0 0.5715695562924364
0.49206349206349204 0.0 0.0 0.5216981580108041 0.48872714361796554 0.0 0.5103821253750196
0.5238095238095238 0.0 0.0 0.5251238436382093 0.5222202497189182 0.0 0.473353860729512
0.5 0.0 0.0 0.5209904773810398 0.495118054322741 0.0 0.5038686246644559
0.5178571428571429 0.0 0.0 0.522761728653824 0.5162435647079708 0.0 0.4829069951050058
0.4146825396825397 0.0 0.0 0.527202758553081 0.4153500207112847 0.0 0.5843597031422707
0.49206349206349204 0.0 0.0 0.5241647889321664 0.49094620983490145 0.0 0.5067898310437393
0.4642857142857143 0.0 0.0 0.5221528100845795 0.4584590804189597 0.0 0.5380151586925626
0.4365079365079365 0.0 0.0 0.5266863027543559 0.4337534765370732 0.0 0.5630427917258803
0.5436507936507936 0.0 0.0 0.5243578665087858 0.5410379312385348 0.0 0.45507658297805154
0.49404761904761907 0.0 0.0 0.5205660699607458 0.4851766376708681 0.0 0.5125138165166587
0.44642857142857145 0.0 0.0 0.5267492883639858 0.44437540682880644 0.0 0.5518316753513341
0.5 0.0 0.0 0.5208246466299004 0.4941416651872892 0.0 0.5040660034738669
0.4722222222222222 0.0 0.0 0.5313022603681736 0.4749689330729629 0.0 0.5198957839886311
0.4801587301587302 0.0 0.0 0.5228739246460425 0.47745428723593114 0.0 0.5203694931312173
0.5119047619047619 0.0 0.0 0.5214172495358106 0.5050298834250547 0.0 0.49167061424285485
0.49603174603174605 0.0 0.0 0.519001045402929 0.48707024084265343 0.0 0.5120795831359544
0.5138888888888888 0.0 0.0 0.5244369153579179 0.511598319427185 0.0 0.48495973472288
0.4781746031746032 0.0 0.0 0.5262739818230041 0.4778389253802 0.0 0.5172509079425233
0.4503968253968254 0.0 0.0 0.5210498963471666 0.4402627374400852 0.0 0.5542396968261487
0.4861111111111111 0.0 0.0 0.5231014050281133 0.4817444819220072 0.0 0.5146849834201801
0.49206349206349204 0.0 0.0 0.5254047637422558 0.49082785963666486 0.0 0.5045397126164535
0.49206349206349204 0.0 0.0 0.5184445763417243 0.48248417066098587 0.0 0.5174088109900521
0.4880952380952381 0.0 0.0 0.5206803586267791 0.48144860642641574 0.0 0.5157903047528816
0.49603174603174605 0.0 0.0 0.5268291770295581 0.4963015563051068 0.0 0.4986183483341229
0.49603174603174605 0.0 0.0 0.5266695789734043 0.4947630037280312 0.0 0.499249960524238
0.48412698412698413 0.0 0.0 0.5259193773680866 0.48334220959820107 0.0 0.5122769619453655
0.46825396825396826 0.0 0.0 0.5221804345334873 0.45899165631102434 0.0 0.5353308068845728
0.48214285714285715 0.0 0.0 0.5206030433158657 0.47600449730753297 0.0 0.5215537659876834
0.5099206349206349 0.0 0.0 0.5220798913004555 0.5054441091188828 0.0 0.4928548870993209
0.49206349206349204 0.0 0.0 0.5238711415249492 0.489023019113557 0.0 0.5074214432338544
0.5337301587301587 0.0 0.0 0.5241939949090807 0.5338185691461034 0.0 0.46561661140060007
0.4444444444444444 0.0 0.0 0.5192683878226813 0.43535120421326706 0.0 0.5624506552976472
0.47023809523809523 0.0 0.0 0.519784790869165 0.4607964968341322 0.0 0.5365940312648034
0.4662698412698413 0.0 0.0 0.5214441485812259 0.4565654772471744 0.0 0.5383309647876204
0.5238095238095238 0.0 0.0 0.520492474761298 0.5141724362388307 0.0 0.48290699510500545
0.4861111111111111 0.0 0.0 0.5240899004502096 0.47949582815551217 0.0 0.5145665561345334
0.44047619047619047 0.0 0.0 0.5284249940946945 0.44354695544115036 0.0 0.5540423180167375
0.4503968253968254 0.0 0.0 0.5230918263856814 0.4461506598023552 0.0 0.5505684509711035
0.5257936507936508 0.0 0.0 0.5204693758151054 0.5167465530504763 0.0 0.4812095373440708
0.46825396825396826 0.0 0.0 0.5239075068052096 0.46257174980768095 0.0 0.5314621822201168
0.4801587301587302 0.0 0.0 0.5191495173364055 0.4681342091248003 0.0 0.5277119848413077
0.49603174603174605 0.0 0.0 0.5247996635625743 0.493283626250074 0.0 0.5018158850465813
0.48412698412698413 0.0 0.0 0.5220203104712721 0.4807976803361146 0.0 0.5174877625138165
0.5198412698412699 0.0 0.0 0.524694968147115 0.5132552222024972 0.0 0.47982788567819357
0.5079365079365079 0.0 0.0 0.5244672597664813 0.504290194686076 0.0 0.4912758566240327
0.47023809523809523 0.0 0.0 0.5295372074629924 0.4777797502810817 0.0 0.52202747513027
0.5456349206349206 0.0 0.0 0.5266816607720537 0.542487721166933 0.0 0.4510895310279488
0.48214285714285715 0.0 0.0 0.5241035397938201 0.4769217113438665 0.0 0.5178825201326386
0.5337301587301587 0.0 0.0 0.5220495164029022 0.5265992070536718 0.0 0.4698405179219961
0.5277777777777778 0.0 0.0 0.5230686315591059 0.5179892301319605 0.0 0.4760776882993841
0.49404761904761907 0.0 0.0 0.524310878694326 0.48650807740102964 0.0 0.5058818885204484
0.4880952380952381 0.0 0.0 0.5244563526507308 0.48201076986803953 0.0 0.5120401073740722
0.4662698412698413 0.0 0.0 0.5267326112957388 0.4652050417184449 0.0 0.5292515395547133
0.47619047619047616 0.0 0.0 0.5221248405181222 0.47150718977454287 0.0 0.5261724301279014
0.4801587301587302 0.0 0.0 0.5248817718636061 0.47529439611811347 0.0 0.5187904626559292
0.48214285714285715 0.0 0.0 0.5256814273112591 0.4800579915971359 0.0 0.5145270803726512
0.498015873015873 0.0 0.0 0.5229559660029469 0.4911829102313746 0.0 0.503473867045634
0.5059523809523809 0.0 0.0 0.5261052820865041 0.5059766850109474 0.0 0.48945997157745136
0.49206349206349204 0.0 0.0 0.5222420428835319 0.4884312681223741 0.0 0.5091583767566714
0.5119047619047619 0.0 0.0 0.520778135138016 0.5053257589206462 0.0 0.4929733143849676
0.48214285714285715 0.0 0.0 0.5207749185133301 0.4748505828747263 0.0 0.5223432812253277
0.45436507936507936 0.0 0.0 0.5229445214940417 0.45245280785845315 0.0 0.5461076898784146
0.4781746031746032 0.0 0.0 0.522854512142079 0.47535357121723176 0.0 0.523014369177325
0.4801587301587302 0.0 0.0 0.5230446456245917 0.4733416178472099 0.0 0.5219485236065056
0.4801587301587302 0.0 0.0 0.5213184151407254 0.4730161548020593 0.0 0.5238828359387336
0.5357142857142857 0.0 0.0 0.524655503462771 0.5286111604236937 0.0 0.46486657192483816
0.4623015873015873 0.0 0.0 0.5211929251968145 0.45192023196638853 0.0 0.5423969682614874
0.5138888888888888 0.0 0.0 0.5245356610099301 0.5108586306882064 0.0 0.4851965892941732
0.4880952380952381 0.0 0.0 0.5253085269517533 0.4872773536895674 0.0 0.5093952313279646
0.49206349206349204 0.0 0.0 0.5190530019101233 0.4846736493283626 0.0 0.5159876835622927
0.4583333333333333 0.0 0.0 0.5232494893153713 0.4550269246700988 0.0 0.5430285804516025
0.4781746031746032 0.0 0.0 0.5188843012558496 0.46967276170187583 0.0 0.52936996684036