5,0.09259259259259259
5,0.09259259259259259
7,0.12962962962962962
4,0.07407407407407407
1,0.018518518518518517
7,0.12962962962962962
3,0.05555555555555555
5,0.09259259259259259
4,0.07407407407407407
1,0.018518518518518517
7,0.12962962962962962
0,0.0
8,0.14814814814814814
2,0.037037037037037035
0,0.0
4,0.07407407407407407
10,0.18518518518518517
4,0.07407407407407407
6,0.1111111111111111
3,0.05555555555555555
1,0.018518518518518517
5,0.09259259259259259
11,0.2037037037037037
2,0.037037037037037035
2,0.037037037037037035
6,0.1111111111111111
14,0.25925925925925924
9,0.16666666666666666
1,0.018518518518518517
6,0.1111111111111111
3,0.05555555555555555
0,0.0
3,0.05555555555555555
14,0.25925925925925924
4,0.07407407407407407
8,0.14814814814814814
5,0.09259259259259259
0,0.0
0,0.0
3,0.05555555555555555
3,0.05555555555555555
9,0.16666666666666666
1,0.018518518518518517
1,0.018518518518518517
3,0.05555555555555555
6,0.1111111111111111
3,0.05555555555555555
1,0.018518518518518517
9,0.16666666666666666
10,0.18518518518518517
1,0.018518518518518517
4,0.07407407407407407
3,0.05555555555555555
0,0.0
0,0.0
9,0.16666666666666666
4,0.07407407407407407
9,0.16666666666666666
1,0.018518518518518517
3,0.05555555555555555
2,0.037037037037037035
3,0.05555555555555555
4,0.07407407407407407
3,0.05555555555555555
10,0.18518518518518517
2,0.037037037037037035
4,0.07407407407407407
1,0.018518518518518517
0,0.0
8,0.14814814814814814
2,0.037037037037037035
1,0.018518518518518517
0,0.0
0,0.0
0,0.0
0,0.0
4,0.07407407407407407
4,0.07407407407407407
1,0.018518518518518517
0,0.0
1,0.018518518518518517
0,0.0
1,0.018518518518518517
1,0.018518518518518517
1,0.018518518518518517
3,0.05555555555555555
6,0.1111111111111111
2,0.037037037037037035
7,0.12962962962962962
8,0.14814814814814814
1,0.018518518518518517
5,0.09259259259259259
0,0.0
1,0.018518518518518517
0,0.0
5,0.09259259259259259
1,0.018518518518518517
12,0.2222222222222222
0,0.0
4,0.07407407407407407
4,0.07407407407407407
2,0.037037037037037035
1,0.018518518518518517
0,0.0
2,0.037037037037037035
4,0.07407407407407407
4,0.07407407407407407
4,0.07407407407407407
3,0.05555555555555555
8,0.14814814814814814
3,0.05555555555555555
2,0.037037037037037035
1,0.018518518518518517
6,0.1111111111111111
0,0.0
6,0.1111111111111111
5,0.09259259259259259
4,0.07407407407407407
9,0.16666666666666666
0,0.0
2,0.037037037037037035
6,0.1111111111111111
9,0.16666666666666666
10,0.18518518518518517
6,0.1111111111111111
1,0.018518518518518517
2,0.037037037037037035
1,0.018518518518518517
6,0.1111111111111111
1,0.018518518518518517
6,0.1111111111111111
1,0.018518518518518517
1,0.018518518518518517
3,0.05555555555555555
0,0.0
1,0.018518518518518517
4,0.07407407407407407
2,0.037037037037037035
0,0.0
0,0.0
0,0.0
1,0.018518518518518517
0,0.0
0,0.0
2,0.037037037037037035
2,0.037037037037037035
1,0.018518518518518517
1,0.018518518518518517
7,0.12962962962962962
3,0.05555555555555555
1,0.018518518518518517
2,0.037037037037037035
3,0.05555555555555555
2,0.037037037037037035
0,0.0
0,0.0
2,0.037037037037037035
0,0.0
0,0.0
1,0.018518518518518517
3,0.05555555555555555
2,0.037037037037037035
3,0.05555555555555555
0,0.0
0,0.0
1,0.018518518518518517
0,0.0
10,0.18518518518518517
2,0.037037037037037035
0,0.0
3,0.05555555555555555
1,0.018518518518518517
1,0.018518518518518517
2,0.037037037037037035
6,0.1111111111111111
4,0.07407407407407407
3,0.05555555555555555
2,0.037037037037037035
3,0.05555555555555555
0,0.0
2,0.037037037037037035
0,0.0
3,0.05555555555555555
2,0.037037037037037035
2,0.037037037037037035
2,0.037037037037037035
2,0.037037037037037035
3,0.05555555555555555
6,0.1111111111111111
2,0.037037037037037035
2,0.037037037037037035
1,0.018518518518518517
4,0.07407407407407407
2,0.037037037037037035
5,0.09259259259259259
0,0.0
1,0.018518518518518517
4,0.07407407407407407
2,0.037037037037037035
0,0.0
10,0.18518518518518517
17,0.3148148148148148
7,0.12962962962962962
8,0.14814814814814814
10,0.18518518518518517
14,0.25925925925925924
5,0.09259259259259259
13,0.24074074074074073
10,0.18518518518518517
8,0.14814814814814814
2,0.037037037037037035
4,0.07407407407407407
3,0.05555555555555555
0,0.0
4,0.07407407407407407
0,0.0
10,0.18518518518518517
16,0.2962962962962963
7,0.12962962962962962
11,0.2037037037037037
6,0.1111111111111111
1,0.018518518518518517
1,0.018518518518518517
0,0.0
4,0.07407407407407407
3,0.05555555555555555
6,0.1111111111111111
2,0.037037037037037035
9,0.16666666666666666
3,0.05555555555555555
0,0.0
2,0.037037037037037035
5,0.09259259259259259
4,0.07407407407407407
7,0.12962962962962962
9,0.16666666666666666
3,0.05555555555555555
3,0.05555555555555555
1,0.018518518518518517
3,0.05555555555555555
8,0.14814814814814814
4,0.07407407407407407
7,0.12962962962962962
2,0.037037037037037035
10,0.18518518518518517
4,0.07407407407407407
2,0.037037037037037035
7,0.12962962962962962
7,0.12962962962962962
4,0.07407407407407407
2,0.037037037037037035
0,0.0
2,0.037037037037037035
2,0.037037037037037035
3,0.05555555555555555
1,0.018518518518518517
2,0.037037037037037035
12,0.2222222222222222
5,0.09259259259259259
3,0.05555555555555555
2,0.037037037037037035
0,0.0
4,0.07407407407407407
8,0.14814814814814814
9,0.16666666666666666
6,0.1111111111111111
0,0.0
2,0.037037037037037035
1,0.018518518518518517
3,0.05555555555555555
7,0.12962962962962962
2,0.037037037037037035
2,0.037037037037037035
0,0.0
1,0.018518518518518517
3,0.05555555555555555
3,0.05555555555555555
3,0.05555555555555555
0,0.0
0,0.0
2,0.037037037037037035
1,0.018518518518518517
7,0.12962962962962962
7,0.12962962962962962
1,0.018518518518518517
7,0.12962962962962962
3,0.05555555555555555
5,0.09259259259259259
8,0.14814814814814814
4,0.07407407407407407
3,0.05555555555555555
3,0.05555555555555555
1,0.018518518518518517
0,0.0
1,0.018518518518518517
3,0.05555555555555555
21,0.3888888888888889
5,0.09259259259259259
5,0.09259259259259259
4,0.07407407407407407
4,0.07407407407407407
2,0.037037037037037035
3,0.05555555555555555
2,0.037037037037037035
1,0.018518518518518517
2,0.037037037037037035
2,0.037037037037037035
1,0.018518518518518517
5,0.09259259259259259
1,0.018518518518518517
5,0.09259259259259259
1,0.018518518518518517
9,0.16666666666666666
5,0.09259259259259259
1,0.018518518518518517
10,0.18518518518518517
5,0.09259259259259259
2,0.037037037037037035
3,0.05555555555555555
7,0.12962962962962962
10,0.18518518518518517
5,0.09259259259259259
5,0.09259259259259259
11,0.2037037037037037
6,0.1111111111111111
0,0.0
10,0.18518518518518517
13,0.24074074074074073
1,0.018518518518518517
2,0.037037037037037035
6,0.1111111111111111
4,0.07407407407407407
3,0.05555555555555555
7,0.12962962962962962
8,0.14814814814814814
6,0.1111111111111111
2,0.037037037037037035
13,0.24074074074074073
1,0.018518518518518517
5,0.09259259259259259
6,0.1111111111111111
4,0.07407407407407407
3,0.05555555555555555
1,0.018518518518518517
1,0.018518518518518517
7,0.12962962962962962
1,0.018518518518518517
7,0.12962962962962962
1,0.018518518518518517
0,0.0
2,0.037037037037037035
1,0.018518518518518517
7,0.12962962962962962
2,0.037037037037037035
10,0.18518518518518517
0,0.0
3,0.05555555555555555
4,0.07407407407407407
4,0.07407407407407407
1,0.018518518518518517
1,0.018518518518518517
3,0.05555555555555555
1,0.018518518518518517
4,0.07407407407407407
2,0.037037037037037035
4,0.07407407407407407
2,0.037037037037037035
3,0.05555555555555555
5,0.09259259259259259
0,0.0
3,0.05555555555555555
2,0.037037037037037035
10,0.18518518518518517
5,0.09259259259259259
3,0.05555555555555555
3,0.05555555555555555
8,0.14814814814814814
16,0.2962962962962963
4,0.07407407407407407
4,0.07407407407407407
9,0.16666666666666666
1,0.018518518518518517
0,0.0
1,0.018518518518518517
18,0.3333333333333333
8,0.14814814814814814
11,0.2037037037037037
14,0.25925925925925924
3,0.05555555555555555
8,0.14814814814814814
2,0.037037037037037035
0,0.0
3,0.05555555555555555
4,0.07407407407407407
17,0.3148148148148148
9,0.16666666666666666
3,0.05555555555555555
11,0.2037037037037037
15,0.2777777777777778
5,0.09259259259259259
2,0.037037037037037035
4,0.07407407407407407
7,0.12962962962962962
5,0.09259259259259259
4,0.07407407407407407
2,0.037037037037037035
4,0.07407407407407407
1,0.018518518518518517
0,0.0
6,0.1111111111111111
9,0.16666666666666666
9,0.16666666666666666
1,0.018518518518518517
7,0.12962962962962962
17,0.3148148148148148
8,0.14814814814814814
13,0.24074074074074073
10,0.18518518518518517
9,0.16666666666666666
1,0.018518518518518517
4,0.07407407407407407
6,0.1111111111111111
6,0.1111111111111111
1,0.018518518518518517
3,0.05555555555555555
3,0.05555555555555555
3,0.05555555555555555
7,0.12962962962962962
4,0.07407407407407407
6,0.1111111111111111
3,0.05555555555555555
7,0.12962962962962962
4,0.07407407407407407
4,0.07407407407407407
1,0.018518518518518517
1,0.018518518518518517
4,0.07407407407407407
2,0.037037037037037035
11,0.2037037037037037
4,0.07407407407407407
4,0.07407407407407407
6,0.1111111111111111
4,0.07407407407407407
5,0.09259259259259259
8,0.14814814814814814
2,0.037037037037037035
2,0.037037037037037035
0,0.0
9,0.16666666666666666
0,0.0
4,0.07407407407407407
1,0.018518518518518517
2,0.037037037037037035
2,0.037037037037037035
4,0.07407407407407407
9,0.16666666666666666
2,0.037037037037037035
0,0.0
7,0.12962962962962962
6,0.1111111111111111
1,0.018518518518518517
2,0.037037037037037035
6,0.1111111111111111
2,0.037037037037037035
3,0.05555555555555555
1,0.018518518518518517
18,0.3333333333333333
5,0.09259259259259259
2,0.037037037037037035
7,0.12962962962962962
8,0.14814814814814814
5,0.09259259259259259
1,0.018518518518518517
5,0.09259259259259259
2,0.037037037037037035
1,0.018518518518518517
10,0.18518518518518517
3,0.05555555555555555
2,0.037037037037037035
4,0.07407407407407407
1,0.018518518518518517
8,0.14814814814814814
0,0.0
1,0.018518518518518517
6,0.1111111111111111
4,0.07407407407407407
2,0.037037037037037035
10,0.18518518518518517
1,0.018518518518518517
1,0.018518518518518517
9,0.16666666666666666
1,0.018518518518518517
4,0.07407407407407407
8,0.14814814814814814
8,0.14814814814814814
1,0.018518518518518517
8,0.14814814814814814
6,0.1111111111111111
5,0.09259259259259259
2,0.037037037037037035
6,0.1111111111111111
5,0.09259259259259259
6,0.1111111111111111
1,0.018518518518518517
9,0.16666666666666666
9,0.16666666666666666
11,0.2037037037037037
7,0.12962962962962962
2,0.037037037037037035
1,0.018518518518518517
3,0.05555555555555555
2,0.037037037037037035
14,0.25925925925925924
7,0.12962962962962962
3,0.05555555555555555
12,0.2222222222222222
8,0.14814814814814814
1,0.018518518518518517
0,0.0
9,0.16666666666666666
9,0.16666666666666666
10,0.18518518518518517
19,0.35185185185185186
8,0.14814814814814814
3,0.05555555555555555
2,0.037037037037037035
4,0.07407407407407407
15,0.2777777777777778
7,0.12962962962962962
7,0.12962962962962962
10,0.18518518518518517
2,0.037037037037037035
2,0.037037037037037035
2,0.037037037037037035
0,0.0
1,0.018518518518518517
7,0.12962962962962962
3,0.05555555555555555
4,0.07407407407407407
11,0.2037037037037037
5,0.09259259259259259
2,0.037037037037037035
9,0.16666666666666666
8,0.14814814814814814
2,0.037037037037037035
13,0.24074074074074073
0,0.0
2,0.037037037037037035
0,0.0
3,0.05555555555555555
5,0.09259259259259259
0,0.0
3,0.05555555555555555
2,0.037037037037037035
0,0.0
3,0.05555555555555555
5,0.09259259259259259
4,0.07407407407407407
6,0.1111111111111111
1,0.018518518518518517
1,0.018518518518518517
1,0.018518518518518517
3,0.05555555555555555
6,0.1111111111111111
2,0.037037037037037035
0,0.0
8,0.14814814814814814
1,0.018518518518518517
6,0.1111111111111111
5,0.09259259259259259
0,0.0
4,0.07407407407407407
1,0.018518518518518517
6,0.1111111111111111
3,0.05555555555555555
4,0.07407407407407407
5,0.09259259259259259
1,0.018518518518518517
4,0.07407407407407407
5,0.09259259259259259
5,0.09259259259259259
3,0.05555555555555555
1,0.018518518518518517
1,0.018518518518518517
18,0.3333333333333333
0,0.0
2,0.037037037037037035
9,0.16666666666666666
1,0.018518518518518517
2,0.037037037037037035
1,0.018518518518518517
2,0.037037037037037035
5,0.09259259259259259
5,0.09259259259259259
1,0.018518518518518517
2,0.037037037037037035
0,0.0
3,0.05555555555555555
7,0.12962962962962962
2,0.037037037037037035
3,0.05555555555555555
2,0.037037037037037035
0,0.0
4,0.07407407407407407
2,0.037037037037037035
2,0.037037037037037035
8,0.14814814814814814
2,0.037037037037037035
7,0.12962962962962962
16,0.2962962962962963
7,0.12962962962962962
1,0.018518518518518517
7,0.12962962962962962
4,0.07407407407407407
2,0.037037037037037035
13,0.24074074074074073
5,0.09259259259259259
2,0.037037037037037035
5,0.09259259259259259
4,0.07407407407407407
3,0.05555555555555555
3,0.05555555555555555
1,0.018518518518518517
1,0.018518518518518517
5,0.09259259259259259
12,0.2222222222222222
9,0.16666666666666666
5,0.09259259259259259
6,0.1111111111111111
11,0.2037037037037037
5,0.09259259259259259
8,0.14814814814814814
6,0.1111111111111111
3,0.05555555555555555
7,0.12962962962962962
7,0.12962962962962962
4,0.07407407407407407
13,0.24074074074074073
5,0.09259259259259259
13,0.24074074074074073
10,0.18518518518518517
4,0.07407407407407407
21,0.3888888888888889
0,0.0
9,0.16666666666666666
2,0.037037037037037035
4,0.07407407407407407
2,0.037037037037037035
2,0.037037037037037035
1,0.018518518518518517
6,0.1111111111111111
2,0.037037037037037035
2,0.037037037037037035
1,0.018518518518518517
11,0.2037037037037037
2,0.037037037037037035
1,0.018518518518518517
2,0.037037037037037035
5,0.09259259259259259
9,0.16666666666666666
8,0.14814814814814814
5,0.09259259259259259
23,0.42592592592592593
3,0.05555555555555555
9,0.16666666666666666
2,0.037037037037037035
2,0.037037037037037035
1,0.018518518518518517
9,0.16666666666666666
12,0.2222222222222222
1,0.018518518518518517
7,0.12962962962962962
5,0.09259259259259259
4,0.07407407407407407
10,0.18518518518518517
6,0.1111111111111111
8,0.14814814814814814
2,0.037037037037037035
2,0.037037037037037035
3,0.05555555555555555
11,0.2037037037037037
0,0.0
1,0.018518518518518517
5,0.09259259259259259
1,0.018518518518518517
0,0.0
9,0.16666666666666666
12,0.2222222222222222
4,0.07407407407407407
2,0.037037037037037035
0,0.0
2,0.037037037037037035
2,0.037037037037037035
7,0.12962962962962962
3,0.05555555555555555
0,0.0
5,0.09259259259259259
4,0.07407407407407407
2,0.037037037037037035
1,0.018518518518518517
2,0.037037037037037035
4,0.07407407407407407
4,0.07407407407407407
1,0.018518518518518517
1,0.018518518518518517
8,0.14814814814814814
2,0.037037037037037035
3,0.05555555555555555
0,0.0
1,0.018518518518518517
13,0.24074074074074073
6,0.1111111111111111
2,0.037037037037037035
5,0.09259259259259259
11,0.2037037037037037
13,0.24074074074074073
2,0.037037037037037035
1,0.018518518518518517
0,0.0
15,0.2777777777777778
3,0.05555555555555555
0,0.0
5,0.09259259259259259
4,0.07407407407407407
6,0.1111111111111111
2,0.037037037037037035
1,0.018518518518518517
5,0.09259259259259259
2,0.037037037037037035
2,0.037037037037037035
5,0.09259259259259259
2,0.037037037037037035
2,0.037037037037037035
3,0.05555555555555555
1,0.018518518518518517
10,0.18518518518518517
3,0.05555555555555555
1,0.018518518518518517
1,0.018518518518518517
16,0.2962962962962963
2,0.037037037037037035
5,0.09259259259259259
3,0.05555555555555555
7,0.12962962962962962
7,0.12962962962962962
10,0.18518518518518517
1,0.018518518518518517
12,0.2222222222222222
1,0.018518518518518517
4,0.07407407407407407
1,0.018518518518518517
2,0.037037037037037035
4,0.07407407407407407
8,0.14814814814814814
7,0.12962962962962962
0,0.0
3,0.05555555555555555
3,0.05555555555555555
12,0.2222222222222222
9,0.16666666666666666
9,0.16666666666666666
7,0.12962962962962962
4,0.07407407407407407
2,0.037037037037037035
0,0.0
2,0.037037037037037035
0,0.0
2,0.037037037037037035
5,0.09259259259259259
3,0.05555555555555555
2,0.037037037037037035
1,0.018518518518518517
1,0.018518518518518517
10,0.18518518518518517
0,0.0
1,0.018518518518518517
4,0.07407407407407407
5,0.09259259259259259
12,0.2222222222222222
3,0.05555555555555555
4,0.07407407407407407
5,0.09259259259259259
3,0.05555555555555555
7,0.12962962962962962
6,0.1111111111111111
7,0.12962962962962962
1,0.018518518518518517
0,0.0
1,0.018518518518518517
4,0.07407407407407407
3,0.05555555555555555
0,0.0
10,0.18518518518518517
11,0.2037037037037037
9,0.16666666666666666
3,0.05555555555555555
0,0.0
2,0.037037037037037035
1,0.018518518518518517
2,0.037037037037037035
7,0.12962962962962962
2,0.037037037037037035
5,0.09259259259259259
3,0.05555555555555555
4,0.07407407407407407
6,0.1111111111111111
3,0.05555555555555555
9,0.16666666666666666
14,0.25925925925925924
4,0.07407407407407407
11,0.2037037037037037
12,0.2222222222222222
2,0.037037037037037035
3,0.05555555555555555
2,0.037037037037037035
2,0.037037037037037035
2,0.037037037037037035
10,0.18518518518518517
6,0.1111111111111111
0,0.0
5,0.09259259259259259
7,0.12962962962962962
5,0.09259259259259259
2,0.037037037037037035
1,0.018518518518518517
13,0.24074074074074073
5,0.09259259259259259
1,0.018518518518518517
3,0.05555555555555555
4,0.07407407407407407
10,0.18518518518518517
10,0.18518518518518517
16,0.2962962962962963
7,0.12962962962962962
8,0.14814814814814814
3,0.05555555555555555
13,0.24074074074074073
10,0.18518518518518517
2,0.037037037037037035
1,0.018518518518518517
8,0.14814814814814814
1,0.018518518518518517
1,0.018518518518518517
2,0.037037037037037035
6,0.1111111111111111
6,0.1111111111111111
6,0.1111111111111111
6,0.1111111111111111
5,0.09259259259259259
8,0.14814814814814814
10,0.18518518518518517
1,0.018518518518518517
3,0.05555555555555555
10,0.18518518518518517
0,0.0
4,0.07407407407407407
10,0.18518518518518517
7,0.12962962962962962
1,0.018518518518518517
0,0.0
2,0.037037037037037035
4,0.07407407407407407
1,0.018518518518518517
1,0.018518518518518517
4,0.07407407407407407
12,0.2222222222222222
1,0.018518518518518517
1,0.018518518518518517
0,0.0
0,0.0
3,0.05555555555555555
6,0.1111111111111111
0,0.0
3,0.05555555555555555
8,0.14814814814814814
4,0.07407407407407407
1,0.018518518518518517
3,0.05555555555555555
1,0.018518518518518517
6,0.1111111111111111
10,0.18518518518518517
1,0.018518518518518517
6,0.1111111111111111
16,0.2962962962962963
0,0.0
2,0.037037037037037035
2,0.037037037037037035
7,0.12962962962962962
0,0.0
4,0.07407407407407407
0,0.0
1,0.018518518518518517
1,0.018518518518518517
2,0.037037037037037035
0,0.0
1,0.018518518518518517
9,0.16666666666666666
6,0.1111111111111111
1,0.018518518518518517
1,0.018518518518518517
6,0.1111111111111111
4,0.07407407407407407
12,0.2222222222222222
1,0.018518518518518517
2,0.037037037037037035
0,0.0
2,0.037037037037037035
3,0.05555555555555555
4,0.07407407407407407
3,0.05555555555555555
2,0.037037037037037035
1,0.018518518518518517
1,0.018518518518518517
0,0.0
0,0.0
10,0.18518518518518517
5,0.09259259259259259
0,0.0
5,0.09259259259259259
0,0.0
10,0.18518518518518517
20,0.37037037037037035
7,0.12962962962962962
2,0.037037037037037035
11,0.2037037037037037
5,0.09259259259259259
7,0.12962962962962962
4,0.07407407407407407
8,0.14814814814814814
2,0.037037037037037035
13,0.24074074074074073
3,0.05555555555555555
6,0.1111111111111111
16,0.2962962962962963
3,0.05555555555555555
2,0.037037037037037035
1,0.018518518518518517
8,0.14814814814814814
4,0.07407407407407407
4,0.07407407407407407
5,0.09259259259259259
5,0.09259259259259259
2,0.037037037037037035
2,0.037037037037037035
3,0.05555555555555555
4,0.07407407407407407
6,0.1111111111111111
3,0.05555555555555555
9,0.16666666666666666
2,0.037037037037037035
3,0.05555555555555555
6,0.1111111111111111
4,0.07407407407407407
1,0.018518518518518517
9,0.16666666666666666
3,0.05555555555555555
1,0.018518518518518517
4,0.07407407407407407
1,0.018518518518518517
2,0.037037037037037035
1,0.018518518518518517
6,0.1111111111111111
4,0.07407407407407407
0,0.0
0,0.0
5,0.09259259259259259
4,0.07407407407407407
0,0.0
4,0.07407407407407407
5,0.09259259259259259
5,0.09259259259259259
4,0.07407407407407407
0,0.0
3,0.05555555555555555
5,0.09259259259259259
2,0.037037037037037035
1,0.018518518518518517
4,0.07407407407407407
2,0.037037037037037035
4,0.07407407407407407
8,0.14814814814814814
6,0.1111111111111111
1,0.018518518518518517
0,0.0
4,0.07407407407407407
9,0.16666666666666666
2,0.037037037037037035
2,0.037037037037037035
6,0.1111111111111111
5,0.09259259259259259
0,0.0
9,0.16666666666666666
3,0.05555555555555555
0,0.0
3,0.05555555555555555
2,0.037037037037037035
2,0.037037037037037035
14,0.25925925925925924
5,0.09259259259259259
6,0.1111111111111111
6,0.1111111111111111
2,0.037037037037037035
8,0.14814814814814814
9,0.16666666666666666
4,0.07407407407407407
2,0.037037037037037035
8,0.14814814814814814
6,0.1111111111111111
2,0.037037037037037035
2,0.037037037037037035
5,0.09259259259259259
9,0.16666666666666666
5,0.09259259259259259
6,0.1111111111111111
5,0.09259259259259259
15,0.2777777777777778
3,0.05555555555555555
6,0.1111111111111111
7,0.12962962962962962
0,0.0
2,0.037037037037037035
1,0.018518518518518517
1,0.018518518518518517
2,0.037037037037037035
0,0.0
2,0.037037037037037035
2,0.037037037037037035
6,0.1111111111111111
1,0.018518518518518517
6,0.1111111111111111
0,0.0
2,0.037037037037037035
2,0.037037037037037035
0,0.0
0,0.0
5,0.09259259259259259
4,0.07407407407407407
2,0.037037037037037035
0,0.0
0,0.0
4,0.07407407407407407
0,0.0
3,0.05555555555555555
0,0.0
3,0.05555555555555555
1,0.018518518518518517
3,0.05555555555555555
3,0.05555555555555555
2,0.037037037037037035
3,0.05555555555555555
2,0.037037037037037035
4,0.07407407407407407
1,0.018518518518518517
6,0.1111111111111111
3,0.05555555555555555
0,0.0
1,0.018518518518518517
1,0.018518518518518517
7,0.12962962962962962
2,0.037037037037037035
0,0.0
1,0.018518518518518517
0,0.0
2,0.037037037037037035
1,0.018518518518518517
4,0.07407407407407407
0,0.0
0,0.0
8,0.14814814814814814
5,0.09259259259259259
1,0.018518518518518517
4,0.07407407407407407
2,0.037037037037037035
2,0.037037037037037035
0,0.0
1,0.018518518518518517
3,0.05555555555555555
3,0.05555555555555555
3,0.05555555555555555
4,0.07407407407407407
1,0.018518518518518517
5,0.09259259259259259
1,0.018518518518518517
7,0.12962962962962962
1,0.018518518518518517
3,0.05555555555555555
0,0.0
2,0.037037037037037035
2,0.037037037037037035
3,0.05555555555555555
0,0.0
0,0.0
3,0.05555555555555555
2,0.037037037037037035
3,0.05555555555555555
2,0.037037037037037035
2,0.037037037037037035
6,0.1111111111111111
2,0.037037037037037035
0,0.0
0,0.0
0,0.0
0,0.0
1,0.018518518518518517
2,0.037037037037037035
0,0.0
3,0.05555555555555555
2,0.037037037037037035
14,0.25925925925925924
2,0.037037037037037035
2,0.037037037037037035
1,0.018518518518518517
3,0.05555555555555555
0,0.0
2,0.037037037037037035
0,0.0
0,0.0
3,0.05555555555555555
1,0.018518518518518517
0,0.0
1,0.018518518518518517
2,0.037037037037037035
0,0.0
6,0.1111111111111111
2,0.037037037037037035
1,0.018518518518518517
2,0.037037037037037035
0,0.0
4,0.07407407407407407
9,0.16666666666666666
6,0.1111111111111111
1,0.018518518518518517
5,0.09259259259259259
7,0.12962962962962962
12,0.2222222222222222
0,0.0
1,0.018518518518518517
2,0.037037037037037035
2,0.037037037037037035
10,0.18518518518518517
2,0.037037037037037035
0,0.0
5,0.09259259259259259
0,0.0
5,0.09259259259259259
0,0.0
0,0.0
2,0.037037037037037035
1,0.018518518518518517
2,0.037037037037037035
8,0.14814814814814814
3,0.05555555555555555
