0.4918181818181818 0.0 0.0 0.4706803885026605 0.4912329498128344 0.0 0.5081870212418766
0.515 0.0 0.0 0.47214242151016267 0.5160479010079966 0.0 0.48423824940943827
0.5017272727272727 0.0 0.0 0.4717260987372807 0.5016309302751463 0.0 0.49780169672717356
0.5000909090909091 0.0 0.0 0.47128626437907045 0.4998670838592546 0.0 0.499596634605852
0.5058181818181818 0.0 0.0 0.4709052620603368 0.505916737391181 0.0 0.4941004951710515
0.4903636363636364 0.0 0.0 0.4715623177524262 0.490929211817131 0.0 0.5089602017894473
0.5089090909090909 0.0 0.0 0.4724232259350588 0.5097870584968858 0.0 0.4897252387785871
0.488 0.0 0.0 0.4702073569336275 0.4864366462599367 0.0 0.5129343803041773
0.5037272727272727 0.0 0.0 0.4717691394435488 0.5049927240719992 0.0 0.4951893529836059
0.5076363636363637 0.0 0.0 0.4700037447650658 0.5063120398393979 0.0 0.4937893929388929
0.49963636363636366 0.0 0.0 0.47274045599871994 0.501569887306804 0.0 0.49819819957208034
0.49363636363636365 0.0 0.0 0.4716886945608994 0.49445395095689776 0.0 0.5053398258132483
0.5024545454545455 0.0 0.0 0.471535977616915 0.5030408259310529 0.0 0.4967113139036754
0.5055454545454545 0.0 0.0 0.4705169930750461 0.5048145179869998 0.0 0.4951771528960708
0.5048181818181818 0.0 0.0 0.47240055315867346 0.5054510386165694 0.0 0.49403339468960616
0.5076363636363637 0.0 0.0 0.4705008546706183 0.5058478179107946 0.0 0.49378176788418193
0.5207272727272727 0.0 0.0 0.4717968355337808 0.5208584807389743 0.0 0.4791370878086041
0.5028181818181818 0.0 0.0 0.47044295936017655 0.5010003170296098 0.0 0.49863282769053585
0.4910909090909091 0.0 0.0 0.4716578442469929 0.49212693392984785 0.0 0.5077539181343621
0.5058181818181818 0.0 0.0 0.47364764491744676 0.5078016851797519 0.0 0.4917657034189208
0.48654545454545456 0.0 0.0 0.4706078623417917 0.48563767256945606 0.0 0.5137075608517482
0.5121818181818182 0.0 0.0 0.4705969148724079 0.5114106045419907 0.0 0.48872788162254877
0.5035454545454545 0.0 0.0 0.47008260625686193 0.5016619440413201 0.0 0.49816464933135574
0.504 0.0 0.0 0.47093992425089753 0.503606457952225 0.0 0.4961729850411666
0.5046363636363637 0.0 0.0 0.4727722858856121 0.5058704628829216 0.0 0.49375279267628647
0.5121818181818182 0.0 0.0 0.472282395147668 0.5129819686948028 0.0 0.4867529924527194
0.5063636363636363 0.0 0.0 0.4734746055888299 0.5082634456983414 0.0 0.49132955028952185
0.5046363636363637 0.0 0.0 0.4718513055476018 0.5063002250713317 0.0 0.49396934423004324
0.49236363636363634 0.0 0.0 0.4705460158618044 0.4916075764169353 0.0 0.5078469438018207
0.501 0.0 0.0 0.4714983747360307 0.5006635961397214 0.0 0.4986846780625642
0.5007272727272727 0.0 0.0 0.4709098160921524 0.5003918564741975 0.0 0.4991635314983376
0.5065454545454545 0.0 0.0 0.47305266901579024 0.5082309550861592 0.0 0.4914058008366198
0.5052727272727273 0.0 0.0 0.4717500938946819 0.5069303460348654 0.0 0.49333951471101645
0.5029090909090909 0.0 0.0 0.47289903641350267 0.5040692030348201 0.0 0.4954440298109125
0.489 0.0 0.0 0.4701775481728134 0.4875083441799468 0.0 0.5118729726885778
0.4959090909090909 0.0 0.0 0.47199458824120777 0.49746671681379334 0.0 0.5025536308223003
0.5013636363636363 0.0 0.0 0.472720203694594 0.5029723987326692 0.0 0.4966655635754169
0.5115454545454545 0.0 0.0 0.4705794740480653 0.5105786479573251 0.0 0.4893958364151234
0.5029090909090909 0.0 0.0 0.47056946669495753 0.5013365456374953 0.0 0.4983217254583774
0.49172727272727274 0.0 0.0 0.4707879616331895 0.4911723991264948 0.0 0.5082007463403542
0.49536363636363634 0.0 0.0 0.4727064847172729 0.49674355455173785 0.0 0.5027930575401871
0.5049090909090909 0.0 0.0 0.47147676580085307 0.5051615767989461 0.0 0.49450919810349414
0.49363636363636365 0.0 0.0 0.47208105007773166 0.49481528594692414 0.0 0.5049921233184838
0.5142727272727273 0.0 0.0 0.472246345412875 0.5148590399713295 0.0 0.48495957958498215
0.4929090909090909 0.0 0.0 0.47261293603964505 0.4939439468020377 0.0 0.5055335022028775
0.49963636363636366 0.0 0.0 0.4707412680933355 0.49906811016877395 0.0 0.5004064154160293
0.5001818181818182 0.0 0.0 0.471378757738542 0.5000694117623893 0.0 0.49938313307397875
0.49763636363636365 0.0 0.0 0.4707088236736221 0.49697148111901607 0.0 0.5025597308660674
0.4959090909090909 0.0 0.0 0.47274211488085943 0.4982051398179344 0.0 0.5017667251762516
0.49772727272727274 0.0 0.0 0.47105910253449235 0.49790780148826697 0.0 0.5018490757671175
0.49736363636363634 0.0 0.0 0.4711549620738298 0.49764492289879275 0.0 0.5021403528570307
0.5011818181818182 0.0 0.0 0.47091972507977437 0.500812757586558 0.0 0.4987060282157513
0.49518181818181817 0.0 0.0 0.47164156885974423 0.49591947447911644 0.0 0.5037461893789077
0.5020909090909091 0.0 0.0 0.4722107696695548 0.5036857153546694 0.0 0.49616841000834067
0.5000909090909091 0.0 0.0 0.47307617051147344 0.501666374579345 0.0 0.49777272151927565
0.5124545454545455 0.0 0.0 0.47244978546690575 0.5126841380831326 0.0 0.4868917684484364
0.49163636363636365 0.0 0.0 0.4719894345627049 0.4927865918135472 0.0 0.5070295379369343
0.49172727272727274 0.0 0.0 0.47098712214136296 0.4906486110755574 0.0 0.5084523731457757
0.5059090909090909 0.0 0.0 0.47370437951559735 0.5078454982779975 0.0 0.4916132023247257
0.511 0.0 0.0 0.47058473960420666 0.5100494448043573 0.0 0.4900317659779182
0.49827272727272726 0.0 0.0 0.4715037150011123 0.4990434960686359 0.0 0.5005253662695006
0.49418181818181817 0.0 0.0 0.47031482146241077 0.49315088049559014 0.0 0.5062624574331311
0.49118181818181816 0.0 0.0 0.47183912734922506 0.4920939510356629 0.0 0.5077462930796524
0.5107272727272727 0.0 0.0 0.4712993320645454 0.5102138669932794 0.0 0.4894492117980921
0.5092727272727273 0.0 0.0 0.47127967366599854 0.508521401467788 0.0 0.4912273745564111
0.4938181818181818 0.0 0.0 0.4709356516756213 0.49285748042194477 0.0 0.5064027584397899
0.49836363636363634 0.0 0.0 0.47196540549623306 0.49872105135682765 0.0 0.5007281927247815
0.49454545454545457 0.0 0.0 0.4723520992780404 0.49513625381272414 0.0 0.5042387679131587
0.49336363636363634 0.0 0.0 0.4725535917216147 0.49435894053036494 0.0 0.5051507244564473
0.5078181818181818 0.0 0.0 0.47070262341217695 0.5062495200250473 0.0 0.4933669649079706
0.5059090909090909 0.0 0.0 0.4735561219342052 0.5078912805042542 0.0 0.49161472733566725
0.4910909090909091 0.0 0.0 0.47184952307326894 0.49202650840128465 0.0 0.5077706932547236
0.505 0.0 0.0 0.473177841193879 0.5062608425111108 0.0 0.49325868913109294
0.511 0.0 0.0 0.4722930142227079 0.5119245469528728 0.0 0.4878967506591845
0.4910909090909091 0.0 0.0 0.47132127998262674 0.4914096790518255 0.0 0.5084737232989638
0.49672727272727274 0.0 0.0 0.47081471503088623 0.49634382156549617 0.0 0.5030294342361895
0.5154545454545455 0.0 0.0 0.4718044933900638 0.5155108213429846 0.0 0.48434195015349046
0.49063636363636365 0.0 0.0 0.47068469906480886 0.48998501493583596 0.0 0.5094100800173231
0.4989090909090909 0.0 0.0 0.4707764581369672 0.49840894456707735 0.0 0.5010819952633148
0.49236363636363634 0.0 0.0 0.4714137259163794 0.49220816046030336 0.0 0.5069456623351258
0.4928181818181818 0.0 0.0 0.47245880393384365 0.4944066918846327 0.0 0.5054572516557796
0.5116363636363637 0.0 0.0 0.4715637827372558 0.5111615098485938 0.0 0.48859978070342547
0.511 0.0 0.0 0.4706270762221543 0.5101474089229067 0.0 0.48983503956640617
0.5124545454545455 0.0 0.0 0.47202538256754695 0.5132162949281169 0.0 0.4865059406801222
0.49981818181818183 0.0 0.0 0.4709376313579911 0.499701677106327 0.0 0.500035837757135
0.501 0.0 0.0 0.47173952065914887 0.5022866499028236 0.0 0.4978703222195603
0.5049090909090909 0.0 0.0 0.47260558908843464 0.5064680932342731 0.0 0.4932663141858026
0.49936363636363634 0.0 0.0 0.4710965086055456 0.4993871089065629 0.0 0.500264589398427
0.5054545454545455 0.0 0.0 0.47018158742463156 0.5043621108264628 0.0 0.49532660396838235
0.5085454545454545 0.0 0.0 0.47004799592466834 0.50727888169282 0.0 0.4928301610564041
0.4949090909090909 0.0 0.0 0.4722674703047195 0.4957904965943931 0.0 0.5038849653746253
0.5102727272727273 0.0 0.0 0.4715169869262889 0.5099500038397996 0.0 0.48969016352692074
0.5040909090909091 0.0 0.0 0.47058435266427423 0.5024904546519665 0.0 0.4971596671206089
0.4929090909090909 0.0 0.0 0.47249565026240875 0.4945853902516349 0.0 0.5053001755287583
0.5001818181818182 0.0 0.0 0.47257100241318617 0.5016673591433506 0.0 0.49797707298549687
0.5041818181818182 0.0 0.0 0.4718991583389613 0.5048913139794304 0.0 0.49486910068579626
0.4908181818181818 0.0 0.0 0.4703425188162057 0.48979105582674826 0.0 0.5096708568883972
0.4910909090909091 0.0 0.0 0.4715732916026787 0.4916902797933991 0.0 0.5081778711762247
0.5025454545454545 0.0 0.0 0.4724754766824914 0.5034676344274465 0.0 0.4960113338813199
0.49418181818181817 0.0 0.0 0.4726314237038306 0.4952046810111079 0.0 0.5042555430335205
0.4940909090909091 0.0 0.0 0.47204089525671367 0.49530362969366276 0.0 0.5045147948936521
0.4930909090909091 0.0 0.0 0.4718462228776207 0.49368254505857173 0.0 0.5061435065796582
0.5042727272727273 0.0 0.0 0.4720750353165704 0.5059290444412501 0.0 0.49424689622147855
0.5056363636363637 0.0 0.0 0.4717949827448055 0.5059767957955179 0.0 0.49366129201976916
0.49172727272727274 0.0 0.0 0.4709068380322375 0.49036456435996445 0.0 0.5087436502356892
0.4903636363636364 0.0 0.0 0.4710710646440739 0.4897693954186268 0.0 0.5093994049407293
0.5010909090909091 0.0 0.0 0.4695152262515039 0.4992167793336077 0.0 0.5004094654379123
0.49363636363636365 0.0 0.0 0.47109455495337 0.4934570799013073 0.0 0.5059208549821335
0.49454545454545457 0.0 0.0 0.4726960620391255 0.49570582408991826 0.0 0.5037614394883275
0.5066363636363637 0.0 0.0 0.47248883730416236 0.5081467748636871 0.0 0.4916543776201582
0.5062727272727273 0.0 0.0 0.4711445121571115 0.5061796159806553 0.0 0.4937588927200536
0.49427272727272725 0.0 0.0 0.4712045309461473 0.49414725926917785 0.0 0.5051308993142019