0.3962727272727273 0.0 0.0 0.4530512375039196 0.3795715768186374 0.0 0.6208182293707951
0.41154545454545455 0.0 0.0 0.4519538018869885 0.3931521604287973 0.0 0.6072044566919759
0.3976363636363636 0.0 0.0 0.4526635241031639 0.38036464312508494 0.0 0.6197842719521507
0.3952727272727273 0.0 0.0 0.4531789927716125 0.37905615756174693 0.0 0.6212635325658453
0.4067272727272727 0.0 0.0 0.45214316539123817 0.3886108589533297 0.0 0.6116956139160288
0.39236363636363636 0.0 0.0 0.45429967526350334 0.3767645848388958 0.0 0.6233604226110321
0.3917272727272727 0.0 0.0 0.4543416432071808 0.37597791819848414 0.0 0.6239978771847691
0.4113636363636364 0.0 0.0 0.45207513875542527 0.393126069482651 0.0 0.607297482359435
0.391 0.0 0.0 0.45455554283026167 0.3755614476241486 0.0 0.6244660555439483
0.3976363636363636 0.0 0.0 0.45242024354390387 0.38055614082415884 0.0 0.619830022280409
0.3947272727272727 0.0 0.0 0.45346532159569725 0.3780878388623166 0.0 0.621986387752332
0.39381818181818184 0.0 0.0 0.45373853686854043 0.3775965414235614 0.0 0.6224698162209314
0.3960909090909091 0.0 0.0 0.45311949997858497 0.3794937962622012 0.0 0.620815179348911
0.39045454545454544 0.0 0.0 0.4549795932724814 0.3753256445448262 0.0 0.6246932821742993
0.40036363636363637 0.0 0.0 0.45225272381468506 0.38298949076380506 0.0 0.6173900047732837
0.39336363636363636 0.0 0.0 0.4537385771552449 0.37725735912365926 0.0 0.6229532446895307
0.39636363636363636 0.0 0.0 0.4531016682027585 0.37953613251443863 0.0 0.6206215029592833
0.4040909090909091 0.0 0.0 0.45221519002749005 0.38586294081391936 0.0 0.6143964082942295
0.3970909090909091 0.0 0.0 0.45278860196992216 0.38018643704008553 0.0 0.6200252236809792
0.3911818181818182 0.0 0.0 0.45440182790825007 0.3756426741546041 0.0 0.6243760798983731
0.40945454545454546 0.0 0.0 0.4522811005195469 0.3909147387262499 0.0 0.6098351005668453
0.39845454545454545 0.0 0.0 0.4529407989270496 0.3809701499884806 0.0 0.6197812219302661
0.4006363636363636 0.0 0.0 0.4527946615100949 0.3829717686117057 0.0 0.6177651574650033
0.4030909090909091 0.0 0.0 0.4524958436781116 0.3851309174758142 0.0 0.6155996419274297
0.41209090909090906 0.0 0.0 0.45216839042074736 0.39303007449211264 0.0 0.6075308090335536
0.4036363636363636 0.0 0.0 0.45244035311773734 0.38558775517437616 0.0 0.6151802639183926
0.4088181818181818 0.0 0.0 0.4523280452230587 0.39039587349534005 0.0 0.6103871545278323
0.4006363636363636 0.0 0.0 0.4529014768809391 0.3829535541776035 0.0 0.617650781644357
0.4002727272727273 0.0 0.0 0.4529233779395945 0.38276796386256273 0.0 0.6179237586029666