0.029411764705882353 0.46226415094339623 0.22666666666666668 0.35714285714285715 0.02871912693854107 0.0 0.9707177454865697
0.014705882352941176 0.7735849056603774 0.72 1.0 0.011200459506031017 0.4285714285714286 0.9878907970057244
0.08823529411764706 0.0 0.0 0.5685148185148186 0.08788052843193567 0.0 0.9125935711140467
0.014705882352941176 0.679245283018868 0.2666666666666667 1.0 0.01723147616312464 0.1428571428571429 0.9797446059004844
0.029411764705882353 0.6698113207547169 0.64 0.7777777777777778 0.022688110281447443 0.3571428571428571 0.9766622633201233
0.029411764705882353 0.6037735849056604 0.5733333333333333 0.6 0.022975301550832855 0.2857142857142857 0.9764420959929546
0.058823529411764705 0.08490566037735847 0.013333333333333308 0.5384615384615384 0.05973578403216542 0.0 0.9390136503742844
0.07352941176470588 0.06603773584905659 0.026666666666666616 0.5473543123543123 0.06863871338311316 0.0 0.929326287978864
0.07352941176470588 0.028301886792452824 0.0 0.5715034965034965 0.07610568638713383 0.0 0.9240422721268164
0.029411764705882353 0.39622641509433965 0.12 0.5 0.03159103963239517 0.0 0.9674152355790401
0.04411764705882353 0.3867924528301887 0.29333333333333333 0.5303030303030303 0.03704767375071798 0.0714285714285714 0.9610303830911493
0.029411764705882353 0.49056603773584906 0.33333333333333337 0.38461538461538464 0.028144744399770247 0.0714285714285714 0.9735799207397622
0.08823529411764706 0.028301886792452824 0.013333333333333308 0.5652214452214452 0.08213670304422746 0.0 0.916116248348745
0.058823529411764705 0.23584905660377353 0.19999999999999996 0.5255050505050505 0.051407237219988515 0.0 0.9495816820783796
0.029411764705882353 0.41509433962264153 0.17333333333333334 0.42857142857142855 0.031016657093624354 0.0 0.9682959048877147
0.029411764705882353 0.5471698113207547 0.42666666666666664 0.4166666666666667 0.024124066628374498 0.1428571428571429 0.9749009247027741
0.04411764705882353 0.23584905660377353 0.040000000000000036 0.5366300366300366 0.04738655944859276 0.0 0.9533245266402466
0.029411764705882353 0.5094339622641509 0.31999999999999995 0.38461538461538464 0.025847214244686962 0.0714285714285714 0.973139586085425
0.014705882352941176 0.6886792452830188 0.4 1.0 0.014359563469270534 0.2142857142857143 0.9821664464993395
0.058823529411764705 0.07547169811320753 0.026666666666666616 0.5395299145299145 0.05973578403216542 0.0 0.9390136503742844
0.04411764705882353 0.339622641509434 0.22666666666666668 0.48484848484848486 0.03934520390580126 0.0 0.9594892118009688
0.04411764705882353 0.2924528301886793 0.1466666666666666 0.5128205128205128 0.04106835152211373 0.0 0.9583883751651255
0.029411764705882353 0.5754716981132075 0.52 0.45454545454545453 0.023549684089603676 0.2142857142857143 0.9777630999559666
0.058823529411764705 0.1132075471698113 0.06666666666666665 0.5215617715617715 0.05686387133831131 0.0 0.944297666226332
0.04411764705882353 0.33018867924528306 0.17333333333333334 0.49980574980574977 0.03991958644457209 0.0 0.9586085424922941
0.014705882352941176 0.7169811320754718 0.52 1.0 0.01263641585295807 0.2857142857142857 0.9839277851166887
0.029411764705882353 0.4339622641509434 0.17333333333333334 0.42857142857142855 0.02929350947731189 0.0 0.9698370761778952
0.07352941176470588 0.037735849056603765 0.0 0.5634365634365635 0.07352096496266514 0.0 0.9273447820343461
0.029411764705882353 0.46226415094339623 0.28 0.46153846153846156 0.028144744399770247 0.0714285714285714 0.9707177454865697
0.014705882352941176 0.7452830188679245 0.6266666666666667 1.0 0.012062033314187249 0.3571428571428571 0.9867899603698811
0.04411764705882353 0.28301886792452835 0.10666666666666669 0.5256410256410257 0.04135554279149914 0.0 0.9546455306032585
0.04411764705882353 0.21698113207547165 0.040000000000000036 0.5512820512820512 0.04623779437105112 0.0 0.9513430206957287
0.058823529411764705 0.19811320754716977 0.1466666666666666 0.5251554001554002 0.05284319356691557 0.0 0.9456186701893439
0.07352941176470588 0.047169811320754707 0.0 0.5588694638694639 0.07294658242389432 0.0 0.9282254513430207
0.08823529411764706 0.009433962264150941 0.0 0.5669230769230769 0.08730614589316485 0.0 0.9134742404227213
0.058823529411764705 0.16981132075471694 0.1333333333333333 0.5214646464646465 0.05514072372199885 0.0 0.9460590048436812
0.058823529411764705 0.10377358490566035 0.026666666666666616 0.5193278943278944 0.05743825387708214 0.0 0.9414354909731396
0.04411764705882353 0.3113207547169812 0.19999999999999996 0.5 0.040206777713957496 0.0 0.9594892118009688
0.07352941176470588 0.05660377358490565 0.040000000000000036 0.5486013986013987 0.06921309592188397 0.0 0.9299867899603699
0.04411764705882353 0.34905660377358494 0.22666666666666668 0.5555555555555555 0.038770821367030445 0.0714285714285714 0.9579480405107882
0.08823529411764706 0.018867924528301883 0.026666666666666616 0.5675380175380176 0.08500861573808156 0.0 0.9150154117129018
0.014705882352941176 0.7075471698113207 0.52 1.0 0.013785180930499713 0.2857142857142857 0.9850286217525319
0.07352941176470588 0.047169811320754707 0.026666666666666616 0.5691724941724943 0.07122343480758185 0.0 0.9266842800528402
0.029411764705882353 0.5377358490566038 0.42666666666666664 0.4166666666666667 0.02527283170591614 0.1428571428571429 0.9760017613386174
0.04411764705882353 0.3679245283018868 0.24 0.5404040404040403 0.038770821367030445 0.0714285714285714 0.9592690444738001
0.04411764705882353 0.30188679245283023 0.18666666666666665 0.5023310023310024 0.04221711659965537 0.0 0.9583883751651255
0.029411764705882353 0.5660377358490566 0.48 0.5454545454545454 0.023549684089603676 0.2142857142857143 0.9735799207397622
0.04411764705882353 0.26415094339622647 0.053333333333333344 0.5384615384615384 0.043365881677197016 0.0 0.9537648612945839
0.029411764705882353 0.4528301886792453 0.22666666666666668 0.5384615384615384 0.02871912693854107 0.0714285714285714 0.9698370761778952
0.04411764705882353 0.24528301886792447 0.10666666666666669 0.5256410256410255 0.04451464675473866 0.0 0.9557463672391018
0.058823529411764705 0.09433962264150941 0.040000000000000036 0.5203962703962705 0.05743825387708214 0.0 0.9414354909731396
0.08823529411764706 0.028301886792452824 0.013333333333333308 0.5595349095349095 0.08500861573808156 0.0 0.9158960810215764
0.04411764705882353 0.3207547169811321 0.19999999999999996 0.5 0.03991958644457209 0.0 0.9586085424922941
0.029411764705882353 0.5188679245283019 0.3733333333333333 0.5 0.02527283170591614 0.1428571428571429 0.971818582122413
0.029411764705882353 0.4811320754716981 0.28 0.46153846153846156 0.026421596783457783 0.0714285714285714 0.9722589167767504
0.04411764705882353 0.2735849056603774 0.1466666666666666 0.5128205128205128 0.04279149913842619 0.0 0.957507705856451
0.08823529411764706 0.047169811320754707 0.040000000000000036 0.5578255078255079 0.08213670304422746 0.0 0.9183179216204316
0.058823529411764705 0.160377358490566 0.12 0.5226301476301477 0.05399195864445721 0.0 0.9467195068251871
0.058823529411764705 0.15094339622641506 0.09333333333333338 0.5214646464646464 0.05571510626076967 0.0 0.9431968295904888
0.058823529411764705 0.13207547169811318 0.07999999999999996 0.5203962703962705 0.05686387133831131 0.0 0.944297666226332
0.058823529411764705 0.2075471698113207 0.17333333333333334 0.523989898989899 0.05226881102814474 0.0 0.9484808454425363
0.04411764705882353 0.37735849056603776 0.28 0.5333333333333333 0.0376220562894888 0.0714285714285714 0.9623513870541611
0.08823529411764706 0.037735849056603765 0.013333333333333308 0.5606071706071706 0.08385985066053991 0.0 0.916776750330251
0.04411764705882353 0.3584905660377359 0.2533333333333333 0.5429292929292929 0.03819643882825962 0.0714285714285714 0.9608102157639806
0.04411764705882353 0.2547169811320755 0.10666666666666669 0.5256410256410255 0.043653072946582425 0.0 0.9550858652575958
0.058823529411764705 0.14150943396226412 0.09333333333333338 0.5225330225330226 0.05456634118322803 0.0 0.9438573315719947
0.029411764705882353 0.5283018867924528 0.3733333333333333 0.5 0.02469844916714532 0.1428571428571429 0.9740202553940995
0.029411764705882353 0.4716981132075472 0.28 0.46153846153846156 0.027570361860999426 0.0714285714285714 0.9715984147952443
0.029411764705882353 0.5 0.33333333333333337 0.38461538461538464 0.026995979322228605 0.0714285714285714 0.972479084103919