0.5173611111111112 0.0 0.0 0.5772494645473959 0.5207826439578265 0.0 0.4753251277287506
0.4661458333333333 0.0 0.0 0.572247599325653 0.46852189781021897 0.0 0.5304226660473761
0.5112847222222222 0.0 0.0 0.5729341081898679 0.513470701540957 0.0 0.4843096841616349
0.4817708333333333 0.0 0.0 0.578722950509625 0.48607309407948096 0.0 0.5099860659544824
0.4895833333333333 0.0 0.0 0.5664311050937414 0.48593369829683697 0.0 0.5134986065954485
0.4670138888888889 0.0 0.0 0.5780891604577083 0.4702706812652068 0.0 0.5258795866233161
0.484375 0.0 0.0 0.5743664710576888 0.48266423357664234 0.0 0.5120326288899211
0.5182291666666666 0.0 0.0 0.570271033250054 0.5195154095701541 0.0 0.47967951695308875
0.5538194444444444 0.0 0.0 0.5730853739343102 0.5514877331711273 0.0 0.4458894565722251
0.5234375 0.0 0.0 0.5685219254422406 0.5195407542579076 0.0 0.4779377612633535
0.5 0.0 0.0 0.5740289483359285 0.49858069748580697 0.0 0.495993961913609
0.5034722222222222 0.0 0.0 0.5687245056132457 0.5043466139497161 0.0 0.4963423130515562
0.4739583333333333 0.0 0.0 0.5826260683274236 0.4809534671532847 0.0 0.5155451695308869
0.5390625 0.0 0.0 0.5694350225578383 0.533125506893755 0.0 0.463844054807246
0.4809027777777778 0.0 0.0 0.5682064047351848 0.4771390916463909 0.0 0.5216413144449608
0.5017361111111112 0.0 0.0 0.5747604141166883 0.5018121451743714 0.0 0.492887830933581
0.4947916666666667 0.0 0.0 0.5641405731846738 0.485566200324412 0.0 0.5138324431026478
0.5060763888888888 0.0 0.0 0.5767562451555613 0.5064248783454988 0.0 0.48773513701811455
0.5338541666666666 0.0 0.0 0.5660890199842405 0.5254207218167072 0.0 0.47385915002322343
0.515625 0.0 0.0 0.57363197784313 0.5136861313868614 0.0 0.4808116581514167
0.4930555555555556 0.0 0.0 0.5717325814453369 0.49376520681265207 0.0 0.5034980260102186
0.5225694444444444 0.0 0.0 0.5681136929124468 0.5182988645579887 0.0 0.4790844170924292
0.4835069444444444 0.0 0.0 0.5748479277452071 0.48148570559610704 0.0 0.512468067812355
0.4800347222222222 0.0 0.0 0.570924195211297 0.47672090429845904 0.0 0.5193334881560618
0.5225694444444444 0.0 0.0 0.5649090776761769 0.5130651865369019 0.0 0.48570308871342327
0.4930555555555556 0.0 0.0 0.5738133778864379 0.4960969180859692 0.0 0.501436948444032
0.4730902777777778 0.0 0.0 0.5682370821925146 0.4721588605028386 0.0 0.5274907106363218
0.5277777777777778 0.0 0.0 0.5687714445311881 0.5234945255474452 0.0 0.47374303297724096
0.4765625 0.0 0.0 0.5749864083482069 0.4762393552311436 0.0 0.5190431955411058
0.515625 0.0 0.0 0.5742402438096235 0.5141169910786699 0.0 0.4801294705062704
0.4835069444444444 0.0 0.0 0.5692670395860947 0.4830824209245742 0.0 0.5145291453785419
0.5277777777777778 0.0 0.0 0.5753019524656015 0.532301804541768 0.0 0.4661518810961448
0.5078125 0.0 0.0 0.5753296843281591 0.5094789132197891 0.0 0.486704598235021
0.5008680555555556 0.0 0.0 0.572065643973408 0.5001140510948905 0.0 0.49609556432884394
0.46875 0.0 0.0 0.5698554003505821 0.46608880778588807 0.0 0.5320628193218766
0.4661458333333333 0.0 0.0 0.5794234310065287 0.47051145579886455 0.0 0.5254006038086394
0.46875 0.0 0.0 0.5713782826721486 0.4685472424979724 0.0 0.5283761031119372
0.4861111111111111 0.0 0.0 0.5723268673951867 0.48052260746147607 0.0 0.5142823966558292
0.515625 0.0 0.0 0.5761913951487064 0.5141930251419302 0.0 0.47792324663260566
0.4835069444444444 0.0 0.0 0.5798454739394591 0.4898874695863747 0.0 0.50750406409661
0.4835069444444444 0.0 0.0 0.580070391327922 0.4901789334955393 0.0 0.5071121690664194
0.5208333333333334 0.0 0.0 0.5688885835648685 0.5170823195458232 0.0 0.4802020436600095
0.5243055555555556 0.0 0.0 0.5735097024862075 0.5221512570965126 0.0 0.4727415234556428
0.5190972222222222 0.0 0.0 0.5688304146880957 0.5153588807785888 0.0 0.48200185787273586
0.4904513888888889 0.0 0.0 0.5744696958016674 0.4917756488240065 0.0 0.5036722015791921
0.4826388888888889 0.0 0.0 0.57084595822702 0.47667021492295214 0.0 0.5192173711100792
0.5026041666666666 0.0 0.0 0.5671617517611325 0.49774432278994324 0.0 0.49928878309335856
0.5034722222222222 0.0 0.0 0.5700938601074975 0.5004942214111923 0.0 0.49592138875987024
0.4878472222222222 0.0 0.0 0.5706255140912504 0.48547749391727496 0.0 0.5111907803065494
0.5130208333333334 0.0 0.0 0.5718936086282274 0.5106574412003244 0.0 0.4843096841616352
0.4930555555555556 0.0 0.0 0.5716689741554863 0.4922698702351987 0.0 0.5039044356711571
0.5078125 0.0 0.0 0.5696725749192494 0.5063108272506083 0.0 0.49174117510450555
0.4791666666666667 0.0 0.0 0.5737444342395593 0.47585918491484186 0.0 0.5189851370181144
0.5017361111111112 0.0 0.0 0.574644709896831 0.4993537104622871 0.0 0.49378773803994447
0.5060763888888888 0.0 0.0 0.5692006692889676 0.5014319748580698 0.0 0.4948473060845333
0.5199652777777778 0.0 0.0 0.5777097870107333 0.5213022100567721 0.0 0.473539828146772
0.5017361111111112 0.0 0.0 0.5723147837636965 0.5002407745336578 0.0 0.49525371574547183
0.4696180555555556 0.0 0.0 0.5774049845148527 0.47333738848337387 0.0 0.5233395262424524
0.4861111111111111 0.0 0.0 0.5710287544144187 0.4844890510948905 0.0 0.5117568509057132
0.5251736111111112 0.0 0.0 0.5719572353244918 0.5220245336577454 0.0 0.4736124013005105
0.4644097222222222 0.0 0.0 0.5694863154517311 0.46619018653690186 0.0 0.5334997677659086
0.5043402777777778 0.0 0.0 0.5690825526591641 0.500367497972425 0.0 0.4960375058058525
0.4809027777777778 0.0 0.0 0.5716336287151825 0.4811815693430657 0.0 0.5158790060380869
0.4835069444444444 0.0 0.0 0.5657156036084386 0.47655616382806165 0.0 0.5228895726892712
0.5208333333333334 0.0 0.0 0.57281637677633 0.5186030008110301 0.0 0.4765298420808176
0.484375 0.0 0.0 0.5756915315177006 0.4852367193836172 0.0 0.5095070831398052
0.4861111111111111 0.0 0.0 0.569101013065215 0.4846284468775345 0.0 0.5127873896888067
0.5147569444444444 0.0 0.0 0.5745754429229364 0.513470701540957 0.0 0.48056490942870433
0.4982638888888889 0.0 0.0 0.5731010765912773 0.4960969180859692 0.0 0.4983308174640042
0.5243055555555556 0.0 0.0 0.5770663608368264 0.5265612327656123 0.0 0.4684451927542962
0.5008680555555556 0.0 0.0 0.5678212335243485 0.49830190592051904 0.0 0.5000870877844872
0.4626736111111111 0.0 0.0 0.5693376096788418 0.463985198702352 0.0 0.5356914770088255
0.4869791666666667 0.0 0.0 0.5766541767273722 0.48955798864557987 0.0 0.5060961449140735
0.5269097222222222 0.0 0.0 0.574799089291297 0.5235452149229521 0.0 0.4697369948908501
0.4800347222222222 0.0 0.0 0.578501247605653 0.48217001216545013 0.0 0.5136727821644216
0.5364583333333334 0.0 0.0 0.5721109702934247 0.5343927412814274 0.0 0.4620006967022755
0.5208333333333334 0.0 0.0 0.5681930622193244 0.5162332725060828 0.0 0.4811164653971203
0.5260416666666666 0.0 0.0 0.5703152003978442 0.5255727899432279 0.0 0.4714787505805853
0.515625 0.0 0.0 0.5705088264199585 0.5125202757502028 0.0 0.48397584765443546
0.5269097222222222 0.0 0.0 0.5710339669139877 0.5250912408759124 0.0 0.47140617742684576
0.4722222222222222 0.0 0.0 0.5703968817386585 0.47284316707218166 0.0 0.5263005109150027
0.4895833333333333 0.0 0.0 0.5716416672226362 0.4852620640713706 0.0 0.5101892707849514
0.4713541666666667 0.0 0.0 0.577159631878483 0.4747440186536902 0.0 0.5213800510915003
0.5182291666666666 0.0 0.0 0.5732995513165238 0.5158657745336578 0.0 0.47869252206223856
0.4939236111111111 0.0 0.0 0.571928963042186 0.49085056772100566 0.0 0.5037883186251747
0.5008680555555556 0.0 0.0 0.5726778415392928 0.4994170721816707 0.0 0.4958343009753835
0.4765625 0.0 0.0 0.5745647008471915 0.4762900446066504 0.0 0.5192609150023227
0.4722222222222222 0.0 0.0 0.5719324657370248 0.47246299675588 0.0 0.5243265211333026
0.4809027777777778 0.0 0.0 0.5744700705101845 0.4837287104622871 0.0 0.5135566651184398
0.4956597222222222 0.0 0.0 0.5741127264209561 0.49233323195458234 0.0 0.5008418485833723
0.4878472222222222 0.0 0.0 0.5779553556621536 0.4888990267639903 0.0 0.5049494890849979
0.5078125 0.0 0.0 0.5693446997160398 0.504397303325223 0.0 0.4928152577798425
0.5112847222222222 0.0 0.0 0.5794241597579647 0.5171710259529603 0.0 0.47998432419879256
0.4991319444444444 0.0 0.0 0.5666229409207448 0.4932963300892133 0.0 0.5038608917789136
0.4878472222222222 0.0 0.0 0.5651050459256742 0.47939476885644766 0.0 0.518186832326986
0.4973958333333333 0.0 0.0 0.5716402063084398 0.4911800486618005 0.0 0.5031206456107755
0.5260416666666666 0.0 0.0 0.572295777787347 0.5251292579075426 0.0 0.47137714816535037
0.5008680555555556 0.0 0.0 0.5691116658322871 0.4967305352798054 0.0 0.5000435438922437
0.4991319444444444 0.0 0.0 0.572305487650886 0.4976302716950527 0.0 0.4977357176033447
0.4592013888888889 0.0 0.0 0.5674113459545828 0.4541134428223844 0.0 0.5434858337203904
0.5286458333333334 0.0 0.0 0.5684358892404167 0.5235578872668288 0.0 0.47429458894565735
0.4956597222222222 0.0 0.0 0.571824826231212 0.49168694241686944 0.0 0.5031206456107757
0.5138888888888888 0.0 0.0 0.5673173504962749 0.5071725466342255 0.0 0.491204133766837
0.5199652777777778 0.0 0.0 0.5660894397051759 0.5139015612327656 0.0 0.4846435206688344
0.5243055555555556 0.0 0.0 0.5701003678742377 0.5212388483373885 0.0 0.4751364375290289
0.4826388888888889 0.0 0.0 0.571669945440883 0.48315845498783455 0.0 0.5139195308871347
0.484375 0.0 0.0 0.572994197279502 0.4820939781021898 0.0 0.5138469577333955
0.5060763888888888 0.0 0.0 0.5744060358080443 0.5067036699107867 0.0 0.48917208546214586
0.5034722222222222 0.0 0.0 0.5696719081034423 0.49879612733171125 0.0 0.4971696470041804
0.4869791666666667 0.0 0.0 0.5747868725724568 0.4863645579886456 0.0 0.5083168834184861
0.4939236111111111 0.0 0.0 0.5744575402605708 0.49327098540145986 0.0 0.5016401532745008
0.4869791666666667 0.0 0.0 0.5698097491549792 0.4872896390916464 0.0 0.510436019507664