0.5364583333333334 0.0 0.0 0.5674104834015592 0.5315541362530414 0.0 0.4692434974454245
0.5182291666666666 0.0 0.0 0.5757655814226347 0.5208840227088403 0.0 0.4757895959126798
0.4791666666666667 0.0 0.0 0.5635636335127292 0.4735654906731549 0.0 0.5265182303762195
0.5182291666666666 0.0 0.0 0.5765476728995922 0.5176779197080292 0.0 0.47713945657222445
0.4739583333333333 0.0 0.0 0.5706973805870545 0.4750861719383617 0.0 0.522192870413377
0.5017361111111112 0.0 0.0 0.5676404936900481 0.4970346715328467 0.0 0.49840339061774264
0.4444444444444444 0.0 0.0 0.5596957250753065 0.4370057785888078 0.0 0.5656061309800282
0.4887152777777778 0.0 0.0 0.5663938307998709 0.4849072384428224 0.0 0.5122358337203903
0.4930555555555556 0.0 0.0 0.570660359721964 0.49110401459854014 0.0 0.5036576869484439
0.4956597222222222 0.0 0.0 0.5629583847941592 0.4888610097323601 0.0 0.5110456339990714
0.5034722222222222 0.0 0.0 0.5668132345570769 0.49888483373884834 0.0 0.498011495587552
0.5095486111111112 0.0 0.0 0.5649925987886437 0.5077047850770479 0.0 0.49332326985601505
0.4861111111111111 0.0 0.0 0.5697589013671397 0.48236009732360097 0.0 0.5117713655364607
0.4592013888888889 0.0 0.0 0.5754703424461586 0.45973996350364965 0.0 0.5371284254528569
0.4522569444444444 0.0 0.0 0.5616738626346458 0.4457877128953771 0.0 0.5553588016720855
0.5069444444444444 0.0 0.0 0.5651323080671649 0.5052463503649635 0.0 0.49564561077566216
0.5460069444444444 0.0 0.0 0.5772133085729465 0.5472551703163017 0.0 0.4495471435206685
0.4600694444444444 0.0 0.0 0.5661504517867559 0.4548104217356042 0.0 0.5423536925220624
0.4861111111111111 0.0 0.0 0.5732806096821874 0.4864532643957826 0.0 0.5085491175104508
0.4522569444444444 0.0 0.0 0.5631669294678886 0.44550892133008924 0.0 0.554008941012541
0.4852430555555556 0.0 0.0 0.5735800915320518 0.4859970600162206 0.0 0.5089845564328848
0.4965277777777778 0.0 0.0 0.5759431695216138 0.49878345498783455 0.0 0.4960955643288436
0.4748263888888889 0.0 0.0 0.5648745796344233 0.4724123073803731 0.0 0.5281874129122162
0.5260416666666666 0.0 0.0 0.574949256679255 0.5269287307380373 0.0 0.4691709242916857
0.4991319444444444 0.0 0.0 0.5641606804043303 0.49476632197891324 0.0 0.5047753135160242
0.5199652777777778 0.0 0.0 0.5635681370169876 0.513787510137875 0.0 0.4859208081746397
0.515625 0.0 0.0 0.5660698781527871 0.5117219180859692 0.0 0.48761901997213164
0.5121527777777778 0.0 0.0 0.5757760653959132 0.5123682076236821 0.0 0.4827856479331164
0.4713541666666667 0.0 0.0 0.5732753875384001 0.4690794809407948 0.0 0.5265182303762195
0.5034722222222222 0.0 0.0 0.566464678985703 0.5 0.0 0.4980840687412912
0.5086805555555556 0.0 0.0 0.5644915142153243 0.5034722222222222 0.0 0.49561658151416654
0.5147569444444444 0.0 0.0 0.5684382740663454 0.5096309813463098 0.0 0.4853402229447279
0.4618055555555556 0.0 0.0 0.5789554096821095 0.4636810624493106 0.0 0.5313516024152347
0.4739583333333333 0.0 0.0 0.5648024570119499 0.4693329278183293 0.0 0.5302484904784025
0.5086805555555556 0.0 0.0 0.5638104344047445 0.5019515409570154 0.0 0.4968503251277291
0.5017361111111112 0.0 0.0 0.5704231759461431 0.49939172749391725 0.0 0.4950505109150024
0.4765625 0.0 0.0 0.5667008594744928 0.4696117193836172 0.0 0.5263440548072457
0.4583333333333333 0.0 0.0 0.5738491751767917 0.4594231549067315 0.0 0.538812122619601
0.4956597222222222 0.0 0.0 0.5682993788925603 0.49382856853203566 0.0 0.5025255457501159
0.5434027777777778 0.0 0.0 0.5768263996057073 0.546507502027575 0.0 0.4515211333023684
0.4973958333333333 0.0 0.0 0.5679540643100858 0.49278943633414435 0.0 0.5023658848118904
0.5034722222222222 0.0 0.0 0.5700048999637658 0.5003548256285483 0.0 0.49412157454714356
0.4592013888888889 0.0 0.0 0.5662188756664289 0.4538726682887267 0.0 0.5432390849976778
0.5008680555555556 0.0 0.0 0.5611577826244244 0.4925613341443633 0.0 0.5093619368323268
0.4522569444444444 0.0 0.0 0.5633775379837426 0.44654805352798055 0.0 0.5532396655829079
0.5069444444444444 0.0 0.0 0.5788538266583653 0.5141296634225466 0.0 0.48256792847189955
0.5034722222222222 0.0 0.0 0.5696715000576053 0.5010264598540146 0.0 0.4938312819321877
0.5112847222222222 0.0 0.0 0.5662291115067929 0.5081483171127331 0.0 0.49066709242916906
0.5269097222222222 0.0 0.0 0.5695008372379053 0.5257375304136253 0.0 0.4727705527171385
0.4869791666666667 0.0 0.0 0.5659573155748965 0.4824741484184915 0.0 0.514296911286577
0.5121527777777778 0.0 0.0 0.572467464375752 0.509162104622871 0.0 0.4857466326056661
0.5295138888888888 0.0 0.0 0.5705221064796191 0.5293238037307381 0.0 0.4686774268462607
0.5043402777777778 0.0 0.0 0.5700405776407174 0.5024711070559611 0.0 0.49217661402693913
0.5225694444444444 0.0 0.0 0.5672269457200647 0.5192873073803731 0.0 0.47928762192289853
0.4895833333333333 0.0 0.0 0.5668704940541143 0.4856042173560422 0.0 0.5099860659544821
0.4887152777777778 0.0 0.0 0.5694288798601049 0.4865546431467964 0.0 0.5090281003251278
0.5373263888888888 0.0 0.0 0.57643294928728 0.5377762570965126 0.0 0.4572544124477469
0.4887152777777778 0.0 0.0 0.5707950424589426 0.4860604217356042 0.0 0.507823385973061
0.5052083333333334 0.0 0.0 0.5633847150939917 0.5014319748580698 0.0 0.5002467487227126
0.4930555555555556 0.0 0.0 0.5703508202463968 0.48984945255474455 0.0 0.5040931258708781
0.5043402777777778 0.0 0.0 0.5694717282616873 0.5024204176804542 0.0 0.49236530422666047
0.5078125 0.0 0.0 0.5721311161839416 0.5077554744525548 0.0 0.4869368323269855
0.5182291666666666 0.0 0.0 0.5763540259662777 0.5226201338199513 0.0 0.4744687645146306
0.5390625 0.0 0.0 0.5750776679152648 0.541286496350365 0.0 0.4558755225267065
0.4869791666666667 0.0 0.0 0.5656681597740221 0.4773291768045418 0.0 0.5186222712494193
0.4817708333333333 0.0 0.0 0.5753913294048976 0.48176449716139497 0.0 0.5106392243381328
0.4539930555555556 0.0 0.0 0.564036621080717 0.4476758921330089 0.0 0.5508882954017653
0.5043402777777778 0.0 0.0 0.5632360360036262 0.500506893755069 0.0 0.5021336507199259
0.5 0.0 0.0 0.5709023850637263 0.4982638888888889 0.0 0.496124593590339
0.4800347222222222 0.0 0.0 0.5699931968182873 0.4815110502838605 0.0 0.515820947515095
0.5112847222222222 0.0 0.0 0.5651952705719011 0.505449107866991 0.0 0.4924959359033908
0.5164930555555556 0.0 0.0 0.5708385556194386 0.5155743106244931 0.0 0.48165350673478846
0.5338541666666666 0.0 0.0 0.5750298689186689 0.5343420519059205 0.0 0.46104273107292093
0.5442708333333334 0.0 0.0 0.5748634289034127 0.5456331103000811 0.0 0.45201463074779347
0.4887152777777778 0.0 0.0 0.5697673570702902 0.4824361313868613 0.0 0.511611704598235
0.4965277777777778 0.0 0.0 0.571731367779826 0.49629967558799676 0.0 0.4986211100789597
0.4539930555555556 0.0 0.0 0.5636321037040565 0.44834752635847525 0.0 0.5512801904319559
0.4965277777777778 0.0 0.0 0.5679078296945647 0.4960969180859692 0.0 0.5028303529958202
0.4982638888888889 0.0 0.0 0.5643002824458665 0.4923078872668289 0.0 0.5061106595448213
0.4947916666666667 0.0 0.0 0.5675518037607351 0.4913194444444444 0.0 0.5049494890849973
0.4921875 0.0 0.0 0.5701615747761979 0.491661597729116 0.0 0.5046882257315375
0.4895833333333333 0.0 0.0 0.5678667466702834 0.48465379156528793 0.0 0.5104505341384118
0.5208333333333334 0.0 0.0 0.5649691063829282 0.5150420721816708 0.0 0.4829017649790984
0.4826388888888889 0.0 0.0 0.5677158558080154 0.47622668288726683 0.0 0.5175046446818392
0.5104166666666666 0.0 0.0 0.5791534028331564 0.5178553325223033 0.0 0.4789828146771945
0.4696180555555556 0.0 0.0 0.5744293725191727 0.47061283454987834 0.0 0.5247909893172322
0.5112847222222222 0.0 0.0 0.5646589837246475 0.5059813463098135 0.0 0.49275719925685113
0.4539930555555556 0.0 0.0 0.5630909092258648 0.44719434306569344 0.0 0.5522236414305624
0.4652777777777778 0.0 0.0 0.5658877534030992 0.4617041768045418 0.0 0.5361994890849977
0.4869791666666667 0.0 0.0 0.5692392024293915 0.48505930656934304 0.0 0.5110020901068277
0.5208333333333334 0.0 0.0 0.5674724936083202 0.5185016220600163 0.0 0.4799698095680449
0.5138888888888888 0.0 0.0 0.5655254427909033 0.5070965125709651 0.0 0.4905509753831865
0.4539930555555556 0.0 0.0 0.5632774528369846 0.4486009732360097 0.0 0.5513382489549468
0.4592013888888889 0.0 0.0 0.5668565144916081 0.4542528386050284 0.0 0.5427891314444961
0.5234375 0.0 0.0 0.5770299374268566 0.5283733779399837 0.0 0.469780538783093
0.5052083333333334 0.0 0.0 0.5712003056579432 0.502382400648824 0.0 0.4915234556432885
0.5269097222222222 0.0 0.0 0.5703786580862586 0.5277904501216545 0.0 0.4705498142127261
0.4713541666666667 0.0 0.0 0.565259416297665 0.4654298459042985 0.0 0.5321353924756155
0.4835069444444444 0.0 0.0 0.5734560628579394 0.48414689781021897 0.0 0.5106972828611244
0.5442708333333334 0.0 0.0 0.575917295324598 0.5471918085969181 0.0 0.4497648629818852
0.5173611111111112 0.0 0.0 0.5682961944607865 0.5122034671532847 0.0 0.4830469112865766
0.4869791666666667 0.0 0.0 0.569390805019501 0.48369069343065696 0.0 0.5113214119832792
0.5034722222222222 0.0 0.0 0.5686685297017696 0.4998479318734793 0.0 0.49532628889921027
0.4791666666666667 0.0 0.0 0.5685624189989994 0.4791159772911598 0.0 0.5199576172782168
0.5217013888888888 0.0 0.0 0.5672280322854723 0.5180834347120844 0.0 0.4800133534602883
0.4557291666666667 0.0 0.0 0.5627681175281201 0.44871502433090027 0.0 0.5510769856014868
0.4973958333333333 0.0 0.0 0.5681005313773176 0.4947536496350365 0.0 0.5008128193218763
0.4800347222222222 0.0 0.0 0.5643702454762508 0.4761379764801298 0.0 0.5231508360427308
0.5190972222222222 0.0 0.0 0.5609885035111215 0.5106067518248175 0.0 0.4918863214119833
0.4982638888888889 0.0 0.0 0.5702676048263061 0.4979470802919708 0.0 0.49820018578727365
0.4826388888888889 0.0 0.0 0.5729145303293398 0.48261354420113545 0.0 0.5126422433813289