0.5164930555555556 0.0 0.0 0.5687430563188085 0.5104673560421735 0.0 0.48583372039015316
0.5381944444444444 0.0 0.0 0.5742157191015848 0.5410964111922141 0.0 0.4574576172782162
0.5190972222222222 0.0 0.0 0.574062427780618 0.520161699107867 0.0 0.4762685787273572
0.5269097222222222 0.0 0.0 0.5735193754188296 0.5265105433901054 0.0 0.46991117045982345
0.4513888888888889 0.0 0.0 0.5739838164275647 0.4484742497972425 0.0 0.5479853692522063
0.4782986111111111 0.0 0.0 0.579114499300306 0.48494525547445255 0.0 0.5115681607059919
0.4765625 0.0 0.0 0.5700695836499385 0.47487074209245744 0.0 0.52309277751974
0.4366319444444444 0.0 0.0 0.5711836117233952 0.4343065693430657 0.0 0.5669559916395728
0.5043402777777778 0.0 0.0 0.5685145800230121 0.5018881792376317 0.0 0.4961971667440783
0.4722222222222222 0.0 0.0 0.5712470108597283 0.4702706812652068 0.0 0.526692405945193
0.5217013888888888 0.0 0.0 0.5712834835980788 0.5168288726682887 0.0 0.4780103344170923
0.4756944444444444 0.0 0.0 0.5708420217174041 0.47332471613949717 0.0 0.5235717603344172
0.4782986111111111 0.0 0.0 0.5713467085585172 0.47789943227899434 0.0 0.5196237807710178
0.4618055555555556 0.0 0.0 0.5672653834870974 0.45468369829683697 0.0 0.543558406874129
0.4635416666666667 0.0 0.0 0.5767500682116469 0.4671659570154096 0.0 0.5289566883418488
0.5130208333333334 0.0 0.0 0.5703793056892053 0.510175892133009 0.0 0.48629818857408247
0.4730902777777778 0.0 0.0 0.570281590346383 0.47452858880778587 0.0 0.5253425452856484
0.4739583333333333 0.0 0.0 0.5638410188112034 0.46575932684509325 0.0 0.5349802601021831
0.4635416666666667 0.0 0.0 0.5735426671333488 0.4632375304136253 0.0 0.5337755457501167
0.4704861111111111 0.0 0.0 0.5710739118826875 0.47163929440389296 0.0 0.5273455643288438
0.4765625 0.0 0.0 0.5721021233549962 0.4777727088402271 0.0 0.5200301904319555
0.4817708333333333 0.0 0.0 0.5769772986473073 0.48717558799675587 0.0 0.5097393172317697
0.4782986111111111 0.0 0.0 0.5687648090017545 0.4780895174371452 0.0 0.521568741291222
0.4791666666666667 0.0 0.0 0.5729641434350077 0.4759478913219789 0.0 0.5187819321876452
0.4644097222222222 0.0 0.0 0.5758035243031683 0.4656199310624493 0.0 0.5301614026939161
0.4809027777777778 0.0 0.0 0.5696939073236802 0.4808140713706407 0.0 0.5180707152810033
0.484375 0.0 0.0 0.5743298942274514 0.4816504460665045 0.0 0.5117713655364606
0.4800347222222222 0.0 0.0 0.5716003610995691 0.47825425790754256 0.0 0.518172317696238
0.4921875 0.0 0.0 0.5741936964470786 0.4906351378751014 0.0 0.5035996284254528
0.5043402777777778 0.0 0.0 0.5762259768044842 0.5045873884833739 0.0 0.489941360891779
0.4895833333333333 0.0 0.0 0.5783440766788599 0.4971740673154907 0.0 0.5010305387830933
0.5034722222222222 0.0 0.0 0.5772758094518652 0.5044479927007299 0.0 0.49005747793776133
0.4739583333333333 0.0 0.0 0.5670661637956997 0.4687373276561233 0.0 0.529885624709707
0.5173611111111112 0.0 0.0 0.5687483236533227 0.5133439781021898 0.0 0.48364201114723626
0.5217013888888888 0.0 0.0 0.5754568758806983 0.5261430454176804 0.0 0.471348118903855
0.515625 0.0 0.0 0.5653920895526308 0.5091874493106245 0.0 0.48936077566186675
0.4939236111111111 0.0 0.0 0.5747908256807842 0.49807380373073806 0.0 0.49914363678588014
0.5138888888888888 0.0 0.0 0.5711384955515894 0.5111136455798865 0.0 0.4845274036228515
0.4713541666666667 0.0 0.0 0.5689939818842683 0.4636937347931874 0.0 0.5330933581049697
0.5234375 0.0 0.0 0.572355890144222 0.5208586780210868 0.0 0.4737285183464929
0.4852430555555556 0.0 0.0 0.5768233640705303 0.49088858475263586 0.0 0.5062122619600559
0.4965277777777778 0.0 0.0 0.5711959656155302 0.49863138686131386 0.0 0.500624129122155
0.5008680555555556 0.0 0.0 0.5769237831960206 0.506462895377129 0.0 0.4911460752438459
0.5138888888888888 0.0 0.0 0.5673828595599665 0.508338402270884 0.0 0.4890269391546681
0.5052083333333334 0.0 0.0 0.5738345858153318 0.5061460867802109 0.0 0.4900139340455181
0.4730902777777778 0.0 0.0 0.5740825897760409 0.4726784266017843 0.0 0.5233975847654435
0.4418402777777778 0.0 0.0 0.5800973382321996 0.4451921127331711 0.0 0.549799698095681
0.4852430555555556 0.0 0.0 0.5697430497823968 0.4835639699918897 0.0 0.5135131212261961
0.5034722222222222 0.0 0.0 0.5666706802797703 0.49626165855636656 0.0 0.5012047143520673
0.4670138888888889 0.0 0.0 0.5758899726406849 0.47001723438767234 0.0 0.5261698792382725
0.5043402777777778 0.0 0.0 0.5736891744378219 0.5103152879156528 0.0 0.48901242452392024
0.5017361111111112 0.0 0.0 0.5669454655450203 0.4951845093268451 0.0 0.5023078262888996
0.5234375 0.0 0.0 0.5699293379735965 0.5200349756690997 0.0 0.4760798885276357
0.4913194444444444 0.0 0.0 0.5730171687492318 0.4948423560421736 0.0 0.503236762656758
0.4626736111111111 0.0 0.0 0.5756781338538934 0.4631361516626115 0.0 0.5321063632141205
0.4548611111111111 0.0 0.0 0.5730447835538643 0.4550258515815085 0.0 0.5420779145378548
0.5164930555555556 0.0 0.0 0.5684273068620976 0.5114431265206812 0.0 0.48519507663725026
0.4904513888888889 0.0 0.0 0.5729473146193163 0.4888103203568532 0.0 0.5057913376683696
0.4583333333333333 0.0 0.0 0.5702136880158301 0.45251672749391725 0.0 0.5444002554575011
0.4861111111111111 0.0 0.0 0.5759586037134552 0.4892285077047851 0.0 0.5071411983279145
0.5008680555555556 0.0 0.0 0.5692689478970352 0.4999873276561233 0.0 0.49844693450998634
0.4913194444444444 0.0 0.0 0.5685229664462521 0.4859083536090835 0.0 0.5110166047375754
0.5295138888888888 0.0 0.0 0.5817395934528911 0.5386633211678832 0.0 0.4605637482582443
0.5321180555555556 0.0 0.0 0.5833897896540753 0.5413118410381184 0.0 0.457065722248026
0.4800347222222222 0.0 0.0 0.5667198023058427 0.47289385644768855 0.0 0.5247184161634927
0.484375 0.0 0.0 0.5786243678048884 0.48954531630170317 0.0 0.5060816302833254
0.4982638888888889 0.0 0.0 0.5686508912030298 0.49299219383617193 0.0 0.5040060380863913
0.4782986111111111 0.0 0.0 0.5684632131812897 0.4725390308191403 0.0 0.5242539479795636
0.4869791666666667 0.0 0.0 0.5759666617707825 0.49035634630981345 0.0 0.5060816302833255
0.4444444444444444 0.0 0.0 0.5797577692014146 0.44790399432278993 0.0 0.5472741523455646
0.5121527777777778 0.0 0.0 0.5699338122377035 0.5086932278994323 0.0 0.4878077101718532
0.4730902777777778 0.0 0.0 0.5726451597774167 0.4741484184914842 0.0 0.52407977241059
0.5017361111111112 0.0 0.0 0.5735826606664804 0.507147201946472 0.0 0.4922346725499305
0.5008680555555556 0.0 0.0 0.576671576584648 0.5015333536090836 0.0 0.4931636089177892
0.4861111111111111 0.0 0.0 0.5761173763518459 0.4880373073803731 0.0 0.5066767301439852
0.4461805555555556 0.0 0.0 0.5793420954494924 0.4498808799675588 0.0 0.5457936600092899
0.4748263888888889 0.0 0.0 0.572781856832983 0.479014598540146 0.0 0.5200737343241988
0.5008680555555556 0.0 0.0 0.5717157726889532 0.501698094079481 0.0 0.49695192754296336
0.4826388888888889 0.0 0.0 0.5770816873810707 0.49110401459854014 0.0 0.5073444031583838
0.5130208333333334 0.0 0.0 0.5702970332880566 0.5107334752635847 0.0 0.48664653971202987
0.5060763888888888 0.0 0.0 0.5668499401030488 0.5002787915652879 0.0 0.49728576405016256
0.4861111111111111 0.0 0.0 0.5684914193846786 0.4813589821573398 0.0 0.5157193450998607
0.4635416666666667 0.0 0.0 0.5702518282475545 0.4614507299270073 0.0 0.5364897816999538
0.5164930555555556 0.0 0.0 0.5739439679443613 0.5178046431467964 0.0 0.47860543427775193
0.5060763888888888 0.0 0.0 0.5762510117069197 0.5069697891321979 0.0 0.4879093125870878
0.4592013888888889 0.0 0.0 0.5736272888354789 0.45890358880778587 0.0 0.5379122155132379
0.4730902777777778 0.0 0.0 0.5802605200592795 0.4770757299270073 0.0 0.5162709010682768
0.5347222222222222 0.0 0.0 0.5700173054108146 0.5327580089213301 0.0 0.46734208081746365
0.5147569444444444 0.0 0.0 0.5680857409870546 0.5086805555555556 0.0 0.48828669298653016
0.4887152777777778 0.0 0.0 0.5727658975445701 0.48703619221411193 0.0 0.5081136785880169
0.5060763888888888 0.0 0.0 0.5736765675551369 0.5052210056772101 0.0 0.49002844867626594
0.4982638888888889 0.0 0.0 0.573537740110696 0.5022936942416869 0.0 0.49590687412912227
0.4817708333333333 0.0 0.0 0.577035261614846 0.4867447283049473 0.0 0.5097973757547609
0.4496527777777778 0.0 0.0 0.5742061198177055 0.4468775344687753 0.0 0.5494368323269857
0.4930555555555556 0.0 0.0 0.5661243677745914 0.4864786090835361 0.0 0.5115826753367398
0.5208333333333334 0.0 0.0 0.5713746908083548 0.5179693836171938 0.0 0.4776910125406407
0.5217013888888888 0.0 0.0 0.5700259277231208 0.518653690186537 0.0 0.4781264514630744
0.5078125 0.0 0.0 0.5704392499177726 0.5043719586374696 0.0 0.49087029725963793
0.5095486111111112 0.0 0.0 0.5727208168243088 0.5096943430656934 0.0 0.48680620065025526
0.5121527777777778 0.0 0.0 0.5682469224352441 0.5062601378751014 0.0 0.48957849512308393
0.5034722222222222 0.0 0.0 0.5766153334092252 0.5040171330089214 0.0 0.490507431490943
0.4722222222222222 0.0 0.0 0.5728739553091108 0.46958637469586373 0.0 0.5249071063632142
0.4817708333333333 0.0 0.0 0.5680494931759239 0.4790652879156529 0.0 0.518317464003716
0.4878472222222222 0.0 0.0 0.5772285874185937 0.4892918694241687 0.0 0.5042092429168601
0.4895833333333333 0.0 0.0 0.5670051778598129 0.4865419708029197 0.0 0.5110601486298192
0.5130208333333334 0.0 0.0 0.5687811046078376 0.508477798053528 0.0 0.4888817928471898
0.4852430555555556 0.0 0.0 0.5709866585453373 0.4817011354420114 0.0 0.5128454482117974
0.4748263888888889 0.0 0.0 0.5783330616824314 0.47888787510137876 0.0 0.5160967254993039
0.4574652777777778 0.0 0.0 0.5775157554722857 0.46198296836982966 0.0 0.5346319089642365
0.5321180555555556 0.0 0.0 0.5741500064633714 0.5318836171938361 0.0 0.4653826056665118
0.4696180555555556 0.0 0.0 0.5738059075029547 0.4712844687753447 0.0 0.5267940083604278
0.5112847222222222 0.0 0.0 0.5685940559850899 0.5073753041362531 0.0 0.49014456572224785