0.5390625 0.0 0.0 0.5692053176590249 0.5387013381995134 0.0 0.4619571528100326
0.4913194444444444 0.0 0.0 0.5686869482023855 0.4844890510948905 0.0 0.512656758012076
0.5164930555555556 0.0 0.0 0.5672905574153426 0.5073246147607462 0.0 0.4896365536460747
0.5260416666666666 0.0 0.0 0.5693974706030057 0.5252433090024331 0.0 0.473278564793311
0.4826388888888889 0.0 0.0 0.5693894629472864 0.4813589821573398 0.0 0.5163434742220159
0.5069444444444444 0.0 0.0 0.5783861188660354 0.5093268450932684 0.0 0.4852386205294944
0.4895833333333333 0.0 0.0 0.5671658423566898 0.4865546431467964 0.0 0.5122213190896425
0.4904513888888889 0.0 0.0 0.5793763176126275 0.494500202757502 0.0 0.5001161170459826
0.5034722222222222 0.0 0.0 0.5756887146808475 0.49775699513381993 0.0 0.4951230840687415
0.5225694444444444 0.0 0.0 0.5698448502698509 0.520757299270073 0.0 0.47668950301904267
0.4722222222222222 0.0 0.0 0.5802215962225422 0.47646745742092456 0.0 0.5189851370181142
0.4956597222222222 0.0 0.0 0.5666925479669935 0.49173763179237634 0.0 0.5076201811425918
0.5164930555555556 0.0 0.0 0.575337698890609 0.5127990673154906 0.0 0.48136321411983296
0.5017361111111112 0.0 0.0 0.5781990676413413 0.5085791768045418 0.0 0.4893027171388762
0.4618055555555556 0.0 0.0 0.5675387694540135 0.45985401459854014 0.0 0.540350673478867
0.5199652777777778 0.0 0.0 0.5756964772920088 0.5188564476885644 0.0 0.47493323269856
0.4565972222222222 0.0 0.0 0.5660308508213634 0.4530616382806164 0.0 0.5496110078959593
0.4618055555555556 0.0 0.0 0.5726068187448898 0.46084245742092456 0.0 0.535967254993033
0.5277777777777778 0.0 0.0 0.574982913463963 0.5281072587185726 0.0 0.466761495587552
0.5295138888888888 0.0 0.0 0.5728827565490903 0.5309331914030819 0.0 0.46724047840222915
0.4782986111111111 0.0 0.0 0.579456918955384 0.4810421735604217 0.0 0.5137018114259178
0.4704861111111111 0.0 0.0 0.5759581174770942 0.47060016220600165 0.0 0.524384579656294
0.5295138888888888 0.0 0.0 0.5741277133966581 0.5294251824817519 0.0 0.4658325592196939
0.4956597222222222 0.0 0.0 0.578662915502131 0.4968572587185726 0.0 0.49648745935903427
0.4939236111111111 0.0 0.0 0.5718961348769588 0.49541261151662613 0.0 0.5023658848118907
0.484375 0.0 0.0 0.5782644419891108 0.48402017437145173 0.0 0.5097973757547611
0.5052083333333334 0.0 0.0 0.5825046147266476 0.5113797648012977 0.0 0.4837000696702274
0.4730902777777778 0.0 0.0 0.570368376858625 0.4679896593673966 0.0 0.5274616813748259
0.4826388888888889 0.0 0.0 0.5759397256547132 0.48300638686131386 0.0 0.5109875754760804
0.5338541666666666 0.0 0.0 0.5731563965847184 0.531617497972425 0.0 0.4638150255457496
0.5060763888888888 0.0 0.0 0.577672931894081 0.5093648621248986 0.0 0.48621110078959595
0.4765625 0.0 0.0 0.581866354355053 0.4816884630981346 0.0 0.5128744774732932
0.4713541666666667 0.0 0.0 0.5709192674197333 0.46639294403892945 0.0 0.5288841151881096
0.4861111111111111 0.0 0.0 0.5734837155087733 0.4857182684509327 0.0 0.5096377148165354
0.5121527777777778 0.0 0.0 0.5686976741306549 0.5104673560421735 0.0 0.4878512540640966
0.4965277777777778 0.0 0.0 0.5791540585436711 0.49679389699918897 0.0 0.49602299117510473
0.4696180555555556 0.0 0.0 0.57629929097608 0.47127179643146794 0.0 0.5240071992568514
0.515625 0.0 0.0 0.5685895908753066 0.514205697485807 0.0 0.48478866697631195
0.5182291666666666 0.0 0.0 0.5696048921240552 0.5125456204379562 0.0 0.4825824431026474
0.515625 0.0 0.0 0.5726222237399599 0.509022708840227 0.0 0.4847451230840686
0.4913194444444444 0.0 0.0 0.5699701087042451 0.48077605433901055 0.0 0.5130486530422664
0.5234375 0.0 0.0 0.5663006027171362 0.521859793187348 0.0 0.4788666976312117
0.5277777777777778 0.0 0.0 0.5743173293934926 0.5278031224655312 0.0 0.46757431490942847
0.5026041666666666 0.0 0.0 0.5685683287174337 0.4957801094890511 0.0 0.4986791686019507
0.4895833333333333 0.0 0.0 0.574379566785897 0.4911166869424169 0.0 0.5048188574082677
0.4774305555555556 0.0 0.0 0.5816132190119138 0.4824361313868613 0.0 0.512250348351138
0.5295138888888888 0.0 0.0 0.574082628551438 0.5280312246553123 0.0 0.46724047840222893
0.5442708333333334 0.0 0.0 0.5708440938597628 0.5460132806163828 0.0 0.45487401300510877
0.4956597222222222 0.0 0.0 0.5678852692837039 0.4894059205190592 0.0 0.5083023687877379
0.4765625 0.0 0.0 0.5759549947373905 0.4784696877534469 0.0 0.5161838132837907
0.5017361111111112 0.0 0.0 0.5735685062165604 0.4991002635847526 0.0 0.495021481653507
0.4947916666666667 0.0 0.0 0.5745725624526866 0.49899888483373883 0.0 0.4993613562470972
0.5069444444444444 0.0 0.0 0.5820662058489185 0.5128877737226277 0.0 0.4826114723641429
0.515625 0.0 0.0 0.5712320058914089 0.5115064882400648 0.0 0.4839323037621923
0.5182291666666666 0.0 0.0 0.5701747133065991 0.5119500202757502 0.0 0.48287273571760303
0.5060763888888888 0.0 0.0 0.5683480456689938 0.5037510137875101 0.0 0.49372967951695323
0.4939236111111111 0.0 0.0 0.57763670975033 0.49515916463909165 0.0 0.4988823734324195
0.4817708333333333 0.0 0.0 0.5755120508841877 0.4819545823195458 0.0 0.5124390385508597
0.5112847222222222 0.0 0.0 0.5707747646461472 0.5042072181670721 0.0 0.49062354853692514
0.5104166666666666 0.0 0.0 0.5740031987274347 0.5126850162206001 0.0 0.4836855550394801
0.4730902777777778 0.0 0.0 0.5705146200180696 0.46857258718572586 0.0 0.5273455643288435
0.484375 0.0 0.0 0.5806519069647991 0.4878979115977291 0.0 0.5053558987459361
0.4835069444444444 0.0 0.0 0.5749706651694941 0.48489456609894566 0.0 0.5104360195076643
0.4678819444444444 0.0 0.0 0.5745067573873522 0.46758414436334145 0.0 0.528434161634928
0.5303819444444444 0.0 0.0 0.5655266845359989 0.5221132400648824 0.0 0.4763121226196002
0.4956597222222222 0.0 0.0 0.5738895637196665 0.4949183901054339 0.0 0.5005805852299123
0.4809027777777778 0.0 0.0 0.5697735782570722 0.4786724452554745 0.0 0.5184335810496983
0.4557291666666667 0.0 0.0 0.5697081646133133 0.45505119626926194 0.0 0.54421156525778
0.5 0.0 0.0 0.5695775869239211 0.4913701338199513 0.0 0.5028738968880633
0.4470486111111111 0.0 0.0 0.5665807904120704 0.4448372871046229 0.0 0.5577682303762195
0.5251736111111112 0.0 0.0 0.5742263804627918 0.5249645174371452 0.0 0.4698821411983285
0.4991319444444444 0.0 0.0 0.5814072772433202 0.5025598134630981 0.0 0.49132025081281927
0.5251736111111112 0.0 0.0 0.5749793453162723 0.5254714111922141 0.0 0.4694031583836513
0.5407986111111112 0.0 0.0 0.5689453641149808 0.5402980535279805 0.0 0.46095564328843475
0.4973958333333333 0.0 0.0 0.569700933355146 0.4973641524736415 0.0 0.500566070599164
0.4956597222222222 0.0 0.0 0.5744450646073113 0.4999873276561233 0.0 0.4986936832326988
0.4817708333333333 0.0 0.0 0.5691663218790892 0.4813463098134631 0.0 0.5173594983743615
0.515625 0.0 0.0 0.5743880818321881 0.5157010340632603 0.0 0.4792150487691593
0.5069444444444444 0.0 0.0 0.5729895824679019 0.5079835766423357 0.0 0.4880109150023223
0.4522569444444444 0.0 0.0 0.5689854329340761 0.45105940794809407 0.0 0.5478402229447286
0.5199652777777778 0.0 0.0 0.5756220107488039 0.5206812652068127 0.0 0.4738156061309806
0.4800347222222222 0.0 0.0 0.5760027144932697 0.4816884630981346 0.0 0.5129760798885281
0.5069444444444444 0.0 0.0 0.5819905657274643 0.5127990673154906 0.0 0.48280016256386427
0.5 0.0 0.0 0.5760099570431702 0.5026611922141119 0.0 0.4932216674407808
0.5251736111111112 0.0 0.0 0.5742578671397318 0.5280819140308192 0.0 0.4684887366465399
0.4965277777777778 0.0 0.0 0.5770088849522114 0.49760492700729925 0.0 0.4967487227124938
0.5086805555555556 0.0 0.0 0.5748452149544918 0.5104039943227899 0.0 0.4851370181142589
0.5182291666666666 0.0 0.0 0.5679907345925065 0.5159544809407948 0.0 0.48287273571760303
0.4609375 0.0 0.0 0.5735835621509375 0.46203365774533656 0.0 0.5355608453320948
0.4965277777777778 0.0 0.0 0.5667748816430633 0.4907111719383617 0.0 0.5067638179284716
0.4965277777777778 0.0 0.0 0.5696639938146276 0.49575476480129765 0.0 0.5021046214584305
0.4878472222222222 0.0 0.0 0.5714240428504939 0.4846791362530414 0.0 0.5108133999071067
0.4756944444444444 0.0 0.0 0.5702055670146146 0.4703720600162206 0.0 0.5255457501161169
0.4444444444444444 0.0 0.0 0.5674983836511159 0.4428477291159773 0.0 0.559060032512773
0.5008680555555556 0.0 0.0 0.5749204178024319 0.49500709651257097 0.0 0.49844693450998634
0.4652777777777778 0.0 0.0 0.5681915021993861 0.46356701135442013 0.0 0.5362720622387367
0.5208333333333334 0.0 0.0 0.5694494740251997 0.5146872465531225 0.0 0.48224860659544766
0.4800347222222222 0.0 0.0 0.5785123117090584 0.48128294809407945 0.0 0.5120906874129125
0.5147569444444444 0.0 0.0 0.57151258582006 0.5137748377939984 0.0 0.48182768230376194
0.5199652777777778 0.0 0.0 0.5742446024776654 0.5228482360097324 0.0 0.47388817928471927
0.5112847222222222 0.0 0.0 0.5745902349904504 0.5097577047850771 0.0 0.48451288899210465
0.5173611111111112 0.0 0.0 0.5686125201063726 0.5097957218167072 0.0 0.4858192057594054
0.4670138888888889 0.0 0.0 0.580562847452284 0.4700552514193025 0.0 0.5247909893172322
0.4748263888888889 0.0 0.0 0.5681572844420895 0.4704861111111111 0.0 0.5295517882025084
0.5060763888888888 0.0 0.0 0.5693854418334074 0.49840328467153283 0.0 0.4965019739897818
0.4800347222222222 0.0 0.0 0.5688237754020444 0.47730383211678834 0.0 0.5201898513701815
0.4869791666666667 0.0 0.0 0.5744318843664908 0.4861998175182482 0.0 0.508505573618207
0.4921875 0.0 0.0 0.5669507649944208 0.4889243714517437 0.0 0.5099570366929866
0.5052083333333334 0.0 0.0 0.5746916550821726 0.5011658556366586 0.0 0.49097189967487265
0.4748263888888889 0.0 0.0 0.5691847451499891 0.47374290348742903 0.0 0.5234701579191829
0.4939236111111111 0.0 0.0 0.5726933866369609 0.49560269667477697 0.0 0.5020901068276826
0.5026041666666666 0.0 0.0 0.5814732946397402 0.5083130575831306 0.0 0.48758999071063613