0.4774305555555556 0.0 0.0 0.5711430005568325 0.47646745742092456 0.0 0.5197834417092433
0.4635416666666667 0.0 0.0 0.5785729679584908 0.4664816504460665 0.0 0.5305242684626102
0.5329861111111112 0.0 0.0 0.5775550922701276 0.5351784266017843 0.0 0.46136205294937205
0.4939236111111111 0.0 0.0 0.5792451314973958 0.4960462287104623 0.0 0.49802601021829973
0.5034722222222222 0.0 0.0 0.5649301634800208 0.5001140510948905 0.0 0.5000580585229913
0.5017361111111112 0.0 0.0 0.5727867109740375 0.5003168085969181 0.0 0.4955585229911754
0.5069444444444444 0.0 0.0 0.5657311739633462 0.49716139497161393 0.0 0.49921620993961946
0.4939236111111111 0.0 0.0 0.5823953434613768 0.4997845701540957 0.0 0.4955730376219232
0.4965277777777778 0.0 0.0 0.5682045023234431 0.49381589618815896 0.0 0.5041221551323736
0.4852430555555556 0.0 0.0 0.5663872247875352 0.48456508515815083 0.0 0.5157774036228522
0.5095486111111112 0.0 0.0 0.5665372718475621 0.5083637469586375 0.0 0.49190083604273116
0.4852430555555556 0.0 0.0 0.5652107386073153 0.4779374493106245 0.0 0.5204946586158853
0.4809027777777778 0.0 0.0 0.5708613489555137 0.47953416463909165 0.0 0.5168805155596845
0.4973958333333333 0.0 0.0 0.5728285119999454 0.49949310624493104 0.0 0.4972857640501629
0.4947916666666667 0.0 0.0 0.5646444614613384 0.4909646188158962 0.0 0.5102328146771951
0.4965277777777778 0.0 0.0 0.582241819630366 0.5028512773722628 0.0 0.49278622851834675
0.5442708333333334 0.0 0.0 0.5735900847974665 0.5425790754257908 0.0 0.453916047375754
0.5147569444444444 0.0 0.0 0.575697066978174 0.5160051703163017 0.0 0.4801149558755228
0.4956597222222222 0.0 0.0 0.5736204947491712 0.4947536496350365 0.0 0.4999129122155135
0.5034722222222222 0.0 0.0 0.570379726952879 0.5004308596918086 0.0 0.4954424059451932
0.5008680555555556 0.0 0.0 0.5724393517017929 0.49797242497972427 0.0 0.4966035764050162
0.4878472222222222 0.0 0.0 0.5768272441440403 0.48981143552311435 0.0 0.504905945192754
0.5217013888888888 0.0 0.0 0.570601285832167 0.5225821167883211 0.0 0.47603634463539246
0.5217013888888888 0.0 0.0 0.5656733435335478 0.5144844890510949 0.0 0.4838016720854621
0.5321180555555556 0.0 0.0 0.5699262406280872 0.5290450121654501 0.0 0.468038783093358
0.4982638888888889 0.0 0.0 0.5839336387134966 0.5040044606650446 0.0 0.4908122387366467
0.4887152777777778 0.0 0.0 0.5654414109071945 0.48208130575831304 0.0 0.5166627960984678
0.5121527777777778 0.0 0.0 0.5779038417526583 0.5182228304947283 0.0 0.4784602879702744
0.4947916666666667 0.0 0.0 0.5733758555671569 0.4935117599351176 0.0 0.5016836971667444
0.4817708333333333 0.0 0.0 0.57805113647917 0.483779399837794 0.0 0.511074663260567
0.4800347222222222 0.0 0.0 0.565846022393853 0.47834296431467965 0.0 0.5223235020901071
0.5451388888888888 0.0 0.0 0.5786606696733336 0.5502585158150851 0.0 0.4477763585694372
0.5321180555555556 0.0 0.0 0.5704581436767945 0.5284874290348743 0.0 0.4683871342313052
0.4765625 0.0 0.0 0.5664915403238983 0.4755043592862936 0.0 0.5251393404551792
0.4965277777777778 0.0 0.0 0.566260933487624 0.490926601784266 0.0 0.5071847422201583
0.5138888888888888 0.0 0.0 0.5694965347993926 0.5139649229521492 0.0 0.484309684161635
0.4956597222222222 0.0 0.0 0.5714470826460822 0.4947536496350365 0.0 0.5017562703204834
0.5182291666666666 0.0 0.0 0.5736433952646623 0.5192873073803731 0.0 0.47742974918718073
0.5112847222222222 0.0 0.0 0.5777595905990935 0.5149533657745337 0.0 0.4808842313051551
0.4869791666666667 0.0 0.0 0.5644229837978053 0.4797622668288727 0.0 0.5189561077566192
0.5234375 0.0 0.0 0.5688307861025006 0.5219231549067316 0.0 0.4763992104040873
0.5277777777777778 0.0 0.0 0.5724542865563088 0.526713300892133 0.0 0.4700708313980494
0.4991319444444444 0.0 0.0 0.5739179531606144 0.5020529197080292 0.0 0.4943392940083605
0.5199652777777778 0.0 0.0 0.5660119929631978 0.5100871857258719 0.0 0.48618207152810056
0.5182291666666666 0.0 0.0 0.5722389869617803 0.5155869829683698 0.0 0.4799988388295404
0.4965277777777778 0.0 0.0 0.5658311784053499 0.4900522100567721 0.0 0.5082007663725036
0.5104166666666666 0.0 0.0 0.5711185072768853 0.5048915247364153 0.0 0.4895204366000927
0.4869791666666667 0.0 0.0 0.5770444237631194 0.48915247364152475 0.0 0.5056897352531349
0.5234375 0.0 0.0 0.5691562599500497 0.5216950527169505 0.0 0.4764282396655829
0.5329861111111112 0.0 0.0 0.5703079646268433 0.5287915652879156 0.0 0.4678065490013934
0.4991319444444444 0.0 0.0 0.5649065959548423 0.4918136658556367 0.0 0.5066477008824894
0.5095486111111112 0.0 0.0 0.5726603559288862 0.5069064274128142 0.0 0.4886205294937299
0.5 0.0 0.0 0.5672084528535812 0.49683191403081917 0.0 0.5014804923362753
0.4956597222222222 0.0 0.0 0.5670818081195719 0.49452554744525545 0.0 0.5051381792847192
0.5277777777777778 0.0 0.0 0.5706654758365898 0.5239380575831306 0.0 0.47213190896423585
0.5121527777777778 0.0 0.0 0.5712524190622625 0.5134580291970803 0.0 0.48430968416163556
0.5121527777777778 0.0 0.0 0.5712323366100182 0.5079202149229521 0.0 0.48783673943334904
0.5260416666666666 0.0 0.0 0.564848483721759 0.5176272303325223 0.0 0.48100034835113803
0.5017361111111112 0.0 0.0 0.5677071215243684 0.4975288929440389 0.0 0.49992742684626146
0.4635416666666667 0.0 0.0 0.5674252042300847 0.4611212489862125 0.0 0.5370268230376223
0.4852430555555556 0.0 0.0 0.5768990796031437 0.48782187753446876 0.0 0.5073298885276356
0.4982638888888889 0.0 0.0 0.5664676089004694 0.4944875304136253 0.0 0.5040640966093827
0.4956597222222222 0.0 0.0 0.5686212445604696 0.4948550283860503 0.0 0.503614143056201
0.4861111111111111 0.0 0.0 0.5699827591136516 0.484970600162206 0.0 0.5124100092893639
0.4956597222222222 0.0 0.0 0.5657387576508882 0.48910178426601786 0.0 0.5088829540176498
0.4869791666666667 0.0 0.0 0.5755008135681109 0.48557887266828875 0.0 0.5083604273107298
0.515625 0.0 0.0 0.5710844574253079 0.5172343876723439 0.0 0.48163899210404093
0.5043402777777778 0.0 0.0 0.5714289240102918 0.5046127331711273 0.0 0.492495935903391
0.5017361111111112 0.0 0.0 0.5725165007025761 0.5021162814274128 0.0 0.4939909428704138
0.5112847222222222 0.0 0.0 0.5675408120792689 0.5040551500405515 0.0 0.4919008360427314
0.4991319444444444 0.0 0.0 0.5679623853910373 0.49626165855636656 0.0 0.5016691825359966
0.5208333333333334 0.0 0.0 0.5722792340156977 0.5181087793998378 0.0 0.4770959126799815
0.5199652777777778 0.0 0.0 0.5736996039060706 0.5209854014598541 0.0 0.4757605666511844
0.4930555555555556 0.0 0.0 0.5711861989948341 0.49034367396593675 0.0 0.5057623084068743
0.5130208333333334 0.0 0.0 0.573666730619311 0.5153842254663422 0.0 0.48197282861124047
0.4852430555555556 0.0 0.0 0.5725642011455608 0.4857309407948094 0.0 0.5099715513237345
0.5008680555555556 0.0 0.0 0.5719741309635805 0.4978963909164639 0.0 0.49687935438922437
0.4939236111111111 0.0 0.0 0.5661883116702052 0.4890891119221411 0.0 0.5099425220622388
0.5295138888888888 0.0 0.0 0.5707563294936598 0.5255474452554745 0.0 0.47065141662796084
0.4861111111111111 0.0 0.0 0.5729323806093995 0.48746705190592055 0.0 0.5088684393869025
0.4652777777777778 0.0 0.0 0.5788023361922131 0.46834448499594483 0.0 0.5287389688806317
0.5329861111111112 0.0 0.0 0.5736901931644197 0.5359641119221411 0.0 0.4620442405945192
0.4895833333333333 0.0 0.0 0.5664903328027384 0.48668136658556366 0.0 0.5120906874129124
0.5164930555555556 0.0 0.0 0.5664741343187011 0.5116332116788321 0.0 0.4874448444031586
0.5286458333333334 0.0 0.0 0.5758716504939111 0.5289436334144363 0.0 0.465585810496981
0.5112847222222222 0.0 0.0 0.577814770081695 0.5177412814274128 0.0 0.4791279609846729
0.5321180555555556 0.0 0.0 0.5707246677069676 0.5278031224655312 0.0 0.4682419879238271
0.4583333333333333 0.0 0.0 0.5680942797444415 0.4565845498783455 0.0 0.5411780074314912
0.5069444444444444 0.0 0.0 0.5722794074786786 0.5067923763179237 0.0 0.4897962145843012
0.5225694444444444 0.0 0.0 0.5684241959220173 0.5227468572587186 0.0 0.4771539712029724
0.4895833333333333 0.0 0.0 0.5764892725684544 0.49168694241686944 0.0 0.5033093358104967
0.4861111111111111 0.0 0.0 0.5728385989312024 0.48742903487429035 0.0 0.5089264979098936
0.5173611111111112 0.0 0.0 0.5762467986510644 0.5175131792376317 0.0 0.4763266372503484
0.5303819444444444 0.0 0.0 0.5751380051662395 0.5344434306569343 0.0 0.4635827914537852
0.4852430555555556 0.0 0.0 0.5769028861827834 0.4874543795620438 0.0 0.5075330933581047
0.5086805555555556 0.0 0.0 0.577529021702518 0.5120007096512571 0.0 0.4832791453785412
0.4947916666666667 0.0 0.0 0.567491636567786 0.4940946877534469 0.0 0.5057042498838831
0.5277777777777778 0.0 0.0 0.5721484132288932 0.5243562449310625 0.0 0.4715368091035762
0.5208333333333334 0.0 0.0 0.5678389202806386 0.515625 0.0 0.4815228750580588
0.5321180555555556 0.0 0.0 0.571982663949693 0.5289943227899432 0.0 0.4666889224338131
0.5112847222222222 0.0 0.0 0.5705581613706546 0.50819900648824 0.0 0.48888179284719013
0.5460069444444444 0.0 0.0 0.569572402840499 0.54316200324412 0.0 0.4536257547607987
0.4861111111111111 0.0 0.0 0.5694114111078362 0.4843243106244931 0.0 0.5131357408267536
0.4930555555555556 0.0 0.0 0.5691320167557061 0.49034367396593675 0.0 0.5073734324198795
0.5104166666666666 0.0 0.0 0.57256486750843 0.5105307177615572 0.0 0.485746632605667
0.5069444444444444 0.0 0.0 0.567213538977622 0.5016220600162206 0.0 0.495558522991175
0.5138888888888888 0.0 0.0 0.5641376159428294 0.5054237631792377 0.0 0.49396191360891795
0.5164930555555556 0.0 0.0 0.5654722254853879 0.5103279602595296 0.0 0.4884318392940087
0.4982638888888889 0.0 0.0 0.5671022303259883 0.4968065693430657 0.0 0.5037592893636784
0.4973958333333333 0.0 0.0 0.5687558688498537 0.49272607461476076 0.0 0.5041511843938693
0.5329861111111112 0.0 0.0 0.5692152732973599 0.5300334549878345 0.0 0.4685467951695309
0.5173611111111112 0.0 0.0 0.5658696251130072 0.5095549472830495 0.0 0.48712552252670704