0.4635416666666667 0.0 0.0 0.56951628184415 0.4611592660178427 0.0 0.5383621690664191
0.484375 0.0 0.0 0.5818373659035447 0.492117802108678 0.0 0.5052542963307018
0.4835069444444444 0.0 0.0 0.5676627947606351 0.4794201135442011 0.0 0.5197544124477478
0.4973958333333333 0.0 0.0 0.5628140971441955 0.4900395377128954 0.0 0.511887482582443
0.5130208333333334 0.0 0.0 0.5731444944924233 0.5113290754257908 0.0 0.4841209939619131
0.4626736111111111 0.0 0.0 0.5684266229281036 0.4591316909975669 0.0 0.5407280538783095
0.5381944444444444 0.0 0.0 0.5749035886367873 0.5407922749391727 0.0 0.45616581514166243
0.4939236111111111 0.0 0.0 0.5812808155516533 0.4970346715328467 0.0 0.49712610311193695
0.4930555555555556 0.0 0.0 0.5667041971449844 0.4925993511759935 0.0 0.5099280074314909
0.5095486111111112 0.0 0.0 0.570535753787434 0.5039157542579076 0.0 0.4918137482582443
0.5260416666666666 0.0 0.0 0.5705641526767303 0.5249645174371452 0.0 0.47175452856479316
0.5295138888888888 0.0 0.0 0.5691733266490301 0.528500101378751 0.0 0.4696934509986065
0.5026041666666666 0.0 0.0 0.5831509932235989 0.5093395174371452 0.0 0.4858627496516488
0.5260416666666666 0.0 0.0 0.5783830755350634 0.529374493106245 0.0 0.46594867626567626
0.4947916666666667 0.0 0.0 0.5614837810597626 0.48775851581508517 0.0 0.5144275429633067
0.4887152777777778 0.0 0.0 0.5747661320200401 0.48726429440389296 0.0 0.5065460984672552
0.5425347222222222 0.0 0.0 0.574817557077574 0.5449868207623683 0.0 0.4517678820250809
0.4765625 0.0 0.0 0.5705076320855093 0.4728051500405515 0.0 0.5237459359033907
0.5095486111111112 0.0 0.0 0.5807259401455729 0.5155236212489862 0.0 0.48100034835113803
0.5017361111111112 0.0 0.0 0.5772625759780903 0.5044479927007299 0.0 0.49097189967487254
0.4982638888888889 0.0 0.0 0.5699945387639376 0.4950451135442011 0.0 0.5021771946121693
0.4678819444444444 0.0 0.0 0.5787464187703484 0.47066352392538524 0.0 0.5240507431490944
0.4939236111111111 0.0 0.0 0.5718924406415766 0.4950324412003244 0.0 0.5033528797027402
0.5164930555555556 0.0 0.0 0.5664401753339843 0.5134073398215734 0.0 0.486951346957733
0.4991319444444444 0.0 0.0 0.573320335436726 0.5002027575020276 0.0 0.49660357640501696
0.4965277777777778 0.0 0.0 0.5721288365386559 0.49661648418491483 0.0 0.5007983046911286
0.53125 0.0 0.0 0.5708438860389722 0.5299574209245742 0.0 0.4668921272642822
0.4878472222222222 0.0 0.0 0.5751120345283743 0.48716291565287917 0.0 0.5068654203437064
0.5104166666666666 0.0 0.0 0.5816333037309379 0.5170949918896999 0.0 0.4786925220622388
0.4678819444444444 0.0 0.0 0.5668344830727553 0.46455545417680455 0.0 0.5360688574082678
0.4913194444444444 0.0 0.0 0.5682443571722741 0.4901789334955393 0.0 0.5096812587087782
0.5338541666666666 0.0 0.0 0.573682301750162 0.5354952351987023 0.0 0.4613039944263817
0.5060763888888888 0.0 0.0 0.5778167825772019 0.5107334752635847 0.0 0.48622561542034415
0.4817708333333333 0.0 0.0 0.5749227578739815 0.48218268450932683 0.0 0.5132808871342313
0.5407986111111112 0.0 0.0 0.5792809367946966 0.5459499188969992 0.0 0.45082443102647507
0.5329861111111112 0.0 0.0 0.5769695397539293 0.5382071167883211 0.0 0.45918485833720346
0.4921875 0.0 0.0 0.57337600961895 0.49040703568532035 0.0 0.5043398745935903
0.4904513888888889 0.0 0.0 0.5705446398084778 0.4872516220600162 0.0 0.5094635392475615
0.5 0.0 0.0 0.5670900269730063 0.4943734793187348 0.0 0.5039334649326526
0.4774305555555556 0.0 0.0 0.5785763060064362 0.47920468369829683 0.0 0.5152403622851836
0.5277777777777778 0.0 0.0 0.5683908768121884 0.5235452149229521 0.0 0.474309103576405
0.5277777777777778 0.0 0.0 0.5645032413739849 0.5204404906731549 0.0 0.4810584068741285
0.5112847222222222 0.0 0.0 0.5661661324782546 0.5062474655312247 0.0 0.49342487227124965
0.5034722222222222 0.0 0.0 0.5705832837605376 0.4991002635847526 0.0 0.4966180910357644
0.5095486111111112 0.0 0.0 0.5742601480620447 0.5113797648012977 0.0 0.4851225034835118
0.4991319444444444 0.0 0.0 0.5756550174351678 0.49775699513381993 0.0 0.4958488156061309
0.5260416666666666 0.0 0.0 0.5667931960216499 0.5214922952149229 0.0 0.47729911751045084
0.5243055555555556 0.0 0.0 0.5725845025195345 0.5241281427412814 0.0 0.4719867626567579
0.4774305555555556 0.0 0.0 0.5765656326544673 0.4776713300892133 0.0 0.5164595912679981
0.5390625 0.0 0.0 0.5751045824406621 0.5418694241686942 0.0 0.4551207617278217
0.4939236111111111 0.0 0.0 0.5689316065612773 0.4908252230332522 0.0 0.5076201811425922
0.4730902777777778 0.0 0.0 0.5682190915204322 0.4694089618815896 0.0 0.5301614026939157
0.4713541666666667 0.0 0.0 0.5715714264696804 0.4707395579886456 0.0 0.5271859033906177
0.4809027777777778 0.0 0.0 0.5766785698400838 0.483183799675588 0.0 0.5130051091500228
0.4878472222222222 0.0 0.0 0.5758634648540064 0.49114203163017034 0.0 0.5054139572689277
0.4618055555555556 0.0 0.0 0.570797358203849 0.4583333333333333 0.0 0.538812122619601
0.5008680555555556 0.0 0.0 0.578505474403704 0.5061460867802109 0.0 0.491015443567116
0.5442708333333334 0.0 0.0 0.5775747041911021 0.545823195458232 0.0 0.44893752902926154
0.4982638888888889 0.0 0.0 0.5753834473754619 0.5029399837793999 0.0 0.4960810496980961
0.5078125 0.0 0.0 0.5783866308383149 0.5126216545012166 0.0 0.48362749651648895
0.5295138888888888 0.0 0.0 0.5698289708512104 0.5260289943227899 0.0 0.4714061774268462
0.5277777777777778 0.0 0.0 0.5709155120469976 0.5236085766423357 0.0 0.4723351137947044
0.5 0.0 0.0 0.5712512882971122 0.4976682887266829 0.0 0.49896946121690644
0.5243055555555556 0.0 0.0 0.5697515197256626 0.5199082522303325 0.0 0.47674756154203424
0.4930555555555556 0.0 0.0 0.5711747425320906 0.4876571370640714 0.0 0.5078088713423131
0.5104166666666666 0.0 0.0 0.5701416282014898 0.5071852189781022 0.0 0.48976718532280494
0.5225694444444444 0.0 0.0 0.5790261409167912 0.5258262368207623 0.0 0.4687645146307482
0.5277777777777778 0.0 0.0 0.5683915731428072 0.5220625506893755 0.0 0.4756444496052018
0.5451388888888888 0.0 0.0 0.5703115683124985 0.5443025141930251 0.0 0.45488852763585685
0.4817708333333333 0.0 0.0 0.5821524865239434 0.4896340227088402 0.0 0.5078814444960522
0.515625 0.0 0.0 0.5673241444761181 0.5108221816707218 0.0 0.48718358104969806
0.5121527777777778 0.0 0.0 0.5756174041656812 0.5119880373073804 0.0 0.4826405016256383
0.5086805555555556 0.0 0.0 0.5778007866740145 0.5108982157339822 0.0 0.4840629354389221
0.5112847222222222 0.0 0.0 0.5709206551656126 0.5094028791565288 0.0 0.48721261031119356
0.5086805555555556 0.0 0.0 0.574892240497448 0.5079455596107056 0.0 0.4870239201114722
0.5147569444444444 0.0 0.0 0.5689057653333301 0.5094662408759124 0.0 0.48684974454249896
0.484375 0.0 0.0 0.5816809002098203 0.49204176804541766 0.0 0.5054284718996754
0.5190972222222222 0.0 0.0 0.5655690934721148 0.5136481143552312 0.0 0.4862546446818389
0.5373263888888888 0.0 0.0 0.5745538767562236 0.5392462489862125 0.0 0.45763179284718947
0.5286458333333334 0.0 0.0 0.5767218333888262 0.5327960259529603 0.0 0.4644391546679052
0.5225694444444444 0.0 0.0 0.5758689665715837 0.5208206609894566 0.0 0.4727124941941474
0.4809027777777778 0.0 0.0 0.5675259772266451 0.47830494728304945 0.0 0.5218735485369254
0.4791666666666667 0.0 0.0 0.5721674550833834 0.4771264193025142 0.0 0.5205817464003721
0.4895833333333333 0.0 0.0 0.5709859293310162 0.4907618613138686 0.0 0.5097102879702744
0.5260416666666666 0.0 0.0 0.5737944557318937 0.5250912408759124 0.0 0.47020146307477917
0.5407986111111112 0.0 0.0 0.5758821566881062 0.5407415855636658 0.0 0.4535531816070596
0.5138888888888888 0.0 0.0 0.5766649698105651 0.515396897810219 0.0 0.4794908267533675
0.5277777777777778 0.0 0.0 0.5708503115819008 0.5256108069748581 0.0 0.46994019972131895
0.4982638888888889 0.0 0.0 0.5712720016298305 0.4959321776155718 0.0 0.500769275429633
0.4878472222222222 0.0 0.0 0.5790305261300236 0.4906858272506083 0.0 0.5045140501625636
0.5338541666666666 0.0 0.0 0.5735457405782471 0.5320103406326034 0.0 0.4623055039479793
0.5138888888888888 0.0 0.0 0.5738210865979194 0.5125202757502028 0.0 0.48272758941012517
0.4939236111111111 0.0 0.0 0.5762182044783156 0.4949183901054339 0.0 0.5004209242916856
0.5147569444444444 0.0 0.0 0.5718191541889455 0.512735705596107 0.0 0.4841355085926612
0.5425347222222222 0.0 0.0 0.5687173902844956 0.5410457218167072 0.0 0.4582123780771016
0.5234375 0.0 0.0 0.575782401817212 0.5214289334955393 0.0 0.4720012772875055
0.5095486111111112 0.0 0.0 0.5814375265880902 0.5155743106244931 0.0 0.47995529493729683
0.4774305555555556 0.0 0.0 0.5782976668673239 0.47898925385239255 0.0 0.515545169530887
0.5390625 0.0 0.0 0.5692568757236669 0.5379916869424168 0.0 0.4612749651648861
0.5286458333333334 0.0 0.0 0.5709112409744034 0.5265105433901054 0.0 0.4690548072457035
0.53125 0.0 0.0 0.5743742681247026 0.5351277372262774 0.0 0.4630167208546212
0.4956597222222222 0.0 0.0 0.5753629371186129 0.4997465531224655 0.0 0.4986646539712032
0.5086805555555556 0.0 0.0 0.5789767740468786 0.5107841646390916 0.0 0.4834097770552719
0.5130208333333334 0.0 0.0 0.5755640563506218 0.513242599351176 0.0 0.481464816535067
0.5104166666666666 0.0 0.0 0.5787072028598109 0.5161572384428224 0.0 0.48147933116581476
0.4904513888888889 0.0 0.0 0.5718154780184421 0.49284012570965124 0.0 0.5058639108221092
0.5147569444444444 0.0 0.0 0.5730086158459969 0.515396897810219 0.0 0.48129064096609364
0.4947916666666667 0.0 0.0 0.5752390418571665 0.49655312246553124 0.0 0.5006241291221551
0.4939236111111111 0.0 0.0 0.5759851938077556 0.49742751419302517 0.0 0.4995210171853235
0.4973958333333333 0.0 0.0 0.5660407365055738 0.4915602189781022 0.0 0.5082878541569907
0.5269097222222222 0.0 0.0 0.5705033490134833 0.5225947891321979 0.0 0.47356885740826693
0.5373263888888888 0.0 0.0 0.5713360114519859 0.5388534063260341 0.0 0.4595186948444028