0.5269097222222222 0.0 0.0 0.5648415953156127 0.5210867802108679 0.0 0.48113098002786836
0.4956597222222222 0.0 0.0 0.5755910305567835 0.49040703568532035 0.0 0.504383418485834
0.5182291666666666 0.0 0.0 0.5707375445538166 0.5173991281427412 0.0 0.4813486994890853
0.5329861111111112 0.0 0.0 0.5713151725446269 0.5350643755068938 0.0 0.4649761960055737
0.5017361111111112 0.0 0.0 0.5711423147254304 0.49770630575831304 0.0 0.49863562470970735
0.5130208333333334 0.0 0.0 0.5669156551458644 0.5106067518248175 0.0 0.4900719925685094
0.4826388888888889 0.0 0.0 0.5752948462127866 0.4842102595296026 0.0 0.5131212261960055
0.5017361111111112 0.0 0.0 0.5750015220567847 0.5004308596918086 0.0 0.4953553181607062
0.4921875 0.0 0.0 0.5803131537716046 0.49423408353609083 0.0 0.5005080120761727
0.4965277777777778 0.0 0.0 0.5699455825617751 0.49477899432278993 0.0 0.5038754064096612
0.4878472222222222 0.0 0.0 0.5680837507397452 0.4802691605839416 0.0 0.5174320715281004
0.5451388888888888 0.0 0.0 0.5699600520946697 0.5464187956204379 0.0 0.45633999071063625
0.5225694444444444 0.0 0.0 0.576871477739862 0.5266119221411192 0.0 0.4697805387830929
0.5043402777777778 0.0 0.0 0.5767913654161155 0.5096943430656934 0.0 0.48754644681839343
0.4739583333333333 0.0 0.0 0.5738433530026495 0.473514801297648 0.0 0.5237023920111478
0.4921875 0.0 0.0 0.5727984205217601 0.49248530008110303 0.0 0.5045866233163031
0.5243055555555556 0.0 0.0 0.5770534324687469 0.529235097323601 0.0 0.4678210636321407
0.4722222222222222 0.0 0.0 0.5687978531160522 0.4679389699918897 0.0 0.5312500000000002
0.4609375 0.0 0.0 0.5752188100895568 0.4618435725871857 0.0 0.5351254064096616
0.5043402777777778 0.0 0.0 0.5775073304592693 0.5079202149229521 0.0 0.48840281003251296
0.5425347222222222 0.0 0.0 0.5695957399421903 0.5434661394971614 0.0 0.45933000464468166
0.4748263888888889 0.0 0.0 0.5757620744463249 0.47968623276561234 0.0 0.5187093590339067
0.5052083333333334 0.0 0.0 0.5667728303153703 0.5014066301703163 0.0 0.5001016024152345
0.5217013888888888 0.0 0.0 0.5752272444039925 0.5238113341443633 0.0 0.4729447282861119
0.4748263888888889 0.0 0.0 0.5683748020045052 0.4698905109489051 0.0 0.5294501857872738
0.5026041666666666 0.0 0.0 0.574509322447635 0.5061967761557178 0.0 0.49127670692057634
0.4861111111111111 0.0 0.0 0.5684025292040463 0.4857309407948094 0.0 0.5150081281932188
0.4817708333333333 0.0 0.0 0.5767906890565131 0.4827402676399027 0.0 0.5130921969345099
0.5190972222222222 0.0 0.0 0.5710609314534807 0.5157263787510138 0.0 0.4815809335810499
0.5017361111111112 0.0 0.0 0.5761512391996569 0.5042959245742092 0.0 0.4917266604737578
0.4973958333333333 0.0 0.0 0.5663169734143919 0.4927007299270073 0.0 0.5068654203437066
0.4991319444444444 0.0 0.0 0.5663922174026791 0.4948043390105434 0.0 0.5051091500232235
0.4861111111111111 0.0 0.0 0.5815299648319152 0.4887976480129765 0.0 0.505486530422666
0.5052083333333334 0.0 0.0 0.5733853154212472 0.5048281630170316 0.0 0.49190083604273105
0.5217013888888888 0.0 0.0 0.5779321408307563 0.525433394160584 0.0 0.4702595215977703
0.4973958333333333 0.0 0.0 0.5791100418226164 0.4982638888888889 0.0 0.49593590339061766
0.4696180555555556 0.0 0.0 0.5678624383985181 0.4639471816707218 0.0 0.5352415234556434
0.5164930555555556 0.0 0.0 0.5705946595351336 0.5134073398215734 0.0 0.4841500232234096
0.484375 0.0 0.0 0.5707381707065224 0.4854648215733982 0.0 0.5138034138411521
0.5052083333333334 0.0 0.0 0.5767772220305495 0.5111770072992701 0.0 0.4869513469577338
0.5225694444444444 0.0 0.0 0.5706546103899898 0.5204404906731549 0.0 0.47773455643288476
0.5008680555555556 0.0 0.0 0.5695455471355702 0.5004562043795621 0.0 0.4982872735717606
0.5095486111111112 0.0 0.0 0.571223951895897 0.50819900648824 0.0 0.4893607756618674
0.4965277777777778 0.0 0.0 0.5772026679110488 0.5033328264395782 0.0 0.4946441012540642
0.5199652777777778 0.0 0.0 0.5775980757328708 0.5233804744525548 0.0 0.4724512308406872
0.4730902777777778 0.0 0.0 0.5747106560432228 0.47487074209245744 0.0 0.5228169995355323
0.4696180555555556 0.0 0.0 0.5710462540909482 0.4649609691808597 0.0 0.5316709242916864
0.5260416666666666 0.0 0.0 0.5648348379482522 0.520022303325223 0.0 0.48197282861124024
0.5164930555555556 0.0 0.0 0.5767016522269477 0.5242928832116789 0.0 0.475020320483047
0.484375 0.0 0.0 0.5691010195342978 0.4795721816707218 0.0 0.5179545982350213
0.5121527777777778 0.0 0.0 0.5781541914714973 0.5168668896999189 0.0 0.479418253599628
0.484375 0.0 0.0 0.5726124824111357 0.48376672749391725 0.0 0.5126567580120762
0.5190972222222222 0.0 0.0 0.5809086888734476 0.5222906528791565 0.0 0.472741523455643
0.5147569444444444 0.0 0.0 0.5731809226433316 0.5187423965936739 0.0 0.47982466326056694
0.5234375 0.0 0.0 0.5723393209627345 0.5226961678832117 0.0 0.4749912912215516
0.5390625 0.0 0.0 0.5688517604986418 0.5377762570965126 0.0 0.46422143520668835
0.4939236111111111 0.0 0.0 0.571612222547435 0.4933977088402271 0.0 0.5043689038550865
0.5225694444444444 0.0 0.0 0.5769092477947302 0.5273342457420924 0.0 0.46976602415234503
0.5208333333333334 0.0 0.0 0.5693502317942416 0.520250405515004 0.0 0.47981014862981863
0.5277777777777778 0.0 0.0 0.5710697519644848 0.530565693430657 0.0 0.47075301904319566
0.5173611111111112 0.0 0.0 0.573674328795542 0.5192999797242498 0.0 0.4785473757547609
0.4791666666666667 0.0 0.0 0.5692640218893039 0.476036597729116 0.0 0.5218735485369252
0.5104166666666666 0.0 0.0 0.5705526836546011 0.5080342660178426 0.0 0.4905654900139341
0.5112847222222222 0.0 0.0 0.5765975628217294 0.5155109489051095 0.0 0.48120355318160735
0.5251736111111112 0.0 0.0 0.5660483886337232 0.5205165247364153 0.0 0.4814938457965632
0.4965277777777778 0.0 0.0 0.5714487525439498 0.4888356650446066 0.0 0.5070831398049236
0.5017361111111112 0.0 0.0 0.5715105152718545 0.49651510543390104 0.0 0.4986791686019506
0.5303819444444444 0.0 0.0 0.5725601783786732 0.5299954379562044 0.0 0.4676759173246635
0.5095486111111112 0.0 0.0 0.5717027250055283 0.5096436536901865 0.0 0.4890704830469115
0.5104166666666666 0.0 0.0 0.5780848005342989 0.5128370843471208 0.0 0.48237923827217843
0.4973958333333333 0.0 0.0 0.5725279415135873 0.49441149635036497 0.0 0.5017417556897352
0.4947916666666667 0.0 0.0 0.5725628615790055 0.49684458637469586 0.0 0.501625638643753
0.4956597222222222 0.0 0.0 0.5724656443510353 0.4920544403892944 0.0 0.5034254528564792
0.5060763888888888 0.0 0.0 0.5651266338612515 0.4993537104622871 0.0 0.5016111240130051
0.4982638888888889 0.0 0.0 0.5807463012774859 0.5021289537712895 0.0 0.4931926381792848
0.4878472222222222 0.0 0.0 0.5765820161547753 0.4892918694241687 0.0 0.5061832326985602
0.4991319444444444 0.0 0.0 0.5755893362515991 0.5022683495539335 0.0 0.4941651184393874
0.4887152777777778 0.0 0.0 0.567686880740622 0.4875557583130576 0.0 0.513309916395727
0.5017361111111112 0.0 0.0 0.5715413993707572 0.49868207623682076 0.0 0.4983017882025085
0.5138888888888888 0.0 0.0 0.5734145912008805 0.5153588807785888 0.0 0.481871226196006
0.4756944444444444 0.0 0.0 0.572973741954328 0.4744018653690186 0.0 0.5222218996748725
0.4930555555555556 0.0 0.0 0.5734690755343295 0.49537459448499593 0.0 0.5014224338132838
0.5217013888888888 0.0 0.0 0.576972763196488 0.524787104622871 0.0 0.47114491407338566
0.4852430555555556 0.0 0.0 0.5728021224943513 0.48613645579886455 0.0 0.5111617510450532
0.4956597222222222 0.0 0.0 0.5766437707484297 0.5018121451743714 0.0 0.49618265211333046
0.5225694444444444 0.0 0.0 0.572644388386288 0.5224807380373074 0.0 0.47533964235949877
0.4956597222222222 0.0 0.0 0.5688657976877765 0.4895199716139497 0.0 0.5078088713423132
0.5277777777777778 0.0 0.0 0.5678935696183243 0.5268020072992701 0.0 0.4754557594054809
0.4661458333333333 0.0 0.0 0.5712756134991368 0.4614127128953771 0.0 0.5348786576869489
0.4748263888888889 0.0 0.0 0.5687001249022385 0.47049878345498786 0.0 0.5285793079424063
0.5052083333333334 0.0 0.0 0.5691163437301164 0.5030160178426601 0.0 0.4957907570831398
0.5 0.0 0.0 0.5714330435460339 0.4950831305758313 0.0 0.5009144217371111
0.4704861111111111 0.0 0.0 0.5672548288218943 0.46554389699918897 0.0 0.5333836507199261
0.4982638888888889 0.0 0.0 0.5753908769709364 0.503345498783455 0.0 0.49496342313051567
0.4930555555555556 0.0 0.0 0.5705728879077706 0.48856954582319545 0.0 0.5084475150952162
0.5260416666666666 0.0 0.0 0.5737606986258491 0.526992092457421 0.0 0.47046272642823994
0.5104166666666666 0.0 0.0 0.5732701390296874 0.5088199513381995 0.0 0.4882286344635396
0.4852430555555556 0.0 0.0 0.5694932086761505 0.4821953568532036 0.0 0.5156177426846265
0.5138888888888888 0.0 0.0 0.570409714967949 0.5135594079480941 0.0 0.4844838597306088
0.5 0.0 0.0 0.5721918283632135 0.4968699310624493 0.0 0.4996226196005573
0.5234375 0.0 0.0 0.5722734732792514 0.523456508515815 0.0 0.47351079888527625
0.4791666666666667 0.0 0.0 0.571488923544791 0.4754029805352798 0.0 0.5204366000928938
0.4921875 0.0 0.0 0.5815094431693346 0.4955139902676399 0.0 0.49891140269391543
0.4913194444444444 0.0 0.0 0.573944956770626 0.49044505271695055 0.0 0.5058203669298653
0.5 0.0 0.0 0.5663389774980088 0.4953365774533658 0.0 0.5044269623780773
0.4991319444444444 0.0 0.0 0.5691799658413659 0.4961729521492295 0.0 0.5022352531351604
0.4730902777777778 0.0 0.0 0.572853889273656 0.47417376317923765 0.0 0.5247909893172322
0.5234375 0.0 0.0 0.5743164938216665 0.5255727899432279 0.0 0.4719432187645143
0.5138888888888888 0.0 0.0 0.5769456565950346 0.5186790348742903 0.0 0.4778651881096141
0.5043402777777778 0.0 0.0 0.5732247240658499 0.500139395782644 0.0 0.49584881560613125
0.5017361111111112 0.0 0.0 0.5743316194483263 0.5028639497161395 0.0 0.49406351602415266
0.5303819444444444 0.0 0.0 0.57275731585471 0.5268907137064072 0.0 0.4689677194612173