0.5364583333333334 0.0 0.0 0.5675162737937502 0.5289689781021898 0.0 0.46828553181607047
0.5060763888888888 0.0 0.0 0.5784776224452842 0.5094535685320357 0.0 0.48613852763585697
0.4921875 0.0 0.0 0.5630685095884168 0.4859210259529603 0.0 0.5154145378541573
0.5225694444444444 0.0 0.0 0.5778080790328419 0.5215176399026764 0.0 0.47308987459359053
0.4713541666666667 0.0 0.0 0.5809422171213732 0.4764801297648013 0.0 0.5202188806316772
0.5078125 0.0 0.0 0.5625306900318947 0.49749087591240876 0.0 0.501465977705527
0.5164930555555556 0.0 0.0 0.5747444911678696 0.5168288726682887 0.0 0.47882315373896855
0.5043402777777778 0.0 0.0 0.5762936094092329 0.5080342660178426 0.0 0.48896888063167687
0.4869791666666667 0.0 0.0 0.5732786279050586 0.4841595701540957 0.0 0.5107698560148632
0.5199652777777778 0.0 0.0 0.5780639071322794 0.5268780413625304 0.0 0.47082559219693443
0.4921875 0.0 0.0 0.5743297604463855 0.4925993511759935 0.0 0.5036431723176967
0.5199652777777778 0.0 0.0 0.5752202786712778 0.5205418694241687 0.0 0.47475905712958677
0.4895833333333333 0.0 0.0 0.5758803900461706 0.48938057583130573 0.0 0.5052688109614497
0.53125 0.0 0.0 0.5674733241558451 0.5283226885644768 0.0 0.4720012772875055
0.4861111111111111 0.0 0.0 0.5731860590020312 0.484375 0.0 0.5102763585694385
0.4800347222222222 0.0 0.0 0.5681315873171925 0.47938209651257097 0.0 0.5197689270784955
0.5026041666666666 0.0 0.0 0.5755296334868482 0.5031934306569343 0.0 0.49204598235020935
0.4965277777777778 0.0 0.0 0.5678799299498737 0.4915602189781022 0.0 0.5058203669298655
0.4921875 0.0 0.0 0.5702872581194036 0.48845549472830496 0.0 0.5068654203437071
0.5112847222222222 0.0 0.0 0.5661615498240603 0.5090987429034874 0.0 0.4922201579191826
0.4817708333333333 0.0 0.0 0.5770381268861993 0.4830824209245742 0.0 0.5127728750580591
0.4939236111111111 0.0 0.0 0.5654596091210832 0.48488189375506896 0.0 0.5117423362749656
0.5112847222222222 0.0 0.0 0.5652975236536362 0.5019135239253852 0.0 0.4951956572224804
0.4652777777777778 0.0 0.0 0.573803984655528 0.4643653690186537 0.0 0.5312790292614963
0.5208333333333334 0.0 0.0 0.5750434810202105 0.5210614355231143 0.0 0.47435264746864825
0.5338541666666666 0.0 0.0 0.5690882678616662 0.5299574209245742 0.0 0.46889514630747775
0.5026041666666666 0.0 0.0 0.5676517715218888 0.4960715733982157 0.0 0.5002612633534602
0.4809027777777778 0.0 0.0 0.5615753744131675 0.46877534468775345 0.0 0.5297985369252207
0.5052083333333334 0.0 0.0 0.5698672863641667 0.4996578467153285 0.0 0.4955149790989314
0.4887152777777778 0.0 0.0 0.5627291643983342 0.48325983373884834 0.0 0.518404551788203
0.4809027777777778 0.0 0.0 0.5615742662025383 0.46847120843471207 0.0 0.529987227124942
0.5182291666666666 0.0 0.0 0.5719063013201782 0.5187423965936739 0.0 0.4789247561542036
0.4644097222222222 0.0 0.0 0.5746849517248548 0.46397252635847525 0.0 0.5312645146307484
0.4748263888888889 0.0 0.0 0.5605511453120041 0.4630094282238443 0.0 0.5367945889456573
0.4835069444444444 0.0 0.0 0.5641845298262397 0.47915399432278993 0.0 0.5217719461216911
0.4913194444444444 0.0 0.0 0.5697444636989174 0.49106599756691 0.0 0.5078814444960522
0.5338541666666666 0.0 0.0 0.569307741694536 0.5299067315490673 0.0 0.4690548072457036
0.5043402777777778 0.0 0.0 0.5778204154736073 0.5080469383617194 0.0 0.48805445889456645
0.5251736111111112 0.0 0.0 0.5750146743893968 0.527815794809408 0.0 0.4687064561077564
0.5208333333333334 0.0 0.0 0.5677114767972723 0.5165120640713706 0.0 0.48216151881096125
0.5164930555555556 0.0 0.0 0.572763199455257 0.5158657745336578 0.0 0.4800714119832791
0.4739583333333333 0.0 0.0 0.5641279873531593 0.46897810218978103 0.0 0.5307710171853228
0.53125 0.0 0.0 0.5803561955474845 0.5320863746958637 0.0 0.46246516488620515
0.4947916666666667 0.0 0.0 0.5732444120212179 0.4960335563665856 0.0 0.5008999071063638
0.4730902777777778 0.0 0.0 0.5704576871665251 0.4692822384428224 0.0 0.5262569670227593
0.4852430555555556 0.0 0.0 0.5660938601534274 0.47841899837794 0.0 0.5194060613098006
0.4774305555555556 0.0 0.0 0.5724379766314733 0.47820356853203566 0.0 0.5194641198327916
0.5217013888888888 0.0 0.0 0.5668023816762 0.5146365571776156 0.0 0.48365652577798435
0.5104166666666666 0.0 0.0 0.5656681715339716 0.5019135239253852 0.0 0.49547143520668846
0.5199652777777778 0.0 0.0 0.566417741282931 0.5105307177615572 0.0 0.48621110078959606
0.5182291666666666 0.0 0.0 0.5770435969109163 0.5208586780210868 0.0 0.475150952159777
0.5034722222222222 0.0 0.0 0.5711390409845517 0.4989608678021087 0.0 0.49571818392940104
0.515625 0.0 0.0 0.5645833989197134 0.5092761557177615 0.0 0.4915524849047843
0.4782986111111111 0.0 0.0 0.5652956585959086 0.46774888483373883 0.0 0.527200418021366
0.4809027777777778 0.0 0.0 0.5693817236424102 0.4748960867802109 0.0 0.5200592196934515
0.4748263888888889 0.0 0.0 0.567906609167229 0.4723616180048662 0.0 0.5253280306549006
0.5095486111111112 0.0 0.0 0.5676350957334059 0.5064122060016221 0.0 0.49242336274965115
0.4887152777777778 0.0 0.0 0.569237917766109 0.47983830089213303 0.0 0.5155161402693919
0.5086805555555556 0.0 0.0 0.568292352494342 0.5061714314679643 0.0 0.49240884811890384
0.5 0.0 0.0 0.5732395789581938 0.49921431467964317 0.0 0.49648745935903393
0.4956597222222222 0.0 0.0 0.570021617137291 0.49472830494728304 0.0 0.5030916163492802
0.4904513888888889 0.0 0.0 0.565190879098459 0.4821573398215734 0.0 0.5158064328843478
0.5321180555555556 0.0 0.0 0.5656638916889069 0.5250785685320357 0.0 0.47468648397584745
0.4817708333333333 0.0 0.0 0.5765654923248346 0.48374138280616386 0.0 0.5126712726428247
0.5043402777777778 0.0 0.0 0.5633017381442735 0.49348641524736414 0.0 0.5048914305620065
0.5069444444444444 0.0 0.0 0.5681608494171463 0.5039537712895377 0.0 0.494948908499768
0.5060763888888888 0.0 0.0 0.5726092311397464 0.5048154906731549 0.0 0.4905800046446821
0.5043402777777778 0.0 0.0 0.5752825770124677 0.5048408353609084 0.0 0.4903767998142131
0.5434027777777778 0.0 0.0 0.5657855093043331 0.5363189375506894 0.0 0.4638875986994888
0.5130208333333334 0.0 0.0 0.5741667582347816 0.512735705596107 0.0 0.48285822108685517
0.4921875 0.0 0.0 0.5639920826917093 0.4813589821573398 0.0 0.515719345099861
0.5269097222222222 0.0 0.0 0.5700382038251435 0.5231650446066505 0.0 0.4741784718996749
0.4800347222222222 0.0 0.0 0.5647912289549014 0.47770934712084345 0.0 0.5240071992568512
0.5034722222222222 0.0 0.0 0.5663104558374666 0.5012672343876723 0.0 0.49941941477008855
0.5182291666666666 0.0 0.0 0.5681068301539584 0.515396897810219 0.0 0.48317754296330684
0.5225694444444444 0.0 0.0 0.5677731682431015 0.518146796431468 0.0 0.4805213655364605
0.5095486111111112 0.0 0.0 0.5727449695961476 0.5130905312246553 0.0 0.48600789595912686
0.5199652777777778 0.0 0.0 0.5774290228752958 0.5234818532035685 0.0 0.4724802601021829
0.5173611111111112 0.0 0.0 0.5747947126541819 0.5179820559610706 0.0 0.47786518810961465
0.5008680555555556 0.0 0.0 0.5676684558151388 0.49702199918897 0.0 0.5012918021365534
0.4791666666666667 0.0 0.0 0.56503103946889 0.4684331914030819 0.0 0.5266488620529499
0.5043402777777778 0.0 0.0 0.5630358322852215 0.4945508921330089 0.0 0.5036867162099397
0.5173611111111112 0.0 0.0 0.5769379952908635 0.5196674776966748 0.0 0.47532512772875046
0.4609375 0.0 0.0 0.5720846930561928 0.45781376723438766 0.0 0.5369832791453791
0.4826388888888889 0.0 0.0 0.5637877724034 0.47309661394971614 0.0 0.526256967022759
0.4913194444444444 0.0 0.0 0.5693443486215027 0.4873403284671533 0.0 0.509449024616814
0.4782986111111111 0.0 0.0 0.5659653017301677 0.47229825628548255 0.0 0.5251683697166749
0.4939236111111111 0.0 0.0 0.5652611030496809 0.4877965328467153 0.0 0.5115246168137484
0.5303819444444444 0.0 0.0 0.563345779881684 0.5207699716139497 0.0 0.47986820715280987
0.5190972222222222 0.0 0.0 0.569567255674018 0.5182735198702352 0.0 0.48037621922898255
0.4774305555555556 0.0 0.0 0.5616669352768886 0.46565794809407945 0.0 0.5334417092429171
0.5329861111111112 0.0 0.0 0.5694123206071618 0.5296406123276561 0.0 0.46967893636785896
0.4939236111111111 0.0 0.0 0.5764683109466003 0.49714872262773724 0.0 0.5003628657686947
0.4887152777777778 0.0 0.0 0.5621818477650499 0.48315845498783455 0.0 0.5184480956804463
0.5225694444444444 0.0 0.0 0.5746238260856742 0.5232410786699108 0.0 0.4726254064096609
0.5104166666666666 0.0 0.0 0.5637670741910683 0.501698094079481 0.0 0.49744542498838795
0.5043402777777778 0.0 0.0 0.5693935457773229 0.5010898215733982 0.0 0.49711158848118886
0.5234375 0.0 0.0 0.5736585685171365 0.523418491484185 0.0 0.4715368091035763
0.5026041666666666 0.0 0.0 0.5633414946773461 0.4926500405515004 0.0 0.5053268694844403
0.5208333333333334 0.0 0.0 0.5653226931986762 0.5121654501216545 0.0 0.4854273107292151
0.5043402777777778 0.0 0.0 0.5711591751710448 0.49948043390105434 0.0 0.4949924523920112
0.4947916666666667 0.0 0.0 0.5647573104676129 0.4834879359286294 0.0 0.5129615652577801
0.4939236111111111 0.0 0.0 0.5699031115686455 0.49292883211678834 0.0 0.50493497445425
0.5321180555555556 0.0 0.0 0.5668803216228482 0.5258642538523925 0.0 0.4727705527171385
0.5008680555555556 0.0 0.0 0.561850037006325 0.4893425587996756 0.0 0.5100441244774737
0.4869791666666667 0.0 0.0 0.5657965593638842 0.4848058596918086 0.0 0.5162854156990249
0.4739583333333333 0.0 0.0 0.5710843799502752 0.47061283454987834 0.0 0.5253425452856485
0.4626736111111111 0.0 0.0 0.5716347614244538 0.4592710867802109 0.0 0.5354011843938696
0.4756944444444444 0.0 0.0 0.5693476630241879 0.4709803325223033 0.0 0.525008708778449
0.4930555555555556 0.0 0.0 0.5678196069504989 0.48808799675588 0.0 0.5092748490478405
0.5095486111111112 0.0 0.0 0.5702041680065582 0.5075653892944039 0.0 0.48941883418485843
0.4869791666666667 0.0 0.0 0.5650200995802337 0.48322181670721814 0.0 0.5173594983743617