0.5364583333333334 0.0 0.0 0.5752278500536651 0.5368891930251419 0.0 0.45925743149094245
0.5269097222222222 0.0 0.0 0.5687413923231238 0.5217964314679643 0.0 0.47644275429633054
0.4895833333333333 0.0 0.0 0.5664235051208206 0.48300638686131386 0.0 0.5160967254993034
0.4930555555555556 0.0 0.0 0.568030704951833 0.48867092457420924 0.0 0.5096232001857874
0.4756944444444444 0.0 0.0 0.5766562100790718 0.4792300283860503 0.0 0.5177223641430566
0.4895833333333333 0.0 0.0 0.5703878585223167 0.4894059205190592 0.0 0.5086071760334417
0.4809027777777778 0.0 0.0 0.5691372373795646 0.4767969383617194 0.0 0.5209446121690666
0.5355902777777778 0.0 0.0 0.5707123475666791 0.5341266220600163 0.0 0.46439561077566205
0.4817708333333333 0.0 0.0 0.5677976399961628 0.4795721816707218 0.0 0.52013179284719
0.5121527777777778 0.0 0.0 0.5716463542894126 0.5049168694241687 0.0 0.4900574779377612
0.53125 0.0 0.0 0.5742848187501581 0.5271061435523114 0.0 0.46741465397120263
0.4722222222222222 0.0 0.0 0.5678299813968662 0.46947232360097324 0.0 0.5304662099396198
0.4539930555555556 0.0 0.0 0.5646763314013882 0.4505778588807786 0.0 0.5519914073385979
0.5130208333333334 0.0 0.0 0.573277548331441 0.5143324209245742 0.0 0.48297433813283774
0.5112847222222222 0.0 0.0 0.5666294853030142 0.5067163422546634 0.0 0.49259753831862485
0.5060763888888888 0.0 0.0 0.5694295914746546 0.5041438564476886 0.0 0.4939038550859268
0.5303819444444444 0.0 0.0 0.5710435492806704 0.5245463300892133 0.0 0.47149326521133283
0.5269097222222222 0.0 0.0 0.5798618977512631 0.5330748175182481 0.0 0.4644681839294008
0.5173611111111112 0.0 0.0 0.5653168779472743 0.5115318329278183 0.0 0.4884753831862514
0.5277777777777778 0.0 0.0 0.5666197975981041 0.5186283454987834 0.0 0.4788521830004643
0.4618055555555556 0.0 0.0 0.5706357173093903 0.4579278183292782 0.0 0.539595912679982
0.4982638888888889 0.0 0.0 0.5680494624662984 0.49605890105433903 0.0 0.5027142359498373
0.4652777777777778 0.0 0.0 0.5680826465309302 0.46023418491484186 0.0 0.5391314444960525
0.4713541666666667 0.0 0.0 0.5699576279964664 0.4694089618815896 0.0 0.5287389688806323
0.5208333333333334 0.0 0.0 0.5659801059800103 0.5150674168694241 0.0 0.48377264282396615
0.4861111111111111 0.0 0.0 0.5741786006547368 0.48791058394160586 0.0 0.5086797491871811
0.5234375 0.0 0.0 0.5750001138227345 0.5250532238442822 0.0 0.4717980724570364
0.5043402777777778 0.0 0.0 0.5651071708116691 0.4987454379562044 0.0 0.5006967022758944
0.5164930555555556 0.0 0.0 0.5696782178747156 0.5137368207623683 0.0 0.48444031583836533
0.5381944444444444 0.0 0.0 0.5701142895687887 0.5359514395782644 0.0 0.46268288434742233
0.5095486111111112 0.0 0.0 0.5762558878211095 0.5106954582319546 0.0 0.48490478402229475
0.5060763888888888 0.0 0.0 0.5720836262175288 0.5058039334955393 0.0 0.4912186483975851
0.5208333333333334 0.0 0.0 0.5836936544934206 0.5298813868613139 0.0 0.4672985369252206
0.4852430555555556 0.0 0.0 0.5737322853249692 0.4882654095701541 0.0 0.5093183929400842
0.5104166666666666 0.0 0.0 0.5699958793577665 0.5073372871046229 0.0 0.4903622851834646
0.5121527777777778 0.0 0.0 0.5650502827795123 0.5062601378751014 0.0 0.4937296795169528
0.5190972222222222 0.0 0.0 0.5712182780300519 0.515625 0.0 0.480681026474686
0.4670138888888889 0.0 0.0 0.5703362924975599 0.46586070559610704 0.0 0.5323966558290764
0.4887152777777778 0.0 0.0 0.571737698432341 0.4893298864557989 0.0 0.5083023687877379
0.5052083333333334 0.0 0.0 0.5653850402009113 0.49808647607461476 0.0 0.5010595680445886
0.5078125 0.0 0.0 0.5709523353048042 0.5050689375506894 0.0 0.49191535067347847
0.5303819444444444 0.0 0.0 0.5733245849572418 0.5251799472830495 0.0 0.46953379006038054
0.5173611111111112 0.0 0.0 0.5726678238029294 0.5141169910786699 0.0 0.4812616117045978
0.5190972222222222 0.0 0.0 0.5675138860890655 0.5144718167072182 0.0 0.48409196470041793
0.5225694444444444 0.0 0.0 0.5740459564086805 0.5189324817518248 0.0 0.47586216906641865
0.4887152777777778 0.0 0.0 0.5677345158428654 0.48409620843471207 0.0 0.5142533673943338
0.5104166666666666 0.0 0.0 0.5668962976664154 0.5050816098945661 0.0 0.49288783093358124
0.5329861111111112 0.0 0.0 0.5756241682181263 0.5310979318734793 0.0 0.4631183232698557
0.4626736111111111 0.0 0.0 0.5714663471983041 0.4594104825628548 0.0 0.5378106130980033
0.4982638888888889 0.0 0.0 0.5757323791907787 0.4990115571776156 0.0 0.4963277984208083
0.4626736111111111 0.0 0.0 0.5681329161213353 0.45839669505271696 0.0 0.5409312587087789
0.4852430555555556 0.0 0.0 0.5806438011757049 0.48891169910786697 0.0 0.5052542963307013
0.4782986111111111 0.0 0.0 0.5726657911637679 0.4807126926196269 0.0 0.516764398513702
0.46875 0.0 0.0 0.5729231539937388 0.4714745539334955 0.0 0.5259521597770556
0.4930555555555556 0.0 0.0 0.5748503917643272 0.4965404501216545 0.0 0.5010740826753366
0.5112847222222222 0.0 0.0 0.5712182305073014 0.5126089821573399 0.0 0.48581920575940596
0.4513888888888889 0.0 0.0 0.5659631753031498 0.4487530413625304 0.0 0.5534138411518816
0.5104166666666666 0.0 0.0 0.5670213635810779 0.5063995336577454 0.0 0.49252496516488586
0.484375 0.0 0.0 0.566375464685913 0.479014598540146 0.0 0.5196818392940087
0.4522569444444444 0.0 0.0 0.5664106565684784 0.4498555352798054 0.0 0.5522091267998147
0.5069444444444444 0.0 0.0 0.5694700281315861 0.5044986820762368 0.0 0.4935990478402227
0.4722222222222222 0.0 0.0 0.5674098381291289 0.4721208434712084 0.0 0.529246980956805
0.5173611111111112 0.0 0.0 0.5703505125705833 0.5099351175993512 0.0 0.4861530422666046
0.5130208333333334 0.0 0.0 0.5731598239647949 0.5138508718572588 0.0 0.48362749651648895
0.4852430555555556 0.0 0.0 0.5695426056670786 0.48019312652068125 0.0 0.516706339990711
0.4809027777777778 0.0 0.0 0.5734942922538703 0.4783809813463098 0.0 0.5169385740826753
0.4878472222222222 0.0 0.0 0.5720131316214521 0.4865926601784266 0.0 0.5093474222015794
0.4565972222222222 0.0 0.0 0.570796445108406 0.454316200324412 0.0 0.5428617045982356
0.4765625 0.0 0.0 0.5660441614277345 0.47542832522303324 0.0 0.5261698792382727
0.5069444444444444 0.0 0.0 0.5683851223226778 0.5037890308191403 0.0 0.4943247793776123
0.5147569444444444 0.0 0.0 0.5675490655372076 0.5103406326034063 0.0 0.4884463539247562
0.4947916666666667 0.0 0.0 0.579489205952737 0.4995184509326845 0.0 0.49563109614491396
0.5008680555555556 0.0 0.0 0.5716963452727877 0.4966291565287916 0.0 0.4984904784022295
0.4939236111111111 0.0 0.0 0.5747969232835205 0.4954379562043796 0.0 0.500449953553182
0.5477430555555556 0.0 0.0 0.572528435930761 0.5460259529602596 0.0 0.4505051091500225
0.5217013888888888 0.0 0.0 0.5671112139696022 0.5175892133008921 0.0 0.4814503019043196
0.4730902777777778 0.0 0.0 0.5670701591969195 0.4696117193836172 0.0 0.5306839294008369
0.4973958333333333 0.0 0.0 0.5725940064049608 0.49461425385239255 0.0 0.5017127264282397
0.5251736111111112 0.0 0.0 0.577542021856591 0.5295392335766423 0.0 0.46695018578727365
0.5260416666666666 0.0 0.0 0.5766419439683161 0.5278791565287916 0.0 0.46851776590803484
0.4973958333333333 0.0 0.0 0.5705972537681062 0.4977823398215734 0.0 0.5004499535531814
0.5243055555555556 0.0 0.0 0.5768732891770002 0.5257502027575021 0.0 0.47025952159777007
0.4852430555555556 0.0 0.0 0.5738936879235769 0.4882654095701541 0.0 0.508824895494659
0.5173611111111112 0.0 0.0 0.5720495490767028 0.5146872465531225 0.0 0.48114549465861545
0.5234375 0.0 0.0 0.5722823681759402 0.5216823803730738 0.0 0.4757750812819319
0.4991319444444444 0.0 0.0 0.5753300060228067 0.5005575831305759 0.0 0.49516662796098465
0.4782986111111111 0.0 0.0 0.5739071392818277 0.47893856447688565 0.0 0.5184335810496981
0.4878472222222222 0.0 0.0 0.5750522371862661 0.48747972424979724 0.0 0.5080556200650257
0.5364583333333334 0.0 0.0 0.5759591821155339 0.5359641119221411 0.0 0.45860427310729157
0.4904513888888889 0.0 0.0 0.5681494395551558 0.48644059205190593 0.0 0.5116552484904786
0.5164930555555556 0.0 0.0 0.5755992746940028 0.5189198094079481 0.0 0.4779958197863441
0.4982638888888889 0.0 0.0 0.5764987057841187 0.5003168085969181 0.0 0.49478924756154186
0.5130208333333334 0.0 0.0 0.5767922706806584 0.5176272303325223 0.0 0.4793021365536463
0.4930555555555556 0.0 0.0 0.574310788360215 0.4924726277372263 0.0 0.5019159312587087
0.4991319444444444 0.0 0.0 0.567384682952365 0.49392994728304945 0.0 0.5050510915002325
0.5321180555555556 0.0 0.0 0.5703731656916776 0.5305783657745337 0.0 0.46792266604737576
0.4800347222222222 0.0 0.0 0.5670979184737178 0.47413574614760745 0.0 0.524384579656294
0.53125 0.0 0.0 0.5740597227940519 0.5287788929440389 0.0 0.4665728053878305
0.5173611111111112 0.0 0.0 0.5720936870197653 0.5143324209245742 0.0 0.4826840455178818
0.4513888888888889 0.0 0.0 0.5681298787079713 0.44964010543390104 0.0 0.5513672782164425
0.5190972222222222 0.0 0.0 0.5692726660570495 0.5170062854825629 0.0 0.48219054807245687
0.4947916666666667 0.0 0.0 0.577204558222867 0.4977696674776967 0.0 0.4970970738504409
0.4835069444444444 0.0 0.0 0.5657875140462791 0.4782162408759124 0.0 0.5217284022294475
0.515625 0.0 0.0 0.5694828962790315 0.511544505271695 0.0 0.4867191128657685
0.4513888888888889 0.0 0.0 0.5655380931208702 0.44823347526358476 0.0 0.554096028797028
0.4548611111111111 0.0 0.0 0.5647456110580004 0.4513508718572587 0.0 0.5510044124477478
0.5234375 0.0 0.0 0.5726200047743321 0.5211374695863747 0.0 0.47596377148165314
0.4800347222222222 0.0 0.0 0.5702848866994853 0.47795012165450124 0.0 0.5188254760798887
0.5208333333333334 0.0 0.0 0.5700200724246545 0.5150800892133008 0.0 0.48287273571760314
0.5373263888888888 0.0 0.0 0.5740280598974389 0.5375608272506083 0.0 0.45811077566186653
0.5208333333333334 0.0 0.0 0.569607474846156 0.5168415450121655 0.0 0.4817260798885272
0.4835069444444444 0.0 0.0 0.5681022913796774 0.4821573398215734 0.0 0.5176788202508129