102,0.9107142857142857
93,0.8303571428571429
53,0.4732142857142857
40,0.35714285714285715
85,0.7589285714285714
72,0.6428571428571429
39,0.3482142857142857
86,0.7678571428571429
49,0.4375
67,0.5982142857142857
24,0.21428571428571427
61,0.5446428571428571
68,0.6071428571428571
55,0.49107142857142855
40,0.35714285714285715
45,0.4017857142857143
45,0.4017857142857143
86,0.7678571428571429
61,0.5446428571428571
60,0.5357142857142857
74,0.6607142857142857
56,0.5
45,0.4017857142857143
102,0.9107142857142857
49,0.4375
78,0.6964285714285714
62,0.5535714285714286
60,0.5357142857142857
45,0.4017857142857143
84,0.75
38,0.3392857142857143
96,0.8571428571428571
87,0.7767857142857143
19,0.16964285714285715
53,0.4732142857142857
76,0.6785714285714286
81,0.7232142857142857
52,0.4642857142857143
70,0.625
57,0.5089285714285714
26,0.23214285714285715
97,0.8660714285714286
69,0.6160714285714286
21,0.1875
88,0.7857142857142857
20,0.17857142857142858
43,0.38392857142857145
79,0.7053571428571429
97,0.8660714285714286
84,0.75
67,0.5982142857142857
65,0.5803571428571429
55,0.49107142857142855
26,0.23214285714285715
40,0.35714285714285715
13,0.11607142857142858
65,0.5803571428571429
49,0.4375
56,0.5
45,0.4017857142857143
14,0.125
38,0.3392857142857143
85,0.7589285714285714
46,0.4107142857142857
49,0.4375
56,0.5
6,0.05357142857142857
42,0.375
29,0.25892857142857145
72,0.6428571428571429
45,0.4017857142857143
11,0.09821428571428571
57,0.5089285714285714
65,0.5803571428571429
17,0.15178571428571427
82,0.7321428571428571
32,0.2857142857142857
21,0.1875
83,0.7410714285714286
86,0.7678571428571429
88,0.7857142857142857
62,0.5535714285714286
38,0.3392857142857143
19,0.16964285714285715
61,0.5446428571428571
37,0.33035714285714285
35,0.3125
22,0.19642857142857142
9,0.08035714285714286
22,0.19642857142857142
13,0.11607142857142858
62,0.5535714285714286
65,0.5803571428571429
80,0.7142857142857143
24,0.21428571428571427
8,0.07142857142857142
39,0.3482142857142857
37,0.33035714285714285
28,0.25
12,0.10714285714285714
14,0.125
45,0.4017857142857143
70,0.625
13,0.11607142857142858
81,0.7232142857142857
19,0.16964285714285715
76,0.6785714285714286
90,0.8035714285714286
16,0.14285714285714285
36,0.32142857142857145
6,0.05357142857142857
99,0.8839285714285714
21,0.1875
31,0.2767857142857143
44,0.39285714285714285
70,0.625
24,0.21428571428571427
62,0.5535714285714286
85,0.7589285714285714
78,0.6964285714285714
27,0.24107142857142858
21,0.1875
103,0.9196428571428571
73,0.6517857142857143
68,0.6071428571428571
15,0.13392857142857142
30,0.26785714285714285
38,0.3392857142857143
26,0.23214285714285715
68,0.6071428571428571
45,0.4017857142857143
21,0.1875
19,0.16964285714285715
14,0.125
42,0.375
69,0.6160714285714286
43,0.38392857142857145
27,0.24107142857142858
39,0.3482142857142857
76,0.6785714285714286
8,0.07142857142857142
37,0.33035714285714285
74,0.6607142857142857
108,0.9642857142857143
46,0.4107142857142857
17,0.15178571428571427
72,0.6428571428571429
50,0.44642857142857145
3,0.026785714285714284
68,0.6071428571428571
86,0.7678571428571429
53,0.4732142857142857
14,0.125
73,0.6517857142857143
58,0.5178571428571429
48,0.42857142857142855
42,0.375
44,0.39285714285714285
93,0.8303571428571429
45,0.4017857142857143
38,0.3392857142857143
14,0.125
56,0.5
95,0.8482142857142857
18,0.16071428571428573
11,0.09821428571428571
42,0.375
92,0.8214285714285714
28,0.25
66,0.5892857142857143
97,0.8660714285714286
71,0.6339285714285714
72,0.6428571428571429
43,0.38392857142857145
3,0.026785714285714284
67,0.5982142857142857
95,0.8482142857142857
93,0.8303571428571429
11,0.09821428571428571
21,0.1875
15,0.13392857142857142
14,0.125
9,0.08035714285714286
49,0.4375
53,0.4732142857142857
36,0.32142857142857145
44,0.39285714285714285
65,0.5803571428571429
41,0.36607142857142855
7,0.0625
70,0.625
48,0.42857142857142855
53,0.4732142857142857
94,0.8392857142857143
102,0.9107142857142857
32,0.2857142857142857
37,0.33035714285714285
74,0.6607142857142857
16,0.14285714285714285
62,0.5535714285714286
84,0.75
49,0.4375
99,0.8839285714285714
33,0.29464285714285715
107,0.9553571428571429
6,0.05357142857142857
41,0.36607142857142855
97,0.8660714285714286
97,0.8660714285714286
84,0.75
6,0.05357142857142857
36,0.32142857142857145
36,0.32142857142857145
76,0.6785714285714286
77,0.6875
29,0.25892857142857145
41,0.36607142857142855
81,0.7232142857142857
8,0.07142857142857142
3,0.026785714285714284
76,0.6785714285714286
33,0.29464285714285715
48,0.42857142857142855
104,0.9285714285714286
46,0.4107142857142857
31,0.2767857142857143
27,0.24107142857142858
45,0.4017857142857143
48,0.42857142857142855
59,0.5267857142857143
93,0.8303571428571429
83,0.7410714285714286
56,0.5
55,0.49107142857142855
36,0.32142857142857145
38,0.3392857142857143
43,0.38392857142857145
55,0.49107142857142855
106,0.9464285714285714
63,0.5625
44,0.39285714285714285
112,1.0
98,0.875
34,0.30357142857142855
47,0.41964285714285715
43,0.38392857142857145
29,0.25892857142857145
66,0.5892857142857143
94,0.8392857142857143
60,0.5357142857142857
77,0.6875
44,0.39285714285714285
68,0.6071428571428571
18,0.16071428571428573
53,0.4732142857142857
47,0.41964285714285715
111,0.9910714285714286
67,0.5982142857142857
93,0.8303571428571429
32,0.2857142857142857
89,0.7946428571428571
93,0.8303571428571429
23,0.20535714285714285
43,0.38392857142857145
39,0.3482142857142857
61,0.5446428571428571
53,0.4732142857142857
9,0.08035714285714286
73,0.6517857142857143
64,0.5714285714285714
97,0.8660714285714286
65,0.5803571428571429
52,0.4642857142857143
51,0.45535714285714285
61,0.5446428571428571
47,0.41964285714285715
17,0.15178571428571427
107,0.9553571428571429
78,0.6964285714285714
58,0.5178571428571429
38,0.3392857142857143
84,0.75
53,0.4732142857142857
73,0.6517857142857143
26,0.23214285714285715
33,0.29464285714285715
50,0.44642857142857145
19,0.16964285714285715
17,0.15178571428571427
78,0.6964285714285714
97,0.8660714285714286
25,0.22321428571428573
79,0.7053571428571429
38,0.3392857142857143
81,0.7232142857142857
26,0.23214285714285715
94,0.8392857142857143
21,0.1875
18,0.16071428571428573
74,0.6607142857142857
25,0.22321428571428573
98,0.875
31,0.2767857142857143
80,0.7142857142857143
105,0.9375
84,0.75
78,0.6964285714285714
32,0.2857142857142857
62,0.5535714285714286
99,0.8839285714285714
19,0.16964285714285715
107,0.9553571428571429
84,0.75
31,0.2767857142857143
88,0.7857142857142857
100,0.8928571428571429
51,0.45535714285714285
41,0.36607142857142855
78,0.6964285714285714
88,0.7857142857142857
26,0.23214285714285715
88,0.7857142857142857
19,0.16964285714285715
30,0.26785714285714285
16,0.14285714285714285
87,0.7767857142857143
82,0.7321428571428571
7,0.0625
95,0.8482142857142857
86,0.7678571428571429
30,0.26785714285714285
62,0.5535714285714286
90,0.8035714285714286
45,0.4017857142857143
6,0.05357142857142857
101,0.9017857142857143
67,0.5982142857142857
48,0.42857142857142855
86,0.7678571428571429
28,0.25
85,0.7589285714285714
71,0.6339285714285714
19,0.16964285714285715
102,0.9107142857142857
4,0.03571428571428571
42,0.375
43,0.38392857142857145
77,0.6875
24,0.21428571428571427
31,0.2767857142857143
43,0.38392857142857145
38,0.3392857142857143
57,0.5089285714285714
34,0.30357142857142855
52,0.4642857142857143
69,0.6160714285714286
103,0.9196428571428571
45,0.4017857142857143
53,0.4732142857142857
74,0.6607142857142857
73,0.6517857142857143
41,0.36607142857142855
40,0.35714285714285715
81,0.7232142857142857
11,0.09821428571428571
46,0.4107142857142857
44,0.39285714285714285
85,0.7589285714285714
84,0.75
33,0.29464285714285715
9,0.08035714285714286
79,0.7053571428571429
107,0.9553571428571429
50,0.44642857142857145
72,0.6428571428571429
81,0.7232142857142857
76,0.6785714285714286
54,0.48214285714285715
33,0.29464285714285715
15,0.13392857142857142
28,0.25
52,0.4642857142857143
41,0.36607142857142855
24,0.21428571428571427
42,0.375
49,0.4375
92,0.8214285714285714
84,0.75
68,0.6071428571428571
91,0.8125
34,0.30357142857142855
88,0.7857142857142857
25,0.22321428571428573
99,0.8839285714285714
52,0.4642857142857143
72,0.6428571428571429
56,0.5
86,0.7678571428571429
107,0.9553571428571429
73,0.6517857142857143
57,0.5089285714285714
50,0.44642857142857145
67,0.5982142857142857
28,0.25
24,0.21428571428571427
66,0.5892857142857143
82,0.7321428571428571
41,0.36607142857142855
44,0.39285714285714285
43,0.38392857142857145
27,0.24107142857142858
44,0.39285714285714285
38,0.3392857142857143
43,0.38392857142857145
53,0.4732142857142857
45,0.4017857142857143
31,0.2767857142857143
81,0.7232142857142857
53,0.4732142857142857
27,0.24107142857142858
38,0.3392857142857143
82,0.7321428571428571
74,0.6607142857142857
73,0.6517857142857143
45,0.4017857142857143
59,0.5267857142857143
76,0.6785714285714286
79,0.7053571428571429
67,0.5982142857142857
28,0.25
51,0.45535714285714285
57,0.5089285714285714
48,0.42857142857142855
64,0.5714285714285714
64,0.5714285714285714
73,0.6517857142857143
97,0.8660714285714286
78,0.6964285714285714
44,0.39285714285714285
30,0.26785714285714285
95,0.8482142857142857
28,0.25
47,0.41964285714285715
49,0.4375
26,0.23214285714285715
54,0.48214285714285715
53,0.4732142857142857
90,0.8035714285714286
34,0.30357142857142855
66,0.5892857142857143
55,0.49107142857142855
70,0.625
47,0.41964285714285715
68,0.6071428571428571
42,0.375
67,0.5982142857142857
55,0.49107142857142855
79,0.7053571428571429
64,0.5714285714285714
53,0.4732142857142857
85,0.7589285714285714
51,0.45535714285714285
57,0.5089285714285714
50,0.44642857142857145
47,0.41964285714285715
48,0.42857142857142855
59,0.5267857142857143
48,0.42857142857142855
46,0.4107142857142857
47,0.41964285714285715
46,0.4107142857142857
51,0.45535714285714285
65,0.5803571428571429
50,0.44642857142857145
48,0.42857142857142855
97,0.8660714285714286
71,0.6339285714285714
11,0.09821428571428571
41,0.36607142857142855
40,0.35714285714285715
28,0.25
59,0.5267857142857143
67,0.5982142857142857
55,0.49107142857142855
43,0.38392857142857145
69,0.6160714285714286
25,0.22321428571428573
65,0.5803571428571429
104,0.9285714285714286
66,0.5892857142857143
66,0.5892857142857143
78,0.6964285714285714
52,0.4642857142857143
49,0.4375
88,0.7857142857142857
29,0.25892857142857145
68,0.6071428571428571
57,0.5089285714285714
56,0.5
97,0.8660714285714286
71,0.6339285714285714
47,0.41964285714285715
55,0.49107142857142855
58,0.5178571428571429
69,0.6160714285714286
58,0.5178571428571429
52,0.4642857142857143
62,0.5535714285714286
52,0.4642857142857143
25,0.22321428571428573
65,0.5803571428571429
48,0.42857142857142855
67,0.5982142857142857
73,0.6517857142857143
77,0.6875
48,0.42857142857142855
79,0.7053571428571429
48,0.42857142857142855
50,0.44642857142857145
71,0.6339285714285714
72,0.6428571428571429
46,0.4107142857142857
81,0.7232142857142857
34,0.30357142857142855
75,0.6696428571428571
43,0.38392857142857145
75,0.6696428571428571
44,0.39285714285714285
39,0.3482142857142857
51,0.45535714285714285
72,0.6428571428571429
24,0.21428571428571427
66,0.5892857142857143
58,0.5178571428571429
46,0.4107142857142857
50,0.44642857142857145
107,0.9553571428571429
37,0.33035714285714285
59,0.5267857142857143
50,0.44642857142857145
57,0.5089285714285714
53,0.4732142857142857
64,0.5714285714285714
52,0.4642857142857143
26,0.23214285714285715
87,0.7767857142857143
49,0.4375
46,0.4107142857142857
64,0.5714285714285714
57,0.5089285714285714
49,0.4375
51,0.45535714285714285
44,0.39285714285714285
48,0.42857142857142855
66,0.5892857142857143
87,0.7767857142857143
30,0.26785714285714285
52,0.4642857142857143
30,0.26785714285714285
33,0.29464285714285715
37,0.33035714285714285
48,0.42857142857142855
41,0.36607142857142855
36,0.32142857142857145
62,0.5535714285714286
18,0.16071428571428573
41,0.36607142857142855
50,0.44642857142857145
60,0.5357142857142857
27,0.24107142857142858
64,0.5714285714285714
71,0.6339285714285714
39,0.3482142857142857
55,0.49107142857142855
23,0.20535714285714285
67,0.5982142857142857
88,0.7857142857142857
24,0.21428571428571427
89,0.7946428571428571
59,0.5267857142857143
63,0.5625
24,0.21428571428571427
53,0.4732142857142857
18,0.16071428571428573
91,0.8125
95,0.8482142857142857
43,0.38392857142857145
42,0.375
42,0.375
52,0.4642857142857143
33,0.29464285714285715
65,0.5803571428571429
41,0.36607142857142855
56,0.5
55,0.49107142857142855
99,0.8839285714285714
41,0.36607142857142855
61,0.5446428571428571
47,0.41964285714285715
64,0.5714285714285714
43,0.38392857142857145
94,0.8392857142857143
36,0.32142857142857145
56,0.5
58,0.5178571428571429
74,0.6607142857142857
22,0.19642857142857142
25,0.22321428571428573
2,0.017857142857142856
47,0.41964285714285715
73,0.6517857142857143
46,0.4107142857142857
68,0.6071428571428571
74,0.6607142857142857
90,0.8035714285714286
32,0.2857142857142857
48,0.42857142857142855
65,0.5803571428571429
84,0.75
70,0.625
30,0.26785714285714285
46,0.4107142857142857
33,0.29464285714285715
65,0.5803571428571429
76,0.6785714285714286
64,0.5714285714285714
60,0.5357142857142857
57,0.5089285714285714
23,0.20535714285714285
34,0.30357142857142855
92,0.8214285714285714
27,0.24107142857142858
74,0.6607142857142857
55,0.49107142857142855
28,0.25
31,0.2767857142857143
33,0.29464285714285715
103,0.9196428571428571
57,0.5089285714285714
46,0.4107142857142857
64,0.5714285714285714
77,0.6875
62,0.5535714285714286
75,0.6696428571428571
33,0.29464285714285715
33,0.29464285714285715
87,0.7767857142857143
15,0.13392857142857142
47,0.41964285714285715
20,0.17857142857142858
57,0.5089285714285714
65,0.5803571428571429
69,0.6160714285714286
77,0.6875
57,0.5089285714285714
38,0.3392857142857143
53,0.4732142857142857
48,0.42857142857142855
37,0.33035714285714285
46,0.4107142857142857
59,0.5267857142857143
90,0.8035714285714286
68,0.6071428571428571
65,0.5803571428571429
48,0.42857142857142855
83,0.7410714285714286
60,0.5357142857142857
45,0.4017857142857143
53,0.4732142857142857
55,0.49107142857142855
55,0.49107142857142855
37,0.33035714285714285
47,0.41964285714285715
45,0.4017857142857143
60,0.5357142857142857
107,0.9553571428571429
14,0.125
50,0.44642857142857145
23,0.20535714285714285
46,0.4107142857142857
35,0.3125
58,0.5178571428571429
37,0.33035714285714285
71,0.6339285714285714
50,0.44642857142857145
34,0.30357142857142855
65,0.5803571428571429
70,0.625
33,0.29464285714285715
44,0.39285714285714285
46,0.4107142857142857
94,0.8392857142857143
91,0.8125
55,0.49107142857142855
34,0.30357142857142855
62,0.5535714285714286
32,0.2857142857142857
81,0.7232142857142857
54,0.48214285714285715
100,0.8928571428571429
9,0.08035714285714286
49,0.4375
30,0.26785714285714285
89,0.7946428571428571
57,0.5089285714285714
28,0.25
34,0.30357142857142855
29,0.25892857142857145
60,0.5357142857142857
12,0.10714285714285714
80,0.7142857142857143
40,0.35714285714285715
51,0.45535714285714285
92,0.8214285714285714
51,0.45535714285714285
23,0.20535714285714285
43,0.38392857142857145
74,0.6607142857142857
55,0.49107142857142855
70,0.625
63,0.5625
92,0.8214285714285714
91,0.8125
93,0.8303571428571429
86,0.7678571428571429
55,0.49107142857142855
72,0.6428571428571429
23,0.20535714285714285
47,0.41964285714285715
33,0.29464285714285715
78,0.6964285714285714
67,0.5982142857142857
24,0.21428571428571427
71,0.6339285714285714
49,0.4375
93,0.8303571428571429
18,0.16071428571428573
96,0.8571428571428571
42,0.375
22,0.19642857142857142
63,0.5625
19,0.16964285714285715
38,0.3392857142857143
57,0.5089285714285714
71,0.6339285714285714
59,0.5267857142857143
83,0.7410714285714286
93,0.8303571428571429
71,0.6339285714285714
79,0.7053571428571429
110,0.9821428571428571
38,0.3392857142857143
71,0.6339285714285714
70,0.625
90,0.8035714285714286
78,0.6964285714285714
50,0.44642857142857145
64,0.5714285714285714
56,0.5
40,0.35714285714285715
25,0.22321428571428573
63,0.5625
69,0.6160714285714286
56,0.5
25,0.22321428571428573
5,0.044642857142857144
59,0.5267857142857143
86,0.7678571428571429
23,0.20535714285714285
16,0.14285714285714285
82,0.7321428571428571
110,0.9821428571428571
82,0.7321428571428571
79,0.7053571428571429
60,0.5357142857142857
66,0.5892857142857143
93,0.8303571428571429
45,0.4017857142857143
81,0.7232142857142857
64,0.5714285714285714
58,0.5178571428571429
45,0.4017857142857143
69,0.6160714285714286
85,0.7589285714285714
64,0.5714285714285714
101,0.9017857142857143
80,0.7142857142857143
97,0.8660714285714286
75,0.6696428571428571
44,0.39285714285714285
83,0.7410714285714286
61,0.5446428571428571
39,0.3482142857142857
96,0.8571428571428571
33,0.29464285714285715
41,0.36607142857142855
56,0.5
67,0.5982142857142857
71,0.6339285714285714
85,0.7589285714285714
32,0.2857142857142857
46,0.4107142857142857
58,0.5178571428571429
61,0.5446428571428571
21,0.1875
61,0.5446428571428571
89,0.7946428571428571
55,0.49107142857142855
82,0.7321428571428571
49,0.4375
64,0.5714285714285714
88,0.7857142857142857
94,0.8392857142857143
112,1.0
74,0.6607142857142857
63,0.5625
45,0.4017857142857143
80,0.7142857142857143
21,0.1875
81,0.7232142857142857
64,0.5714285714285714
46,0.4107142857142857
43,0.38392857142857145
33,0.29464285714285715
102,0.9107142857142857
72,0.6428571428571429
51,0.45535714285714285
83,0.7410714285714286
22,0.19642857142857142
78,0.6964285714285714
19,0.16964285714285715
33,0.29464285714285715
60,0.5357142857142857
73,0.6517857142857143
77,0.6875
81,0.7232142857142857
97,0.8660714285714286
44,0.39285714285714285
66,0.5892857142857143
94,0.8392857142857143
48,0.42857142857142855
80,0.7142857142857143
80,0.7142857142857143
68,0.6071428571428571
101,0.9017857142857143
74,0.6607142857142857
86,0.7678571428571429
74,0.6607142857142857
73,0.6517857142857143
57,0.5089285714285714
21,0.1875
78,0.6964285714285714
49,0.4375
64,0.5714285714285714
82,0.7321428571428571
53,0.4732142857142857
70,0.625
63,0.5625
57,0.5089285714285714
27,0.24107142857142858
65,0.5803571428571429
76,0.6785714285714286
57,0.5089285714285714
58,0.5178571428571429
88,0.7857142857142857
58,0.5178571428571429
66,0.5892857142857143
47,0.41964285714285715
77,0.6875
47,0.41964285714285715
58,0.5178571428571429
73,0.6517857142857143
40,0.35714285714285715
29,0.25892857142857145
31,0.2767857142857143
78,0.6964285714285714
87,0.7767857142857143
30,0.26785714285714285
31,0.2767857142857143
30,0.26785714285714285
95,0.8482142857142857
52,0.4642857142857143
77,0.6875
27,0.24107142857142858
80,0.7142857142857143
66,0.5892857142857143
105,0.9375
25,0.22321428571428573
65,0.5803571428571429
39,0.3482142857142857
92,0.8214285714285714
84,0.75
111,0.9910714285714286
59,0.5267857142857143
87,0.7767857142857143
13,0.11607142857142858
11,0.09821428571428571
67,0.5982142857142857
41,0.36607142857142855
28,0.25
33,0.29464285714285715
22,0.19642857142857142
77,0.6875
78,0.6964285714285714
42,0.375
23,0.20535714285714285
83,0.7410714285714286
45,0.4017857142857143
74,0.6607142857142857
100,0.8928571428571429
101,0.9017857142857143
81,0.7232142857142857
44,0.39285714285714285
101,0.9017857142857143
91,0.8125
90,0.8035714285714286
79,0.7053571428571429
105,0.9375
91,0.8125
89,0.7946428571428571
45,0.4017857142857143
28,0.25
5,0.044642857142857144
23,0.20535714285714285
39,0.3482142857142857
81,0.7232142857142857
25,0.22321428571428573
16,0.14285714285714285
27,0.24107142857142858
16,0.14285714285714285
15,0.13392857142857142
30,0.26785714285714285
42,0.375
26,0.23214285714285715
73,0.6517857142857143
18,0.16071428571428573
101,0.9017857142857143
12,0.10714285714285714
94,0.8392857142857143
100,0.8928571428571429
92,0.8214285714285714
43,0.38392857142857145
93,0.8303571428571429
34,0.30357142857142855
66,0.5892857142857143
70,0.625
80,0.7142857142857143
82,0.7321428571428571
92,0.8214285714285714
22,0.19642857142857142
9,0.08035714285714286
65,0.5803571428571429
46,0.4107142857142857
50,0.44642857142857145
61,0.5446428571428571
61,0.5446428571428571
26,0.23214285714285715
37,0.33035714285714285
56,0.5
82,0.7321428571428571
59,0.5267857142857143
63,0.5625
44,0.39285714285714285
65,0.5803571428571429
47,0.41964285714285715
90,0.8035714285714286
29,0.25892857142857145
51,0.45535714285714285
45,0.4017857142857143
54,0.48214285714285715
47,0.41964285714285715
31,0.2767857142857143
26,0.23214285714285715
48,0.42857142857142855
59,0.5267857142857143
58,0.5178571428571429
48,0.42857142857142855
34,0.30357142857142855
70,0.625
70,0.625
65,0.5803571428571429
20,0.17857142857142858
52,0.4642857142857143
36,0.32142857142857145
52,0.4642857142857143
72,0.6428571428571429
72,0.6428571428571429
70,0.625
69,0.6160714285714286
73,0.6517857142857143
97,0.8660714285714286
68,0.6071428571428571
94,0.8392857142857143
42,0.375
65,0.5803571428571429
50,0.44642857142857145
52,0.4642857142857143
39,0.3482142857142857
51,0.45535714285714285
44,0.39285714285714285
100,0.8928571428571429
26,0.23214285714285715
26,0.23214285714285715
58,0.5178571428571429
75,0.6696428571428571
61,0.5446428571428571
51,0.45535714285714285
26,0.23214285714285715
78,0.6964285714285714
75,0.6696428571428571
28,0.25
13,0.11607142857142858
98,0.875
86,0.7678571428571429
44,0.39285714285714285
67,0.5982142857142857
48,0.42857142857142855
63,0.5625
77,0.6875
30,0.26785714285714285
54,0.48214285714285715
15,0.13392857142857142
72,0.6428571428571429
81,0.7232142857142857
40,0.35714285714285715
74,0.6607142857142857
32,0.2857142857142857
47,0.41964285714285715
32,0.2857142857142857
52,0.4642857142857143
76,0.6785714285714286
90,0.8035714285714286
49,0.4375
80,0.7142857142857143
37,0.33035714285714285
55,0.49107142857142855
53,0.4732142857142857
40,0.35714285714285715
67,0.5982142857142857
52,0.4642857142857143
44,0.39285714285714285
52,0.4642857142857143
79,0.7053571428571429
71,0.6339285714285714
58,0.5178571428571429
49,0.4375
45,0.4017857142857143
37,0.33035714285714285
47,0.41964285714285715
47,0.41964285714285715
72,0.6428571428571429
42,0.375
46,0.4107142857142857
54,0.48214285714285715
76,0.6785714285714286
50,0.44642857142857145
60,0.5357142857142857
75,0.6696428571428571
26,0.23214285714285715
34,0.30357142857142855
30,0.26785714285714285
72,0.6428571428571429
40,0.35714285714285715
85,0.7589285714285714
71,0.6339285714285714
92,0.8214285714285714
82,0.7321428571428571
85,0.7589285714285714
42,0.375
25,0.22321428571428573
51,0.45535714285714285
89,0.7946428571428571
56,0.5
49,0.4375
52,0.4642857142857143
60,0.5357142857142857
81,0.7232142857142857
47,0.41964285714285715
49,0.4375
25,0.22321428571428573
58,0.5178571428571429
66,0.5892857142857143
23,0.20535714285714285
14,0.125
80,0.7142857142857143
32,0.2857142857142857
44,0.39285714285714285
42,0.375
87,0.7767857142857143
95,0.8482142857142857
12,0.10714285714285714
90,0.8035714285714286
94,0.8392857142857143
64,0.5714285714285714
46,0.4107142857142857
50,0.44642857142857145
76,0.6785714285714286
58,0.5178571428571429
58,0.5178571428571429
45,0.4017857142857143
105,0.9375
95,0.8482142857142857
48,0.42857142857142855
109,0.9732142857142857
92,0.8214285714285714
70,0.625
86,0.7678571428571429
58,0.5178571428571429
94,0.8392857142857143
89,0.7946428571428571
47,0.41964285714285715
38,0.3392857142857143
52,0.4642857142857143
71,0.6339285714285714
57,0.5089285714285714
27,0.24107142857142858
74,0.6607142857142857
68,0.6071428571428571
37,0.33035714285714285
37,0.33035714285714285
19,0.16964285714285715
77,0.6875
84,0.75
64,0.5714285714285714
81,0.7232142857142857
72,0.6428571428571429
59,0.5267857142857143
65,0.5803571428571429
53,0.4732142857142857
40,0.35714285714285715
61,0.5446428571428571
76,0.6785714285714286
73,0.6517857142857143
37,0.33035714285714285
66,0.5892857142857143
11,0.09821428571428571
47,0.41964285714285715
84,0.75
47,0.41964285714285715
101,0.9017857142857143
43,0.38392857142857145
73,0.6517857142857143
69,0.6160714285714286
110,0.9821428571428571
42,0.375
37,0.33035714285714285
43,0.38392857142857145
16,0.14285714285714285
41,0.36607142857142855
57,0.5089285714285714
52,0.4642857142857143
107,0.9553571428571429
