24,0.21428571428571427
85,0.7589285714285714
41,0.36607142857142855
44,0.39285714285714285
28,0.25
89,0.7946428571428571
88,0.7857142857142857
90,0.8035714285714286
55,0.49107142857142855
23,0.20535714285714285
52,0.4642857142857143
86,0.7678571428571429
65,0.5803571428571429
69,0.6160714285714286
28,0.25
86,0.7678571428571429
61,0.5446428571428571
61,0.5446428571428571
71,0.6339285714285714
90,0.8035714285714286
48,0.42857142857142855
84,0.75
35,0.3125
88,0.7857142857142857
49,0.4375
41,0.36607142857142855
51,0.45535714285714285
86,0.7678571428571429
87,0.7767857142857143
66,0.5892857142857143
45,0.4017857142857143
80,0.7142857142857143
47,0.41964285714285715
98,0.875
63,0.5625
70,0.625
40,0.35714285714285715
112,1.0
38,0.3392857142857143
42,0.375
68,0.6071428571428571
22,0.19642857142857142
55,0.49107142857142855
96,0.8571428571428571
33,0.29464285714285715
71,0.6339285714285714
54,0.48214285714285715
60,0.5357142857142857
98,0.875
52,0.4642857142857143
51,0.45535714285714285
59,0.5267857142857143
32,0.2857142857142857
74,0.6607142857142857
1,0.008928571428571428
57,0.5089285714285714
73,0.6517857142857143
86,0.7678571428571429
59,0.5267857142857143
53,0.4732142857142857
49,0.4375
2,0.017857142857142856
20,0.17857142857142858
3,0.026785714285714284
31,0.2767857142857143
55,0.49107142857142855
83,0.7410714285714286
106,0.9464285714285714
75,0.6696428571428571
45,0.4017857142857143
34,0.30357142857142855
24,0.21428571428571427
25,0.22321428571428573
51,0.45535714285714285
79,0.7053571428571429
27,0.24107142857142858
1,0.008928571428571428
39,0.3482142857142857
76,0.6785714285714286
57,0.5089285714285714
68,0.6071428571428571
78,0.6964285714285714
37,0.33035714285714285
38,0.3392857142857143
85,0.7589285714285714
58,0.5178571428571429
72,0.6428571428571429
53,0.4732142857142857
85,0.7589285714285714
61,0.5446428571428571
27,0.24107142857142858
38,0.3392857142857143
75,0.6696428571428571
98,0.875
30,0.26785714285714285
92,0.8214285714285714
39,0.3482142857142857
63,0.5625
71,0.6339285714285714
69,0.6160714285714286
74,0.6607142857142857
31,0.2767857142857143
55,0.49107142857142855
55,0.49107142857142855
78,0.6964285714285714
27,0.24107142857142858
75,0.6696428571428571
28,0.25
49,0.4375
57,0.5089285714285714
33,0.29464285714285715
15,0.13392857142857142
69,0.6160714285714286
8,0.07142857142857142
1,0.008928571428571428
33,0.29464285714285715
63,0.5625
84,0.75
41,0.36607142857142855
60,0.5357142857142857
24,0.21428571428571427
69,0.6160714285714286
99,0.8839285714285714
50,0.44642857142857145
50,0.44642857142857145
37,0.33035714285714285
98,0.875
37,0.33035714285714285
37,0.33035714285714285
36,0.32142857142857145
42,0.375
68,0.6071428571428571
27,0.24107142857142858
106,0.9464285714285714
72,0.6428571428571429
108,0.9642857142857143
61,0.5446428571428571
40,0.35714285714285715
50,0.44642857142857145
68,0.6071428571428571
20,0.17857142857142858
36,0.32142857142857145
62,0.5535714285714286
87,0.7767857142857143
24,0.21428571428571427
29,0.25892857142857145
18,0.16071428571428573
35,0.3125
59,0.5267857142857143
29,0.25892857142857145
42,0.375
30,0.26785714285714285
17,0.15178571428571427
81,0.7232142857142857
47,0.41964285714285715
40,0.35714285714285715
63,0.5625
54,0.48214285714285715
48,0.42857142857142855
78,0.6964285714285714
45,0.4017857142857143
69,0.6160714285714286
26,0.23214285714285715
39,0.3482142857142857
85,0.7589285714285714
24,0.21428571428571427
50,0.44642857142857145
30,0.26785714285714285
24,0.21428571428571427
35,0.3125
39,0.3482142857142857
14,0.125
68,0.6071428571428571
87,0.7767857142857143
56,0.5
75,0.6696428571428571
64,0.5714285714285714
30,0.26785714285714285
96,0.8571428571428571
34,0.30357142857142855
14,0.125
35,0.3125
57,0.5089285714285714
71,0.6339285714285714
44,0.39285714285714285
20,0.17857142857142858
19,0.16964285714285715
71,0.6339285714285714
33,0.29464285714285715
13,0.11607142857142858
104,0.9285714285714286
75,0.6696428571428571
14,0.125
49,0.4375
75,0.6696428571428571
59,0.5267857142857143
110,0.9821428571428571
79,0.7053571428571429
68,0.6071428571428571
62,0.5535714285714286
88,0.7857142857142857
13,0.11607142857142858
69,0.6160714285714286
62,0.5535714285714286
53,0.4732142857142857
43,0.38392857142857145
42,0.375
109,0.9732142857142857
29,0.25892857142857145
44,0.39285714285714285
59,0.5267857142857143
18,0.16071428571428573
66,0.5892857142857143
2,0.017857142857142856
56,0.5
82,0.7321428571428571
64,0.5714285714285714
3,0.026785714285714284
16,0.14285714285714285
54,0.48214285714285715
30,0.26785714285714285
91,0.8125
46,0.4107142857142857
83,0.7410714285714286
23,0.20535714285714285
73,0.6517857142857143
44,0.39285714285714285
39,0.3482142857142857
12,0.10714285714285714
52,0.4642857142857143
34,0.30357142857142855
57,0.5089285714285714
61,0.5446428571428571
23,0.20535714285714285
38,0.3392857142857143
99,0.8839285714285714
25,0.22321428571428573
111,0.9910714285714286
23,0.20535714285714285
75,0.6696428571428571
67,0.5982142857142857
23,0.20535714285714285
104,0.9285714285714286
55,0.49107142857142855
62,0.5535714285714286
50,0.44642857142857145
66,0.5892857142857143
82,0.7321428571428571
83,0.7410714285714286
33,0.29464285714285715
42,0.375
40,0.35714285714285715
49,0.4375
69,0.6160714285714286
47,0.41964285714285715
72,0.6428571428571429
78,0.6964285714285714
81,0.7232142857142857
86,0.7678571428571429
50,0.44642857142857145
14,0.125
79,0.7053571428571429
72,0.6428571428571429
24,0.21428571428571427
95,0.8482142857142857
40,0.35714285714285715
44,0.39285714285714285
5,0.044642857142857144
33,0.29464285714285715
35,0.3125
36,0.32142857142857145
52,0.4642857142857143
83,0.7410714285714286
47,0.41964285714285715
78,0.6964285714285714
69,0.6160714285714286
31,0.2767857142857143
33,0.29464285714285715
71,0.6339285714285714
26,0.23214285714285715
27,0.24107142857142858
63,0.5625
8,0.07142857142857142
74,0.6607142857142857
89,0.7946428571428571
22,0.19642857142857142
29,0.25892857142857145
41,0.36607142857142855
37,0.33035714285714285
8,0.07142857142857142
33,0.29464285714285715
99,0.8839285714285714
63,0.5625
77,0.6875
72,0.6428571428571429
75,0.6696428571428571
18,0.16071428571428573
69,0.6160714285714286
15,0.13392857142857142
33,0.29464285714285715
33,0.29464285714285715
81,0.7232142857142857
91,0.8125
14,0.125
40,0.35714285714285715
86,0.7678571428571429
91,0.8125
29,0.25892857142857145
32,0.2857142857142857
57,0.5089285714285714
78,0.6964285714285714
32,0.2857142857142857
26,0.23214285714285715
73,0.6517857142857143
64,0.5714285714285714
28,0.25
36,0.32142857142857145
67,0.5982142857142857
68,0.6071428571428571
88,0.7857142857142857
41,0.36607142857142855
35,0.3125
76,0.6785714285714286
44,0.39285714285714285
65,0.5803571428571429
87,0.7767857142857143
37,0.33035714285714285
74,0.6607142857142857
14,0.125
42,0.375
17,0.15178571428571427
22,0.19642857142857142
36,0.32142857142857145
33,0.29464285714285715
73,0.6517857142857143
60,0.5357142857142857
100,0.8928571428571429
66,0.5892857142857143
34,0.30357142857142855
111,0.9910714285714286
60,0.5357142857142857
24,0.21428571428571427
37,0.33035714285714285
77,0.6875
18,0.16071428571428573
70,0.625
89,0.7946428571428571
87,0.7767857142857143
86,0.7678571428571429
28,0.25
74,0.6607142857142857
97,0.8660714285714286
75,0.6696428571428571
76,0.6785714285714286
35,0.3125
71,0.6339285714285714
41,0.36607142857142855
85,0.7589285714285714
79,0.7053571428571429
13,0.11607142857142858
35,0.3125
88,0.7857142857142857
95,0.8482142857142857
78,0.6964285714285714
30,0.26785714285714285
31,0.2767857142857143
39,0.3482142857142857
44,0.39285714285714285
32,0.2857142857142857
7,0.0625
29,0.25892857142857145
81,0.7232142857142857
86,0.7678571428571429
54,0.48214285714285715
34,0.30357142857142855
48,0.42857142857142855
96,0.8571428571428571
93,0.8303571428571429
32,0.2857142857142857
15,0.13392857142857142
87,0.7767857142857143
94,0.8392857142857143
25,0.22321428571428573
26,0.23214285714285715
68,0.6071428571428571
88,0.7857142857142857
42,0.375
90,0.8035714285714286
77,0.6875
21,0.1875
34,0.30357142857142855
66,0.5892857142857143
74,0.6607142857142857
43,0.38392857142857145
84,0.75
60,0.5357142857142857
64,0.5714285714285714
79,0.7053571428571429
73,0.6517857142857143
4,0.03571428571428571
58,0.5178571428571429
39,0.3482142857142857
84,0.75
27,0.24107142857142858
88,0.7857142857142857
72,0.6428571428571429
26,0.23214285714285715
104,0.9285714285714286
40,0.35714285714285715
89,0.7946428571428571
24,0.21428571428571427
28,0.25
35,0.3125
34,0.30357142857142855
37,0.33035714285714285
36,0.32142857142857145
31,0.2767857142857143
85,0.7589285714285714
34,0.30357142857142855
51,0.45535714285714285
22,0.19642857142857142
94,0.8392857142857143
53,0.4732142857142857
17,0.15178571428571427
20,0.17857142857142858
24,0.21428571428571427
79,0.7053571428571429
78,0.6964285714285714
84,0.75
68,0.6071428571428571
70,0.625
40,0.35714285714285715
18,0.16071428571428573
89,0.7946428571428571
10,0.08928571428571429
85,0.7589285714285714
63,0.5625
89,0.7946428571428571
25,0.22321428571428573
29,0.25892857142857145
73,0.6517857142857143
90,0.8035714285714286
93,0.8303571428571429
72,0.6428571428571429
35,0.3125
37,0.33035714285714285
14,0.125
28,0.25
17,0.15178571428571427
75,0.6696428571428571
27,0.24107142857142858
44,0.39285714285714285
28,0.25
84,0.75
35,0.3125
39,0.3482142857142857
70,0.625
78,0.6964285714285714
100,0.8928571428571429
15,0.13392857142857142
76,0.6785714285714286
82,0.7321428571428571
83,0.7410714285714286
41,0.36607142857142855
86,0.7678571428571429
29,0.25892857142857145
45,0.4017857142857143
87,0.7767857142857143
88,0.7857142857142857
86,0.7678571428571429
90,0.8035714285714286
24,0.21428571428571427
21,0.1875
3,0.026785714285714284
16,0.14285714285714285
22,0.19642857142857142
45,0.4017857142857143
38,0.3392857142857143
42,0.375
32,0.2857142857142857
30,0.26785714285714285
88,0.7857142857142857
85,0.7589285714285714
7,0.0625
20,0.17857142857142858
90,0.8035714285714286
77,0.6875
37,0.33035714285714285
34,0.30357142857142855
82,0.7321428571428571
75,0.6696428571428571
43,0.38392857142857145
85,0.7589285714285714
79,0.7053571428571429
82,0.7321428571428571
78,0.6964285714285714
9,0.08035714285714286
71,0.6339285714285714
89,0.7946428571428571
30,0.26785714285714285
97,0.8660714285714286
39,0.3482142857142857
28,0.25
101,0.9017857142857143
16,0.14285714285714285
23,0.20535714285714285
12,0.10714285714285714
84,0.75
87,0.7767857142857143
90,0.8035714285714286
25,0.22321428571428573
28,0.25
33,0.29464285714285715
18,0.16071428571428573
92,0.8214285714285714
64,0.5714285714285714
50,0.44642857142857145
26,0.23214285714285715
79,0.7053571428571429
68,0.6071428571428571
100,0.8928571428571429
18,0.16071428571428573
38,0.3392857142857143
27,0.24107142857142858
91,0.8125
94,0.8392857142857143
36,0.32142857142857145
37,0.33035714285714285
15,0.13392857142857142
95,0.8482142857142857
69,0.6160714285714286
9,0.08035714285714286
8,0.07142857142857142
66,0.5892857142857143
37,0.33035714285714285
26,0.23214285714285715
36,0.32142857142857145
87,0.7767857142857143
75,0.6696428571428571
25,0.22321428571428573
96,0.8571428571428571
94,0.8392857142857143
86,0.7678571428571429
96,0.8571428571428571
30,0.26785714285714285
22,0.19642857142857142
25,0.22321428571428573
33,0.29464285714285715
31,0.2767857142857143
99,0.8839285714285714
67,0.5982142857142857
28,0.25
7,0.0625
91,0.8125
78,0.6964285714285714
80,0.7142857142857143
17,0.15178571428571427
43,0.38392857142857145
14,0.125
73,0.6517857142857143
93,0.8303571428571429
91,0.8125
90,0.8035714285714286
90,0.8035714285714286
87,0.7767857142857143
37,0.33035714285714285
63,0.5625
77,0.6875
80,0.7142857142857143
85,0.7589285714285714
48,0.42857142857142855
81,0.7232142857142857
87,0.7767857142857143
101,0.9017857142857143
67,0.5982142857142857
77,0.6875
27,0.24107142857142858
19,0.16964285714285715
37,0.33035714285714285
79,0.7053571428571429
87,0.7767857142857143
69,0.6160714285714286
15,0.13392857142857142
22,0.19642857142857142
94,0.8392857142857143
88,0.7857142857142857
36,0.32142857142857145
22,0.19642857142857142
104,0.9285714285714286
92,0.8214285714285714
12,0.10714285714285714
29,0.25892857142857145
27,0.24107142857142858
26,0.23214285714285715
19,0.16964285714285715
26,0.23214285714285715
19,0.16964285714285715
21,0.1875
8,0.07142857142857142
87,0.7767857142857143
59,0.5267857142857143
87,0.7767857142857143
39,0.3482142857142857
69,0.6160714285714286
13,0.11607142857142858
20,0.17857142857142858
19,0.16964285714285715
47,0.41964285714285715
88,0.7857142857142857
34,0.30357142857142855
94,0.8392857142857143
86,0.7678571428571429
19,0.16964285714285715
91,0.8125
24,0.21428571428571427
91,0.8125
71,0.6339285714285714
100,0.8928571428571429
47,0.41964285714285715
38,0.3392857142857143
72,0.6428571428571429
99,0.8839285714285714
71,0.6339285714285714
21,0.1875
71,0.6339285714285714
81,0.7232142857142857
79,0.7053571428571429
99,0.8839285714285714
29,0.25892857142857145
58,0.5178571428571429
44,0.39285714285714285
46,0.4107142857142857
97,0.8660714285714286
72,0.6428571428571429
37,0.33035714285714285
23,0.20535714285714285
43,0.38392857142857145
36,0.32142857142857145
31,0.2767857142857143
88,0.7857142857142857
82,0.7321428571428571
89,0.7946428571428571
94,0.8392857142857143
37,0.33035714285714285
49,0.4375
105,0.9375
38,0.3392857142857143
97,0.8660714285714286
86,0.7678571428571429
44,0.39285714285714285
65,0.5803571428571429
41,0.36607142857142855
108,0.9642857142857143
12,0.10714285714285714
37,0.33035714285714285
98,0.875
68,0.6071428571428571
86,0.7678571428571429
50,0.44642857142857145
28,0.25
60,0.5357142857142857
17,0.15178571428571427
82,0.7321428571428571
20,0.17857142857142858
90,0.8035714285714286
93,0.8303571428571429
29,0.25892857142857145
76,0.6785714285714286
14,0.125
51,0.45535714285714285
99,0.8839285714285714
72,0.6428571428571429
76,0.6785714285714286
81,0.7232142857142857
77,0.6875
70,0.625
71,0.6339285714285714
93,0.8303571428571429
71,0.6339285714285714
30,0.26785714285714285
75,0.6696428571428571
16,0.14285714285714285
96,0.8571428571428571
38,0.3392857142857143
5,0.044642857142857144
31,0.2767857142857143
108,0.9642857142857143
109,0.9732142857142857
97,0.8660714285714286
60,0.5357142857142857
52,0.4642857142857143
42,0.375
63,0.5625
59,0.5267857142857143
14,0.125
98,0.875
10,0.08928571428571429
85,0.7589285714285714
81,0.7232142857142857
49,0.4375
73,0.6517857142857143
39,0.3482142857142857
89,0.7946428571428571
16,0.14285714285714285
17,0.15178571428571427
42,0.375
71,0.6339285714285714
44,0.39285714285714285
16,0.14285714285714285
36,0.32142857142857145
35,0.3125
56,0.5
56,0.5
51,0.45535714285714285
38,0.3392857142857143
80,0.7142857142857143
97,0.8660714285714286
71,0.6339285714285714
76,0.6785714285714286
73,0.6517857142857143
87,0.7767857142857143
107,0.9553571428571429
58,0.5178571428571429
32,0.2857142857142857
65,0.5803571428571429
67,0.5982142857142857
13,0.11607142857142858
6,0.05357142857142857
74,0.6607142857142857
35,0.3125
57,0.5089285714285714
70,0.625
23,0.20535714285714285
47,0.41964285714285715
36,0.32142857142857145
13,0.11607142857142858
18,0.16071428571428573
104,0.9285714285714286
68,0.6071428571428571
89,0.7946428571428571
75,0.6696428571428571
99,0.8839285714285714
39,0.3482142857142857
65,0.5803571428571429
66,0.5892857142857143
91,0.8125
90,0.8035714285714286
80,0.7142857142857143
49,0.4375
41,0.36607142857142855
94,0.8392857142857143
95,0.8482142857142857
87,0.7767857142857143
86,0.7678571428571429
74,0.6607142857142857
87,0.7767857142857143
74,0.6607142857142857
46,0.4107142857142857
96,0.8571428571428571
40,0.35714285714285715
80,0.7142857142857143
39,0.3482142857142857
51,0.45535714285714285
8,0.07142857142857142
87,0.7767857142857143
39,0.3482142857142857
20,0.17857142857142858
41,0.36607142857142855
79,0.7053571428571429
25,0.22321428571428573
83,0.7410714285714286
85,0.7589285714285714
59,0.5267857142857143
93,0.8303571428571429
33,0.29464285714285715
53,0.4732142857142857
28,0.25
69,0.6160714285714286
88,0.7857142857142857
101,0.9017857142857143
89,0.7946428571428571
101,0.9017857142857143
77,0.6875
17,0.15178571428571427
48,0.42857142857142855
61,0.5446428571428571
103,0.9196428571428571
84,0.75
75,0.6696428571428571
23,0.20535714285714285
86,0.7678571428571429
75,0.6696428571428571
34,0.30357142857142855
20,0.17857142857142858
100,0.8928571428571429
2,0.017857142857142856
89,0.7946428571428571
83,0.7410714285714286
7,0.0625
35,0.3125
39,0.3482142857142857
77,0.6875
47,0.41964285714285715
19,0.16964285714285715
90,0.8035714285714286
98,0.875
85,0.7589285714285714
67,0.5982142857142857
29,0.25892857142857145
82,0.7321428571428571
49,0.4375
101,0.9017857142857143
74,0.6607142857142857
48,0.42857142857142855
72,0.6428571428571429
54,0.48214285714285715
91,0.8125
16,0.14285714285714285
27,0.24107142857142858
103,0.9196428571428571
2,0.017857142857142856
47,0.41964285714285715
86,0.7678571428571429
91,0.8125
22,0.19642857142857142
48,0.42857142857142855
34,0.30357142857142855
33,0.29464285714285715
46,0.4107142857142857
103,0.9196428571428571
57,0.5089285714285714
46,0.4107142857142857
19,0.16964285714285715
42,0.375
7,0.0625
44,0.39285714285714285
82,0.7321428571428571
49,0.4375
25,0.22321428571428573
91,0.8125
62,0.5535714285714286
67,0.5982142857142857
94,0.8392857142857143
35,0.3125
60,0.5357142857142857
86,0.7678571428571429
96,0.8571428571428571
81,0.7232142857142857
22,0.19642857142857142
92,0.8214285714285714
110,0.9821428571428571
22,0.19642857142857142
43,0.38392857142857145
76,0.6785714285714286
105,0.9375
102,0.9107142857142857
87,0.7767857142857143
96,0.8571428571428571
89,0.7946428571428571
1,0.008928571428571428
0,0.0
74,0.6607142857142857
2,0.017857142857142856
8,0.07142857142857142
51,0.45535714285714285
106,0.9464285714285714
52,0.4642857142857143
23,0.20535714285714285
95,0.8482142857142857
92,0.8214285714285714
19,0.16964285714285715
5,0.044642857142857144
46,0.4107142857142857
90,0.8035714285714286
8,0.07142857142857142
2,0.017857142857142856
107,0.9553571428571429
77,0.6875
106,0.9464285714285714
23,0.20535714285714285
51,0.45535714285714285
1,0.008928571428571428
51,0.45535714285714285
110,0.9821428571428571
61,0.5446428571428571
92,0.8214285714285714
79,0.7053571428571429
108,0.9642857142857143
5,0.044642857142857144
77,0.6875
4,0.03571428571428571
88,0.7857142857142857
37,0.33035714285714285
100,0.8928571428571429
85,0.7589285714285714
87,0.7767857142857143
50,0.44642857142857145
48,0.42857142857142855
53,0.4732142857142857
24,0.21428571428571427
21,0.1875
23,0.20535714285714285
88,0.7857142857142857
17,0.15178571428571427
84,0.75
8,0.07142857142857142
44,0.39285714285714285
30,0.26785714285714285
109,0.9732142857142857
56,0.5
22,0.19642857142857142
54,0.48214285714285715
33,0.29464285714285715
49,0.4375
77,0.6875
5,0.044642857142857144
89,0.7946428571428571
86,0.7678571428571429
109,0.9732142857142857
34,0.30357142857142855
91,0.8125
59,0.5267857142857143
51,0.45535714285714285
8,0.07142857142857142
100,0.8928571428571429
42,0.375
95,0.8482142857142857
106,0.9464285714285714
107,0.9553571428571429
103,0.9196428571428571
60,0.5357142857142857
49,0.4375
47,0.41964285714285715
2,0.017857142857142856
80,0.7142857142857143
86,0.7678571428571429
60,0.5357142857142857
67,0.5982142857142857
50,0.44642857142857145
79,0.7053571428571429
109,0.9732142857142857
108,0.9642857142857143
107,0.9553571428571429
40,0.35714285714285715
21,0.1875
7,0.0625
89,0.7946428571428571
33,0.29464285714285715
38,0.3392857142857143
30,0.26785714285714285
77,0.6875
93,0.8303571428571429
35,0.3125
8,0.07142857142857142
70,0.625
104,0.9285714285714286
103,0.9196428571428571
5,0.044642857142857144
81,0.7232142857142857
50,0.44642857142857145
55,0.49107142857142855
101,0.9017857142857143
42,0.375
68,0.6071428571428571
55,0.49107142857142855
44,0.39285714285714285
98,0.875
52,0.4642857142857143
87,0.7767857142857143
27,0.24107142857142858
81,0.7232142857142857
82,0.7321428571428571
59,0.5267857142857143
53,0.4732142857142857
71,0.6339285714285714
43,0.38392857142857145
9,0.08035714285714286
34,0.30357142857142855
80,0.7142857142857143
60,0.5357142857142857
104,0.9285714285714286
22,0.19642857142857142
60,0.5357142857142857
106,0.9464285714285714
35,0.3125
59,0.5267857142857143
63,0.5625
72,0.6428571428571429
103,0.9196428571428571
55,0.49107142857142855
42,0.375
92,0.8214285714285714
76,0.6785714285714286
15,0.13392857142857142
61,0.5446428571428571
64,0.5714285714285714
78,0.6964285714285714
78,0.6964285714285714
31,0.2767857142857143
62,0.5535714285714286
50,0.44642857142857145
65,0.5803571428571429
26,0.23214285714285715
41,0.36607142857142855
68,0.6071428571428571
81,0.7232142857142857
53,0.4732142857142857
55,0.49107142857142855
66,0.5892857142857143
33,0.29464285714285715
19,0.16964285714285715
111,0.9910714285714286
82,0.7321428571428571
74,0.6607142857142857
66,0.5892857142857143
98,0.875
92,0.8214285714285714
59,0.5267857142857143
72,0.6428571428571429
21,0.1875
85,0.7589285714285714
41,0.36607142857142855
74,0.6607142857142857
55,0.49107142857142855
39,0.3482142857142857
27,0.24107142857142858
33,0.29464285714285715
8,0.07142857142857142
25,0.22321428571428573
75,0.6696428571428571
23,0.20535714285714285
20,0.17857142857142858
15,0.13392857142857142
68,0.6071428571428571
49,0.4375
73,0.6517857142857143
30,0.26785714285714285
55,0.49107142857142855
40,0.35714285714285715
30,0.26785714285714285
87,0.7767857142857143
31,0.2767857142857143
56,0.5
17,0.15178571428571427
19,0.16964285714285715
24,0.21428571428571427
40,0.35714285714285715
98,0.875
60,0.5357142857142857
34,0.30357142857142855
97,0.8660714285714286
76,0.6785714285714286
28,0.25
25,0.22321428571428573
16,0.14285714285714285
90,0.8035714285714286
27,0.24107142857142858
84,0.75
53,0.4732142857142857
55,0.49107142857142855
58,0.5178571428571429
84,0.75
17,0.15178571428571427
42,0.375
20,0.17857142857142858
23,0.20535714285714285
47,0.41964285714285715
32,0.2857142857142857
78,0.6964285714285714
79,0.7053571428571429
55,0.49107142857142855
81,0.7232142857142857
17,0.15178571428571427
58,0.5178571428571429
64,0.5714285714285714
97,0.8660714285714286
41,0.36607142857142855
81,0.7232142857142857
10,0.08928571428571429
23,0.20535714285714285
40,0.35714285714285715
39,0.3482142857142857
35,0.3125
41,0.36607142857142855
36,0.32142857142857145
27,0.24107142857142858
48,0.42857142857142855
47,0.41964285714285715
94,0.8392857142857143
49,0.4375
69,0.6160714285714286
6,0.05357142857142857
76,0.6785714285714286
25,0.22321428571428573
74,0.6607142857142857
85,0.7589285714285714
57,0.5089285714285714
92,0.8214285714285714
77,0.6875
30,0.26785714285714285
88,0.7857142857142857
26,0.23214285714285715
88,0.7857142857142857
78,0.6964285714285714
49,0.4375
70,0.625
84,0.75
57,0.5089285714285714
63,0.5625
110,0.9821428571428571
29,0.25892857142857145
50,0.44642857142857145
44,0.39285714285714285
65,0.5803571428571429
72,0.6428571428571429
71,0.6339285714285714
61,0.5446428571428571
12,0.10714285714285714
78,0.6964285714285714
42,0.375
78,0.6964285714285714
73,0.6517857142857143
22,0.19642857142857142
74,0.6607142857142857
25,0.22321428571428573
40,0.35714285714285715
69,0.6160714285714286
67,0.5982142857142857
52,0.4642857142857143
50,0.44642857142857145
43,0.38392857142857145
59,0.5267857142857143
36,0.32142857142857145
64,0.5714285714285714
66,0.5892857142857143
49,0.4375
14,0.125
22,0.19642857142857142
17,0.15178571428571427
62,0.5535714285714286
85,0.7589285714285714
72,0.6428571428571429
83,0.7410714285714286
44,0.39285714285714285
30,0.26785714285714285
63,0.5625
67,0.5982142857142857
67,0.5982142857142857
47,0.41964285714285715
63,0.5625
44,0.39285714285714285
92,0.8214285714285714
