45,0.4017857142857143
65,0.5803571428571429
37,0.33035714285714285
63,0.5625
69,0.6160714285714286
104,0.9285714285714286
30,0.26785714285714285
42,0.375
25,0.22321428571428573
33,0.29464285714285715
73,0.6517857142857143
92,0.8214285714285714
37,0.33035714285714285
30,0.26785714285714285
68,0.6071428571428571
82,0.7321428571428571
64,0.5714285714285714
56,0.5
31,0.2767857142857143
82,0.7321428571428571
31,0.2767857142857143
75,0.6696428571428571
37,0.33035714285714285
20,0.17857142857142858
91,0.8125
90,0.8035714285714286
10,0.08928571428571429
54,0.48214285714285715
66,0.5892857142857143
71,0.6339285714285714
58,0.5178571428571429
64,0.5714285714285714
24,0.21428571428571427
86,0.7678571428571429
75,0.6696428571428571
67,0.5982142857142857
24,0.21428571428571427
82,0.7321428571428571
87,0.7767857142857143
82,0.7321428571428571
31,0.2767857142857143
36,0.32142857142857145
45,0.4017857142857143
35,0.3125
30,0.26785714285714285
4,0.03571428571428571
45,0.4017857142857143
59,0.5267857142857143
43,0.38392857142857145
20,0.17857142857142858
82,0.7321428571428571
38,0.3392857142857143
32,0.2857142857142857
45,0.4017857142857143
17,0.15178571428571427
62,0.5535714285714286
62,0.5535714285714286
59,0.5267857142857143
56,0.5
50,0.44642857142857145
33,0.29464285714285715
41,0.36607142857142855
44,0.39285714285714285
58,0.5178571428571429
44,0.39285714285714285
58,0.5178571428571429
44,0.39285714285714285
60,0.5357142857142857
36,0.32142857142857145
71,0.6339285714285714
57,0.5089285714285714
59,0.5267857142857143
38,0.3392857142857143
78,0.6964285714285714
44,0.39285714285714285
50,0.44642857142857145
40,0.35714285714285715
20,0.17857142857142858
45,0.4017857142857143
69,0.6160714285714286
25,0.22321428571428573
53,0.4732142857142857
69,0.6160714285714286
50,0.44642857142857145
54,0.48214285714285715
55,0.49107142857142855
28,0.25
40,0.35714285714285715
38,0.3392857142857143
60,0.5357142857142857
30,0.26785714285714285
40,0.35714285714285715
97,0.8660714285714286
63,0.5625
41,0.36607142857142855
54,0.48214285714285715
53,0.4732142857142857
35,0.3125
95,0.8482142857142857
75,0.6696428571428571
66,0.5892857142857143
44,0.39285714285714285
52,0.4642857142857143
23,0.20535714285714285
79,0.7053571428571429
18,0.16071428571428573
34,0.30357142857142855
85,0.7589285714285714
65,0.5803571428571429
74,0.6607142857142857
66,0.5892857142857143
74,0.6607142857142857
74,0.6607142857142857
50,0.44642857142857145
80,0.7142857142857143
77,0.6875
40,0.35714285714285715
59,0.5267857142857143
28,0.25
51,0.45535714285714285
70,0.625
67,0.5982142857142857
63,0.5625
22,0.19642857142857142
38,0.3392857142857143
24,0.21428571428571427
55,0.49107142857142855
35,0.3125
78,0.6964285714285714
109,0.9732142857142857
81,0.7232142857142857
93,0.8303571428571429
61,0.5446428571428571
66,0.5892857142857143
95,0.8482142857142857
67,0.5982142857142857
90,0.8035714285714286
40,0.35714285714285715
45,0.4017857142857143
66,0.5892857142857143
49,0.4375
25,0.22321428571428573
83,0.7410714285714286
27,0.24107142857142858
56,0.5
14,0.125
103,0.9196428571428571
81,0.7232142857142857
36,0.32142857142857145
55,0.49107142857142855
72,0.6428571428571429
24,0.21428571428571427
17,0.15178571428571427
97,0.8660714285714286
63,0.5625
7,0.0625
79,0.7053571428571429
62,0.5535714285714286
66,0.5892857142857143
101,0.9017857142857143
69,0.6160714285714286
58,0.5178571428571429
23,0.20535714285714285
64,0.5714285714285714
34,0.30357142857142855
44,0.39285714285714285
26,0.23214285714285715
90,0.8035714285714286
84,0.75
83,0.7410714285714286
60,0.5357142857142857
46,0.4107142857142857
29,0.25892857142857145
31,0.2767857142857143
23,0.20535714285714285
41,0.36607142857142855
63,0.5625
18,0.16071428571428573
86,0.7678571428571429
22,0.19642857142857142
64,0.5714285714285714
52,0.4642857142857143
81,0.7232142857142857
68,0.6071428571428571
46,0.4107142857142857
37,0.33035714285714285
21,0.1875
28,0.25
13,0.11607142857142858
59,0.5267857142857143
38,0.3392857142857143
21,0.1875
62,0.5535714285714286
55,0.49107142857142855
31,0.2767857142857143
60,0.5357142857142857
66,0.5892857142857143
32,0.2857142857142857
55,0.49107142857142855
33,0.29464285714285715
84,0.75
75,0.6696428571428571
43,0.38392857142857145
88,0.7857142857142857
58,0.5178571428571429
38,0.3392857142857143
65,0.5803571428571429
78,0.6964285714285714
24,0.21428571428571427
35,0.3125
76,0.6785714285714286
50,0.44642857142857145
35,0.3125
22,0.19642857142857142
55,0.49107142857142855
56,0.5
93,0.8303571428571429
54,0.48214285714285715
38,0.3392857142857143
96,0.8571428571428571
18,0.16071428571428573
50,0.44642857142857145
72,0.6428571428571429
63,0.5625
66,0.5892857142857143
79,0.7053571428571429
59,0.5267857142857143
52,0.4642857142857143
74,0.6607142857142857
14,0.125
78,0.6964285714285714
94,0.8392857142857143
55,0.49107142857142855
51,0.45535714285714285
66,0.5892857142857143
46,0.4107142857142857
98,0.875
34,0.30357142857142855
81,0.7232142857142857
99,0.8839285714285714
61,0.5446428571428571
85,0.7589285714285714
76,0.6785714285714286
56,0.5
89,0.7946428571428571
77,0.6875
70,0.625
74,0.6607142857142857
76,0.6785714285714286
94,0.8392857142857143
43,0.38392857142857145
61,0.5446428571428571
19,0.16964285714285715
87,0.7767857142857143
42,0.375
15,0.13392857142857142
64,0.5714285714285714
85,0.7589285714285714
39,0.3482142857142857
71,0.6339285714285714
70,0.625
107,0.9553571428571429
85,0.7589285714285714
47,0.41964285714285715
48,0.42857142857142855
45,0.4017857142857143
62,0.5535714285714286
64,0.5714285714285714
35,0.3125
36,0.32142857142857145
60,0.5357142857142857
73,0.6517857142857143
70,0.625
49,0.4375
87,0.7767857142857143
14,0.125
56,0.5
52,0.4642857142857143
24,0.21428571428571427
88,0.7857142857142857
37,0.33035714285714285
72,0.6428571428571429
51,0.45535714285714285
45,0.4017857142857143
39,0.3482142857142857
35,0.3125
69,0.6160714285714286
93,0.8303571428571429
73,0.6517857142857143
79,0.7053571428571429
54,0.48214285714285715
56,0.5
72,0.6428571428571429
71,0.6339285714285714
42,0.375
45,0.4017857142857143
66,0.5892857142857143
82,0.7321428571428571
59,0.5267857142857143
53,0.4732142857142857
56,0.5
16,0.14285714285714285
57,0.5089285714285714
80,0.7142857142857143
87,0.7767857142857143
81,0.7232142857142857
81,0.7232142857142857
76,0.6785714285714286
27,0.24107142857142858
30,0.26785714285714285
32,0.2857142857142857
102,0.9107142857142857
33,0.29464285714285715
48,0.42857142857142855
66,0.5892857142857143
88,0.7857142857142857
66,0.5892857142857143
66,0.5892857142857143
93,0.8303571428571429
41,0.36607142857142855
65,0.5803571428571429
55,0.49107142857142855
91,0.8125
2,0.017857142857142856
50,0.44642857142857145
79,0.7053571428571429
37,0.33035714285714285
31,0.2767857142857143
6,0.05357142857142857
32,0.2857142857142857
85,0.7589285714285714
38,0.3392857142857143
74,0.6607142857142857
104,0.9285714285714286
88,0.7857142857142857
29,0.25892857142857145
74,0.6607142857142857
73,0.6517857142857143
97,0.8660714285714286
76,0.6785714285714286
21,0.1875
90,0.8035714285714286
60,0.5357142857142857
94,0.8392857142857143
94,0.8392857142857143
81,0.7232142857142857
103,0.9196428571428571
40,0.35714285714285715
85,0.7589285714285714
40,0.35714285714285715
26,0.23214285714285715
28,0.25
24,0.21428571428571427
82,0.7321428571428571
91,0.8125
53,0.4732142857142857
41,0.36607142857142855
59,0.5267857142857143
34,0.30357142857142855
73,0.6517857142857143
10,0.08928571428571429
75,0.6696428571428571
30,0.26785714285714285
17,0.15178571428571427
32,0.2857142857142857
74,0.6607142857142857
79,0.7053571428571429
19,0.16964285714285715
89,0.7946428571428571
16,0.14285714285714285
21,0.1875
85,0.7589285714285714
7,0.0625
5,0.044642857142857144
66,0.5892857142857143
70,0.625
78,0.6964285714285714
23,0.20535714285714285
27,0.24107142857142858
27,0.24107142857142858
30,0.26785714285714285
9,0.08035714285714286
42,0.375
26,0.23214285714285715
88,0.7857142857142857
3,0.026785714285714284
89,0.7946428571428571
5,0.044642857142857144
69,0.6160714285714286
17,0.15178571428571427
57,0.5089285714285714
36,0.32142857142857145
52,0.4642857142857143
89,0.7946428571428571
70,0.625
67,0.5982142857142857
99,0.8839285714285714
86,0.7678571428571429
88,0.7857142857142857
16,0.14285714285714285
72,0.6428571428571429
84,0.75
28,0.25
43,0.38392857142857145
14,0.125
37,0.33035714285714285
87,0.7767857142857143
83,0.7410714285714286
27,0.24107142857142858
21,0.1875
70,0.625
74,0.6607142857142857
12,0.10714285714285714
14,0.125
102,0.9107142857142857
27,0.24107142857142858
43,0.38392857142857145
15,0.13392857142857142
31,0.2767857142857143
82,0.7321428571428571
71,0.6339285714285714
41,0.36607142857142855
83,0.7410714285714286
29,0.25892857142857145
58,0.5178571428571429
27,0.24107142857142858
17,0.15178571428571427
83,0.7410714285714286
100,0.8928571428571429
101,0.9017857142857143
40,0.35714285714285715
91,0.8125
49,0.4375
26,0.23214285714285715
60,0.5357142857142857
36,0.32142857142857145
88,0.7857142857142857
14,0.125
28,0.25
40,0.35714285714285715
71,0.6339285714285714
36,0.32142857142857145
78,0.6964285714285714
34,0.30357142857142855
76,0.6785714285714286
75,0.6696428571428571
3,0.026785714285714284
88,0.7857142857142857
17,0.15178571428571427
38,0.3392857142857143
32,0.2857142857142857
100,0.8928571428571429
84,0.75
94,0.8392857142857143
31,0.2767857142857143
46,0.4107142857142857
83,0.7410714285714286
46,0.4107142857142857
26,0.23214285714285715
103,0.9196428571428571
57,0.5089285714285714
46,0.4107142857142857
95,0.8482142857142857
83,0.7410714285714286
28,0.25
33,0.29464285714285715
41,0.36607142857142855
89,0.7946428571428571
9,0.08035714285714286
71,0.6339285714285714
19,0.16964285714285715
32,0.2857142857142857
18,0.16071428571428573
5,0.044642857142857144
19,0.16964285714285715
17,0.15178571428571427
89,0.7946428571428571
53,0.4732142857142857
63,0.5625
20,0.17857142857142858
81,0.7232142857142857
69,0.6160714285714286
77,0.6875
18,0.16071428571428573
45,0.4017857142857143
66,0.5892857142857143
14,0.125
95,0.8482142857142857
77,0.6875
27,0.24107142857142858
38,0.3392857142857143
23,0.20535714285714285
105,0.9375
24,0.21428571428571427
47,0.41964285714285715
87,0.7767857142857143
29,0.25892857142857145
19,0.16964285714285715
79,0.7053571428571429
17,0.15178571428571427
82,0.7321428571428571
65,0.5803571428571429
78,0.6964285714285714
28,0.25
72,0.6428571428571429
84,0.75
8,0.07142857142857142
26,0.23214285714285715
83,0.7410714285714286
92,0.8214285714285714
15,0.13392857142857142
63,0.5625
35,0.3125
91,0.8125
16,0.14285714285714285
46,0.4107142857142857
40,0.35714285714285715
35,0.3125
60,0.5357142857142857
28,0.25
31,0.2767857142857143
75,0.6696428571428571
12,0.10714285714285714
73,0.6517857142857143
30,0.26785714285714285
31,0.2767857142857143
56,0.5
47,0.41964285714285715
33,0.29464285714285715
33,0.29464285714285715
37,0.33035714285714285
7,0.0625
90,0.8035714285714286
82,0.7321428571428571
3,0.026785714285714284
81,0.7232142857142857
95,0.8482142857142857
26,0.23214285714285715
24,0.21428571428571427
35,0.3125
26,0.23214285714285715
39,0.3482142857142857
86,0.7678571428571429
73,0.6517857142857143
49,0.4375
15,0.13392857142857142
37,0.33035714285714285
51,0.45535714285714285
22,0.19642857142857142
14,0.125
16,0.14285714285714285
70,0.625
96,0.8571428571428571
38,0.3392857142857143
39,0.3482142857142857
65,0.5803571428571429
32,0.2857142857142857
27,0.24107142857142858
37,0.33035714285714285
18,0.16071428571428573
87,0.7767857142857143
74,0.6607142857142857
61,0.5446428571428571
79,0.7053571428571429
71,0.6339285714285714
49,0.4375
50,0.44642857142857145
107,0.9553571428571429
35,0.3125
65,0.5803571428571429
44,0.39285714285714285
58,0.5178571428571429
57,0.5089285714285714
12,0.10714285714285714
77,0.6875
10,0.08928571428571429
27,0.24107142857142858
56,0.5
48,0.42857142857142855
69,0.6160714285714286
14,0.125
72,0.6428571428571429
42,0.375
80,0.7142857142857143
55,0.49107142857142855
43,0.38392857142857145
27,0.24107142857142858
56,0.5
51,0.45535714285714285
43,0.38392857142857145
55,0.49107142857142855
66,0.5892857142857143
51,0.45535714285714285
35,0.3125
103,0.9196428571428571
69,0.6160714285714286
56,0.5
73,0.6517857142857143
76,0.6785714285714286
52,0.4642857142857143
58,0.5178571428571429
93,0.8303571428571429
98,0.875
42,0.375
33,0.29464285714285715
72,0.6428571428571429
47,0.41964285714285715
68,0.6071428571428571
8,0.07142857142857142
23,0.20535714285714285
79,0.7053571428571429
43,0.38392857142857145
111,0.9910714285714286
56,0.5
45,0.4017857142857143
34,0.30357142857142855
102,0.9107142857142857
7,0.0625
57,0.5089285714285714
74,0.6607142857142857
42,0.375
56,0.5
67,0.5982142857142857
91,0.8125
101,0.9017857142857143
61,0.5446428571428571
3,0.026785714285714284
34,0.30357142857142855
63,0.5625
28,0.25
61,0.5446428571428571
42,0.375
36,0.32142857142857145
44,0.39285714285714285
59,0.5267857142857143
60,0.5357142857142857
82,0.7321428571428571
65,0.5803571428571429
23,0.20535714285714285
45,0.4017857142857143
52,0.4642857142857143
77,0.6875
53,0.4732142857142857
100,0.8928571428571429
65,0.5803571428571429
95,0.8482142857142857
100,0.8928571428571429
87,0.7767857142857143
28,0.25
58,0.5178571428571429
48,0.42857142857142855
52,0.4642857142857143
40,0.35714285714285715
62,0.5535714285714286
54,0.48214285714285715
36,0.32142857142857145
82,0.7321428571428571
49,0.4375
46,0.4107142857142857
44,0.39285714285714285
36,0.32142857142857145
35,0.3125
54,0.48214285714285715
63,0.5625
49,0.4375
10,0.08928571428571429
37,0.33035714285714285
52,0.4642857142857143
44,0.39285714285714285
51,0.45535714285714285
91,0.8125
15,0.13392857142857142
75,0.6696428571428571
82,0.7321428571428571
27,0.24107142857142858
58,0.5178571428571429
38,0.3392857142857143
25,0.22321428571428573
59,0.5267857142857143
90,0.8035714285714286
65,0.5803571428571429
51,0.45535714285714285
69,0.6160714285714286
37,0.33035714285714285
59,0.5267857142857143
39,0.3482142857142857
76,0.6785714285714286
88,0.7857142857142857
69,0.6160714285714286
36,0.32142857142857145
78,0.6964285714285714
92,0.8214285714285714
63,0.5625
57,0.5089285714285714
60,0.5357142857142857
35,0.3125
78,0.6964285714285714
65,0.5803571428571429
88,0.7857142857142857
35,0.3125
49,0.4375
45,0.4017857142857143
34,0.30357142857142855
64,0.5714285714285714
72,0.6428571428571429
41,0.36607142857142855
72,0.6428571428571429
57,0.5089285714285714
48,0.42857142857142855
65,0.5803571428571429
58,0.5178571428571429
65,0.5803571428571429
58,0.5178571428571429
48,0.42857142857142855
35,0.3125
72,0.6428571428571429
86,0.7678571428571429
64,0.5714285714285714
69,0.6160714285714286
48,0.42857142857142855
42,0.375
23,0.20535714285714285
60,0.5357142857142857
37,0.33035714285714285
38,0.3392857142857143
38,0.3392857142857143
50,0.44642857142857145
57,0.5089285714285714
44,0.39285714285714285
41,0.36607142857142855
87,0.7767857142857143
88,0.7857142857142857
59,0.5267857142857143
11,0.09821428571428571
80,0.7142857142857143
50,0.44642857142857145
69,0.6160714285714286
7,0.0625
34,0.30357142857142855
60,0.5357142857142857
8,0.07142857142857142
46,0.4107142857142857
57,0.5089285714285714
57,0.5089285714285714
39,0.3482142857142857
45,0.4017857142857143
32,0.2857142857142857
36,0.32142857142857145
43,0.38392857142857145
74,0.6607142857142857
97,0.8660714285714286
64,0.5714285714285714
85,0.7589285714285714
13,0.11607142857142858
48,0.42857142857142855
75,0.6696428571428571
39,0.3482142857142857
75,0.6696428571428571
63,0.5625
86,0.7678571428571429
47,0.41964285714285715
62,0.5535714285714286
84,0.75
50,0.44642857142857145
47,0.41964285714285715
49,0.4375
25,0.22321428571428573
31,0.2767857142857143
64,0.5714285714285714
83,0.7410714285714286
40,0.35714285714285715
87,0.7767857142857143
64,0.5714285714285714
66,0.5892857142857143
33,0.29464285714285715
64,0.5714285714285714
33,0.29464285714285715
63,0.5625
98,0.875
36,0.32142857142857145
31,0.2767857142857143
83,0.7410714285714286
61,0.5446428571428571
78,0.6964285714285714
53,0.4732142857142857
48,0.42857142857142855
84,0.75
64,0.5714285714285714
107,0.9553571428571429
93,0.8303571428571429
64,0.5714285714285714
90,0.8035714285714286
32,0.2857142857142857
84,0.75
60,0.5357142857142857
18,0.16071428571428573
79,0.7053571428571429
47,0.41964285714285715
46,0.4107142857142857
42,0.375
30,0.26785714285714285
34,0.30357142857142855
24,0.21428571428571427
49,0.4375
73,0.6517857142857143
60,0.5357142857142857
53,0.4732142857142857
45,0.4017857142857143
22,0.19642857142857142
71,0.6339285714285714
82,0.7321428571428571
36,0.32142857142857145
67,0.5982142857142857
38,0.3392857142857143
28,0.25
78,0.6964285714285714
105,0.9375
82,0.7321428571428571
98,0.875
70,0.625
23,0.20535714285714285
53,0.4732142857142857
69,0.6160714285714286
44,0.39285714285714285
98,0.875
24,0.21428571428571427
16,0.14285714285714285
61,0.5446428571428571
80,0.7142857142857143
36,0.32142857142857145
16,0.14285714285714285
76,0.6785714285714286
35,0.3125
33,0.29464285714285715
33,0.29464285714285715
24,0.21428571428571427
56,0.5
91,0.8125
91,0.8125
85,0.7589285714285714
37,0.33035714285714285
6,0.05357142857142857
75,0.6696428571428571
59,0.5267857142857143
75,0.6696428571428571
75,0.6696428571428571
45,0.4017857142857143
81,0.7232142857142857
82,0.7321428571428571
79,0.7053571428571429
90,0.8035714285714286
89,0.7946428571428571
71,0.6339285714285714
47,0.41964285714285715
81,0.7232142857142857
91,0.8125
57,0.5089285714285714
92,0.8214285714285714
106,0.9464285714285714
52,0.4642857142857143
63,0.5625
14,0.125
30,0.26785714285714285
51,0.45535714285714285
64,0.5714285714285714
39,0.3482142857142857
59,0.5267857142857143
42,0.375
58,0.5178571428571429
61,0.5446428571428571
46,0.4107142857142857
40,0.35714285714285715
45,0.4017857142857143
61,0.5446428571428571
92,0.8214285714285714
46,0.4107142857142857
9,0.08035714285714286
71,0.6339285714285714
83,0.7410714285714286
64,0.5714285714285714
76,0.6785714285714286
71,0.6339285714285714
31,0.2767857142857143
95,0.8482142857142857
77,0.6875
69,0.6160714285714286
77,0.6875
90,0.8035714285714286
30,0.26785714285714285
37,0.33035714285714285
107,0.9553571428571429
23,0.20535714285714285
26,0.23214285714285715
58,0.5178571428571429
71,0.6339285714285714
42,0.375
17,0.15178571428571427
40,0.35714285714285715
68,0.6071428571428571
54,0.48214285714285715
30,0.26785714285714285
35,0.3125
49,0.4375
52,0.4642857142857143
31,0.2767857142857143
15,0.13392857142857142
92,0.8214285714285714
30,0.26785714285714285
94,0.8392857142857143
17,0.15178571428571427
81,0.7232142857142857
30,0.26785714285714285
50,0.44642857142857145
97,0.8660714285714286
69,0.6160714285714286
65,0.5803571428571429
80,0.7142857142857143
67,0.5982142857142857
46,0.4107142857142857
31,0.2767857142857143
60,0.5357142857142857
6,0.05357142857142857
84,0.75
81,0.7232142857142857
7,0.0625
36,0.32142857142857145
64,0.5714285714285714
51,0.45535714285714285
22,0.19642857142857142
39,0.3482142857142857
76,0.6785714285714286
24,0.21428571428571427
103,0.9196428571428571
51,0.45535714285714285
29,0.25892857142857145
54,0.48214285714285715
68,0.6071428571428571
71,0.6339285714285714
53,0.4732142857142857
14,0.125
103,0.9196428571428571
34,0.30357142857142855
98,0.875
64,0.5714285714285714
59,0.5267857142857143
41,0.36607142857142855
40,0.35714285714285715
60,0.5357142857142857
105,0.9375
78,0.6964285714285714
19,0.16964285714285715
22,0.19642857142857142
86,0.7678571428571429
21,0.1875
76,0.6785714285714286
57,0.5089285714285714
84,0.75
66,0.5892857142857143
49,0.4375
25,0.22321428571428573
31,0.2767857142857143
98,0.875
99,0.8839285714285714
62,0.5535714285714286
60,0.5357142857142857
60,0.5357142857142857
63,0.5625
60,0.5357142857142857
56,0.5
103,0.9196428571428571
35,0.3125
61,0.5446428571428571
38,0.3392857142857143
34,0.30357142857142855
97,0.8660714285714286
60,0.5357142857142857
11,0.09821428571428571
60,0.5357142857142857
112,1.0
106,0.9464285714285714
24,0.21428571428571427
48,0.42857142857142855
55,0.49107142857142855
46,0.4107142857142857
53,0.4732142857142857
99,0.8839285714285714
80,0.7142857142857143
73,0.6517857142857143
90,0.8035714285714286
95,0.8482142857142857
68,0.6071428571428571
98,0.875
100,0.8928571428571429
73,0.6517857142857143
94,0.8392857142857143
62,0.5535714285714286
57,0.5089285714285714
106,0.9464285714285714
67,0.5982142857142857
56,0.5
101,0.9017857142857143
32,0.2857142857142857
51,0.45535714285714285
7,0.0625
44,0.39285714285714285
29,0.25892857142857145
62,0.5535714285714286
54,0.48214285714285715
54,0.48214285714285715
32,0.2857142857142857
43,0.38392857142857145
100,0.8928571428571429
109,0.9732142857142857
93,0.8303571428571429
96,0.8571428571428571
21,0.1875
14,0.125
90,0.8035714285714286
21,0.1875
67,0.5982142857142857
84,0.75
49,0.4375
50,0.44642857142857145
82,0.7321428571428571
71,0.6339285714285714
2,0.017857142857142856
103,0.9196428571428571
22,0.19642857142857142
83,0.7410714285714286
23,0.20535714285714285
34,0.30357142857142855
35,0.3125
63,0.5625
106,0.9464285714285714
42,0.375
92,0.8214285714285714
91,0.8125
11,0.09821428571428571
78,0.6964285714285714
31,0.2767857142857143
75,0.6696428571428571
94,0.8392857142857143
30,0.26785714285714285
107,0.9553571428571429
44,0.39285714285714285
18,0.16071428571428573
41,0.36607142857142855
75,0.6696428571428571
59,0.5267857142857143
52,0.4642857142857143
96,0.8571428571428571
54,0.48214285714285715
57,0.5089285714285714
15,0.13392857142857142
79,0.7053571428571429
60,0.5357142857142857
56,0.5
8,0.07142857142857142
97,0.8660714285714286
95,0.8482142857142857
23,0.20535714285714285
96,0.8571428571428571
54,0.48214285714285715
71,0.6339285714285714
23,0.20535714285714285
53,0.4732142857142857
1,0.008928571428571428
26,0.23214285714285715
26,0.23214285714285715
25,0.22321428571428573
81,0.7232142857142857
97,0.8660714285714286
23,0.20535714285714285
12,0.10714285714285714
74,0.6607142857142857
15,0.13392857142857142
35,0.3125
54,0.48214285714285715
63,0.5625
25,0.22321428571428573
49,0.4375
1,0.008928571428571428
59,0.5267857142857143
59,0.5267857142857143
55,0.49107142857142855
40,0.35714285714285715
10,0.08928571428571429
91,0.8125
110,0.9821428571428571
53,0.4732142857142857
11,0.09821428571428571
70,0.625
52,0.4642857142857143
41,0.36607142857142855
18,0.16071428571428573
59,0.5267857142857143
20,0.17857142857142858
89,0.7946428571428571
60,0.5357142857142857
96,0.8571428571428571
101,0.9017857142857143
59,0.5267857142857143
27,0.24107142857142858
46,0.4107142857142857
95,0.8482142857142857
65,0.5803571428571429
109,0.9732142857142857
47,0.41964285714285715
59,0.5267857142857143
58,0.5178571428571429
59,0.5267857142857143
3,0.026785714285714284
58,0.5178571428571429
23,0.20535714285714285
43,0.38392857142857145
54,0.48214285714285715
79,0.7053571428571429
57,0.5089285714285714
50,0.44642857142857145
97,0.8660714285714286
68,0.6071428571428571
50,0.44642857142857145
45,0.4017857142857143
46,0.4107142857142857
106,0.9464285714285714
57,0.5089285714285714
53,0.4732142857142857
48,0.42857142857142855
60,0.5357142857142857
20,0.17857142857142858
6,0.05357142857142857
72,0.6428571428571429
77,0.6875
6,0.05357142857142857
96,0.8571428571428571
98,0.875
49,0.4375
77,0.6875
60,0.5357142857142857
23,0.20535714285714285
60,0.5357142857142857
99,0.8839285714285714
100,0.8928571428571429
97,0.8660714285714286
25,0.22321428571428573
5,0.044642857142857144
41,0.36607142857142855
52,0.4642857142857143
90,0.8035714285714286
48,0.42857142857142855
63,0.5625
72,0.6428571428571429
