35,0.3125
59,0.5267857142857143
73,0.6517857142857143
40,0.35714285714285715
31,0.2767857142857143
43,0.38392857142857145
41,0.36607142857142855
86,0.7678571428571429
34,0.30357142857142855
39,0.3482142857142857
42,0.375
33,0.29464285714285715
38,0.3392857142857143
65,0.5803571428571429
82,0.7321428571428571
94,0.8392857142857143
69,0.6160714285714286
58,0.5178571428571429
42,0.375
85,0.7589285714285714
56,0.5
66,0.5892857142857143
67,0.5982142857142857
45,0.4017857142857143
97,0.8660714285714286
103,0.9196428571428571
56,0.5
62,0.5535714285714286
83,0.7410714285714286
38,0.3392857142857143
85,0.7589285714285714
56,0.5
37,0.33035714285714285
69,0.6160714285714286
53,0.4732142857142857
88,0.7857142857142857
23,0.20535714285714285
58,0.5178571428571429
62,0.5535714285714286
65,0.5803571428571429
32,0.2857142857142857
50,0.44642857142857145
27,0.24107142857142858
54,0.48214285714285715
51,0.45535714285714285
45,0.4017857142857143
4,0.03571428571428571
71,0.6339285714285714
42,0.375
63,0.5625
87,0.7767857142857143
35,0.3125
5,0.044642857142857144
40,0.35714285714285715
38,0.3392857142857143
46,0.4107142857142857
21,0.1875
72,0.6428571428571429
67,0.5982142857142857
75,0.6696428571428571
47,0.41964285714285715
88,0.7857142857142857
59,0.5267857142857143
61,0.5446428571428571
47,0.41964285714285715
44,0.39285714285714285
54,0.48214285714285715
37,0.33035714285714285
32,0.2857142857142857
15,0.13392857142857142
91,0.8125
16,0.14285714285714285
32,0.2857142857142857
14,0.125
20,0.17857142857142858
30,0.26785714285714285
30,0.26785714285714285
48,0.42857142857142855
33,0.29464285714285715
72,0.6428571428571429
81,0.7232142857142857
76,0.6785714285714286
26,0.23214285714285715
39,0.3482142857142857
40,0.35714285714285715
57,0.5089285714285714
72,0.6428571428571429
55,0.49107142857142855
36,0.32142857142857145
28,0.25
56,0.5
36,0.32142857142857145
54,0.48214285714285715
99,0.8839285714285714
11,0.09821428571428571
74,0.6607142857142857
106,0.9464285714285714
34,0.30357142857142855
68,0.6071428571428571
41,0.36607142857142855
74,0.6607142857142857
35,0.3125
9,0.08035714285714286
58,0.5178571428571429
97,0.8660714285714286
59,0.5267857142857143
101,0.9017857142857143
70,0.625
48,0.42857142857142855
19,0.16964285714285715
38,0.3392857142857143
11,0.09821428571428571
34,0.30357142857142855
25,0.22321428571428573
39,0.3482142857142857
79,0.7053571428571429
11,0.09821428571428571
66,0.5892857142857143
53,0.4732142857142857
67,0.5982142857142857
66,0.5892857142857143
65,0.5803571428571429
44,0.39285714285714285
57,0.5089285714285714
65,0.5803571428571429
8,0.07142857142857142
71,0.6339285714285714
77,0.6875
14,0.125
21,0.1875
61,0.5446428571428571
48,0.42857142857142855
101,0.9017857142857143
45,0.4017857142857143
72,0.6428571428571429
102,0.9107142857142857
10,0.08928571428571429
47,0.41964285714285715
44,0.39285714285714285
83,0.7410714285714286
68,0.6071428571428571
87,0.7767857142857143
53,0.4732142857142857
37,0.33035714285714285
21,0.1875
32,0.2857142857142857
31,0.2767857142857143
58,0.5178571428571429
52,0.4642857142857143
53,0.4732142857142857
94,0.8392857142857143
62,0.5535714285714286
32,0.2857142857142857
51,0.45535714285714285
44,0.39285714285714285
65,0.5803571428571429
108,0.9642857142857143
51,0.45535714285714285
43,0.38392857142857145
87,0.7767857142857143
50,0.44642857142857145
27,0.24107142857142858
85,0.7589285714285714
65,0.5803571428571429
63,0.5625
65,0.5803571428571429
85,0.7589285714285714
13,0.11607142857142858
62,0.5535714285714286
89,0.7946428571428571
64,0.5714285714285714
50,0.44642857142857145
49,0.4375
39,0.3482142857142857
14,0.125
34,0.30357142857142855
22,0.19642857142857142
59,0.5267857142857143
6,0.05357142857142857
41,0.36607142857142855
31,0.2767857142857143
36,0.32142857142857145
28,0.25
83,0.7410714285714286
47,0.41964285714285715
82,0.7321428571428571
59,0.5267857142857143
80,0.7142857142857143
5,0.044642857142857144
32,0.2857142857142857
57,0.5089285714285714
41,0.36607142857142855
52,0.4642857142857143
27,0.24107142857142858
51,0.45535714285714285
98,0.875
77,0.6875
69,0.6160714285714286
91,0.8125
25,0.22321428571428573
52,0.4642857142857143
16,0.14285714285714285
79,0.7053571428571429
36,0.32142857142857145
68,0.6071428571428571
41,0.36607142857142855
76,0.6785714285714286
82,0.7321428571428571
49,0.4375
72,0.6428571428571429
106,0.9464285714285714
91,0.8125
72,0.6428571428571429
75,0.6696428571428571
70,0.625
50,0.44642857142857145
64,0.5714285714285714
43,0.38392857142857145
18,0.16071428571428573
71,0.6339285714285714
23,0.20535714285714285
69,0.6160714285714286
71,0.6339285714285714
29,0.25892857142857145
28,0.25
101,0.9017857142857143
73,0.6517857142857143
46,0.4107142857142857
14,0.125
30,0.26785714285714285
12,0.10714285714285714
49,0.4375
77,0.6875
81,0.7232142857142857
90,0.8035714285714286
97,0.8660714285714286
71,0.6339285714285714
16,0.14285714285714285
67,0.5982142857142857
77,0.6875
95,0.8482142857142857
90,0.8035714285714286
14,0.125
69,0.6160714285714286
81,0.7232142857142857
64,0.5714285714285714
77,0.6875
104,0.9285714285714286
45,0.4017857142857143
60,0.5357142857142857
50,0.44642857142857145
81,0.7232142857142857
95,0.8482142857142857
51,0.45535714285714285
25,0.22321428571428573
42,0.375
40,0.35714285714285715
72,0.6428571428571429
10,0.08928571428571429
80,0.7142857142857143
49,0.4375
30,0.26785714285714285
50,0.44642857142857145
16,0.14285714285714285
50,0.44642857142857145
77,0.6875
72,0.6428571428571429
74,0.6607142857142857
49,0.4375
66,0.5892857142857143
15,0.13392857142857142
17,0.15178571428571427
28,0.25
2,0.017857142857142856
77,0.6875
59,0.5267857142857143
95,0.8482142857142857
66,0.5892857142857143
95,0.8482142857142857
85,0.7589285714285714
43,0.38392857142857145
97,0.8660714285714286
54,0.48214285714285715
64,0.5714285714285714
51,0.45535714285714285
49,0.4375
16,0.14285714285714285
108,0.9642857142857143
40,0.35714285714285715
40,0.35714285714285715
26,0.23214285714285715
46,0.4107142857142857
56,0.5
69,0.6160714285714286
48,0.42857142857142855
14,0.125
32,0.2857142857142857
68,0.6071428571428571
67,0.5982142857142857
29,0.25892857142857145
87,0.7767857142857143
34,0.30357142857142855
104,0.9285714285714286
111,0.9910714285714286
56,0.5
93,0.8303571428571429
55,0.49107142857142855
66,0.5892857142857143
59,0.5267857142857143
29,0.25892857142857145
75,0.6696428571428571
33,0.29464285714285715
63,0.5625
106,0.9464285714285714
95,0.8482142857142857
66,0.5892857142857143
75,0.6696428571428571
41,0.36607142857142855
75,0.6696428571428571
95,0.8482142857142857
59,0.5267857142857143
85,0.7589285714285714
12,0.10714285714285714
27,0.24107142857142858
47,0.41964285714285715
74,0.6607142857142857
38,0.3392857142857143
38,0.3392857142857143
83,0.7410714285714286
23,0.20535714285714285
18,0.16071428571428573
95,0.8482142857142857
32,0.2857142857142857
28,0.25
97,0.8660714285714286
35,0.3125
57,0.5089285714285714
71,0.6339285714285714
0,0.0
63,0.5625
26,0.23214285714285715
86,0.7678571428571429
71,0.6339285714285714
69,0.6160714285714286
10,0.08928571428571429
26,0.23214285714285715
76,0.6785714285714286
63,0.5625
24,0.21428571428571427
35,0.3125
86,0.7678571428571429
13,0.11607142857142858
40,0.35714285714285715
28,0.25
71,0.6339285714285714
101,0.9017857142857143
72,0.6428571428571429
100,0.8928571428571429
59,0.5267857142857143
36,0.32142857142857145
79,0.7053571428571429
101,0.9017857142857143
49,0.4375
85,0.7589285714285714
70,0.625
72,0.6428571428571429
59,0.5267857142857143
91,0.8125
55,0.49107142857142855
58,0.5178571428571429
59,0.5267857142857143
56,0.5
53,0.4732142857142857
63,0.5625
100,0.8928571428571429
25,0.22321428571428573
34,0.30357142857142855
90,0.8035714285714286
19,0.16964285714285715
31,0.2767857142857143
102,0.9107142857142857
47,0.41964285714285715
31,0.2767857142857143
0,0.0
66,0.5892857142857143
75,0.6696428571428571
47,0.41964285714285715
11,0.09821428571428571
75,0.6696428571428571
62,0.5535714285714286
63,0.5625
99,0.8839285714285714
49,0.4375
66,0.5892857142857143
1,0.008928571428571428
54,0.48214285714285715
92,0.8214285714285714
38,0.3392857142857143
60,0.5357142857142857
67,0.5982142857142857
35,0.3125
39,0.3482142857142857
11,0.09821428571428571
39,0.3482142857142857
51,0.45535714285714285
64,0.5714285714285714
32,0.2857142857142857
76,0.6785714285714286
63,0.5625
28,0.25
74,0.6607142857142857
52,0.4642857142857143
28,0.25
37,0.33035714285714285
104,0.9285714285714286
46,0.4107142857142857
84,0.75
73,0.6517857142857143
38,0.3392857142857143
64,0.5714285714285714
17,0.15178571428571427
97,0.8660714285714286
81,0.7232142857142857
75,0.6696428571428571
16,0.14285714285714285
63,0.5625
80,0.7142857142857143
103,0.9196428571428571
75,0.6696428571428571
70,0.625
19,0.16964285714285715
70,0.625
53,0.4732142857142857
26,0.23214285714285715
36,0.32142857142857145
42,0.375
107,0.9553571428571429
48,0.42857142857142855
51,0.45535714285714285
74,0.6607142857142857
68,0.6071428571428571
35,0.3125
98,0.875
63,0.5625
92,0.8214285714285714
37,0.33035714285714285
43,0.38392857142857145
66,0.5892857142857143
16,0.14285714285714285
21,0.1875
32,0.2857142857142857
82,0.7321428571428571
41,0.36607142857142855
90,0.8035714285714286
46,0.4107142857142857
40,0.35714285714285715
43,0.38392857142857145
69,0.6160714285714286
71,0.6339285714285714
32,0.2857142857142857
16,0.14285714285714285
65,0.5803571428571429
101,0.9017857142857143
46,0.4107142857142857
39,0.3482142857142857
106,0.9464285714285714
73,0.6517857142857143
45,0.4017857142857143
38,0.3392857142857143
38,0.3392857142857143
52,0.4642857142857143
104,0.9285714285714286
50,0.44642857142857145
35,0.3125
46,0.4107142857142857
38,0.3392857142857143
44,0.39285714285714285
48,0.42857142857142855
72,0.6428571428571429
56,0.5
59,0.5267857142857143
87,0.7767857142857143
29,0.25892857142857145
20,0.17857142857142858
67,0.5982142857142857
34,0.30357142857142855
49,0.4375
78,0.6964285714285714
46,0.4107142857142857
61,0.5446428571428571
5,0.044642857142857144
84,0.75
30,0.26785714285714285
40,0.35714285714285715
80,0.7142857142857143
51,0.45535714285714285
46,0.4107142857142857
103,0.9196428571428571
50,0.44642857142857145
77,0.6875
35,0.3125
102,0.9107142857142857
39,0.3482142857142857
49,0.4375
41,0.36607142857142855
35,0.3125
59,0.5267857142857143
33,0.29464285714285715
68,0.6071428571428571
54,0.48214285714285715
33,0.29464285714285715
43,0.38392857142857145
97,0.8660714285714286
71,0.6339285714285714
30,0.26785714285714285
41,0.36607142857142855
15,0.13392857142857142
50,0.44642857142857145
42,0.375
50,0.44642857142857145
79,0.7053571428571429
46,0.4107142857142857
26,0.23214285714285715
91,0.8125
82,0.7321428571428571
73,0.6517857142857143
43,0.38392857142857145
50,0.44642857142857145
28,0.25
37,0.33035714285714285
30,0.26785714285714285
101,0.9017857142857143
65,0.5803571428571429
65,0.5803571428571429
19,0.16964285714285715
58,0.5178571428571429
56,0.5
91,0.8125
26,0.23214285714285715
53,0.4732142857142857
80,0.7142857142857143
77,0.6875
57,0.5089285714285714
48,0.42857142857142855
85,0.7589285714285714
29,0.25892857142857145
40,0.35714285714285715
60,0.5357142857142857
94,0.8392857142857143
68,0.6071428571428571
77,0.6875
67,0.5982142857142857
24,0.21428571428571427
89,0.7946428571428571
25,0.22321428571428573
87,0.7767857142857143
26,0.23214285714285715
13,0.11607142857142858
22,0.19642857142857142
87,0.7767857142857143
93,0.8303571428571429
95,0.8482142857142857
88,0.7857142857142857
59,0.5267857142857143
69,0.6160714285714286
35,0.3125
8,0.07142857142857142
92,0.8214285714285714
42,0.375
34,0.30357142857142855
24,0.21428571428571427
61,0.5446428571428571
46,0.4107142857142857
24,0.21428571428571427
33,0.29464285714285715
98,0.875
70,0.625
90,0.8035714285714286
15,0.13392857142857142
80,0.7142857142857143
33,0.29464285714285715
1,0.008928571428571428
54,0.48214285714285715
28,0.25
35,0.3125
47,0.41964285714285715
15,0.13392857142857142
30,0.26785714285714285
42,0.375
47,0.41964285714285715
63,0.5625
111,0.9910714285714286
42,0.375
47,0.41964285714285715
31,0.2767857142857143
69,0.6160714285714286
49,0.4375
9,0.08035714285714286
58,0.5178571428571429
68,0.6071428571428571
60,0.5357142857142857
55,0.49107142857142855
79,0.7053571428571429
76,0.6785714285714286
57,0.5089285714285714
35,0.3125
74,0.6607142857142857
92,0.8214285714285714
66,0.5892857142857143
106,0.9464285714285714
95,0.8482142857142857
31,0.2767857142857143
37,0.33035714285714285
44,0.39285714285714285
18,0.16071428571428573
80,0.7142857142857143
24,0.21428571428571427
56,0.5
84,0.75
103,0.9196428571428571
24,0.21428571428571427
85,0.7589285714285714
53,0.4732142857142857
35,0.3125
39,0.3482142857142857
78,0.6964285714285714
24,0.21428571428571427
28,0.25
37,0.33035714285714285
36,0.32142857142857145
102,0.9107142857142857
38,0.3392857142857143
60,0.5357142857142857
30,0.26785714285714285
14,0.125
30,0.26785714285714285
31,0.2767857142857143
16,0.14285714285714285
86,0.7678571428571429
78,0.6964285714285714
33,0.29464285714285715
97,0.8660714285714286
62,0.5535714285714286
29,0.25892857142857145
78,0.6964285714285714
28,0.25
71,0.6339285714285714
20,0.17857142857142858
71,0.6339285714285714
94,0.8392857142857143
78,0.6964285714285714
82,0.7321428571428571
65,0.5803571428571429
78,0.6964285714285714
80,0.7142857142857143
80,0.7142857142857143
75,0.6696428571428571
61,0.5446428571428571
26,0.23214285714285715
30,0.26785714285714285
91,0.8125
62,0.5535714285714286
94,0.8392857142857143
24,0.21428571428571427
43,0.38392857142857145
71,0.6339285714285714
72,0.6428571428571429
56,0.5
38,0.3392857142857143
67,0.5982142857142857
85,0.7589285714285714
68,0.6071428571428571
81,0.7232142857142857
83,0.7410714285714286
44,0.39285714285714285
40,0.35714285714285715
57,0.5089285714285714
86,0.7678571428571429
8,0.07142857142857142
76,0.6785714285714286
76,0.6785714285714286
66,0.5892857142857143
53,0.4732142857142857
23,0.20535714285714285
91,0.8125
79,0.7053571428571429
15,0.13392857142857142
48,0.42857142857142855
73,0.6517857142857143
2,0.017857142857142856
52,0.4642857142857143
94,0.8392857142857143
77,0.6875
77,0.6875
45,0.4017857142857143
60,0.5357142857142857
54,0.48214285714285715
70,0.625
67,0.5982142857142857
26,0.23214285714285715
68,0.6071428571428571
49,0.4375
72,0.6428571428571429
100,0.8928571428571429
112,1.0
3,0.026785714285714284
72,0.6428571428571429
14,0.125
23,0.20535714285714285
40,0.35714285714285715
54,0.48214285714285715
39,0.3482142857142857
63,0.5625
15,0.13392857142857142
66,0.5892857142857143
82,0.7321428571428571
57,0.5089285714285714
98,0.875
90,0.8035714285714286
13,0.11607142857142858
59,0.5267857142857143
49,0.4375
56,0.5
76,0.6785714285714286
22,0.19642857142857142
109,0.9732142857142857
48,0.42857142857142855
86,0.7678571428571429
64,0.5714285714285714
55,0.49107142857142855
68,0.6071428571428571
86,0.7678571428571429
56,0.5
64,0.5714285714285714
66,0.5892857142857143
79,0.7053571428571429
57,0.5089285714285714
60,0.5357142857142857
49,0.4375
57,0.5089285714285714
70,0.625
70,0.625
68,0.6071428571428571
48,0.42857142857142855
107,0.9553571428571429
75,0.6696428571428571
5,0.044642857142857144
73,0.6517857142857143
88,0.7857142857142857
65,0.5803571428571429
55,0.49107142857142855
108,0.9642857142857143
21,0.1875
109,0.9732142857142857
29,0.25892857142857145
41,0.36607142857142855
1,0.008928571428571428
92,0.8214285714285714
11,0.09821428571428571
62,0.5535714285714286
47,0.41964285714285715
34,0.30357142857142855
80,0.7142857142857143
68,0.6071428571428571
89,0.7946428571428571
15,0.13392857142857142
55,0.49107142857142855
51,0.45535714285714285
23,0.20535714285714285
29,0.25892857142857145
82,0.7321428571428571
56,0.5
56,0.5
78,0.6964285714285714
66,0.5892857142857143
59,0.5267857142857143
53,0.4732142857142857
100,0.8928571428571429
46,0.4107142857142857
20,0.17857142857142858
56,0.5
88,0.7857142857142857
53,0.4732142857142857
62,0.5535714285714286
69,0.6160714285714286
55,0.49107142857142855
43,0.38392857142857145
65,0.5803571428571429
33,0.29464285714285715
56,0.5
63,0.5625
55,0.49107142857142855
55,0.49107142857142855
45,0.4017857142857143
64,0.5714285714285714
67,0.5982142857142857
48,0.42857142857142855
68,0.6071428571428571
86,0.7678571428571429
62,0.5535714285714286
93,0.8303571428571429
75,0.6696428571428571
58,0.5178571428571429
49,0.4375
71,0.6339285714285714
56,0.5
55,0.49107142857142855
57,0.5089285714285714
64,0.5714285714285714
68,0.6071428571428571
49,0.4375
64,0.5714285714285714
40,0.35714285714285715
93,0.8303571428571429
48,0.42857142857142855
101,0.9017857142857143
88,0.7857142857142857
44,0.39285714285714285
43,0.38392857142857145
59,0.5267857142857143
70,0.625
103,0.9196428571428571
62,0.5535714285714286
43,0.38392857142857145
39,0.3482142857142857
40,0.35714285714285715
49,0.4375
45,0.4017857142857143
63,0.5625
69,0.6160714285714286
69,0.6160714285714286
57,0.5089285714285714
49,0.4375
58,0.5178571428571429
48,0.42857142857142855
55,0.49107142857142855
53,0.4732142857142857
59,0.5267857142857143
22,0.19642857142857142
20,0.17857142857142858
75,0.6696428571428571
44,0.39285714285714285
30,0.26785714285714285
14,0.125
42,0.375
72,0.6428571428571429
96,0.8571428571428571
74,0.6607142857142857
51,0.45535714285714285
33,0.29464285714285715
45,0.4017857142857143
66,0.5892857142857143
80,0.7142857142857143
87,0.7767857142857143
73,0.6517857142857143
32,0.2857142857142857
33,0.29464285714285715
97,0.8660714285714286
89,0.7946428571428571
50,0.44642857142857145
47,0.41964285714285715
56,0.5
60,0.5357142857142857
54,0.48214285714285715
101,0.9017857142857143
61,0.5446428571428571
63,0.5625
57,0.5089285714285714
31,0.2767857142857143
101,0.9017857142857143
87,0.7767857142857143
53,0.4732142857142857
14,0.125
90,0.8035714285714286
8,0.07142857142857142
26,0.23214285714285715
52,0.4642857142857143
86,0.7678571428571429
26,0.23214285714285715
28,0.25
23,0.20535714285714285
93,0.8303571428571429
64,0.5714285714285714
93,0.8303571428571429
76,0.6785714285714286
64,0.5714285714285714
39,0.3482142857142857
31,0.2767857142857143
91,0.8125
37,0.33035714285714285
39,0.3482142857142857
77,0.6875
30,0.26785714285714285
31,0.2767857142857143
18,0.16071428571428573
62,0.5535714285714286
48,0.42857142857142855
36,0.32142857142857145
29,0.25892857142857145
60,0.5357142857142857
89,0.7946428571428571
26,0.23214285714285715
47,0.41964285714285715
28,0.25
67,0.5982142857142857
77,0.6875
59,0.5267857142857143
63,0.5625
66,0.5892857142857143
22,0.19642857142857142
29,0.25892857142857145
46,0.4107142857142857
37,0.33035714285714285
71,0.6339285714285714
14,0.125
18,0.16071428571428573
33,0.29464285714285715
16,0.14285714285714285
49,0.4375
31,0.2767857142857143
67,0.5982142857142857
11,0.09821428571428571
99,0.8839285714285714
24,0.21428571428571427
65,0.5803571428571429
43,0.38392857142857145
50,0.44642857142857145
18,0.16071428571428573
42,0.375
74,0.6607142857142857
45,0.4017857142857143
51,0.45535714285714285
91,0.8125
58,0.5178571428571429
82,0.7321428571428571
38,0.3392857142857143
89,0.7946428571428571
86,0.7678571428571429
35,0.3125
80,0.7142857142857143
36,0.32142857142857145
64,0.5714285714285714
70,0.625
86,0.7678571428571429
21,0.1875
31,0.2767857142857143
13,0.11607142857142858
51,0.45535714285714285
76,0.6785714285714286
81,0.7232142857142857
69,0.6160714285714286
47,0.41964285714285715
33,0.29464285714285715
47,0.41964285714285715
73,0.6517857142857143
93,0.8303571428571429
56,0.5
13,0.11607142857142858
52,0.4642857142857143
73,0.6517857142857143
34,0.30357142857142855
52,0.4642857142857143
53,0.4732142857142857
29,0.25892857142857145
89,0.7946428571428571
80,0.7142857142857143
72,0.6428571428571429
70,0.625
27,0.24107142857142858
68,0.6071428571428571
38,0.3392857142857143
12,0.10714285714285714
79,0.7053571428571429
21,0.1875
25,0.22321428571428573
33,0.29464285714285715
54,0.48214285714285715
87,0.7767857142857143
74,0.6607142857142857
33,0.29464285714285715
33,0.29464285714285715
39,0.3482142857142857
84,0.75
72,0.6428571428571429
50,0.44642857142857145
24,0.21428571428571427
56,0.5
46,0.4107142857142857
49,0.4375
37,0.33035714285714285
66,0.5892857142857143
34,0.30357142857142855
84,0.75
37,0.33035714285714285
43,0.38392857142857145
102,0.9107142857142857
67,0.5982142857142857
60,0.5357142857142857
63,0.5625
73,0.6517857142857143
60,0.5357142857142857
65,0.5803571428571429
65,0.5803571428571429
84,0.75
38,0.3392857142857143
69,0.6160714285714286
49,0.4375
20,0.17857142857142858
33,0.29464285714285715
73,0.6517857142857143
76,0.6785714285714286
101,0.9017857142857143
53,0.4732142857142857
93,0.8303571428571429
70,0.625
40,0.35714285714285715
80,0.7142857142857143
47,0.41964285714285715
93,0.8303571428571429
83,0.7410714285714286
101,0.9017857142857143
43,0.38392857142857145
27,0.24107142857142858
35,0.3125
32,0.2857142857142857
80,0.7142857142857143
13,0.11607142857142858
10,0.08928571428571429
21,0.1875
80,0.7142857142857143
29,0.25892857142857145
32,0.2857142857142857
53,0.4732142857142857
19,0.16964285714285715
31,0.2767857142857143
24,0.21428571428571427
17,0.15178571428571427
38,0.3392857142857143
60,0.5357142857142857
29,0.25892857142857145
54,0.48214285714285715
23,0.20535714285714285
71,0.6339285714285714
73,0.6517857142857143
27,0.24107142857142858
74,0.6607142857142857
89,0.7946428571428571
16,0.14285714285714285
38,0.3392857142857143
37,0.33035714285714285
16,0.14285714285714285
68,0.6071428571428571
87,0.7767857142857143
77,0.6875
81,0.7232142857142857
34,0.30357142857142855
22,0.19642857142857142
20,0.17857142857142858
80,0.7142857142857143
22,0.19642857142857142
30,0.26785714285714285
43,0.38392857142857145
108,0.9642857142857143
45,0.4017857142857143
45,0.4017857142857143
78,0.6964285714285714
39,0.3482142857142857
29,0.25892857142857145
89,0.7946428571428571
45,0.4017857142857143
26,0.23214285714285715
80,0.7142857142857143
88,0.7857142857142857
51,0.45535714285714285
73,0.6517857142857143
25,0.22321428571428573
42,0.375
15,0.13392857142857142
63,0.5625
51,0.45535714285714285
59,0.5267857142857143
3,0.026785714285714284
54,0.48214285714285715
72,0.6428571428571429
80,0.7142857142857143
22,0.19642857142857142
28,0.25
39,0.3482142857142857
75,0.6696428571428571
95,0.8482142857142857
34,0.30357142857142855
37,0.33035714285714285
46,0.4107142857142857
12,0.10714285714285714
15,0.13392857142857142
37,0.33035714285714285
67,0.5982142857142857
72,0.6428571428571429
76,0.6785714285714286
68,0.6071428571428571
33,0.29464285714285715
52,0.4642857142857143
60,0.5357142857142857
17,0.15178571428571427
74,0.6607142857142857
73,0.6517857142857143
96,0.8571428571428571
50,0.44642857142857145
90,0.8035714285714286
27,0.24107142857142858
31,0.2767857142857143
80,0.7142857142857143
44,0.39285714285714285
94,0.8392857142857143
54,0.48214285714285715
80,0.7142857142857143
21,0.1875
30,0.26785714285714285
79,0.7053571428571429
39,0.3482142857142857
11,0.09821428571428571
19,0.16964285714285715
47,0.41964285714285715
85,0.7589285714285714
101,0.9017857142857143
38,0.3392857142857143
86,0.7678571428571429
85,0.7589285714285714
46,0.4107142857142857
37,0.33035714285714285
100,0.8928571428571429
110,0.9821428571428571
65,0.5803571428571429
108,0.9642857142857143
35,0.3125
74,0.6607142857142857
84,0.75
44,0.39285714285714285
31,0.2767857142857143
52,0.4642857142857143
53,0.4732142857142857
36,0.32142857142857145
102,0.9107142857142857
26,0.23214285714285715
0,0.0
93,0.8303571428571429
32,0.2857142857142857
54,0.48214285714285715
59,0.5267857142857143
91,0.8125
87,0.7767857142857143
90,0.8035714285714286
