100,0.8928571428571429
63,0.5625
68,0.6071428571428571
48,0.42857142857142855
100,0.8928571428571429
89,0.7946428571428571
48,0.42857142857142855
67,0.5982142857142857
48,0.42857142857142855
79,0.7053571428571429
36,0.32142857142857145
32,0.2857142857142857
68,0.6071428571428571
99,0.8839285714285714
58,0.5178571428571429
57,0.5089285714285714
22,0.19642857142857142
52,0.4642857142857143
10,0.08928571428571429
96,0.8571428571428571
75,0.6696428571428571
73,0.6517857142857143
18,0.16071428571428573
89,0.7946428571428571
74,0.6607142857142857
31,0.2767857142857143
68,0.6071428571428571
52,0.4642857142857143
108,0.9642857142857143
79,0.7053571428571429
71,0.6339285714285714
70,0.625
23,0.20535714285714285
18,0.16071428571428573
50,0.44642857142857145
98,0.875
22,0.19642857142857142
71,0.6339285714285714
12,0.10714285714285714
18,0.16071428571428573
28,0.25
11,0.09821428571428571
16,0.14285714285714285
29,0.25892857142857145
102,0.9107142857142857
43,0.38392857142857145
27,0.24107142857142858
47,0.41964285714285715
39,0.3482142857142857
19,0.16964285714285715
79,0.7053571428571429
97,0.8660714285714286
22,0.19642857142857142
90,0.8035714285714286
64,0.5714285714285714
82,0.7321428571428571
83,0.7410714285714286
90,0.8035714285714286
66,0.5892857142857143
29,0.25892857142857145
77,0.6875
31,0.2767857142857143
1,0.008928571428571428
86,0.7678571428571429
37,0.33035714285714285
50,0.44642857142857145
38,0.3392857142857143
31,0.2767857142857143
39,0.3482142857142857
13,0.11607142857142858
70,0.625
36,0.32142857142857145
19,0.16964285714285715
23,0.20535714285714285
57,0.5089285714285714
29,0.25892857142857145
33,0.29464285714285715
77,0.6875
95,0.8482142857142857
89,0.7946428571428571
2,0.017857142857142856
57,0.5089285714285714
52,0.4642857142857143
33,0.29464285714285715
32,0.2857142857142857
35,0.3125
22,0.19642857142857142
51,0.45535714285714285
52,0.4642857142857143
28,0.25
23,0.20535714285714285
26,0.23214285714285715
24,0.21428571428571427
101,0.9017857142857143
78,0.6964285714285714
85,0.7589285714285714
85,0.7589285714285714
48,0.42857142857142855
41,0.36607142857142855
86,0.7678571428571429
54,0.48214285714285715
31,0.2767857142857143
28,0.25
60,0.5357142857142857
76,0.6785714285714286
35,0.3125
30,0.26785714285714285
51,0.45535714285714285
46,0.4107142857142857
56,0.5
20,0.17857142857142858
55,0.49107142857142855
88,0.7857142857142857
71,0.6339285714285714
63,0.5625
33,0.29464285714285715
88,0.7857142857142857
28,0.25
47,0.41964285714285715
63,0.5625
28,0.25
54,0.48214285714285715
28,0.25
95,0.8482142857142857
78,0.6964285714285714
63,0.5625
29,0.25892857142857145
53,0.4732142857142857
105,0.9375
14,0.125
71,0.6339285714285714
16,0.14285714285714285
20,0.17857142857142858
11,0.09821428571428571
74,0.6607142857142857
100,0.8928571428571429
46,0.4107142857142857
26,0.23214285714285715
33,0.29464285714285715
36,0.32142857142857145
97,0.8660714285714286
80,0.7142857142857143
43,0.38392857142857145
59,0.5267857142857143
40,0.35714285714285715
79,0.7053571428571429
85,0.7589285714285714
31,0.2767857142857143
8,0.07142857142857142
33,0.29464285714285715
7,0.0625
73,0.6517857142857143
52,0.4642857142857143
45,0.4017857142857143
94,0.8392857142857143
41,0.36607142857142855
68,0.6071428571428571
105,0.9375
101,0.9017857142857143
57,0.5089285714285714
16,0.14285714285714285
62,0.5535714285714286
80,0.7142857142857143
55,0.49107142857142855
45,0.4017857142857143
24,0.21428571428571427
27,0.24107142857142858
13,0.11607142857142858
83,0.7410714285714286
92,0.8214285714285714
80,0.7142857142857143
48,0.42857142857142855
68,0.6071428571428571
28,0.25
19,0.16964285714285715
37,0.33035714285714285
13,0.11607142857142858
60,0.5357142857142857
49,0.4375
42,0.375
53,0.4732142857142857
47,0.41964285714285715
63,0.5625
51,0.45535714285714285
43,0.38392857142857145
23,0.20535714285714285
29,0.25892857142857145
44,0.39285714285714285
97,0.8660714285714286
79,0.7053571428571429
25,0.22321428571428573
56,0.5
79,0.7053571428571429
72,0.6428571428571429
60,0.5357142857142857
34,0.30357142857142855
76,0.6785714285714286
45,0.4017857142857143
54,0.48214285714285715
70,0.625
62,0.5535714285714286
83,0.7410714285714286
41,0.36607142857142855
45,0.4017857142857143
63,0.5625
95,0.8482142857142857
62,0.5535714285714286
32,0.2857142857142857
37,0.33035714285714285
80,0.7142857142857143
29,0.25892857142857145
93,0.8303571428571429
35,0.3125
37,0.33035714285714285
48,0.42857142857142855
92,0.8214285714285714
95,0.8482142857142857
71,0.6339285714285714
33,0.29464285714285715
48,0.42857142857142855
28,0.25
70,0.625
56,0.5
64,0.5714285714285714
84,0.75
37,0.33035714285714285
45,0.4017857142857143
46,0.4107142857142857
52,0.4642857142857143
84,0.75
57,0.5089285714285714
43,0.38392857142857145
49,0.4375
90,0.8035714285714286
62,0.5535714285714286
69,0.6160714285714286
61,0.5446428571428571
50,0.44642857142857145
43,0.38392857142857145
46,0.4107142857142857
73,0.6517857142857143
82,0.7321428571428571
70,0.625
79,0.7053571428571429
43,0.38392857142857145
65,0.5803571428571429
59,0.5267857142857143
18,0.16071428571428573
67,0.5982142857142857
61,0.5446428571428571
49,0.4375
43,0.38392857142857145
39,0.3482142857142857
34,0.30357142857142855
63,0.5625
65,0.5803571428571429
54,0.48214285714285715
79,0.7053571428571429
43,0.38392857142857145
73,0.6517857142857143
36,0.32142857142857145
62,0.5535714285714286
13,0.11607142857142858
59,0.5267857142857143
74,0.6607142857142857
42,0.375
83,0.7410714285714286
85,0.7589285714285714
56,0.5
34,0.30357142857142855
53,0.4732142857142857
28,0.25
74,0.6607142857142857
65,0.5803571428571429
70,0.625
28,0.25
77,0.6875
52,0.4642857142857143
65,0.5803571428571429
47,0.41964285714285715
36,0.32142857142857145
70,0.625
39,0.3482142857142857
48,0.42857142857142855
75,0.6696428571428571
40,0.35714285714285715
43,0.38392857142857145
60,0.5357142857142857
93,0.8303571428571429
58,0.5178571428571429
62,0.5535714285714286
42,0.375
94,0.8392857142857143
71,0.6339285714285714
97,0.8660714285714286
33,0.29464285714285715
38,0.3392857142857143
38,0.3392857142857143
40,0.35714285714285715
71,0.6339285714285714
28,0.25
72,0.6428571428571429
47,0.41964285714285715
56,0.5
98,0.875
73,0.6517857142857143
54,0.48214285714285715
71,0.6339285714285714
29,0.25892857142857145
97,0.8660714285714286
45,0.4017857142857143
78,0.6964285714285714
69,0.6160714285714286
58,0.5178571428571429
80,0.7142857142857143
35,0.3125
9,0.08035714285714286
92,0.8214285714285714
53,0.4732142857142857
78,0.6964285714285714
45,0.4017857142857143
36,0.32142857142857145
12,0.10714285714285714
38,0.3392857142857143
56,0.5
85,0.7589285714285714
48,0.42857142857142855
80,0.7142857142857143
57,0.5089285714285714
74,0.6607142857142857
77,0.6875
92,0.8214285714285714
68,0.6071428571428571
60,0.5357142857142857
66,0.5892857142857143
64,0.5714285714285714
87,0.7767857142857143
53,0.4732142857142857
61,0.5446428571428571
49,0.4375
50,0.44642857142857145
76,0.6785714285714286
30,0.26785714285714285
27,0.24107142857142858
50,0.44642857142857145
78,0.6964285714285714
66,0.5892857142857143
48,0.42857142857142855
53,0.4732142857142857
27,0.24107142857142858
33,0.29464285714285715
43,0.38392857142857145
33,0.29464285714285715
51,0.45535714285714285
77,0.6875
29,0.25892857142857145
69,0.6160714285714286
47,0.41964285714285715
91,0.8125
53,0.4732142857142857
58,0.5178571428571429
65,0.5803571428571429
48,0.42857142857142855
68,0.6071428571428571
36,0.32142857142857145
63,0.5625
60,0.5357142857142857
38,0.3392857142857143
28,0.25
76,0.6785714285714286
67,0.5982142857142857
65,0.5803571428571429
34,0.30357142857142855
66,0.5892857142857143
95,0.8482142857142857
57,0.5089285714285714
74,0.6607142857142857
53,0.4732142857142857
36,0.32142857142857145
22,0.19642857142857142
35,0.3125
56,0.5
38,0.3392857142857143
55,0.49107142857142855
96,0.8571428571428571
56,0.5
56,0.5
33,0.29464285714285715
57,0.5089285714285714
32,0.2857142857142857
42,0.375
53,0.4732142857142857
36,0.32142857142857145
84,0.75
56,0.5
70,0.625
53,0.4732142857142857
37,0.33035714285714285
44,0.39285714285714285
72,0.6428571428571429
49,0.4375
50,0.44642857142857145
24,0.21428571428571427
54,0.48214285714285715
71,0.6339285714285714
31,0.2767857142857143
56,0.5
72,0.6428571428571429
71,0.6339285714285714
48,0.42857142857142855
60,0.5357142857142857
32,0.2857142857142857
73,0.6517857142857143
48,0.42857142857142855
89,0.7946428571428571
37,0.33035714285714285
38,0.3392857142857143
42,0.375
65,0.5803571428571429
82,0.7321428571428571
42,0.375
107,0.9553571428571429
75,0.6696428571428571
12,0.10714285714285714
38,0.3392857142857143
51,0.45535714285714285
45,0.4017857142857143
93,0.8303571428571429
21,0.1875
55,0.49107142857142855
23,0.20535714285714285
67,0.5982142857142857
68,0.6071428571428571
60,0.5357142857142857
69,0.6160714285714286
77,0.6875
32,0.2857142857142857
34,0.30357142857142855
51,0.45535714285714285
54,0.48214285714285715
56,0.5
38,0.3392857142857143
85,0.7589285714285714
73,0.6517857142857143
39,0.3482142857142857
39,0.3482142857142857
45,0.4017857142857143
58,0.5178571428571429
65,0.5803571428571429
38,0.3392857142857143
77,0.6875
69,0.6160714285714286
46,0.4107142857142857
39,0.3482142857142857
61,0.5446428571428571
73,0.6517857142857143
64,0.5714285714285714
62,0.5535714285714286
56,0.5
87,0.7767857142857143
66,0.5892857142857143
88,0.7857142857142857
30,0.26785714285714285
77,0.6875
31,0.2767857142857143
72,0.6428571428571429
39,0.3482142857142857
72,0.6428571428571429
31,0.2767857142857143
85,0.7589285714285714
43,0.38392857142857145
26,0.23214285714285715
73,0.6517857142857143
101,0.9017857142857143
34,0.30357142857142855
74,0.6607142857142857
84,0.75
50,0.44642857142857145
40,0.35714285714285715
75,0.6696428571428571
83,0.7410714285714286
30,0.26785714285714285
42,0.375
83,0.7410714285714286
75,0.6696428571428571
53,0.4732142857142857
24,0.21428571428571427
13,0.11607142857142858
48,0.42857142857142855
30,0.26785714285714285
30,0.26785714285714285
49,0.4375
18,0.16071428571428573
37,0.33035714285714285
76,0.6785714285714286
35,0.3125
25,0.22321428571428573
45,0.4017857142857143
45,0.4017857142857143
36,0.32142857142857145
46,0.4107142857142857
90,0.8035714285714286
7,0.0625
21,0.1875
28,0.25
55,0.49107142857142855
34,0.30357142857142855
45,0.4017857142857143
36,0.32142857142857145
35,0.3125
20,0.17857142857142858
85,0.7589285714285714
52,0.4642857142857143
74,0.6607142857142857
26,0.23214285714285715
44,0.39285714285714285
84,0.75
47,0.41964285714285715
66,0.5892857142857143
94,0.8392857142857143
86,0.7678571428571429
91,0.8125
92,0.8214285714285714
33,0.29464285714285715
40,0.35714285714285715
43,0.38392857142857145
50,0.44642857142857145
63,0.5625
50,0.44642857142857145
44,0.39285714285714285
68,0.6071428571428571
89,0.7946428571428571
50,0.44642857142857145
46,0.4107142857142857
9,0.08035714285714286
42,0.375
45,0.4017857142857143
96,0.8571428571428571
54,0.48214285714285715
24,0.21428571428571427
76,0.6785714285714286
66,0.5892857142857143
28,0.25
51,0.45535714285714285
39,0.3482142857142857
16,0.14285714285714285
43,0.38392857142857145
70,0.625
50,0.44642857142857145
39,0.3482142857142857
54,0.48214285714285715
39,0.3482142857142857
33,0.29464285714285715
36,0.32142857142857145
26,0.23214285714285715
84,0.75
35,0.3125
57,0.5089285714285714
91,0.8125
33,0.29464285714285715
88,0.7857142857142857
57,0.5089285714285714
77,0.6875
64,0.5714285714285714
60,0.5357142857142857
79,0.7053571428571429
53,0.4732142857142857
35,0.3125
24,0.21428571428571427
101,0.9017857142857143
68,0.6071428571428571
64,0.5714285714285714
31,0.2767857142857143
42,0.375
36,0.32142857142857145
73,0.6517857142857143
58,0.5178571428571429
56,0.5
40,0.35714285714285715
57,0.5089285714285714
40,0.35714285714285715
58,0.5178571428571429
66,0.5892857142857143
77,0.6875
70,0.625
70,0.625
59,0.5267857142857143
56,0.5
67,0.5982142857142857
50,0.44642857142857145
13,0.11607142857142858
67,0.5982142857142857
75,0.6696428571428571
80,0.7142857142857143
82,0.7321428571428571
19,0.16964285714285715
67,0.5982142857142857
59,0.5267857142857143
48,0.42857142857142855
63,0.5625
34,0.30357142857142855
91,0.8125
70,0.625
87,0.7767857142857143
73,0.6517857142857143
74,0.6607142857142857
30,0.26785714285714285
53,0.4732142857142857
88,0.7857142857142857
51,0.45535714285714285
47,0.41964285714285715
50,0.44642857142857145
64,0.5714285714285714
34,0.30357142857142855
55,0.49107142857142855
59,0.5267857142857143
53,0.4732142857142857
66,0.5892857142857143
56,0.5
68,0.6071428571428571
61,0.5446428571428571
66,0.5892857142857143
71,0.6339285714285714
72,0.6428571428571429
60,0.5357142857142857
64,0.5714285714285714
55,0.49107142857142855
55,0.49107142857142855
75,0.6696428571428571
79,0.7053571428571429
43,0.38392857142857145
28,0.25
71,0.6339285714285714
58,0.5178571428571429
86,0.7678571428571429
46,0.4107142857142857
48,0.42857142857142855
60,0.5357142857142857
40,0.35714285714285715
53,0.4732142857142857
66,0.5892857142857143
41,0.36607142857142855
70,0.625
73,0.6517857142857143
75,0.6696428571428571
40,0.35714285714285715
63,0.5625
55,0.49107142857142855
63,0.5625
33,0.29464285714285715
31,0.2767857142857143
55,0.49107142857142855
83,0.7410714285714286
78,0.6964285714285714
64,0.5714285714285714
37,0.33035714285714285
74,0.6607142857142857
81,0.7232142857142857
40,0.35714285714285715
59,0.5267857142857143
40,0.35714285714285715
49,0.4375
37,0.33035714285714285
81,0.7232142857142857
68,0.6071428571428571
47,0.41964285714285715
37,0.33035714285714285
80,0.7142857142857143
78,0.6964285714285714
75,0.6696428571428571
75,0.6696428571428571
84,0.75
79,0.7053571428571429
63,0.5625
45,0.4017857142857143
83,0.7410714285714286
91,0.8125
78,0.6964285714285714
87,0.7767857142857143
54,0.48214285714285715
22,0.19642857142857142
40,0.35714285714285715
100,0.8928571428571429
31,0.2767857142857143
34,0.30357142857142855
34,0.30357142857142855
74,0.6607142857142857
73,0.6517857142857143
26,0.23214285714285715
21,0.1875
35,0.3125
67,0.5982142857142857
100,0.8928571428571429
97,0.8660714285714286
78,0.6964285714285714
63,0.5625
94,0.8392857142857143
68,0.6071428571428571
70,0.625
63,0.5625
69,0.6160714285714286
16,0.14285714285714285
43,0.38392857142857145
65,0.5803571428571429
88,0.7857142857142857
24,0.21428571428571427
73,0.6517857142857143
61,0.5446428571428571
44,0.39285714285714285
38,0.3392857142857143
83,0.7410714285714286
61,0.5446428571428571
59,0.5267857142857143
43,0.38392857142857145
86,0.7678571428571429
54,0.48214285714285715
53,0.4732142857142857
75,0.6696428571428571
65,0.5803571428571429
49,0.4375
68,0.6071428571428571
38,0.3392857142857143
62,0.5535714285714286
36,0.32142857142857145
49,0.4375
72,0.6428571428571429
55,0.49107142857142855
51,0.45535714285714285
27,0.24107142857142858
57,0.5089285714285714
16,0.14285714285714285
74,0.6607142857142857
53,0.4732142857142857
28,0.25
46,0.4107142857142857
61,0.5446428571428571
35,0.3125
41,0.36607142857142855
47,0.41964285714285715
42,0.375
64,0.5714285714285714
56,0.5
55,0.49107142857142855
28,0.25
72,0.6428571428571429
57,0.5089285714285714
94,0.8392857142857143
44,0.39285714285714285
79,0.7053571428571429
40,0.35714285714285715
43,0.38392857142857145
88,0.7857142857142857
63,0.5625
65,0.5803571428571429
69,0.6160714285714286
66,0.5892857142857143
50,0.44642857142857145
36,0.32142857142857145
77,0.6875
74,0.6607142857142857
66,0.5892857142857143
96,0.8571428571428571
79,0.7053571428571429
48,0.42857142857142855
75,0.6696428571428571
56,0.5
69,0.6160714285714286
76,0.6785714285714286
78,0.6964285714285714
38,0.3392857142857143
92,0.8214285714285714
51,0.45535714285714285
29,0.25892857142857145
91,0.8125
58,0.5178571428571429
46,0.4107142857142857
89,0.7946428571428571
61,0.5446428571428571
102,0.9107142857142857
50,0.44642857142857145
83,0.7410714285714286
72,0.6428571428571429
54,0.48214285714285715
85,0.7589285714285714
50,0.44642857142857145
45,0.4017857142857143
27,0.24107142857142858
46,0.4107142857142857
49,0.4375
57,0.5089285714285714
50,0.44642857142857145
22,0.19642857142857142
36,0.32142857142857145
51,0.45535714285714285
23,0.20535714285714285
52,0.4642857142857143
73,0.6517857142857143
109,0.9732142857142857
30,0.26785714285714285
62,0.5535714285714286
65,0.5803571428571429
35,0.3125
59,0.5267857142857143
83,0.7410714285714286
42,0.375
34,0.30357142857142855
79,0.7053571428571429
72,0.6428571428571429
57,0.5089285714285714
92,0.8214285714285714
50,0.44642857142857145
49,0.4375
94,0.8392857142857143
61,0.5446428571428571
88,0.7857142857142857
54,0.48214285714285715
78,0.6964285714285714
60,0.5357142857142857
52,0.4642857142857143
53,0.4732142857142857
52,0.4642857142857143
68,0.6071428571428571
82,0.7321428571428571
47,0.41964285714285715
77,0.6875
45,0.4017857142857143
44,0.39285714285714285
8,0.07142857142857142
83,0.7410714285714286
66,0.5892857142857143
36,0.32142857142857145
55,0.49107142857142855
73,0.6517857142857143
47,0.41964285714285715
65,0.5803571428571429
34,0.30357142857142855
44,0.39285714285714285
17,0.15178571428571427
52,0.4642857142857143
29,0.25892857142857145
36,0.32142857142857145
30,0.26785714285714285
36,0.32142857142857145
34,0.30357142857142855
79,0.7053571428571429
51,0.45535714285714285
52,0.4642857142857143
82,0.7321428571428571
73,0.6517857142857143
50,0.44642857142857145
42,0.375
25,0.22321428571428573
52,0.4642857142857143
11,0.09821428571428571
71,0.6339285714285714
65,0.5803571428571429
22,0.19642857142857142
70,0.625
65,0.5803571428571429
62,0.5535714285714286
77,0.6875
70,0.625
88,0.7857142857142857
46,0.4107142857142857
72,0.6428571428571429
57,0.5089285714285714
77,0.6875
52,0.4642857142857143
49,0.4375
42,0.375
48,0.42857142857142855
85,0.7589285714285714
51,0.45535714285714285
68,0.6071428571428571
18,0.16071428571428573
62,0.5535714285714286
40,0.35714285714285715
29,0.25892857142857145
84,0.75
84,0.75
112,1.0
89,0.7946428571428571
79,0.7053571428571429
82,0.7321428571428571
18,0.16071428571428573
28,0.25
61,0.5446428571428571
86,0.7678571428571429
80,0.7142857142857143
87,0.7767857142857143
49,0.4375
82,0.7321428571428571
49,0.4375
30,0.26785714285714285
65,0.5803571428571429
81,0.7232142857142857
35,0.3125
44,0.39285714285714285
37,0.33035714285714285
82,0.7321428571428571
90,0.8035714285714286
22,0.19642857142857142
51,0.45535714285714285
76,0.6785714285714286
71,0.6339285714285714
58,0.5178571428571429
19,0.16964285714285715
111,0.9910714285714286
100,0.8928571428571429
69,0.6160714285714286
61,0.5446428571428571
66,0.5892857142857143
92,0.8214285714285714
94,0.8392857142857143
32,0.2857142857142857
22,0.19642857142857142
73,0.6517857142857143
71,0.6339285714285714
41,0.36607142857142855
91,0.8125
54,0.48214285714285715
20,0.17857142857142858
77,0.6875
76,0.6785714285714286
35,0.3125
13,0.11607142857142858
11,0.09821428571428571
55,0.49107142857142855
72,0.6428571428571429
68,0.6071428571428571
65,0.5803571428571429
99,0.8839285714285714
53,0.4732142857142857
101,0.9017857142857143
62,0.5535714285714286
40,0.35714285714285715
70,0.625
85,0.7589285714285714
14,0.125
98,0.875
79,0.7053571428571429
78,0.6964285714285714
89,0.7946428571428571
38,0.3392857142857143
98,0.875
36,0.32142857142857145
61,0.5446428571428571
8,0.07142857142857142
34,0.30357142857142855
34,0.30357142857142855
98,0.875
41,0.36607142857142855
73,0.6517857142857143
63,0.5625
53,0.4732142857142857
73,0.6517857142857143
58,0.5178571428571429
76,0.6785714285714286
22,0.19642857142857142
39,0.3482142857142857
77,0.6875
96,0.8571428571428571
77,0.6875
45,0.4017857142857143
26,0.23214285714285715
57,0.5089285714285714
58,0.5178571428571429
23,0.20535714285714285
59,0.5267857142857143
50,0.44642857142857145
58,0.5178571428571429
83,0.7410714285714286
40,0.35714285714285715
71,0.6339285714285714
71,0.6339285714285714
91,0.8125
26,0.23214285714285715
72,0.6428571428571429
96,0.8571428571428571
32,0.2857142857142857
38,0.3392857142857143
48,0.42857142857142855
82,0.7321428571428571
37,0.33035714285714285
73,0.6517857142857143
46,0.4107142857142857
59,0.5267857142857143
21,0.1875
82,0.7321428571428571
71,0.6339285714285714
51,0.45535714285714285
41,0.36607142857142855
89,0.7946428571428571
52,0.4642857142857143
84,0.75
97,0.8660714285714286
86,0.7678571428571429
41,0.36607142857142855
107,0.9553571428571429
92,0.8214285714285714
39,0.3482142857142857
72,0.6428571428571429
54,0.48214285714285715
83,0.7410714285714286
74,0.6607142857142857
57,0.5089285714285714
77,0.6875
36,0.32142857142857145
83,0.7410714285714286
63,0.5625
86,0.7678571428571429
66,0.5892857142857143
91,0.8125
93,0.8303571428571429
72,0.6428571428571429
76,0.6785714285714286
77,0.6875
39,0.3482142857142857
37,0.33035714285714285
58,0.5178571428571429
69,0.6160714285714286
84,0.75
40,0.35714285714285715
4,0.03571428571428571
36,0.32142857142857145
47,0.41964285714285715
66,0.5892857142857143
52,0.4642857142857143
8,0.07142857142857142
92,0.8214285714285714
26,0.23214285714285715
45,0.4017857142857143
56,0.5
54,0.48214285714285715
60,0.5357142857142857
49,0.4375
21,0.1875
16,0.14285714285714285
43,0.38392857142857145
45,0.4017857142857143
45,0.4017857142857143
37,0.33035714285714285
22,0.19642857142857142
51,0.45535714285714285
51,0.45535714285714285
32,0.2857142857142857
40,0.35714285714285715
25,0.22321428571428573
55,0.49107142857142855
49,0.4375
32,0.2857142857142857
64,0.5714285714285714
33,0.29464285714285715
37,0.33035714285714285
69,0.6160714285714286
90,0.8035714285714286
5,0.044642857142857144
44,0.39285714285714285
91,0.8125
32,0.2857142857142857
46,0.4107142857142857
61,0.5446428571428571
68,0.6071428571428571
30,0.26785714285714285
64,0.5714285714285714
50,0.44642857142857145
37,0.33035714285714285
65,0.5803571428571429
84,0.75
71,0.6339285714285714
60,0.5357142857142857
67,0.5982142857142857
110,0.9821428571428571
45,0.4017857142857143
91,0.8125
77,0.6875
52,0.4642857142857143
67,0.5982142857142857
31,0.2767857142857143
18,0.16071428571428573
41,0.36607142857142855
33,0.29464285714285715
17,0.15178571428571427
37,0.33035714285714285
33,0.29464285714285715
24,0.21428571428571427
16,0.14285714285714285
32,0.2857142857142857
104,0.9285714285714286
58,0.5178571428571429
72,0.6428571428571429
41,0.36607142857142855
93,0.8303571428571429
109,0.9732142857142857
31,0.2767857142857143
106,0.9464285714285714
53,0.4732142857142857
97,0.8660714285714286
54,0.48214285714285715
84,0.75
70,0.625
82,0.7321428571428571
55,0.49107142857142855
50,0.44642857142857145
55,0.49107142857142855
85,0.7589285714285714
65,0.5803571428571429
47,0.41964285714285715
69,0.6160714285714286
91,0.8125
85,0.7589285714285714
60,0.5357142857142857
36,0.32142857142857145
38,0.3392857142857143
91,0.8125
70,0.625
32,0.2857142857142857
32,0.2857142857142857
30,0.26785714285714285
94,0.8392857142857143
44,0.39285714285714285
91,0.8125
83,0.7410714285714286
23,0.20535714285714285
38,0.3392857142857143
69,0.6160714285714286
70,0.625
72,0.6428571428571429
18,0.16071428571428573
40,0.35714285714285715
33,0.29464285714285715
79,0.7053571428571429
81,0.7232142857142857
33,0.29464285714285715
57,0.5089285714285714
25,0.22321428571428573
34,0.30357142857142855
86,0.7678571428571429
65,0.5803571428571429
81,0.7232142857142857
69,0.6160714285714286
74,0.6607142857142857
72,0.6428571428571429
88,0.7857142857142857
76,0.6785714285714286
56,0.5
76,0.6785714285714286
81,0.7232142857142857
48,0.42857142857142855
85,0.7589285714285714
36,0.32142857142857145
86,0.7678571428571429
