69,0.6160714285714286
87,0.7767857142857143
87,0.7767857142857143
76,0.6785714285714286
44,0.39285714285714285
68,0.6071428571428571
75,0.6696428571428571
70,0.625
36,0.32142857142857145
52,0.4642857142857143
49,0.4375
37,0.33035714285714285
22,0.19642857142857142
51,0.45535714285714285
64,0.5714285714285714
58,0.5178571428571429
45,0.4017857142857143
25,0.22321428571428573
64,0.5714285714285714
52,0.4642857142857143
63,0.5625
40,0.35714285714285715
62,0.5535714285714286
38,0.3392857142857143
21,0.1875
56,0.5
31,0.2767857142857143
38,0.3392857142857143
22,0.19642857142857142
98,0.875
59,0.5267857142857143
37,0.33035714285714285
45,0.4017857142857143
39,0.3482142857142857
84,0.75
41,0.36607142857142855
82,0.7321428571428571
96,0.8571428571428571
28,0.25
39,0.3482142857142857
76,0.6785714285714286
40,0.35714285714285715
65,0.5803571428571429
36,0.32142857142857145
51,0.45535714285714285
66,0.5892857142857143
73,0.6517857142857143
37,0.33035714285714285
57,0.5089285714285714
37,0.33035714285714285
55,0.49107142857142855
50,0.44642857142857145
84,0.75
19,0.16964285714285715
29,0.25892857142857145
78,0.6964285714285714
101,0.9017857142857143
26,0.23214285714285715
35,0.3125
22,0.19642857142857142
26,0.23214285714285715
40,0.35714285714285715
64,0.5714285714285714
34,0.30357142857142855
13,0.11607142857142858
85,0.7589285714285714
72,0.6428571428571429
68,0.6071428571428571
61,0.5446428571428571
22,0.19642857142857142
38,0.3392857142857143
68,0.6071428571428571
21,0.1875
51,0.45535714285714285
63,0.5625
81,0.7232142857142857
53,0.4732142857142857
41,0.36607142857142855
58,0.5178571428571429
43,0.38392857142857145
74,0.6607142857142857
45,0.4017857142857143
45,0.4017857142857143
59,0.5267857142857143
59,0.5267857142857143
29,0.25892857142857145
36,0.32142857142857145
53,0.4732142857142857
27,0.24107142857142858
48,0.42857142857142855
45,0.4017857142857143
42,0.375
74,0.6607142857142857
61,0.5446428571428571
63,0.5625
61,0.5446428571428571
29,0.25892857142857145
55,0.49107142857142855
26,0.23214285714285715
88,0.7857142857142857
55,0.49107142857142855
60,0.5357142857142857
26,0.23214285714285715
43,0.38392857142857145
81,0.7232142857142857
28,0.25
26,0.23214285714285715
64,0.5714285714285714
30,0.26785714285714285
37,0.33035714285714285
37,0.33035714285714285
44,0.39285714285714285
45,0.4017857142857143
67,0.5982142857142857
65,0.5803571428571429
73,0.6517857142857143
43,0.38392857142857145
71,0.6339285714285714
62,0.5535714285714286
30,0.26785714285714285
79,0.7053571428571429
68,0.6071428571428571
85,0.7589285714285714
78,0.6964285714285714
34,0.30357142857142855
55,0.49107142857142855
72,0.6428571428571429
59,0.5267857142857143
67,0.5982142857142857
24,0.21428571428571427
42,0.375
51,0.45535714285714285
28,0.25
76,0.6785714285714286
39,0.3482142857142857
36,0.32142857142857145
78,0.6964285714285714
75,0.6696428571428571
30,0.26785714285714285
57,0.5089285714285714
30,0.26785714285714285
59,0.5267857142857143
42,0.375
100,0.8928571428571429
68,0.6071428571428571
58,0.5178571428571429
42,0.375
43,0.38392857142857145
30,0.26785714285714285
59,0.5267857142857143
17,0.15178571428571427
67,0.5982142857142857
54,0.48214285714285715
35,0.3125
59,0.5267857142857143
47,0.41964285714285715
45,0.4017857142857143
92,0.8214285714285714
35,0.3125
74,0.6607142857142857
42,0.375
56,0.5
58,0.5178571428571429
93,0.8303571428571429
75,0.6696428571428571
43,0.38392857142857145
47,0.41964285714285715
67,0.5982142857142857
70,0.625
62,0.5535714285714286
27,0.24107142857142858
47,0.41964285714285715
33,0.29464285714285715
51,0.45535714285714285
28,0.25
68,0.6071428571428571
20,0.17857142857142858
51,0.45535714285714285
71,0.6339285714285714
60,0.5357142857142857
50,0.44642857142857145
43,0.38392857142857145
28,0.25
44,0.39285714285714285
42,0.375
71,0.6339285714285714
13,0.11607142857142858
85,0.7589285714285714
59,0.5267857142857143
43,0.38392857142857145
44,0.39285714285714285
59,0.5267857142857143
55,0.49107142857142855
58,0.5178571428571429
64,0.5714285714285714
58,0.5178571428571429
74,0.6607142857142857
60,0.5357142857142857
38,0.3392857142857143
35,0.3125
76,0.6785714285714286
59,0.5267857142857143
56,0.5
89,0.7946428571428571
49,0.4375
46,0.4107142857142857
37,0.33035714285714285
61,0.5446428571428571
60,0.5357142857142857
55,0.49107142857142855
63,0.5625
66,0.5892857142857143
55,0.49107142857142855
91,0.8125
66,0.5892857142857143
83,0.7410714285714286
45,0.4017857142857143
86,0.7678571428571429
46,0.4107142857142857
51,0.45535714285714285
70,0.625
37,0.33035714285714285
61,0.5446428571428571
44,0.39285714285714285
58,0.5178571428571429
65,0.5803571428571429
28,0.25
55,0.49107142857142855
52,0.4642857142857143
55,0.49107142857142855
75,0.6696428571428571
85,0.7589285714285714
52,0.4642857142857143
79,0.7053571428571429
49,0.4375
45,0.4017857142857143
57,0.5089285714285714
49,0.4375
64,0.5714285714285714
77,0.6875
83,0.7410714285714286
42,0.375
64,0.5714285714285714
65,0.5803571428571429
50,0.44642857142857145
71,0.6339285714285714
41,0.36607142857142855
47,0.41964285714285715
71,0.6339285714285714
41,0.36607142857142855
27,0.24107142857142858
77,0.6875
18,0.16071428571428573
49,0.4375
62,0.5535714285714286
66,0.5892857142857143
67,0.5982142857142857
38,0.3392857142857143
38,0.3392857142857143
83,0.7410714285714286
66,0.5892857142857143
64,0.5714285714285714
67,0.5982142857142857
70,0.625
66,0.5892857142857143
74,0.6607142857142857
34,0.30357142857142855
50,0.44642857142857145
47,0.41964285714285715
41,0.36607142857142855
58,0.5178571428571429
68,0.6071428571428571
59,0.5267857142857143
52,0.4642857142857143
51,0.45535714285714285
75,0.6696428571428571
28,0.25
40,0.35714285714285715
36,0.32142857142857145
60,0.5357142857142857
44,0.39285714285714285
39,0.3482142857142857
31,0.2767857142857143
51,0.45535714285714285
25,0.22321428571428573
106,0.9464285714285714
35,0.3125
57,0.5089285714285714
42,0.375
55,0.49107142857142855
55,0.49107142857142855
40,0.35714285714285715
33,0.29464285714285715
68,0.6071428571428571
60,0.5357142857142857
53,0.4732142857142857
51,0.45535714285714285
56,0.5
51,0.45535714285714285
26,0.23214285714285715
77,0.6875
75,0.6696428571428571
68,0.6071428571428571
59,0.5267857142857143
59,0.5267857142857143
53,0.4732142857142857
78,0.6964285714285714
51,0.45535714285714285
45,0.4017857142857143
91,0.8125
69,0.6160714285714286
39,0.3482142857142857
57,0.5089285714285714
75,0.6696428571428571
60,0.5357142857142857
61,0.5446428571428571
66,0.5892857142857143
52,0.4642857142857143
54,0.48214285714285715
69,0.6160714285714286
45,0.4017857142857143
64,0.5714285714285714
40,0.35714285714285715
59,0.5267857142857143
51,0.45535714285714285
36,0.32142857142857145
64,0.5714285714285714
49,0.4375
60,0.5357142857142857
65,0.5803571428571429
65,0.5803571428571429
36,0.32142857142857145
46,0.4107142857142857
53,0.4732142857142857
36,0.32142857142857145
40,0.35714285714285715
52,0.4642857142857143
78,0.6964285714285714
57,0.5089285714285714
84,0.75
43,0.38392857142857145
74,0.6607142857142857
61,0.5446428571428571
66,0.5892857142857143
57,0.5089285714285714
29,0.25892857142857145
59,0.5267857142857143
47,0.41964285714285715
60,0.5357142857142857
65,0.5803571428571429
48,0.42857142857142855
56,0.5
49,0.4375
40,0.35714285714285715
52,0.4642857142857143
66,0.5892857142857143
28,0.25
49,0.4375
58,0.5178571428571429
64,0.5714285714285714
60,0.5357142857142857
64,0.5714285714285714
93,0.8303571428571429
55,0.49107142857142855
28,0.25
78,0.6964285714285714
34,0.30357142857142855
27,0.24107142857142858
54,0.48214285714285715
81,0.7232142857142857
59,0.5267857142857143
27,0.24107142857142858
39,0.3482142857142857
46,0.4107142857142857
55,0.49107142857142855
65,0.5803571428571429
93,0.8303571428571429
35,0.3125
50,0.44642857142857145
34,0.30357142857142855
31,0.2767857142857143
65,0.5803571428571429
54,0.48214285714285715
48,0.42857142857142855
75,0.6696428571428571
49,0.4375
77,0.6875
87,0.7767857142857143
93,0.8303571428571429
75,0.6696428571428571
54,0.48214285714285715
48,0.42857142857142855
67,0.5982142857142857
59,0.5267857142857143
59,0.5267857142857143
29,0.25892857142857145
52,0.4642857142857143
52,0.4642857142857143
55,0.49107142857142855
33,0.29464285714285715
71,0.6339285714285714
46,0.4107142857142857
57,0.5089285714285714
43,0.38392857142857145
49,0.4375
53,0.4732142857142857
38,0.3392857142857143
62,0.5535714285714286
53,0.4732142857142857
54,0.48214285714285715
26,0.23214285714285715
46,0.4107142857142857
36,0.32142857142857145
42,0.375
63,0.5625
39,0.3482142857142857
53,0.4732142857142857
55,0.49107142857142855
33,0.29464285714285715
47,0.41964285714285715
53,0.4732142857142857
32,0.2857142857142857
43,0.38392857142857145
39,0.3482142857142857
65,0.5803571428571429
67,0.5982142857142857
53,0.4732142857142857
56,0.5
41,0.36607142857142855
70,0.625
45,0.4017857142857143
61,0.5446428571428571
68,0.6071428571428571
69,0.6160714285714286
38,0.3392857142857143
57,0.5089285714285714
71,0.6339285714285714
47,0.41964285714285715
31,0.2767857142857143
59,0.5267857142857143
61,0.5446428571428571
40,0.35714285714285715
32,0.2857142857142857
51,0.45535714285714285
61,0.5446428571428571
53,0.4732142857142857
38,0.3392857142857143
38,0.3392857142857143
23,0.20535714285714285
73,0.6517857142857143
78,0.6964285714285714
92,0.8214285714285714
60,0.5357142857142857
66,0.5892857142857143
38,0.3392857142857143
65,0.5803571428571429
33,0.29464285714285715
68,0.6071428571428571
47,0.41964285714285715
47,0.41964285714285715
47,0.41964285714285715
60,0.5357142857142857
40,0.35714285714285715
62,0.5535714285714286
80,0.7142857142857143
69,0.6160714285714286
35,0.3125
50,0.44642857142857145
57,0.5089285714285714
63,0.5625
56,0.5
97,0.8660714285714286
46,0.4107142857142857
54,0.48214285714285715
50,0.44642857142857145
31,0.2767857142857143
70,0.625
37,0.33035714285714285
65,0.5803571428571429
43,0.38392857142857145
42,0.375
54,0.48214285714285715
32,0.2857142857142857
65,0.5803571428571429
57,0.5089285714285714
62,0.5535714285714286
32,0.2857142857142857
40,0.35714285714285715
22,0.19642857142857142
37,0.33035714285714285
43,0.38392857142857145
55,0.49107142857142855
55,0.49107142857142855
81,0.7232142857142857
68,0.6071428571428571
36,0.32142857142857145
42,0.375
53,0.4732142857142857
56,0.5
31,0.2767857142857143
40,0.35714285714285715
21,0.1875
40,0.35714285714285715
59,0.5267857142857143
60,0.5357142857142857
49,0.4375
43,0.38392857142857145
89,0.7946428571428571
72,0.6428571428571429
70,0.625
49,0.4375
58,0.5178571428571429
43,0.38392857142857145
86,0.7678571428571429
43,0.38392857142857145
66,0.5892857142857143
83,0.7410714285714286
52,0.4642857142857143
63,0.5625
42,0.375
59,0.5267857142857143
41,0.36607142857142855
33,0.29464285714285715
49,0.4375
61,0.5446428571428571
61,0.5446428571428571
29,0.25892857142857145
91,0.8125
32,0.2857142857142857
33,0.29464285714285715
44,0.39285714285714285
45,0.4017857142857143
82,0.7321428571428571
50,0.44642857142857145
25,0.22321428571428573
60,0.5357142857142857
49,0.4375
48,0.42857142857142855
32,0.2857142857142857
60,0.5357142857142857
61,0.5446428571428571
43,0.38392857142857145
53,0.4732142857142857
49,0.4375
67,0.5982142857142857
53,0.4732142857142857
34,0.30357142857142855
88,0.7857142857142857
49,0.4375
51,0.45535714285714285
72,0.6428571428571429
47,0.41964285714285715
47,0.41964285714285715
83,0.7410714285714286
60,0.5357142857142857
57,0.5089285714285714
56,0.5
73,0.6517857142857143
68,0.6071428571428571
39,0.3482142857142857
65,0.5803571428571429
65,0.5803571428571429
38,0.3392857142857143
62,0.5535714285714286
42,0.375
60,0.5357142857142857
73,0.6517857142857143
36,0.32142857142857145
64,0.5714285714285714
44,0.39285714285714285
80,0.7142857142857143
63,0.5625
59,0.5267857142857143
69,0.6160714285714286
61,0.5446428571428571
47,0.41964285714285715
39,0.3482142857142857
54,0.48214285714285715
83,0.7410714285714286
72,0.6428571428571429
53,0.4732142857142857
67,0.5982142857142857
43,0.38392857142857145
48,0.42857142857142855
63,0.5625
45,0.4017857142857143
76,0.6785714285714286
51,0.45535714285714285
29,0.25892857142857145
81,0.7232142857142857
83,0.7410714285714286
39,0.3482142857142857
79,0.7053571428571429
59,0.5267857142857143
74,0.6607142857142857
88,0.7857142857142857
42,0.375
38,0.3392857142857143
58,0.5178571428571429
45,0.4017857142857143
63,0.5625
59,0.5267857142857143
82,0.7321428571428571
42,0.375
77,0.6875
56,0.5
36,0.32142857142857145
79,0.7053571428571429
71,0.6339285714285714
51,0.45535714285714285
49,0.4375
45,0.4017857142857143
83,0.7410714285714286
47,0.41964285714285715
59,0.5267857142857143
72,0.6428571428571429
69,0.6160714285714286
61,0.5446428571428571
58,0.5178571428571429
71,0.6339285714285714
27,0.24107142857142858
50,0.44642857142857145
45,0.4017857142857143
62,0.5535714285714286
54,0.48214285714285715
80,0.7142857142857143
53,0.4732142857142857
30,0.26785714285714285
79,0.7053571428571429
60,0.5357142857142857
50,0.44642857142857145
65,0.5803571428571429
66,0.5892857142857143
79,0.7053571428571429
65,0.5803571428571429
88,0.7857142857142857
58,0.5178571428571429
78,0.6964285714285714
51,0.45535714285714285
70,0.625
76,0.6785714285714286
98,0.875
35,0.3125
68,0.6071428571428571
43,0.38392857142857145
69,0.6160714285714286
41,0.36607142857142855
49,0.4375
47,0.41964285714285715
57,0.5089285714285714
55,0.49107142857142855
77,0.6875
44,0.39285714285714285
81,0.7232142857142857
63,0.5625
52,0.4642857142857143
67,0.5982142857142857
78,0.6964285714285714
41,0.36607142857142855
57,0.5089285714285714
72,0.6428571428571429
63,0.5625
52,0.4642857142857143
38,0.3392857142857143
53,0.4732142857142857
61,0.5446428571428571
63,0.5625
75,0.6696428571428571
69,0.6160714285714286
93,0.8303571428571429
61,0.5446428571428571
35,0.3125
28,0.25
57,0.5089285714285714
42,0.375
69,0.6160714285714286
67,0.5982142857142857
59,0.5267857142857143
63,0.5625
37,0.33035714285714285
47,0.41964285714285715
64,0.5714285714285714
61,0.5446428571428571
53,0.4732142857142857
29,0.25892857142857145
39,0.3482142857142857
52,0.4642857142857143
72,0.6428571428571429
49,0.4375
55,0.49107142857142855
43,0.38392857142857145
80,0.7142857142857143
54,0.48214285714285715
66,0.5892857142857143
79,0.7053571428571429
52,0.4642857142857143
63,0.5625
42,0.375
62,0.5535714285714286
73,0.6517857142857143
48,0.42857142857142855
58,0.5178571428571429
38,0.3392857142857143
46,0.4107142857142857
54,0.48214285714285715
49,0.4375
64,0.5714285714285714
48,0.42857142857142855
36,0.32142857142857145
86,0.7678571428571429
68,0.6071428571428571
79,0.7053571428571429
76,0.6785714285714286
63,0.5625
77,0.6875
61,0.5446428571428571
26,0.23214285714285715
63,0.5625
58,0.5178571428571429
51,0.45535714285714285
61,0.5446428571428571
79,0.7053571428571429
45,0.4017857142857143
59,0.5267857142857143
51,0.45535714285714285
72,0.6428571428571429
35,0.3125
67,0.5982142857142857
65,0.5803571428571429
80,0.7142857142857143
74,0.6607142857142857
67,0.5982142857142857
61,0.5446428571428571
53,0.4732142857142857
50,0.44642857142857145
46,0.4107142857142857
72,0.6428571428571429
68,0.6071428571428571
61,0.5446428571428571
52,0.4642857142857143
32,0.2857142857142857
51,0.45535714285714285
32,0.2857142857142857
73,0.6517857142857143
66,0.5892857142857143
53,0.4732142857142857
29,0.25892857142857145
70,0.625
45,0.4017857142857143
38,0.3392857142857143
73,0.6517857142857143
28,0.25
47,0.41964285714285715
82,0.7321428571428571
25,0.22321428571428573
45,0.4017857142857143
31,0.2767857142857143
28,0.25
55,0.49107142857142855
28,0.25
65,0.5803571428571429
76,0.6785714285714286
41,0.36607142857142855
37,0.33035714285714285
59,0.5267857142857143
46,0.4107142857142857
61,0.5446428571428571
60,0.5357142857142857
79,0.7053571428571429
33,0.29464285714285715
51,0.45535714285714285
60,0.5357142857142857
64,0.5714285714285714
41,0.36607142857142855
56,0.5
34,0.30357142857142855
42,0.375
56,0.5
44,0.39285714285714285
36,0.32142857142857145
54,0.48214285714285715
67,0.5982142857142857
46,0.4107142857142857
49,0.4375
79,0.7053571428571429
75,0.6696428571428571
50,0.44642857142857145
66,0.5892857142857143
67,0.5982142857142857
38,0.3392857142857143
28,0.25
80,0.7142857142857143
43,0.38392857142857145
63,0.5625
38,0.3392857142857143
18,0.16071428571428573
61,0.5446428571428571
57,0.5089285714285714
73,0.6517857142857143
62,0.5535714285714286
73,0.6517857142857143
57,0.5089285714285714
86,0.7678571428571429
62,0.5535714285714286
77,0.6875
51,0.45535714285714285
109,0.9732142857142857
48,0.42857142857142855
33,0.29464285714285715
59,0.5267857142857143
55,0.49107142857142855
54,0.48214285714285715
59,0.5267857142857143
73,0.6517857142857143
66,0.5892857142857143
65,0.5803571428571429
47,0.41964285714285715
67,0.5982142857142857
23,0.20535714285714285
58,0.5178571428571429
60,0.5357142857142857
72,0.6428571428571429
68,0.6071428571428571
64,0.5714285714285714
72,0.6428571428571429
75,0.6696428571428571
51,0.45535714285714285
80,0.7142857142857143
72,0.6428571428571429
74,0.6607142857142857
75,0.6696428571428571
37,0.33035714285714285
52,0.4642857142857143
65,0.5803571428571429
33,0.29464285714285715
58,0.5178571428571429
53,0.4732142857142857
97,0.8660714285714286
14,0.125
24,0.21428571428571427
51,0.45535714285714285
50,0.44642857142857145
52,0.4642857142857143
88,0.7857142857142857
58,0.5178571428571429
46,0.4107142857142857
69,0.6160714285714286
61,0.5446428571428571
69,0.6160714285714286
50,0.44642857142857145
79,0.7053571428571429
35,0.3125
41,0.36607142857142855
75,0.6696428571428571
52,0.4642857142857143
79,0.7053571428571429
36,0.32142857142857145
51,0.45535714285714285
88,0.7857142857142857
68,0.6071428571428571
57,0.5089285714285714
68,0.6071428571428571
65,0.5803571428571429
54,0.48214285714285715
87,0.7767857142857143
20,0.17857142857142858
53,0.4732142857142857
24,0.21428571428571427
55,0.49107142857142855
48,0.42857142857142855
34,0.30357142857142855
69,0.6160714285714286
75,0.6696428571428571
51,0.45535714285714285
23,0.20535714285714285
14,0.125
47,0.41964285714285715
15,0.13392857142857142
93,0.8303571428571429
81,0.7232142857142857
39,0.3482142857142857
33,0.29464285714285715
86,0.7678571428571429
65,0.5803571428571429
90,0.8035714285714286
31,0.2767857142857143
35,0.3125
57,0.5089285714285714
36,0.32142857142857145
72,0.6428571428571429
93,0.8303571428571429
76,0.6785714285714286
35,0.3125
42,0.375
89,0.7946428571428571
48,0.42857142857142855
45,0.4017857142857143
27,0.24107142857142858
19,0.16964285714285715
65,0.5803571428571429
81,0.7232142857142857
51,0.45535714285714285
58,0.5178571428571429
5,0.044642857142857144
72,0.6428571428571429
76,0.6785714285714286
65,0.5803571428571429
24,0.21428571428571427
101,0.9017857142857143
27,0.24107142857142858
95,0.8482142857142857
90,0.8035714285714286
42,0.375
60,0.5357142857142857
88,0.7857142857142857
25,0.22321428571428573
75,0.6696428571428571
56,0.5
71,0.6339285714285714
53,0.4732142857142857
67,0.5982142857142857
55,0.49107142857142855
69,0.6160714285714286
75,0.6696428571428571
43,0.38392857142857145
41,0.36607142857142855
76,0.6785714285714286
64,0.5714285714285714
70,0.625
85,0.7589285714285714
72,0.6428571428571429
56,0.5
32,0.2857142857142857
88,0.7857142857142857
66,0.5892857142857143
59,0.5267857142857143
93,0.8303571428571429
15,0.13392857142857142
30,0.26785714285714285
67,0.5982142857142857
101,0.9017857142857143
70,0.625
85,0.7589285714285714
46,0.4107142857142857
54,0.48214285714285715
88,0.7857142857142857
94,0.8392857142857143
48,0.42857142857142855
87,0.7767857142857143
73,0.6517857142857143
83,0.7410714285714286
34,0.30357142857142855
24,0.21428571428571427
29,0.25892857142857145
14,0.125
33,0.29464285714285715
79,0.7053571428571429
36,0.32142857142857145
29,0.25892857142857145
13,0.11607142857142858
83,0.7410714285714286
94,0.8392857142857143
95,0.8482142857142857
38,0.3392857142857143
102,0.9107142857142857
70,0.625
31,0.2767857142857143
75,0.6696428571428571
66,0.5892857142857143
59,0.5267857142857143
74,0.6607142857142857
74,0.6607142857142857
30,0.26785714285714285
86,0.7678571428571429
49,0.4375
11,0.09821428571428571
28,0.25
82,0.7321428571428571
35,0.3125
87,0.7767857142857143
48,0.42857142857142855
30,0.26785714285714285
77,0.6875
74,0.6607142857142857
39,0.3482142857142857
83,0.7410714285714286
83,0.7410714285714286
94,0.8392857142857143
70,0.625
58,0.5178571428571429
38,0.3392857142857143
35,0.3125
43,0.38392857142857145
91,0.8125
96,0.8571428571428571
42,0.375
84,0.75
81,0.7232142857142857
102,0.9107142857142857
78,0.6964285714285714
32,0.2857142857142857
64,0.5714285714285714
75,0.6696428571428571
89,0.7946428571428571
12,0.10714285714285714
108,0.9642857142857143
82,0.7321428571428571
89,0.7946428571428571
53,0.4732142857142857
34,0.30357142857142855
42,0.375
23,0.20535714285714285
44,0.39285714285714285
99,0.8839285714285714
33,0.29464285714285715
12,0.10714285714285714
73,0.6517857142857143
26,0.23214285714285715
93,0.8303571428571429
77,0.6875
67,0.5982142857142857
79,0.7053571428571429
75,0.6696428571428571
33,0.29464285714285715
24,0.21428571428571427
78,0.6964285714285714
31,0.2767857142857143
87,0.7767857142857143
35,0.3125
79,0.7053571428571429
36,0.32142857142857145
35,0.3125
25,0.22321428571428573
34,0.30357142857142855
97,0.8660714285714286
37,0.33035714285714285
19,0.16964285714285715
80,0.7142857142857143
29,0.25892857142857145
43,0.38392857142857145
45,0.4017857142857143
50,0.44642857142857145
101,0.9017857142857143
30,0.26785714285714285
93,0.8303571428571429
14,0.125
16,0.14285714285714285
50,0.44642857142857145
90,0.8035714285714286
50,0.44642857142857145
39,0.3482142857142857
74,0.6607142857142857
46,0.4107142857142857
39,0.3482142857142857
6,0.05357142857142857
75,0.6696428571428571
91,0.8125
27,0.24107142857142858
61,0.5446428571428571
30,0.26785714285714285
95,0.8482142857142857
108,0.9642857142857143
53,0.4732142857142857
70,0.625
21,0.1875
61,0.5446428571428571
91,0.8125
45,0.4017857142857143
55,0.49107142857142855
75,0.6696428571428571
60,0.5357142857142857
62,0.5535714285714286
78,0.6964285714285714
53,0.4732142857142857
79,0.7053571428571429
31,0.2767857142857143
65,0.5803571428571429
28,0.25
23,0.20535714285714285
24,0.21428571428571427
8,0.07142857142857142
7,0.0625
34,0.30357142857142855
82,0.7321428571428571
103,0.9196428571428571
34,0.30357142857142855
51,0.45535714285714285
83,0.7410714285714286
31,0.2767857142857143
36,0.32142857142857145
19,0.16964285714285715
26,0.23214285714285715
27,0.24107142857142858
60,0.5357142857142857
102,0.9107142857142857
18,0.16071428571428573
56,0.5
87,0.7767857142857143
49,0.4375
96,0.8571428571428571
72,0.6428571428571429
28,0.25
77,0.6875
47,0.41964285714285715
16,0.14285714285714285
75,0.6696428571428571
93,0.8303571428571429
30,0.26785714285714285
65,0.5803571428571429
41,0.36607142857142855
42,0.375
78,0.6964285714285714
51,0.45535714285714285
85,0.7589285714285714
101,0.9017857142857143
34,0.30357142857142855
85,0.7589285714285714
96,0.8571428571428571
58,0.5178571428571429
59,0.5267857142857143
30,0.26785714285714285
100,0.8928571428571429
40,0.35714285714285715
55,0.49107142857142855
92,0.8214285714285714
24,0.21428571428571427
54,0.48214285714285715
98,0.875
17,0.15178571428571427
78,0.6964285714285714
84,0.75
64,0.5714285714285714
11,0.09821428571428571
32,0.2857142857142857
69,0.6160714285714286
46,0.4107142857142857
25,0.22321428571428573
94,0.8392857142857143
67,0.5982142857142857
51,0.45535714285714285
102,0.9107142857142857
87,0.7767857142857143
19,0.16964285714285715
60,0.5357142857142857
62,0.5535714285714286
31,0.2767857142857143
41,0.36607142857142855
61,0.5446428571428571
37,0.33035714285714285
66,0.5892857142857143
23,0.20535714285714285
27,0.24107142857142858
