93,0.8303571428571429
39,0.3482142857142857
61,0.5446428571428571
66,0.5892857142857143
36,0.32142857142857145
37,0.33035714285714285
91,0.8125
91,0.8125
56,0.5
50,0.44642857142857145
21,0.1875
69,0.6160714285714286
34,0.30357142857142855
67,0.5982142857142857
83,0.7410714285714286
58,0.5178571428571429
62,0.5535714285714286
85,0.7589285714285714
65,0.5803571428571429
81,0.7232142857142857
48,0.42857142857142855
62,0.5535714285714286
100,0.8928571428571429
55,0.49107142857142855
85,0.7589285714285714
94,0.8392857142857143
48,0.42857142857142855
19,0.16964285714285715
48,0.42857142857142855
40,0.35714285714285715
89,0.7946428571428571
44,0.39285714285714285
27,0.24107142857142858
70,0.625
69,0.6160714285714286
58,0.5178571428571429
56,0.5
44,0.39285714285714285
76,0.6785714285714286
44,0.39285714285714285
59,0.5267857142857143
85,0.7589285714285714
49,0.4375
41,0.36607142857142855
38,0.3392857142857143
40,0.35714285714285715
54,0.48214285714285715
73,0.6517857142857143
87,0.7767857142857143
75,0.6696428571428571
41,0.36607142857142855
38,0.3392857142857143
48,0.42857142857142855
26,0.23214285714285715
35,0.3125
46,0.4107142857142857
36,0.32142857142857145
77,0.6875
78,0.6964285714285714
87,0.7767857142857143
68,0.6071428571428571
58,0.5178571428571429
28,0.25
56,0.5
70,0.625
47,0.41964285714285715
91,0.8125
38,0.3392857142857143
85,0.7589285714285714
65,0.5803571428571429
39,0.3482142857142857
21,0.1875
47,0.41964285714285715
33,0.29464285714285715
91,0.8125
52,0.4642857142857143
34,0.30357142857142855
80,0.7142857142857143
74,0.6607142857142857
56,0.5
49,0.4375
15,0.13392857142857142
52,0.4642857142857143
36,0.32142857142857145
52,0.4642857142857143
28,0.25
35,0.3125
46,0.4107142857142857
74,0.6607142857142857
68,0.6071428571428571
44,0.39285714285714285
62,0.5535714285714286
26,0.23214285714285715
26,0.23214285714285715
80,0.7142857142857143
39,0.3482142857142857
46,0.4107142857142857
54,0.48214285714285715
73,0.6517857142857143
91,0.8125
55,0.49107142857142855
65,0.5803571428571429
37,0.33035714285714285
56,0.5
33,0.29464285714285715
67,0.5982142857142857
62,0.5535714285714286
61,0.5446428571428571
67,0.5982142857142857
16,0.14285714285714285
43,0.38392857142857145
32,0.2857142857142857
58,0.5178571428571429
40,0.35714285714285715
78,0.6964285714285714
40,0.35714285714285715
66,0.5892857142857143
69,0.6160714285714286
69,0.6160714285714286
66,0.5892857142857143
35,0.3125
83,0.7410714285714286
61,0.5446428571428571
78,0.6964285714285714
19,0.16964285714285715
46,0.4107142857142857
72,0.6428571428571429
52,0.4642857142857143
73,0.6517857142857143
29,0.25892857142857145
57,0.5089285714285714
72,0.6428571428571429
30,0.26785714285714285
51,0.45535714285714285
40,0.35714285714285715
58,0.5178571428571429
52,0.4642857142857143
54,0.48214285714285715
42,0.375
19,0.16964285714285715
52,0.4642857142857143
31,0.2767857142857143
76,0.6785714285714286
70,0.625
46,0.4107142857142857
77,0.6875
45,0.4017857142857143
36,0.32142857142857145
20,0.17857142857142858
17,0.15178571428571427
65,0.5803571428571429
84,0.75
55,0.49107142857142855
65,0.5803571428571429
6,0.05357142857142857
27,0.24107142857142858
74,0.6607142857142857
72,0.6428571428571429
68,0.6071428571428571
54,0.48214285714285715
51,0.45535714285714285
76,0.6785714285714286
64,0.5714285714285714
71,0.6339285714285714
41,0.36607142857142855
70,0.625
23,0.20535714285714285
78,0.6964285714285714
38,0.3392857142857143
65,0.5803571428571429
84,0.75
62,0.5535714285714286
49,0.4375
56,0.5
40,0.35714285714285715
60,0.5357142857142857
51,0.45535714285714285
50,0.44642857142857145
44,0.39285714285714285
98,0.875
45,0.4017857142857143
50,0.44642857142857145
33,0.29464285714285715
79,0.7053571428571429
45,0.4017857142857143
50,0.44642857142857145
68,0.6071428571428571
89,0.7946428571428571
77,0.6875
53,0.4732142857142857
26,0.23214285714285715
12,0.10714285714285714
30,0.26785714285714285
48,0.42857142857142855
66,0.5892857142857143
20,0.17857142857142858
21,0.1875
53,0.4732142857142857
16,0.14285714285714285
52,0.4642857142857143
46,0.4107142857142857
87,0.7767857142857143
59,0.5267857142857143
56,0.5
53,0.4732142857142857
57,0.5089285714285714
69,0.6160714285714286
63,0.5625
53,0.4732142857142857
65,0.5803571428571429
36,0.32142857142857145
63,0.5625
24,0.21428571428571427
71,0.6339285714285714
42,0.375
29,0.25892857142857145
32,0.2857142857142857
46,0.4107142857142857
58,0.5178571428571429
60,0.5357142857142857
43,0.38392857142857145
9,0.08035714285714286
26,0.23214285714285715
67,0.5982142857142857
45,0.4017857142857143
47,0.41964285714285715
71,0.6339285714285714
45,0.4017857142857143
42,0.375
73,0.6517857142857143
66,0.5892857142857143
37,0.33035714285714285
45,0.4017857142857143
78,0.6964285714285714
80,0.7142857142857143
44,0.39285714285714285
47,0.41964285714285715
38,0.3392857142857143
62,0.5535714285714286
86,0.7678571428571429
64,0.5714285714285714
43,0.38392857142857145
45,0.4017857142857143
69,0.6160714285714286
71,0.6339285714285714
63,0.5625
70,0.625
62,0.5535714285714286
77,0.6875
65,0.5803571428571429
75,0.6696428571428571
68,0.6071428571428571
55,0.49107142857142855
51,0.45535714285714285
52,0.4642857142857143
73,0.6517857142857143
56,0.5
57,0.5089285714285714
21,0.1875
46,0.4107142857142857
41,0.36607142857142855
47,0.41964285714285715
50,0.44642857142857145
65,0.5803571428571429
34,0.30357142857142855
60,0.5357142857142857
18,0.16071428571428573
66,0.5892857142857143
53,0.4732142857142857
35,0.3125
42,0.375
93,0.8303571428571429
64,0.5714285714285714
94,0.8392857142857143
58,0.5178571428571429
9,0.08035714285714286
31,0.2767857142857143
38,0.3392857142857143
63,0.5625
31,0.2767857142857143
44,0.39285714285714285
33,0.29464285714285715
13,0.11607142857142858
70,0.625
67,0.5982142857142857
37,0.33035714285714285
70,0.625
82,0.7321428571428571
99,0.8839285714285714
56,0.5
32,0.2857142857142857
46,0.4107142857142857
53,0.4732142857142857
34,0.30357142857142855
61,0.5446428571428571
40,0.35714285714285715
70,0.625
50,0.44642857142857145
35,0.3125
41,0.36607142857142855
66,0.5892857142857143
84,0.75
63,0.5625
74,0.6607142857142857
75,0.6696428571428571
74,0.6607142857142857
40,0.35714285714285715
37,0.33035714285714285
52,0.4642857142857143
61,0.5446428571428571
32,0.2857142857142857
57,0.5089285714285714
60,0.5357142857142857
45,0.4017857142857143
54,0.48214285714285715
52,0.4642857142857143
76,0.6785714285714286
61,0.5446428571428571
75,0.6696428571428571
53,0.4732142857142857
60,0.5357142857142857
48,0.42857142857142855
46,0.4107142857142857
76,0.6785714285714286
43,0.38392857142857145
45,0.4017857142857143
59,0.5267857142857143
73,0.6517857142857143
79,0.7053571428571429
42,0.375
46,0.4107142857142857
29,0.25892857142857145
80,0.7142857142857143
64,0.5714285714285714
69,0.6160714285714286
79,0.7053571428571429
57,0.5089285714285714
40,0.35714285714285715
42,0.375
95,0.8482142857142857
86,0.7678571428571429
38,0.3392857142857143
75,0.6696428571428571
75,0.6696428571428571
55,0.49107142857142855
87,0.7767857142857143
51,0.45535714285714285
27,0.24107142857142858
73,0.6517857142857143
37,0.33035714285714285
82,0.7321428571428571
37,0.33035714285714285
80,0.7142857142857143
69,0.6160714285714286
59,0.5267857142857143
62,0.5535714285714286
57,0.5089285714285714
58,0.5178571428571429
70,0.625
72,0.6428571428571429
21,0.1875
86,0.7678571428571429
52,0.4642857142857143
68,0.6071428571428571
68,0.6071428571428571
75,0.6696428571428571
51,0.45535714285714285
83,0.7410714285714286
77,0.6875
31,0.2767857142857143
45,0.4017857142857143
42,0.375
59,0.5267857142857143
24,0.21428571428571427
82,0.7321428571428571
76,0.6785714285714286
27,0.24107142857142858
64,0.5714285714285714
59,0.5267857142857143
36,0.32142857142857145
34,0.30357142857142855
85,0.7589285714285714
57,0.5089285714285714
13,0.11607142857142858
69,0.6160714285714286
55,0.49107142857142855
48,0.42857142857142855
66,0.5892857142857143
28,0.25
71,0.6339285714285714
76,0.6785714285714286
67,0.5982142857142857
68,0.6071428571428571
82,0.7321428571428571
41,0.36607142857142855
51,0.45535714285714285
42,0.375
52,0.4642857142857143
65,0.5803571428571429
23,0.20535714285714285
43,0.38392857142857145
75,0.6696428571428571
46,0.4107142857142857
55,0.49107142857142855
49,0.4375
56,0.5
40,0.35714285714285715
61,0.5446428571428571
67,0.5982142857142857
49,0.4375
37,0.33035714285714285
17,0.15178571428571427
32,0.2857142857142857
39,0.3482142857142857
75,0.6696428571428571
42,0.375
64,0.5714285714285714
46,0.4107142857142857
83,0.7410714285714286
35,0.3125
58,0.5178571428571429
35,0.3125
79,0.7053571428571429
29,0.25892857142857145
53,0.4732142857142857
16,0.14285714285714285
42,0.375
40,0.35714285714285715
80,0.7142857142857143
55,0.49107142857142855
48,0.42857142857142855
54,0.48214285714285715
31,0.2767857142857143
57,0.5089285714285714
54,0.48214285714285715
46,0.4107142857142857
36,0.32142857142857145
37,0.33035714285714285
81,0.7232142857142857
48,0.42857142857142855
51,0.45535714285714285
13,0.11607142857142858
37,0.33035714285714285
58,0.5178571428571429
64,0.5714285714285714
58,0.5178571428571429
29,0.25892857142857145
38,0.3392857142857143
46,0.4107142857142857
76,0.6785714285714286
55,0.49107142857142855
40,0.35714285714285715
88,0.7857142857142857
87,0.7767857142857143
61,0.5446428571428571
60,0.5357142857142857
60,0.5357142857142857
34,0.30357142857142855
53,0.4732142857142857
75,0.6696428571428571
41,0.36607142857142855
48,0.42857142857142855
72,0.6428571428571429
79,0.7053571428571429
71,0.6339285714285714
61,0.5446428571428571
41,0.36607142857142855
39,0.3482142857142857
41,0.36607142857142855
51,0.45535714285714285
59,0.5267857142857143
41,0.36607142857142855
49,0.4375
61,0.5446428571428571
79,0.7053571428571429
42,0.375
56,0.5
31,0.2767857142857143
27,0.24107142857142858
80,0.7142857142857143
29,0.25892857142857145
65,0.5803571428571429
58,0.5178571428571429
70,0.625
58,0.5178571428571429
49,0.4375
66,0.5892857142857143
32,0.2857142857142857
28,0.25
48,0.42857142857142855
50,0.44642857142857145
71,0.6339285714285714
76,0.6785714285714286
31,0.2767857142857143
22,0.19642857142857142
77,0.6875
63,0.5625
72,0.6428571428571429
75,0.6696428571428571
43,0.38392857142857145
43,0.38392857142857145
48,0.42857142857142855
34,0.30357142857142855
54,0.48214285714285715
77,0.6875
45,0.4017857142857143
44,0.39285714285714285
74,0.6607142857142857
24,0.21428571428571427
75,0.6696428571428571
61,0.5446428571428571
58,0.5178571428571429
40,0.35714285714285715
65,0.5803571428571429
57,0.5089285714285714
50,0.44642857142857145
74,0.6607142857142857
79,0.7053571428571429
48,0.42857142857142855
41,0.36607142857142855
82,0.7321428571428571
76,0.6785714285714286
49,0.4375
67,0.5982142857142857
48,0.42857142857142855
62,0.5535714285714286
36,0.32142857142857145
34,0.30357142857142855
52,0.4642857142857143
46,0.4107142857142857
27,0.24107142857142858
59,0.5267857142857143
42,0.375
44,0.39285714285714285
57,0.5089285714285714
43,0.38392857142857145
69,0.6160714285714286
62,0.5535714285714286
38,0.3392857142857143
47,0.41964285714285715
51,0.45535714285714285
58,0.5178571428571429
45,0.4017857142857143
60,0.5357142857142857
57,0.5089285714285714
74,0.6607142857142857
51,0.45535714285714285
48,0.42857142857142855
34,0.30357142857142855
54,0.48214285714285715
51,0.45535714285714285
39,0.3482142857142857
23,0.20535714285714285
45,0.4017857142857143
55,0.49107142857142855
57,0.5089285714285714
59,0.5267857142857143
54,0.48214285714285715
31,0.2767857142857143
42,0.375
58,0.5178571428571429
83,0.7410714285714286
64,0.5714285714285714
50,0.44642857142857145
45,0.4017857142857143
44,0.39285714285714285
76,0.6785714285714286
76,0.6785714285714286
44,0.39285714285714285
67,0.5982142857142857
60,0.5357142857142857
41,0.36607142857142855
54,0.48214285714285715
45,0.4017857142857143
47,0.41964285714285715
63,0.5625
60,0.5357142857142857
61,0.5446428571428571
79,0.7053571428571429
76,0.6785714285714286
40,0.35714285714285715
79,0.7053571428571429
46,0.4107142857142857
42,0.375
47,0.41964285714285715
54,0.48214285714285715
74,0.6607142857142857
59,0.5267857142857143
52,0.4642857142857143
43,0.38392857142857145
26,0.23214285714285715
72,0.6428571428571429
44,0.39285714285714285
71,0.6339285714285714
60,0.5357142857142857
51,0.45535714285714285
63,0.5625
68,0.6071428571428571
70,0.625
61,0.5446428571428571
77,0.6875
46,0.4107142857142857
70,0.625
20,0.17857142857142858
73,0.6517857142857143
75,0.6696428571428571
55,0.49107142857142855
67,0.5982142857142857
71,0.6339285714285714
69,0.6160714285714286
60,0.5357142857142857
44,0.39285714285714285
67,0.5982142857142857
46,0.4107142857142857
62,0.5535714285714286
38,0.3392857142857143
69,0.6160714285714286
41,0.36607142857142855
35,0.3125
84,0.75
66,0.5892857142857143
27,0.24107142857142858
77,0.6875
85,0.7589285714285714
44,0.39285714285714285
46,0.4107142857142857
33,0.29464285714285715
92,0.8214285714285714
76,0.6785714285714286
65,0.5803571428571429
83,0.7410714285714286
58,0.5178571428571429
65,0.5803571428571429
64,0.5714285714285714
46,0.4107142857142857
68,0.6071428571428571
88,0.7857142857142857
38,0.3392857142857143
101,0.9017857142857143
79,0.7053571428571429
53,0.4732142857142857
53,0.4732142857142857
87,0.7767857142857143
92,0.8214285714285714
84,0.75
52,0.4642857142857143
49,0.4375
38,0.3392857142857143
46,0.4107142857142857
60,0.5357142857142857
18,0.16071428571428573
16,0.14285714285714285
72,0.6428571428571429
86,0.7678571428571429
44,0.39285714285714285
69,0.6160714285714286
59,0.5267857142857143
70,0.625
31,0.2767857142857143
66,0.5892857142857143
84,0.75
27,0.24107142857142858
97,0.8660714285714286
33,0.29464285714285715
86,0.7678571428571429
64,0.5714285714285714
23,0.20535714285714285
49,0.4375
25,0.22321428571428573
83,0.7410714285714286
74,0.6607142857142857
47,0.41964285714285715
31,0.2767857142857143
28,0.25
44,0.39285714285714285
69,0.6160714285714286
80,0.7142857142857143
35,0.3125
40,0.35714285714285715
43,0.38392857142857145
72,0.6428571428571429
27,0.24107142857142858
81,0.7232142857142857
52,0.4642857142857143
31,0.2767857142857143
56,0.5
30,0.26785714285714285
31,0.2767857142857143
37,0.33035714285714285
62,0.5535714285714286
39,0.3482142857142857
78,0.6964285714285714
77,0.6875
46,0.4107142857142857
32,0.2857142857142857
33,0.29464285714285715
80,0.7142857142857143
51,0.45535714285714285
35,0.3125
74,0.6607142857142857
78,0.6964285714285714
32,0.2857142857142857
96,0.8571428571428571
61,0.5446428571428571
94,0.8392857142857143
94,0.8392857142857143
59,0.5267857142857143
91,0.8125
33,0.29464285714285715
40,0.35714285714285715
55,0.49107142857142855
65,0.5803571428571429
40,0.35714285714285715
77,0.6875
93,0.8303571428571429
64,0.5714285714285714
46,0.4107142857142857
86,0.7678571428571429
76,0.6785714285714286
67,0.5982142857142857
61,0.5446428571428571
99,0.8839285714285714
98,0.875
23,0.20535714285714285
87,0.7767857142857143
84,0.75
87,0.7767857142857143
43,0.38392857142857145
86,0.7678571428571429
70,0.625
69,0.6160714285714286
78,0.6964285714285714
47,0.41964285714285715
71,0.6339285714285714
65,0.5803571428571429
78,0.6964285714285714
97,0.8660714285714286
44,0.39285714285714285
33,0.29464285714285715
88,0.7857142857142857
94,0.8392857142857143
42,0.375
27,0.24107142857142858
46,0.4107142857142857
49,0.4375
47,0.41964285714285715
72,0.6428571428571429
67,0.5982142857142857
26,0.23214285714285715
49,0.4375
74,0.6607142857142857
31,0.2767857142857143
19,0.16964285714285715
16,0.14285714285714285
74,0.6607142857142857
78,0.6964285714285714
20,0.17857142857142858
70,0.625
82,0.7321428571428571
39,0.3482142857142857
83,0.7410714285714286
86,0.7678571428571429
30,0.26785714285714285
38,0.3392857142857143
19,0.16964285714285715
67,0.5982142857142857
81,0.7232142857142857
39,0.3482142857142857
35,0.3125
46,0.4107142857142857
62,0.5535714285714286
71,0.6339285714285714
38,0.3392857142857143
15,0.13392857142857142
23,0.20535714285714285
71,0.6339285714285714
31,0.2767857142857143
86,0.7678571428571429
26,0.23214285714285715
35,0.3125
80,0.7142857142857143
92,0.8214285714285714
91,0.8125
50,0.44642857142857145
47,0.41964285714285715
23,0.20535714285714285
66,0.5892857142857143
76,0.6785714285714286
41,0.36607142857142855
69,0.6160714285714286
83,0.7410714285714286
76,0.6785714285714286
96,0.8571428571428571
64,0.5714285714285714
71,0.6339285714285714
78,0.6964285714285714
52,0.4642857142857143
81,0.7232142857142857
90,0.8035714285714286
70,0.625
23,0.20535714285714285
85,0.7589285714285714
42,0.375
61,0.5446428571428571
34,0.30357142857142855
72,0.6428571428571429
36,0.32142857142857145
83,0.7410714285714286
36,0.32142857142857145
90,0.8035714285714286
63,0.5625
76,0.6785714285714286
30,0.26785714285714285
94,0.8392857142857143
84,0.75
47,0.41964285714285715
43,0.38392857142857145
55,0.49107142857142855
103,0.9196428571428571
27,0.24107142857142858
35,0.3125
59,0.5267857142857143
86,0.7678571428571429
67,0.5982142857142857
96,0.8571428571428571
75,0.6696428571428571
47,0.41964285714285715
82,0.7321428571428571
78,0.6964285714285714
91,0.8125
12,0.10714285714285714
69,0.6160714285714286
74,0.6607142857142857
81,0.7232142857142857
40,0.35714285714285715
32,0.2857142857142857
44,0.39285714285714285
38,0.3392857142857143
62,0.5535714285714286
43,0.38392857142857145
59,0.5267857142857143
42,0.375
37,0.33035714285714285
43,0.38392857142857145
46,0.4107142857142857
94,0.8392857142857143
89,0.7946428571428571
86,0.7678571428571429
86,0.7678571428571429
91,0.8125
80,0.7142857142857143
92,0.8214285714285714
28,0.25
27,0.24107142857142858
38,0.3392857142857143
25,0.22321428571428573
69,0.6160714285714286
32,0.2857142857142857
13,0.11607142857142858
27,0.24107142857142858
87,0.7767857142857143
82,0.7321428571428571
49,0.4375
68,0.6071428571428571
20,0.17857142857142858
40,0.35714285714285715
77,0.6875
68,0.6071428571428571
95,0.8482142857142857
78,0.6964285714285714
71,0.6339285714285714
15,0.13392857142857142
20,0.17857142857142858
36,0.32142857142857145
23,0.20535714285714285
55,0.49107142857142855
88,0.7857142857142857
63,0.5625
103,0.9196428571428571
27,0.24107142857142858
32,0.2857142857142857
23,0.20535714285714285
83,0.7410714285714286
89,0.7946428571428571
63,0.5625
85,0.7589285714285714
84,0.75
35,0.3125
74,0.6607142857142857
85,0.7589285714285714
84,0.75
72,0.6428571428571429
58,0.5178571428571429
92,0.8214285714285714
86,0.7678571428571429
62,0.5535714285714286
29,0.25892857142857145
48,0.42857142857142855
86,0.7678571428571429
89,0.7946428571428571
38,0.3392857142857143
63,0.5625
32,0.2857142857142857
51,0.45535714285714285
76,0.6785714285714286
85,0.7589285714285714
87,0.7767857142857143
71,0.6339285714285714
85,0.7589285714285714
17,0.15178571428571427
29,0.25892857142857145
32,0.2857142857142857
80,0.7142857142857143
38,0.3392857142857143
94,0.8392857142857143
87,0.7767857142857143
36,0.32142857142857145
61,0.5446428571428571
21,0.1875
32,0.2857142857142857
16,0.14285714285714285
58,0.5178571428571429
59,0.5267857142857143
52,0.4642857142857143
54,0.48214285714285715
57,0.5089285714285714
33,0.29464285714285715
68,0.6071428571428571
49,0.4375
51,0.45535714285714285
46,0.4107142857142857
84,0.75
68,0.6071428571428571
64,0.5714285714285714
52,0.4642857142857143
71,0.6339285714285714
68,0.6071428571428571
44,0.39285714285714285
93,0.8303571428571429
74,0.6607142857142857
83,0.7410714285714286
43,0.38392857142857145
60,0.5357142857142857
81,0.7232142857142857
65,0.5803571428571429
43,0.38392857142857145
104,0.9285714285714286
50,0.44642857142857145
95,0.8482142857142857
77,0.6875
20,0.17857142857142858
72,0.6428571428571429
12,0.10714285714285714
77,0.6875
44,0.39285714285714285
31,0.2767857142857143
69,0.6160714285714286
87,0.7767857142857143
84,0.75
45,0.4017857142857143
48,0.42857142857142855
57,0.5089285714285714
71,0.6339285714285714
43,0.38392857142857145
87,0.7767857142857143
61,0.5446428571428571
74,0.6607142857142857
28,0.25
31,0.2767857142857143
80,0.7142857142857143
50,0.44642857142857145
39,0.3482142857142857
54,0.48214285714285715
56,0.5
77,0.6875
18,0.16071428571428573
38,0.3392857142857143
75,0.6696428571428571
75,0.6696428571428571
9,0.08035714285714286
72,0.6428571428571429
71,0.6339285714285714
66,0.5892857142857143
85,0.7589285714285714
44,0.39285714285714285
73,0.6517857142857143
80,0.7142857142857143
64,0.5714285714285714
43,0.38392857142857145
66,0.5892857142857143
87,0.7767857142857143
52,0.4642857142857143
44,0.39285714285714285
74,0.6607142857142857
48,0.42857142857142855
58,0.5178571428571429
73,0.6517857142857143
70,0.625
37,0.33035714285714285
47,0.41964285714285715
40,0.35714285714285715
69,0.6160714285714286
83,0.7410714285714286
30,0.26785714285714285
48,0.42857142857142855
37,0.33035714285714285
65,0.5803571428571429
71,0.6339285714285714
64,0.5714285714285714
76,0.6785714285714286
86,0.7678571428571429
51,0.45535714285714285
66,0.5892857142857143
41,0.36607142857142855
77,0.6875
42,0.375
30,0.26785714285714285
63,0.5625
72,0.6428571428571429
76,0.6785714285714286
36,0.32142857142857145
33,0.29464285714285715
66,0.5892857142857143
49,0.4375
53,0.4732142857142857
69,0.6160714285714286
36,0.32142857142857145
26,0.23214285714285715
65,0.5803571428571429
31,0.2767857142857143
42,0.375
17,0.15178571428571427
70,0.625
50,0.44642857142857145
49,0.4375
71,0.6339285714285714
79,0.7053571428571429
51,0.45535714285714285
30,0.26785714285714285
46,0.4107142857142857
35,0.3125
59,0.5267857142857143
56,0.5
34,0.30357142857142855
56,0.5
82,0.7321428571428571
58,0.5178571428571429
48,0.42857142857142855
83,0.7410714285714286
63,0.5625
39,0.3482142857142857
27,0.24107142857142858
72,0.6428571428571429
73,0.6517857142857143
74,0.6607142857142857
57,0.5089285714285714
53,0.4732142857142857
43,0.38392857142857145
31,0.2767857142857143
71,0.6339285714285714
72,0.6428571428571429
63,0.5625
39,0.3482142857142857
46,0.4107142857142857
34,0.30357142857142855
65,0.5803571428571429
68,0.6071428571428571
67,0.5982142857142857
54,0.48214285714285715
31,0.2767857142857143
70,0.625
53,0.4732142857142857
62,0.5535714285714286
36,0.32142857142857145
31,0.2767857142857143
56,0.5
67,0.5982142857142857
71,0.6339285714285714
33,0.29464285714285715
65,0.5803571428571429
49,0.4375
59,0.5267857142857143
29,0.25892857142857145
90,0.8035714285714286
57,0.5089285714285714
78,0.6964285714285714
91,0.8125
31,0.2767857142857143
41,0.36607142857142855
24,0.21428571428571427
32,0.2857142857142857
57,0.5089285714285714
41,0.36607142857142855
55,0.49107142857142855
54,0.48214285714285715
51,0.45535714285714285
31,0.2767857142857143
59,0.5267857142857143
46,0.4107142857142857
46,0.4107142857142857
27,0.24107142857142858
63,0.5625
50,0.44642857142857145
87,0.7767857142857143
53,0.4732142857142857
79,0.7053571428571429
87,0.7767857142857143
73,0.6517857142857143
24,0.21428571428571427
69,0.6160714285714286
76,0.6785714285714286
31,0.2767857142857143
46,0.4107142857142857
38,0.3392857142857143
73,0.6517857142857143
75,0.6696428571428571
21,0.1875
38,0.3392857142857143
69,0.6160714285714286
77,0.6875
80,0.7142857142857143
57,0.5089285714285714
56,0.5
53,0.4732142857142857
33,0.29464285714285715
75,0.6696428571428571
81,0.7232142857142857
36,0.32142857142857145
66,0.5892857142857143
67,0.5982142857142857
70,0.625
81,0.7232142857142857
46,0.4107142857142857
32,0.2857142857142857
40,0.35714285714285715
64,0.5714285714285714
71,0.6339285714285714
41,0.36607142857142855
66,0.5892857142857143
39,0.3482142857142857
59,0.5267857142857143
79,0.7053571428571429
78,0.6964285714285714
67,0.5982142857142857
51,0.45535714285714285
77,0.6875
27,0.24107142857142858
33,0.29464285714285715
41,0.36607142857142855
55,0.49107142857142855
63,0.5625
79,0.7053571428571429
