43,0.38392857142857145
54,0.48214285714285715
48,0.42857142857142855
64,0.5714285714285714
73,0.6517857142857143
73,0.6517857142857143
53,0.4732142857142857
91,0.8125
34,0.30357142857142855
75,0.6696428571428571
65,0.5803571428571429
57,0.5089285714285714
74,0.6607142857142857
87,0.7767857142857143
43,0.38392857142857145
34,0.30357142857142855
47,0.41964285714285715
53,0.4732142857142857
39,0.3482142857142857
53,0.4732142857142857
31,0.2767857142857143
84,0.75
82,0.7321428571428571
69,0.6160714285714286
47,0.41964285714285715
81,0.7232142857142857
60,0.5357142857142857
30,0.26785714285714285
62,0.5535714285714286
45,0.4017857142857143
60,0.5357142857142857
56,0.5
97,0.8660714285714286
54,0.48214285714285715
47,0.41964285714285715
71,0.6339285714285714
85,0.7589285714285714
88,0.7857142857142857
32,0.2857142857142857
56,0.5
27,0.24107142857142858
28,0.25
18,0.16071428571428573
41,0.36607142857142855
78,0.6964285714285714
69,0.6160714285714286
68,0.6071428571428571
83,0.7410714285714286
103,0.9196428571428571
48,0.42857142857142855
29,0.25892857142857145
53,0.4732142857142857
43,0.38392857142857145
31,0.2767857142857143
25,0.22321428571428573
54,0.48214285714285715
47,0.41964285714285715
46,0.4107142857142857
26,0.23214285714285715
87,0.7767857142857143
22,0.19642857142857142
20,0.17857142857142858
8,0.07142857142857142
57,0.5089285714285714
9,0.08035714285714286
47,0.41964285714285715
70,0.625
57,0.5089285714285714
41,0.36607142857142855
65,0.5803571428571429
21,0.1875
37,0.33035714285714285
40,0.35714285714285715
36,0.32142857142857145
49,0.4375
30,0.26785714285714285
25,0.22321428571428573
31,0.2767857142857143
64,0.5714285714285714
90,0.8035714285714286
67,0.5982142857142857
102,0.9107142857142857
37,0.33035714285714285
56,0.5
15,0.13392857142857142
69,0.6160714285714286
85,0.7589285714285714
75,0.6696428571428571
8,0.07142857142857142
35,0.3125
49,0.4375
36,0.32142857142857145
66,0.5892857142857143
50,0.44642857142857145
44,0.39285714285714285
47,0.41964285714285715
50,0.44642857142857145
62,0.5535714285714286
29,0.25892857142857145
77,0.6875
23,0.20535714285714285
77,0.6875
58,0.5178571428571429
72,0.6428571428571429
53,0.4732142857142857
84,0.75
19,0.16964285714285715
72,0.6428571428571429
68,0.6071428571428571
54,0.48214285714285715
52,0.4642857142857143
11,0.09821428571428571
37,0.33035714285714285
54,0.48214285714285715
60,0.5357142857142857
80,0.7142857142857143
72,0.6428571428571429
73,0.6517857142857143
97,0.8660714285714286
95,0.8482142857142857
28,0.25
24,0.21428571428571427
69,0.6160714285714286
65,0.5803571428571429
44,0.39285714285714285
49,0.4375
56,0.5
52,0.4642857142857143
76,0.6785714285714286
33,0.29464285714285715
83,0.7410714285714286
40,0.35714285714285715
75,0.6696428571428571
15,0.13392857142857142
64,0.5714285714285714
43,0.38392857142857145
85,0.7589285714285714
56,0.5
66,0.5892857142857143
27,0.24107142857142858
100,0.8928571428571429
35,0.3125
95,0.8482142857142857
90,0.8035714285714286
46,0.4107142857142857
46,0.4107142857142857
82,0.7321428571428571
34,0.30357142857142855
57,0.5089285714285714
68,0.6071428571428571
34,0.30357142857142855
85,0.7589285714285714
23,0.20535714285714285
58,0.5178571428571429
39,0.3482142857142857
51,0.45535714285714285
49,0.4375
91,0.8125
83,0.7410714285714286
75,0.6696428571428571
40,0.35714285714285715
60,0.5357142857142857
63,0.5625
44,0.39285714285714285
31,0.2767857142857143
62,0.5535714285714286
63,0.5625
42,0.375
28,0.25
27,0.24107142857142858
33,0.29464285714285715
29,0.25892857142857145
43,0.38392857142857145
49,0.4375
47,0.41964285714285715
95,0.8482142857142857
20,0.17857142857142858
34,0.30357142857142855
44,0.39285714285714285
27,0.24107142857142858
43,0.38392857142857145
53,0.4732142857142857
68,0.6071428571428571
24,0.21428571428571427
43,0.38392857142857145
60,0.5357142857142857
59,0.5267857142857143
31,0.2767857142857143
48,0.42857142857142855
41,0.36607142857142855
15,0.13392857142857142
46,0.4107142857142857
34,0.30357142857142855
65,0.5803571428571429
68,0.6071428571428571
54,0.48214285714285715
66,0.5892857142857143
38,0.3392857142857143
50,0.44642857142857145
65,0.5803571428571429
56,0.5
34,0.30357142857142855
41,0.36607142857142855
72,0.6428571428571429
57,0.5089285714285714
52,0.4642857142857143
75,0.6696428571428571
87,0.7767857142857143
62,0.5535714285714286
63,0.5625
77,0.6875
59,0.5267857142857143
46,0.4107142857142857
48,0.42857142857142855
29,0.25892857142857145
48,0.42857142857142855
46,0.4107142857142857
48,0.42857142857142855
85,0.7589285714285714
41,0.36607142857142855
48,0.42857142857142855
67,0.5982142857142857
53,0.4732142857142857
21,0.1875
48,0.42857142857142855
74,0.6607142857142857
50,0.44642857142857145
51,0.45535714285714285
47,0.41964285714285715
47,0.41964285714285715
55,0.49107142857142855
26,0.23214285714285715
62,0.5535714285714286
45,0.4017857142857143
82,0.7321428571428571
53,0.4732142857142857
61,0.5446428571428571
78,0.6964285714285714
68,0.6071428571428571
34,0.30357142857142855
44,0.39285714285714285
65,0.5803571428571429
74,0.6607142857142857
84,0.75
38,0.3392857142857143
32,0.2857142857142857
50,0.44642857142857145
73,0.6517857142857143
74,0.6607142857142857
58,0.5178571428571429
67,0.5982142857142857
78,0.6964285714285714
37,0.33035714285714285
55,0.49107142857142855
31,0.2767857142857143
59,0.5267857142857143
74,0.6607142857142857
74,0.6607142857142857
73,0.6517857142857143
60,0.5357142857142857
38,0.3392857142857143
54,0.48214285714285715
60,0.5357142857142857
76,0.6785714285714286
34,0.30357142857142855
54,0.48214285714285715
22,0.19642857142857142
56,0.5
40,0.35714285714285715
58,0.5178571428571429
52,0.4642857142857143
36,0.32142857142857145
69,0.6160714285714286
46,0.4107142857142857
66,0.5892857142857143
81,0.7232142857142857
76,0.6785714285714286
31,0.2767857142857143
28,0.25
67,0.5982142857142857
35,0.3125
26,0.23214285714285715
40,0.35714285714285715
62,0.5535714285714286
42,0.375
25,0.22321428571428573
41,0.36607142857142855
85,0.7589285714285714
39,0.3482142857142857
50,0.44642857142857145
75,0.6696428571428571
22,0.19642857142857142
74,0.6607142857142857
36,0.32142857142857145
89,0.7946428571428571
63,0.5625
23,0.20535714285714285
45,0.4017857142857143
78,0.6964285714285714
72,0.6428571428571429
77,0.6875
4,0.03571428571428571
66,0.5892857142857143
25,0.22321428571428573
37,0.33035714285714285
62,0.5535714285714286
72,0.6428571428571429
76,0.6785714285714286
48,0.42857142857142855
83,0.7410714285714286
62,0.5535714285714286
47,0.41964285714285715
45,0.4017857142857143
45,0.4017857142857143
92,0.8214285714285714
34,0.30357142857142855
61,0.5446428571428571
84,0.75
75,0.6696428571428571
83,0.7410714285714286
83,0.7410714285714286
66,0.5892857142857143
12,0.10714285714285714
50,0.44642857142857145
85,0.7589285714285714
40,0.35714285714285715
44,0.39285714285714285
60,0.5357142857142857
73,0.6517857142857143
23,0.20535714285714285
22,0.19642857142857142
48,0.42857142857142855
31,0.2767857142857143
72,0.6428571428571429
59,0.5267857142857143
34,0.30357142857142855
65,0.5803571428571429
62,0.5535714285714286
18,0.16071428571428573
83,0.7410714285714286
42,0.375
54,0.48214285714285715
54,0.48214285714285715
39,0.3482142857142857
77,0.6875
69,0.6160714285714286
63,0.5625
70,0.625
67,0.5982142857142857
52,0.4642857142857143
76,0.6785714285714286
38,0.3392857142857143
14,0.125
62,0.5535714285714286
88,0.7857142857142857
40,0.35714285714285715
42,0.375
70,0.625
53,0.4732142857142857
66,0.5892857142857143
78,0.6964285714285714
60,0.5357142857142857
68,0.6071428571428571
92,0.8214285714285714
43,0.38392857142857145
61,0.5446428571428571
66,0.5892857142857143
14,0.125
84,0.75
78,0.6964285714285714
71,0.6339285714285714
61,0.5446428571428571
52,0.4642857142857143
65,0.5803571428571429
50,0.44642857142857145
55,0.49107142857142855
21,0.1875
41,0.36607142857142855
49,0.4375
92,0.8214285714285714
65,0.5803571428571429
85,0.7589285714285714
40,0.35714285714285715
48,0.42857142857142855
76,0.6785714285714286
85,0.7589285714285714
33,0.29464285714285715
67,0.5982142857142857
67,0.5982142857142857
61,0.5446428571428571
48,0.42857142857142855
73,0.6517857142857143
39,0.3482142857142857
25,0.22321428571428573
61,0.5446428571428571
76,0.6785714285714286
24,0.21428571428571427
51,0.45535714285714285
85,0.7589285714285714
68,0.6071428571428571
48,0.42857142857142855
56,0.5
38,0.3392857142857143
45,0.4017857142857143
73,0.6517857142857143
25,0.22321428571428573
32,0.2857142857142857
48,0.42857142857142855
48,0.42857142857142855
59,0.5267857142857143
66,0.5892857142857143
88,0.7857142857142857
33,0.29464285714285715
45,0.4017857142857143
25,0.22321428571428573
64,0.5714285714285714
46,0.4107142857142857
60,0.5357142857142857
38,0.3392857142857143
61,0.5446428571428571
82,0.7321428571428571
68,0.6071428571428571
70,0.625
36,0.32142857142857145
27,0.24107142857142858
35,0.3125
50,0.44642857142857145
20,0.17857142857142858
71,0.6339285714285714
102,0.9107142857142857
59,0.5267857142857143
47,0.41964285714285715
69,0.6160714285714286
103,0.9196428571428571
40,0.35714285714285715
46,0.4107142857142857
37,0.33035714285714285
91,0.8125
52,0.4642857142857143
19,0.16964285714285715
55,0.49107142857142855
58,0.5178571428571429
30,0.26785714285714285
33,0.29464285714285715
76,0.6785714285714286
52,0.4642857142857143
89,0.7946428571428571
70,0.625
34,0.30357142857142855
47,0.41964285714285715
81,0.7232142857142857
48,0.42857142857142855
45,0.4017857142857143
55,0.49107142857142855
78,0.6964285714285714
56,0.5
63,0.5625
4,0.03571428571428571
89,0.7946428571428571
72,0.6428571428571429
83,0.7410714285714286
60,0.5357142857142857
71,0.6339285714285714
45,0.4017857142857143
51,0.45535714285714285
21,0.1875
48,0.42857142857142855
34,0.30357142857142855
68,0.6071428571428571
29,0.25892857142857145
61,0.5446428571428571
71,0.6339285714285714
39,0.3482142857142857
15,0.13392857142857142
48,0.42857142857142855
11,0.09821428571428571
68,0.6071428571428571
46,0.4107142857142857
59,0.5267857142857143
67,0.5982142857142857
60,0.5357142857142857
56,0.5
94,0.8392857142857143
55,0.49107142857142855
76,0.6785714285714286
45,0.4017857142857143
36,0.32142857142857145
48,0.42857142857142855
66,0.5892857142857143
59,0.5267857142857143
29,0.25892857142857145
39,0.3482142857142857
52,0.4642857142857143
75,0.6696428571428571
29,0.25892857142857145
61,0.5446428571428571
16,0.14285714285714285
25,0.22321428571428573
58,0.5178571428571429
34,0.30357142857142855
84,0.75
77,0.6875
34,0.30357142857142855
36,0.32142857142857145
76,0.6785714285714286
49,0.4375
77,0.6875
40,0.35714285714285715
83,0.7410714285714286
84,0.75
51,0.45535714285714285
35,0.3125
45,0.4017857142857143
65,0.5803571428571429
63,0.5625
57,0.5089285714285714
56,0.5
17,0.15178571428571427
62,0.5535714285714286
57,0.5089285714285714
59,0.5267857142857143
61,0.5446428571428571
32,0.2857142857142857
82,0.7321428571428571
45,0.4017857142857143
85,0.7589285714285714
77,0.6875
47,0.41964285714285715
70,0.625
81,0.7232142857142857
42,0.375
100,0.8928571428571429
28,0.25
87,0.7767857142857143
65,0.5803571428571429
59,0.5267857142857143
6,0.05357142857142857
43,0.38392857142857145
17,0.15178571428571427
102,0.9107142857142857
88,0.7857142857142857
80,0.7142857142857143
52,0.4642857142857143
32,0.2857142857142857
30,0.26785714285714285
47,0.41964285714285715
19,0.16964285714285715
69,0.6160714285714286
75,0.6696428571428571
52,0.4642857142857143
77,0.6875
29,0.25892857142857145
23,0.20535714285714285
77,0.6875
42,0.375
52,0.4642857142857143
37,0.33035714285714285
27,0.24107142857142858
55,0.49107142857142855
57,0.5089285714285714
9,0.08035714285714286
53,0.4732142857142857
36,0.32142857142857145
41,0.36607142857142855
21,0.1875
60,0.5357142857142857
58,0.5178571428571429
58,0.5178571428571429
58,0.5178571428571429
37,0.33035714285714285
14,0.125
92,0.8214285714285714
44,0.39285714285714285
44,0.39285714285714285
65,0.5803571428571429
41,0.36607142857142855
61,0.5446428571428571
61,0.5446428571428571
92,0.8214285714285714
89,0.7946428571428571
55,0.49107142857142855
19,0.16964285714285715
53,0.4732142857142857
31,0.2767857142857143
65,0.5803571428571429
100,0.8928571428571429
74,0.6607142857142857
71,0.6339285714285714
38,0.3392857142857143
63,0.5625
28,0.25
8,0.07142857142857142
24,0.21428571428571427
74,0.6607142857142857
66,0.5892857142857143
35,0.3125
39,0.3482142857142857
65,0.5803571428571429
32,0.2857142857142857
60,0.5357142857142857
51,0.45535714285714285
27,0.24107142857142858
92,0.8214285714285714
50,0.44642857142857145
10,0.08928571428571429
58,0.5178571428571429
50,0.44642857142857145
59,0.5267857142857143
51,0.45535714285714285
68,0.6071428571428571
44,0.39285714285714285
64,0.5714285714285714
40,0.35714285714285715
72,0.6428571428571429
22,0.19642857142857142
48,0.42857142857142855
69,0.6160714285714286
97,0.8660714285714286
64,0.5714285714285714
44,0.39285714285714285
34,0.30357142857142855
56,0.5
37,0.33035714285714285
65,0.5803571428571429
74,0.6607142857142857
68,0.6071428571428571
28,0.25
67,0.5982142857142857
71,0.6339285714285714
45,0.4017857142857143
34,0.30357142857142855
66,0.5892857142857143
63,0.5625
58,0.5178571428571429
52,0.4642857142857143
59,0.5267857142857143
27,0.24107142857142858
30,0.26785714285714285
62,0.5535714285714286
72,0.6428571428571429
72,0.6428571428571429
60,0.5357142857142857
70,0.625
44,0.39285714285714285
34,0.30357142857142855
43,0.38392857142857145
50,0.44642857142857145
66,0.5892857142857143
85,0.7589285714285714
79,0.7053571428571429
81,0.7232142857142857
63,0.5625
78,0.6964285714285714
26,0.23214285714285715
77,0.6875
83,0.7410714285714286
36,0.32142857142857145
27,0.24107142857142858
35,0.3125
87,0.7767857142857143
39,0.3482142857142857
47,0.41964285714285715
37,0.33035714285714285
72,0.6428571428571429
48,0.42857142857142855
76,0.6785714285714286
38,0.3392857142857143
29,0.25892857142857145
23,0.20535714285714285
24,0.21428571428571427
96,0.8571428571428571
71,0.6339285714285714
83,0.7410714285714286
85,0.7589285714285714
25,0.22321428571428573
42,0.375
71,0.6339285714285714
44,0.39285714285714285
39,0.3482142857142857
27,0.24107142857142858
58,0.5178571428571429
85,0.7589285714285714
81,0.7232142857142857
49,0.4375
69,0.6160714285714286
68,0.6071428571428571
74,0.6607142857142857
65,0.5803571428571429
22,0.19642857142857142
19,0.16964285714285715
20,0.17857142857142858
50,0.44642857142857145
90,0.8035714285714286
18,0.16071428571428573
90,0.8035714285714286
67,0.5982142857142857
47,0.41964285714285715
48,0.42857142857142855
33,0.29464285714285715
85,0.7589285714285714
50,0.44642857142857145
82,0.7321428571428571
35,0.3125
89,0.7946428571428571
87,0.7767857142857143
65,0.5803571428571429
41,0.36607142857142855
38,0.3392857142857143
82,0.7321428571428571
73,0.6517857142857143
88,0.7857142857142857
84,0.75
80,0.7142857142857143
55,0.49107142857142855
37,0.33035714285714285
64,0.5714285714285714
43,0.38392857142857145
81,0.7232142857142857
77,0.6875
51,0.45535714285714285
103,0.9196428571428571
52,0.4642857142857143
25,0.22321428571428573
83,0.7410714285714286
45,0.4017857142857143
100,0.8928571428571429
94,0.8392857142857143
55,0.49107142857142855
61,0.5446428571428571
92,0.8214285714285714
41,0.36607142857142855
25,0.22321428571428573
29,0.25892857142857145
39,0.3482142857142857
95,0.8482142857142857
56,0.5
46,0.4107142857142857
35,0.3125
24,0.21428571428571427
42,0.375
46,0.4107142857142857
73,0.6517857142857143
32,0.2857142857142857
89,0.7946428571428571
40,0.35714285714285715
35,0.3125
48,0.42857142857142855
75,0.6696428571428571
67,0.5982142857142857
70,0.625
80,0.7142857142857143
44,0.39285714285714285
79,0.7053571428571429
37,0.33035714285714285
62,0.5535714285714286
50,0.44642857142857145
66,0.5892857142857143
50,0.44642857142857145
47,0.41964285714285715
76,0.6785714285714286
37,0.33035714285714285
32,0.2857142857142857
88,0.7857142857142857
33,0.29464285714285715
71,0.6339285714285714
25,0.22321428571428573
86,0.7678571428571429
95,0.8482142857142857
87,0.7767857142857143
39,0.3482142857142857
73,0.6517857142857143
71,0.6339285714285714
95,0.8482142857142857
82,0.7321428571428571
61,0.5446428571428571
41,0.36607142857142855
88,0.7857142857142857
112,1.0
84,0.75
85,0.7589285714285714
62,0.5535714285714286
76,0.6785714285714286
70,0.625
77,0.6875
74,0.6607142857142857
58,0.5178571428571429
20,0.17857142857142858
77,0.6875
89,0.7946428571428571
65,0.5803571428571429
77,0.6875
68,0.6071428571428571
65,0.5803571428571429
57,0.5089285714285714
38,0.3392857142857143
78,0.6964285714285714
83,0.7410714285714286
50,0.44642857142857145
80,0.7142857142857143
73,0.6517857142857143
98,0.875
51,0.45535714285714285
48,0.42857142857142855
87,0.7767857142857143
66,0.5892857142857143
36,0.32142857142857145
94,0.8392857142857143
61,0.5446428571428571
54,0.48214285714285715
71,0.6339285714285714
43,0.38392857142857145
59,0.5267857142857143
50,0.44642857142857145
23,0.20535714285714285
58,0.5178571428571429
54,0.48214285714285715
22,0.19642857142857142
54,0.48214285714285715
67,0.5982142857142857
17,0.15178571428571427
23,0.20535714285714285
81,0.7232142857142857
44,0.39285714285714285
43,0.38392857142857145
59,0.5267857142857143
38,0.3392857142857143
56,0.5
63,0.5625
60,0.5357142857142857
65,0.5803571428571429
81,0.7232142857142857
40,0.35714285714285715
83,0.7410714285714286
81,0.7232142857142857
56,0.5
25,0.22321428571428573
66,0.5892857142857143
88,0.7857142857142857
63,0.5625
24,0.21428571428571427
89,0.7946428571428571
16,0.14285714285714285
41,0.36607142857142855
79,0.7053571428571429
103,0.9196428571428571
97,0.8660714285714286
85,0.7589285714285714
81,0.7232142857142857
41,0.36607142857142855
30,0.26785714285714285
97,0.8660714285714286
58,0.5178571428571429
51,0.45535714285714285
83,0.7410714285714286
38,0.3392857142857143
62,0.5535714285714286
69,0.6160714285714286
34,0.30357142857142855
87,0.7767857142857143
65,0.5803571428571429
84,0.75
85,0.7589285714285714
78,0.6964285714285714
53,0.4732142857142857
19,0.16964285714285715
62,0.5535714285714286
70,0.625
66,0.5892857142857143
47,0.41964285714285715
22,0.19642857142857142
85,0.7589285714285714
39,0.3482142857142857
87,0.7767857142857143
85,0.7589285714285714
39,0.3482142857142857
24,0.21428571428571427
62,0.5535714285714286
64,0.5714285714285714
48,0.42857142857142855
37,0.33035714285714285
38,0.3392857142857143
71,0.6339285714285714
68,0.6071428571428571
23,0.20535714285714285
67,0.5982142857142857
67,0.5982142857142857
31,0.2767857142857143
71,0.6339285714285714
90,0.8035714285714286
84,0.75
75,0.6696428571428571
66,0.5892857142857143
85,0.7589285714285714
86,0.7678571428571429
45,0.4017857142857143
44,0.39285714285714285
31,0.2767857142857143
39,0.3482142857142857
44,0.39285714285714285
58,0.5178571428571429
66,0.5892857142857143
37,0.33035714285714285
78,0.6964285714285714
59,0.5267857142857143
11,0.09821428571428571
57,0.5089285714285714
47,0.41964285714285715
88,0.7857142857142857
50,0.44642857142857145
16,0.14285714285714285
54,0.48214285714285715
71,0.6339285714285714
50,0.44642857142857145
65,0.5803571428571429
54,0.48214285714285715
56,0.5
77,0.6875
62,0.5535714285714286
40,0.35714285714285715
88,0.7857142857142857
50,0.44642857142857145
20,0.17857142857142858
57,0.5089285714285714
34,0.30357142857142855
33,0.29464285714285715
45,0.4017857142857143
108,0.9642857142857143
85,0.7589285714285714
14,0.125
58,0.5178571428571429
51,0.45535714285714285
79,0.7053571428571429
39,0.3482142857142857
62,0.5535714285714286
60,0.5357142857142857
70,0.625
31,0.2767857142857143
67,0.5982142857142857
84,0.75
49,0.4375
43,0.38392857142857145
64,0.5714285714285714
64,0.5714285714285714
47,0.41964285714285715
54,0.48214285714285715
56,0.5
66,0.5892857142857143
75,0.6696428571428571
39,0.3482142857142857
100,0.8928571428571429
98,0.875
95,0.8482142857142857
70,0.625
36,0.32142857142857145
49,0.4375
62,0.5535714285714286
45,0.4017857142857143
52,0.4642857142857143
44,0.39285714285714285
43,0.38392857142857145
22,0.19642857142857142
32,0.2857142857142857
74,0.6607142857142857
96,0.8571428571428571
66,0.5892857142857143
22,0.19642857142857142
69,0.6160714285714286
54,0.48214285714285715
41,0.36607142857142855
80,0.7142857142857143
63,0.5625
108,0.9642857142857143
96,0.8571428571428571
67,0.5982142857142857
95,0.8482142857142857
57,0.5089285714285714
69,0.6160714285714286
53,0.4732142857142857
30,0.26785714285714285
34,0.30357142857142855
98,0.875
72,0.6428571428571429
22,0.19642857142857142
73,0.6517857142857143
74,0.6607142857142857
87,0.7767857142857143
89,0.7946428571428571
75,0.6696428571428571
79,0.7053571428571429
56,0.5
60,0.5357142857142857
43,0.38392857142857145
80,0.7142857142857143
86,0.7678571428571429
65,0.5803571428571429
17,0.15178571428571427
75,0.6696428571428571
5,0.044642857142857144
72,0.6428571428571429
104,0.9285714285714286
22,0.19642857142857142
81,0.7232142857142857
38,0.3392857142857143
82,0.7321428571428571
56,0.5
59,0.5267857142857143
59,0.5267857142857143
41,0.36607142857142855
97,0.8660714285714286
73,0.6517857142857143
96,0.8571428571428571
107,0.9553571428571429
62,0.5535714285714286
16,0.14285714285714285
91,0.8125
72,0.6428571428571429
38,0.3392857142857143
106,0.9464285714285714
66,0.5892857142857143
64,0.5714285714285714
69,0.6160714285714286
73,0.6517857142857143
68,0.6071428571428571
23,0.20535714285714285
24,0.21428571428571427
82,0.7321428571428571
47,0.41964285714285715
14,0.125
62,0.5535714285714286
18,0.16071428571428573
33,0.29464285714285715
23,0.20535714285714285
51,0.45535714285714285
40,0.35714285714285715
63,0.5625
24,0.21428571428571427
40,0.35714285714285715
60,0.5357142857142857
51,0.45535714285714285
10,0.08928571428571429
42,0.375
95,0.8482142857142857
30,0.26785714285714285
28,0.25
40,0.35714285714285715
37,0.33035714285714285
100,0.8928571428571429
38,0.3392857142857143
52,0.4642857142857143
58,0.5178571428571429
22,0.19642857142857142
43,0.38392857142857145
35,0.3125
38,0.3392857142857143
60,0.5357142857142857
58,0.5178571428571429
60,0.5357142857142857
19,0.16964285714285715
20,0.17857142857142858
89,0.7946428571428571
40,0.35714285714285715
58,0.5178571428571429
102,0.9107142857142857
21,0.1875
80,0.7142857142857143
85,0.7589285714285714
88,0.7857142857142857
68,0.6071428571428571
50,0.44642857142857145
58,0.5178571428571429
54,0.48214285714285715
22,0.19642857142857142
61,0.5446428571428571
22,0.19642857142857142
15,0.13392857142857142
54,0.48214285714285715
71,0.6339285714285714
59,0.5267857142857143
79,0.7053571428571429
27,0.24107142857142858
62,0.5535714285714286
55,0.49107142857142855
7,0.0625
53,0.4732142857142857
17,0.15178571428571427
18,0.16071428571428573
33,0.29464285714285715
55,0.49107142857142855
74,0.6607142857142857
43,0.38392857142857145
58,0.5178571428571429
49,0.4375
72,0.6428571428571429
87,0.7767857142857143
66,0.5892857142857143
47,0.41964285714285715
36,0.32142857142857145
48,0.42857142857142855
84,0.75
92,0.8214285714285714
99,0.8839285714285714
28,0.25
73,0.6517857142857143
88,0.7857142857142857
77,0.6875
38,0.3392857142857143
38,0.3392857142857143
73,0.6517857142857143
56,0.5
29,0.25892857142857145
44,0.39285714285714285
75,0.6696428571428571
46,0.4107142857142857
51,0.45535714285714285
20,0.17857142857142858
93,0.8303571428571429
51,0.45535714285714285
75,0.6696428571428571
46,0.4107142857142857
64,0.5714285714285714
93,0.8303571428571429
56,0.5
43,0.38392857142857145
66,0.5892857142857143
63,0.5625
45,0.4017857142857143
69,0.6160714285714286
50,0.44642857142857145
17,0.15178571428571427
52,0.4642857142857143
34,0.30357142857142855
56,0.5
31,0.2767857142857143
69,0.6160714285714286
81,0.7232142857142857
71,0.6339285714285714
41,0.36607142857142855
81,0.7232142857142857
71,0.6339285714285714
55,0.49107142857142855
65,0.5803571428571429
68,0.6071428571428571
67,0.5982142857142857
15,0.13392857142857142
70,0.625
67,0.5982142857142857
69,0.6160714285714286
32,0.2857142857142857
90,0.8035714285714286
51,0.45535714285714285
104,0.9285714285714286
65,0.5803571428571429
