89,0.8018018018018018
90,0.8108108108108109
97,0.8738738738738738
59,0.5315315315315315
17,0.15315315315315314
107,0.963963963963964
107,0.963963963963964
54,0.4864864864864865
2,0.018018018018018018
43,0.38738738738738737
2,0.018018018018018018
89,0.8018018018018018
67,0.6036036036036037
106,0.954954954954955
19,0.17117117117117117
67,0.6036036036036037
88,0.7927927927927928
5,0.04504504504504504
46,0.4144144144144144
75,0.6756756756756757
92,0.8288288288288288
109,0.9819819819819819
65,0.5855855855855856
50,0.45045045045045046
41,0.36936936936936937
91,0.8198198198198198
75,0.6756756756756757
67,0.6036036036036037
16,0.14414414414414414
30,0.2702702702702703
108,0.972972972972973
16,0.14414414414414414
12,0.10810810810810811
14,0.12612612612612611
5,0.04504504504504504
32,0.2882882882882883
97,0.8738738738738738
56,0.5045045045045045
5,0.04504504504504504
64,0.5765765765765766
107,0.963963963963964
11,0.0990990990990991
14,0.12612612612612611
8,0.07207207207207207
3,0.02702702702702703
95,0.8558558558558559
79,0.7117117117117117
22,0.1981981981981982
4,0.036036036036036036
108,0.972972972972973
15,0.13513513513513514
98,0.8828828828828829
109,0.9819819819819819
61,0.5495495495495496
2,0.018018018018018018
96,0.8648648648648649
57,0.5135135135135135
72,0.6486486486486487
59,0.5315315315315315
10,0.09009009009009009
51,0.4594594594594595
87,0.7837837837837838
40,0.36036036036036034
63,0.5675675675675675
42,0.3783783783783784
8,0.07207207207207207
36,0.32432432432432434
72,0.6486486486486487
20,0.18018018018018017
5,0.04504504504504504
19,0.17117117117117117
41,0.36936936936936937
42,0.3783783783783784
59,0.5315315315315315
96,0.8648648648648649
33,0.2972972972972973
20,0.18018018018018017
53,0.4774774774774775
38,0.34234234234234234
67,0.6036036036036037
16,0.14414414414414414
72,0.6486486486486487
13,0.11711711711711711
106,0.954954954954955
105,0.9459459459459459
6,0.05405405405405406
39,0.35135135135135137
65,0.5855855855855856
106,0.954954954954955
74,0.6666666666666666
12,0.10810810810810811
61,0.5495495495495496
76,0.6846846846846847
3,0.02702702702702703
39,0.35135135135135137
99,0.8918918918918919
65,0.5855855855855856
17,0.15315315315315314
13,0.11711711711711711
53,0.4774774774774775
51,0.4594594594594595
49,0.44144144144144143
46,0.4144144144144144
64,0.5765765765765766
56,0.5045045045045045
19,0.17117117117117117
36,0.32432432432432434
43,0.38738738738738737
58,0.5225225225225225
97,0.8738738738738738
48,0.43243243243243246
95,0.8558558558558559
88,0.7927927927927928
13,0.11711711711711711
41,0.36936936936936937
99,0.8918918918918919
98,0.8828828828828829
45,0.40540540540540543
58,0.5225225225225225
48,0.43243243243243246
66,0.5945945945945946
40,0.36036036036036034
62,0.5585585585585585
59,0.5315315315315315
63,0.5675675675675675
72,0.6486486486486487
6,0.05405405405405406
95,0.8558558558558559
54,0.4864864864864865
73,0.6576576576576577
16,0.14414414414414414
68,0.6126126126126126
58,0.5225225225225225
43,0.38738738738738737
102,0.918918918918919
78,0.7027027027027027
108,0.972972972972973
100,0.9009009009009009
39,0.35135135135135137
90,0.8108108108108109
64,0.5765765765765766
52,0.46846846846846846
45,0.40540540540540543
107,0.963963963963964
56,0.5045045045045045
63,0.5675675675675675
47,0.42342342342342343
8,0.07207207207207207
58,0.5225225225225225
20,0.18018018018018017
4,0.036036036036036036
44,0.3963963963963964
111,1.0
78,0.7027027027027027
22,0.1981981981981982
18,0.16216216216216217
85,0.7657657657657657
14,0.12612612612612611
58,0.5225225225225225
97,0.8738738738738738
51,0.4594594594594595
13,0.11711711711711711
71,0.6396396396396397
9,0.08108108108108109
12,0.10810810810810811
50,0.45045045045045046
57,0.5135135135135135
15,0.13513513513513514
92,0.8288288288288288
64,0.5765765765765766
91,0.8198198198198198
111,1.0
10,0.09009009009009009
47,0.42342342342342343
49,0.44144144144144143
12,0.10810810810810811
42,0.3783783783783784
90,0.8108108108108109
62,0.5585585585585585
65,0.5855855855855856
95,0.8558558558558559
45,0.40540540540540543
0,0.0
60,0.5405405405405406
53,0.4774774774774775
43,0.38738738738738737
59,0.5315315315315315
53,0.4774774774774775
62,0.5585585585585585
21,0.1891891891891892
104,0.9369369369369369
66,0.5945945945945946
60,0.5405405405405406
60,0.5405405405405406
58,0.5225225225225225
65,0.5855855855855856
63,0.5675675675675675
14,0.12612612612612611
16,0.14414414414414414
26,0.23423423423423423
111,1.0
26,0.23423423423423423
50,0.45045045045045046
59,0.5315315315315315
58,0.5225225225225225
87,0.7837837837837838
82,0.7387387387387387
59,0.5315315315315315
95,0.8558558558558559
17,0.15315315315315314
51,0.4594594594594595
52,0.46846846846846846
99,0.8918918918918919
42,0.3783783783783784
63,0.5675675675675675
20,0.18018018018018017
60,0.5405405405405406
84,0.7567567567567568
48,0.43243243243243246
89,0.8018018018018018
26,0.23423423423423423
16,0.14414414414414414
104,0.9369369369369369
42,0.3783783783783784
64,0.5765765765765766
7,0.06306306306306306
54,0.4864864864864865
43,0.38738738738738737
20,0.18018018018018017
61,0.5495495495495496
102,0.918918918918919
62,0.5585585585585585
57,0.5135135135135135
9,0.08108108108108109
71,0.6396396396396397
21,0.1891891891891892
72,0.6486486486486487
21,0.1891891891891892
0,0.0
107,0.963963963963964
95,0.8558558558558559
89,0.8018018018018018
111,1.0
51,0.4594594594594595
49,0.44144144144144143
106,0.954954954954955
14,0.12612612612612611
101,0.9099099099099099
14,0.12612612612612611
61,0.5495495495495496
106,0.954954954954955
95,0.8558558558558559
66,0.5945945945945946
70,0.6306306306306306
92,0.8288288288288288
62,0.5585585585585585
37,0.3333333333333333
6,0.05405405405405406
16,0.14414414414414414
16,0.14414414414414414
95,0.8558558558558559
18,0.16216216216216217
63,0.5675675675675675
99,0.8918918918918919
68,0.6126126126126126
50,0.45045045045045046
42,0.3783783783783784
40,0.36036036036036034
55,0.4954954954954955
69,0.6216216216216216
16,0.14414414414414414
22,0.1981981981981982
47,0.42342342342342343
51,0.4594594594594595
62,0.5585585585585585
0,0.0
60,0.5405405405405406
71,0.6396396396396397
8,0.07207207207207207
68,0.6126126126126126
96,0.8648648648648649
95,0.8558558558558559
97,0.8738738738738738
58,0.5225225225225225
30,0.2702702702702703
10,0.09009009009009009
58,0.5225225225225225
36,0.32432432432432434
31,0.27927927927927926
104,0.9369369369369369
70,0.6306306306306306
103,0.9279279279279279
95,0.8558558558558559
24,0.21621621621621623
4,0.036036036036036036
62,0.5585585585585585
42,0.3783783783783784
98,0.8828828828828829
70,0.6306306306306306
23,0.2072072072072072
30,0.2702702702702703
104,0.9369369369369369
10,0.09009009009009009
62,0.5585585585585585
106,0.954954954954955
108,0.972972972972973
73,0.6576576576576577
81,0.7297297297297297
12,0.10810810810810811
16,0.14414414414414414
57,0.5135135135135135
20,0.18018018018018017
92,0.8288288288288288
8,0.07207207207207207
72,0.6486486486486487
94,0.8468468468468469
110,0.990990990990991
74,0.6666666666666666
17,0.15315315315315314
57,0.5135135135135135
62,0.5585585585585585
93,0.8378378378378378
70,0.6306306306306306
85,0.7657657657657657
35,0.3153153153153153
91,0.8198198198198198
10,0.09009009009009009
36,0.32432432432432434
56,0.5045045045045045
28,0.25225225225225223
11,0.0990990990990991
76,0.6846846846846847
88,0.7927927927927928
46,0.4144144144144144
57,0.5135135135135135
49,0.44144144144144143
79,0.7117117117117117
85,0.7657657657657657
85,0.7657657657657657
68,0.6126126126126126
84,0.7567567567567568
57,0.5135135135135135
63,0.5675675675675675
83,0.7477477477477478
73,0.6576576576576577
52,0.46846846846846846
45,0.40540540540540543
65,0.5855855855855856
50,0.45045045045045046
52,0.46846846846846846
60,0.5405405405405406
75,0.6756756756756757
44,0.3963963963963964
88,0.7927927927927928
49,0.44144144144144143
37,0.3333333333333333
37,0.3333333333333333
57,0.5135135135135135
27,0.24324324324324326
10,0.09009009009009009
100,0.9009009009009009
4,0.036036036036036036
54,0.4864864864864865
16,0.14414414414414414
88,0.7927927927927928
78,0.7027027027027027
48,0.43243243243243246
35,0.3153153153153153
66,0.5945945945945946
87,0.7837837837837838
103,0.9279279279279279
99,0.8918918918918919
66,0.5945945945945946
94,0.8468468468468469
59,0.5315315315315315
26,0.23423423423423423
13,0.11711711711711711
86,0.7747747747747747
70,0.6306306306306306
5,0.04504504504504504
3,0.02702702702702703
84,0.7567567567567568
3,0.02702702702702703
41,0.36936936936936937
3,0.02702702702702703
57,0.5135135135135135
98,0.8828828828828829
48,0.43243243243243246
47,0.42342342342342343
39,0.35135135135135137
79,0.7117117117117117
28,0.25225225225225223
33,0.2972972972972973
107,0.963963963963964
94,0.8468468468468469
31,0.27927927927927926
61,0.5495495495495496
36,0.32432432432432434
94,0.8468468468468469
42,0.3783783783783784
58,0.5225225225225225
90,0.8108108108108109
0,0.0
14,0.12612612612612611
66,0.5945945945945946
111,1.0
45,0.40540540540540543
4,0.036036036036036036
106,0.954954954954955
37,0.3333333333333333
46,0.4144144144144144
10,0.09009009009009009
12,0.10810810810810811
92,0.8288288288288288
103,0.9279279279279279
101,0.9099099099099099
52,0.46846846846846846
85,0.7657657657657657
19,0.17117117117117117
19,0.17117117117117117
56,0.5045045045045045
61,0.5495495495495496
13,0.11711711711711711
5,0.04504504504504504
28,0.25225225225225223
44,0.3963963963963964
62,0.5585585585585585
98,0.8828828828828829
97,0.8738738738738738
32,0.2882882882882883
64,0.5765765765765766
53,0.4774774774774775
61,0.5495495495495496
13,0.11711711711711711
80,0.7207207207207207
76,0.6846846846846847
88,0.7927927927927928
46,0.4144144144144144
56,0.5045045045045045
84,0.7567567567567568
19,0.17117117117117117
3,0.02702702702702703
78,0.7027027027027027
64,0.5765765765765766
53,0.4774774774774775
57,0.5135135135135135
111,1.0
54,0.4864864864864865
94,0.8468468468468469
21,0.1891891891891892
9,0.08108108108108109
9,0.08108108108108109
89,0.8018018018018018
62,0.5585585585585585
78,0.7027027027027027
111,1.0
67,0.6036036036036037
48,0.43243243243243246
39,0.35135135135135137
40,0.36036036036036034
44,0.3963963963963964
74,0.6666666666666666
69,0.6216216216216216
72,0.6486486486486487
69,0.6216216216216216
39,0.35135135135135137
28,0.25225225225225223
50,0.45045045045045046
37,0.3333333333333333
13,0.11711711711711711
4,0.036036036036036036
72,0.6486486486486487
21,0.1891891891891892
12,0.10810810810810811
21,0.1891891891891892
54,0.4864864864864865
21,0.1891891891891892
61,0.5495495495495496
101,0.9099099099099099
105,0.9459459459459459
16,0.14414414414414414
107,0.963963963963964
60,0.5405405405405406
12,0.10810810810810811
60,0.5405405405405406
75,0.6756756756756757
88,0.7927927927927928
43,0.38738738738738737
13,0.11711711711711711
41,0.36936936936936937
51,0.4594594594594595
34,0.3063063063063063
24,0.21621621621621623
13,0.11711711711711711
29,0.26126126126126126
51,0.4594594594594595
23,0.2072072072072072
63,0.5675675675675675
70,0.6306306306306306
37,0.3333333333333333
72,0.6486486486486487
70,0.6306306306306306
28,0.25225225225225223
46,0.4144144144144144
46,0.4144144144144144
8,0.07207207207207207
21,0.1891891891891892
9,0.08108108108108109
111,1.0
75,0.6756756756756757
22,0.1981981981981982
44,0.3963963963963964
17,0.15315315315315314
11,0.0990990990990991
21,0.1891891891891892
18,0.16216216216216217
65,0.5855855855855856
39,0.35135135135135137
41,0.36936936936936937
40,0.36036036036036034
63,0.5675675675675675
68,0.6126126126126126
4,0.036036036036036036
23,0.2072072072072072
88,0.7927927927927928
55,0.4954954954954955
0,0.0
67,0.6036036036036037
30,0.2702702702702703
110,0.990990990990991
96,0.8648648648648649
42,0.3783783783783784
85,0.7657657657657657
41,0.36936936936936937
67,0.6036036036036037
94,0.8468468468468469
60,0.5405405405405406
82,0.7387387387387387
41,0.36936936936936937
63,0.5675675675675675
81,0.7297297297297297
49,0.44144144144144143
39,0.35135135135135137
54,0.4864864864864865
96,0.8648648648648649
40,0.36036036036036034
99,0.8918918918918919
52,0.46846846846846846
45,0.40540540540540543
97,0.8738738738738738
57,0.5135135135135135
38,0.34234234234234234
57,0.5135135135135135
57,0.5135135135135135
68,0.6126126126126126
44,0.3963963963963964
18,0.16216216216216217
31,0.27927927927927926
61,0.5495495495495496
99,0.8918918918918919
55,0.4954954954954955
68,0.6126126126126126
67,0.6036036036036037
47,0.42342342342342343
30,0.2702702702702703
9,0.08108108108108109
87,0.7837837837837838
65,0.5855855855855856
76,0.6846846846846847
45,0.40540540540540543
89,0.8018018018018018
64,0.5765765765765766
19,0.17117117117117117
81,0.7297297297297297
54,0.4864864864864865
54,0.4864864864864865
65,0.5855855855855856
62,0.5585585585585585
72,0.6486486486486487
103,0.9279279279279279
30,0.2702702702702703
70,0.6306306306306306
70,0.6306306306306306
73,0.6576576576576577
19,0.17117117117117117
40,0.36036036036036034
56,0.5045045045045045
81,0.7297297297297297
77,0.6936936936936937
78,0.7027027027027027
102,0.918918918918919
23,0.2072072072072072
83,0.7477477477477478
54,0.4864864864864865
107,0.963963963963964
39,0.35135135135135137
27,0.24324324324324326
19,0.17117117117117117
26,0.23423423423423423
44,0.3963963963963964
52,0.46846846846846846
88,0.7927927927927928
46,0.4144144144144144
65,0.5855855855855856
57,0.5135135135135135
58,0.5225225225225225
50,0.45045045045045046
81,0.7297297297297297
45,0.40540540540540543
43,0.38738738738738737
22,0.1981981981981982
58,0.5225225225225225
80,0.7207207207207207
44,0.3963963963963964
64,0.5765765765765766
79,0.7117117117117117
33,0.2972972972972973
79,0.7117117117117117
64,0.5765765765765766
76,0.6846846846846847
94,0.8468468468468469
74,0.6666666666666666
64,0.5765765765765766
56,0.5045045045045045
49,0.44144144144144143
96,0.8648648648648649
61,0.5495495495495496
102,0.918918918918919
45,0.40540540540540543
59,0.5315315315315315
53,0.4774774774774775
36,0.32432432432432434
54,0.4864864864864865
56,0.5045045045045045
48,0.43243243243243246
49,0.44144144144144143
47,0.42342342342342343
67,0.6036036036036037
71,0.6396396396396397
56,0.5045045045045045
76,0.6846846846846847
46,0.4144144144144144
86,0.7747747747747747
66,0.5945945945945946
33,0.2972972972972973
18,0.16216216216216217
92,0.8288288288288288
32,0.2882882882882883
46,0.4144144144144144
50,0.45045045045045046
72,0.6486486486486487
49,0.44144144144144143
90,0.8108108108108109
37,0.3333333333333333
88,0.7927927927927928
77,0.6936936936936937
40,0.36036036036036034
37,0.3333333333333333
77,0.6936936936936937
73,0.6576576576576577
82,0.7387387387387387
63,0.5675675675675675
72,0.6486486486486487
61,0.5495495495495496
76,0.6846846846846847
61,0.5495495495495496
19,0.17117117117117117
49,0.44144144144144143
35,0.3153153153153153
71,0.6396396396396397
41,0.36936936936936937
32,0.2882882882882883
36,0.32432432432432434
70,0.6306306306306306
52,0.46846846846846846
91,0.8198198198198198
86,0.7747747747747747
75,0.6756756756756757
32,0.2882882882882883
48,0.43243243243243246
73,0.6576576576576577
61,0.5495495495495496
43,0.38738738738738737
38,0.34234234234234234
32,0.2882882882882883
13,0.11711711711711711
63,0.5675675675675675
52,0.46846846846846846
58,0.5225225225225225
88,0.7927927927927928
39,0.35135135135135137
62,0.5585585585585585
49,0.44144144144144143
44,0.3963963963963964
47,0.42342342342342343
55,0.4954954954954955
46,0.4144144144144144
26,0.23423423423423423
78,0.7027027027027027
57,0.5135135135135135
62,0.5585585585585585
87,0.7837837837837838
58,0.5225225225225225
48,0.43243243243243246
87,0.7837837837837838
73,0.6576576576576577
68,0.6126126126126126
72,0.6486486486486487
67,0.6036036036036037
46,0.4144144144144144
55,0.4954954954954955
43,0.38738738738738737
29,0.26126126126126126
73,0.6576576576576577
52,0.46846846846846846
37,0.3333333333333333
69,0.6216216216216216
59,0.5315315315315315
99,0.8918918918918919
91,0.8198198198198198
42,0.3783783783783784
61,0.5495495495495496
41,0.36936936936936937
30,0.2702702702702703
76,0.6846846846846847
74,0.6666666666666666
71,0.6396396396396397
55,0.4954954954954955
33,0.2972972972972973
73,0.6576576576576577
88,0.7927927927927928
66,0.5945945945945946
63,0.5675675675675675
19,0.17117117117117117
35,0.3153153153153153
54,0.4864864864864865
60,0.5405405405405406
59,0.5315315315315315
61,0.5495495495495496
43,0.38738738738738737
90,0.8108108108108109
81,0.7297297297297297
67,0.6036036036036037
63,0.5675675675675675
21,0.1891891891891892
55,0.4954954954954955
49,0.44144144144144143
46,0.4144144144144144
73,0.6576576576576577
47,0.42342342342342343
58,0.5225225225225225
28,0.25225225225225223
52,0.46846846846846846
64,0.5765765765765766
93,0.8378378378378378
77,0.6936936936936937
73,0.6576576576576577
56,0.5045045045045045
64,0.5765765765765766
58,0.5225225225225225
37,0.3333333333333333
54,0.4864864864864865
24,0.21621621621621623
90,0.8108108108108109
30,0.2702702702702703
37,0.3333333333333333
48,0.43243243243243246
50,0.45045045045045046
72,0.6486486486486487
50,0.45045045045045046
64,0.5765765765765766
43,0.38738738738738737
35,0.3153153153153153
44,0.3963963963963964
13,0.11711711711711711
18,0.16216216216216217
81,0.7297297297297297
93,0.8378378378378378
98,0.8828828828828829
26,0.23423423423423423
50,0.45045045045045046
101,0.9099099099099099
70,0.6306306306306306
64,0.5765765765765766
38,0.34234234234234234
82,0.7387387387387387
38,0.34234234234234234
53,0.4774774774774775
44,0.3963963963963964
27,0.24324324324324326
69,0.6216216216216216
57,0.5135135135135135
17,0.15315315315315314
36,0.32432432432432434
55,0.4954954954954955
75,0.6756756756756757
29,0.26126126126126126
27,0.24324324324324326
50,0.45045045045045046
58,0.5225225225225225
63,0.5675675675675675
61,0.5495495495495496
71,0.6396396396396397
27,0.24324324324324326
51,0.4594594594594595
53,0.4774774774774775
79,0.7117117117117117
64,0.5765765765765766
42,0.3783783783783784
95,0.8558558558558559
20,0.18018018018018017
25,0.22522522522522523
41,0.36936936936936937
32,0.2882882882882883
21,0.1891891891891892
102,0.918918918918919
46,0.4144144144144144
59,0.5315315315315315
35,0.3153153153153153
54,0.4864864864864865
37,0.3333333333333333
101,0.9099099099099099
33,0.2972972972972973
80,0.7207207207207207
25,0.22522522522522523
56,0.5045045045045045
70,0.6306306306306306
91,0.8198198198198198
47,0.42342342342342343
69,0.6216216216216216
59,0.5315315315315315
61,0.5495495495495496
64,0.5765765765765766
43,0.38738738738738737
54,0.4864864864864865
39,0.35135135135135137
49,0.44144144144144143
42,0.3783783783783784
67,0.6036036036036037
70,0.6306306306306306
85,0.7657657657657657
77,0.6936936936936937
85,0.7657657657657657
77,0.6936936936936937
71,0.6396396396396397
58,0.5225225225225225
77,0.6936936936936937
67,0.6036036036036037
75,0.6756756756756757
76,0.6846846846846847
71,0.6396396396396397
72,0.6486486486486487
26,0.23423423423423423
36,0.32432432432432434
82,0.7387387387387387
34,0.3063063063063063
72,0.6486486486486487
69,0.6216216216216216
58,0.5225225225225225
70,0.6306306306306306
67,0.6036036036036037
83,0.7477477477477478
81,0.7297297297297297
52,0.46846846846846846
83,0.7477477477477478
75,0.6756756756756757
72,0.6486486486486487
31,0.27927927927927926
62,0.5585585585585585
30,0.2702702702702703
62,0.5585585585585585
47,0.42342342342342343
78,0.7027027027027027
78,0.7027027027027027
49,0.44144144144144143
58,0.5225225225225225
73,0.6576576576576577
26,0.23423423423423423
73,0.6576576576576577
25,0.22522522522522523
56,0.5045045045045045
57,0.5135135135135135
75,0.6756756756756757
67,0.6036036036036037
74,0.6666666666666666
80,0.7207207207207207
47,0.42342342342342343
65,0.5855855855855856
53,0.4774774774774775
43,0.38738738738738737
101,0.9099099099099099
40,0.36036036036036034
46,0.4144144144144144
51,0.4594594594594595
38,0.34234234234234234
65,0.5855855855855856
59,0.5315315315315315
17,0.15315315315315314
37,0.3333333333333333
76,0.6846846846846847
42,0.3783783783783784
85,0.7657657657657657
33,0.2972972972972973
37,0.3333333333333333
73,0.6576576576576577
57,0.5135135135135135
69,0.6216216216216216
25,0.22522522522522523
64,0.5765765765765766
84,0.7567567567567568
62,0.5585585585585585
68,0.6126126126126126
68,0.6126126126126126
33,0.2972972972972973
88,0.7927927927927928
56,0.5045045045045045
53,0.4774774774774775
55,0.4954954954954955
64,0.5765765765765766
38,0.34234234234234234
56,0.5045045045045045
58,0.5225225225225225
42,0.3783783783783784
79,0.7117117117117117
23,0.2072072072072072
60,0.5405405405405406
55,0.4954954954954955
62,0.5585585585585585
63,0.5675675675675675
54,0.4864864864864865
81,0.7297297297297297
71,0.6396396396396397
51,0.4594594594594595
52,0.46846846846846846
39,0.35135135135135137
65,0.5855855855855856
45,0.40540540540540543
80,0.7207207207207207
69,0.6216216216216216
37,0.3333333333333333
76,0.6846846846846847
52,0.46846846846846846
69,0.6216216216216216
52,0.46846846846846846
63,0.5675675675675675
16,0.14414414414414414
63,0.5675675675675675
81,0.7297297297297297
44,0.3963963963963964
66,0.5945945945945946
32,0.2882882882882883
50,0.45045045045045046
53,0.4774774774774775
63,0.5675675675675675
44,0.3963963963963964
51,0.4594594594594595
82,0.7387387387387387
66,0.5945945945945946
49,0.44144144144144143
28,0.25225225225225223
59,0.5315315315315315
66,0.5945945945945946
60,0.5405405405405406
50,0.45045045045045046
81,0.7297297297297297
72,0.6486486486486487
47,0.42342342342342343
77,0.6936936936936937
51,0.4594594594594595
59,0.5315315315315315
60,0.5405405405405406
71,0.6396396396396397
35,0.3153153153153153
52,0.46846846846846846
38,0.34234234234234234
37,0.3333333333333333
41,0.36936936936936937
58,0.5225225225225225
66,0.5945945945945946
69,0.6216216216216216
92,0.8288288288288288
22,0.1981981981981982
74,0.6666666666666666
86,0.7747747747747747
36,0.32432432432432434
97,0.8738738738738738
58,0.5225225225225225
14,0.12612612612612611
70,0.6306306306306306
41,0.36936936936936937
79,0.7117117117117117
84,0.7567567567567568
73,0.6576576576576577
46,0.4144144144144144
66,0.5945945945945946
84,0.7567567567567568
67,0.6036036036036037
43,0.38738738738738737
80,0.7207207207207207
53,0.4774774774774775
74,0.6666666666666666
35,0.3153153153153153
59,0.5315315315315315
69,0.6216216216216216
75,0.6756756756756757
43,0.38738738738738737
60,0.5405405405405406
66,0.5945945945945946
50,0.45045045045045046
52,0.46846846846846846
69,0.6216216216216216
98,0.8828828828828829
67,0.6036036036036037
49,0.44144144144144143
25,0.22522522522522523
31,0.27927927927927926
84,0.7567567567567568
65,0.5855855855855856
85,0.7657657657657657
60,0.5405405405405406
27,0.24324324324324326
56,0.5045045045045045
83,0.7477477477477478
62,0.5585585585585585
56,0.5045045045045045
61,0.5495495495495496
68,0.6126126126126126
41,0.36936936936936937
70,0.6306306306306306
26,0.23423423423423423
63,0.5675675675675675
21,0.1891891891891892
40,0.36036036036036034
37,0.3333333333333333
56,0.5045045045045045
40,0.36036036036036034
76,0.6846846846846847
71,0.6396396396396397
50,0.45045045045045046
34,0.3063063063063063
45,0.40540540540540543
46,0.4144144144144144
85,0.7657657657657657
62,0.5585585585585585
78,0.7027027027027027
56,0.5045045045045045
39,0.35135135135135137
72,0.6486486486486487
79,0.7117117117117117
34,0.3063063063063063
74,0.6666666666666666
55,0.4954954954954955
45,0.40540540540540543
56,0.5045045045045045
52,0.46846846846846846
22,0.1981981981981982
67,0.6036036036036037
42,0.3783783783783784
28,0.25225225225225223
72,0.6486486486486487
83,0.7477477477477478
70,0.6306306306306306
34,0.3063063063063063
68,0.6126126126126126
46,0.4144144144144144
60,0.5405405405405406
32,0.2882882882882883
59,0.5315315315315315
85,0.7657657657657657
62,0.5585585585585585
32,0.2882882882882883
78,0.7027027027027027
78,0.7027027027027027
59,0.5315315315315315
26,0.23423423423423423
35,0.3153153153153153
83,0.7477477477477478
60,0.5405405405405406
26,0.23423423423423423
44,0.3963963963963964
58,0.5225225225225225
67,0.6036036036036037
18,0.16216216216216217
57,0.5135135135135135
46,0.4144144144144144
42,0.3783783783783784
30,0.2702702702702703
47,0.42342342342342343
39,0.35135135135135137
77,0.6936936936936937
78,0.7027027027027027
79,0.7117117117117117
48,0.43243243243243246
4,0.036036036036036036
40,0.36036036036036034
23,0.2072072072072072
49,0.44144144144144143
7,0.06306306306306306
33,0.2972972972972973
67,0.6036036036036037
57,0.5135135135135135
35,0.3153153153153153
52,0.46846846846846846
61,0.5495495495495496
57,0.5135135135135135
28,0.25225225225225223
44,0.3963963963963964
59,0.5315315315315315
78,0.7027027027027027
76,0.6846846846846847
80,0.7207207207207207
60,0.5405405405405406
76,0.6846846846846847
50,0.45045045045045046
57,0.5135135135135135
81,0.7297297297297297
54,0.4864864864864865
14,0.12612612612612611
53,0.4774774774774775
62,0.5585585585585585
51,0.4594594594594595
85,0.7657657657657657
58,0.5225225225225225
45,0.40540540540540543
38,0.34234234234234234
39,0.35135135135135137
49,0.44144144144144143
93,0.8378378378378378
59,0.5315315315315315
64,0.5765765765765766
86,0.7747747747747747
74,0.6666666666666666
74,0.6666666666666666
53,0.4774774774774775
64,0.5765765765765766
59,0.5315315315315315
59,0.5315315315315315
47,0.42342342342342343
44,0.3963963963963964
44,0.3963963963963964
70,0.6306306306306306
24,0.21621621621621623
71,0.6396396396396397
67,0.6036036036036037
78,0.7027027027027027
66,0.5945945945945946
67,0.6036036036036037
52,0.46846846846846846
78,0.7027027027027027
70,0.6306306306306306
74,0.6666666666666666
110,0.990990990990991
