1359,0.5502024291497976
1545,0.6255060728744939
1277,0.517004048582996
1413,0.5720647773279353
1261,0.5105263157894737
1507,0.6101214574898786
1488,0.6024291497975709
1580,0.6396761133603239
1236,0.5004048582995951
1200,0.48582995951417
1067,0.4319838056680162
1261,0.5105263157894737
1229,0.49757085020242914
1358,0.5497975708502024
1353,0.5477732793522267
1362,0.551417004048583
1308,0.5295546558704454
1233,0.49919028340080973
1232,0.4987854251012146
1522,0.6161943319838057
1215,0.49190283400809715
1256,0.5085020242914979
1397,0.565587044534413
1455,0.5890688259109311
1248,0.5052631578947369
1387,0.5615384615384615
1254,0.5076923076923077
1165,0.4716599190283401
1413,0.5720647773279353
1480,0.5991902834008097
1433,0.5801619433198381
1515,0.6133603238866396
1044,0.42267206477732794
1042,0.42186234817813767
1182,0.4785425101214575
1289,0.5218623481781377
1208,0.48906882591093115
1309,0.5299595141700405
941,0.3809716599190283
1134,0.4591093117408907
1068,0.43238866396761133
1236,0.5004048582995951
790,0.31983805668016196
1013,0.41012145748987855
1047,0.42388663967611334
1067,0.4319838056680162
1040,0.42105263157894735
1133,0.45870445344129557
1296,0.5246963562753036
1176,0.4761133603238866
1251,0.5064777327935223
1541,0.6238866396761134
1065,0.4311740890688259
1091,0.4417004048582996
716,0.28987854251012146
1325,0.5364372469635628
1220,0.4939271255060729
1334,0.540080971659919
1162,0.47044534412955463
1012,0.4097165991902834
972,0.39352226720647776
1030,0.41700404858299595
731,0.2959514170040486
847,0.342914979757085
1040,0.42105263157894735
1075,0.4352226720647773
1013,0.41012145748987855
1163,0.4708502024291498
768,0.31093117408906884
820,0.3319838056680162
930,0.3765182186234818
1060,0.4291497975708502
1009,0.40850202429149796
1042,0.42186234817813767
1053,0.4263157894736842
1152,0.46639676113360323
719,0.29109311740890687
1020,0.41295546558704455
1283,0.5194331983805668
1369,0.554251012145749
1114,0.45101214574898785
1053,0.4263157894736842
1092,0.4421052631578947
1002,0.40566801619433196
1093,0.44251012145748986
1118,0.45263157894736844
1079,0.4368421052631579
1244,0.5036437246963563
1265,0.5121457489878543
1216,0.49230769230769234
890,0.3603238866396761
1065,0.4311740890688259
1418,0.5740890688259109
1344,0.5441295546558704
1080,0.43724696356275305
1210,0.4898785425101215
1077,0.4360323886639676
884,0.35789473684210527
1054,0.42672064777327934
1095,0.4433198380566802
1211,0.4902834008097166
1153,0.46680161943319837
1091,0.4417004048582996
1123,0.4546558704453441
1249,0.505668016194332
1054,0.42672064777327934
1317,0.5331983805668016
1141,0.4619433198380567
1251,0.5064777327935223
1193,0.482995951417004
953,0.38582995951417004
1304,0.5279352226720648
1274,0.5157894736842106
1241,0.5024291497975708
1213,0.4910931174089069
1069,0.43279352226720647
1023,0.41417004048582995
1203,0.4870445344129555
1287,0.5210526315789473
1234,0.49959514170040487
1247,0.5048582995951417
1265,0.5121457489878543
1293,0.5234817813765182
1182,0.4785425101214575
1181,0.47813765182186235
976,0.3951417004048583
993,0.4020242914979757
1277,0.517004048582996
1175,0.4757085020242915
1303,0.5275303643724696
1079,0.4368421052631579
1287,0.5210526315789473
987,0.39959514170040483
1082,0.4380566801619433
1317,0.5331983805668016
1477,0.5979757085020243
1341,0.542914979757085
1169,0.47327935222672063
1079,0.4368421052631579
1256,0.5085020242914979
1273,0.5153846153846153
1335,0.5404858299595142
1317,0.5331983805668016
1341,0.542914979757085
1100,0.44534412955465585
1059,0.42874493927125507
1264,0.5117408906882591
1254,0.5076923076923077
903,0.36558704453441293
1039,0.4206477732793522
1007,0.4076923076923077
1209,0.48947368421052634
1109,0.4489878542510121
1352,0.5473684210526316
1057,0.4279352226720648
1072,0.4340080971659919
1431,0.5793522267206478
1479,0.5987854251012146
1171,0.47408906882591095
1172,0.4744939271255061
912,0.36923076923076925
985,0.39878542510121456
1170,0.47368421052631576
1417,0.5736842105263158
1187,0.4805668016194332
927,0.3753036437246964
1237,0.5008097165991903
1269,0.5137651821862348
1347,0.5453441295546558
1235,0.5
1266,0.5125506072874494
1364,0.5522267206477732
958,0.38785425101214577
843,0.3412955465587045
1128,0.45668016194331984
1144,0.4631578947368421
962,0.3894736842105263
1123,0.4546558704453441
1180,0.4777327935222672
1044,0.42267206477732794
1015,0.4109311740890688
954,0.3862348178137652
1088,0.4404858299595142
1036,0.4194331983805668
927,0.3753036437246964
961,0.38906882591093117
977,0.39554655870445343
1172,0.4744939271255061
1348,0.545748987854251
1210,0.4898785425101215
1085,0.4392712550607287
1442,0.5838056680161944
1109,0.4489878542510121
1316,0.5327935222672064
1311,0.5307692307692308
1315,0.5323886639676113
1565,0.6336032388663968
1275,0.5161943319838057
925,0.37449392712550605
1295,0.5242914979757085
1519,0.6149797570850203
1283,0.5194331983805668
1492,0.6040485829959514
1254,0.5076923076923077
1383,0.559919028340081
1364,0.5522267206477732
1333,0.5396761133603238
1445,0.5850202429149798
1395,0.5647773279352226
1329,0.5380566801619433
1459,0.5906882591093118
1161,0.4700404858299595
1163,0.4708502024291498
1018,0.4121457489878543
1209,0.48947368421052634
1366,0.5530364372469636
1225,0.4959514170040486
1200,0.48582995951417
1116,0.4518218623481781
1212,0.49068825910931174
1051,0.42550607287449393
1336,0.5408906882591094
1299,0.525910931174089
1159,0.46923076923076923
1232,0.4987854251012146
1175,0.4757085020242915
1123,0.4546558704453441
1184,0.47935222672064776
1119,0.4530364372469636
1097,0.44412955465587045
1294,0.5238866396761134
1437,0.5817813765182186
1221,0.494331983805668
1476,0.5975708502024292
1389,0.5623481781376518
1382,0.5595141700404859
1192,0.4825910931174089
1207,0.488663967611336
1167,0.47246963562753036
1387,0.5615384615384615
1231,0.4983805668016194
1642,0.6647773279352227
1305,0.52834008097166
1367,0.5534412955465587
1105,0.4473684210526316
1465,0.5931174089068826
1265,0.5121457489878543
1512,0.6121457489878542
1248,0.5052631578947369
1238,0.5012145748987854
1122,0.454251012145749
1341,0.542914979757085
1093,0.44251012145748986
1177,0.47651821862348176
1133,0.45870445344129557
1186,0.4801619433198381
1208,0.48906882591093115
1161,0.4700404858299595
1076,0.43562753036437246
1082,0.4380566801619433
1240,0.5020242914979757
1312,0.5311740890688259
1217,0.49271255060728747
1348,0.545748987854251
1113,0.4506072874493927
1101,0.445748987854251
954,0.3862348178137652
1146,0.46396761133603237
1009,0.40850202429149796
1138,0.46072874493927124
1072,0.4340080971659919
1106,0.4477732793522267
1113,0.4506072874493927
1252,0.5068825910931174
1131,0.45789473684210524
1113,0.4506072874493927
1182,0.4785425101214575
1221,0.494331983805668
1267,0.5129554655870445
1348,0.545748987854251
1049,0.42469635627530367
1268,0.5133603238866397
1088,0.4404858299595142
1206,0.4882591093117409
838,0.33927125506072875
1021,0.4133603238866397
1017,0.4117408906882591
1258,0.5093117408906883
1087,0.44008097165991905
1174,0.47530364372469636
1331,0.5388663967611336
1210,0.4898785425101215
1243,0.5032388663967612
1156,0.4680161943319838
1053,0.4263157894736842
1212,0.49068825910931174
1215,0.49190283400809715
1411,0.571255060728745
1198,0.48502024291497975
1364,0.5522267206477732
1355,0.548582995951417
1525,0.6174089068825911
1304,0.5279352226720648
1372,0.5554655870445344
1569,0.6352226720647773
1523,0.6165991902834008
1167,0.47246963562753036
1291,0.522672064777328
1256,0.5085020242914979
1432,0.5797570850202429
1311,0.5307692307692308
1305,0.52834008097166
1430,0.5789473684210527
1332,0.5392712550607287
1376,0.557085020242915
1496,0.605668016194332
1384,0.5603238866396761
1503,0.608502024291498
1254,0.5076923076923077
1562,0.6323886639676113
1254,0.5076923076923077
1112,0.4502024291497976
933,0.3777327935222672
1181,0.47813765182186235
1078,0.43643724696356273
1419,0.5744939271255061
1138,0.46072874493927124
1373,0.5558704453441295
1359,0.5502024291497976
1334,0.540080971659919
1104,0.44696356275303645
1341,0.542914979757085
1211,0.4902834008097166
1341,0.542914979757085
1373,0.5558704453441295
1251,0.5064777327935223
1503,0.608502024291498
1363,0.5518218623481781
1253,0.5072874493927125
1488,0.6024291497975709
1404,0.5684210526315789
1319,0.534008097165992
1396,0.5651821862348179
1391,0.5631578947368421
1384,0.5603238866396761
1143,0.46275303643724697
1292,0.5230769230769231
1251,0.5064777327935223
1174,0.47530364372469636
1111,0.44979757085020244
1280,0.5182186234817814
1120,0.4534412955465587
1235,0.5
1164,0.47125506072874496
1081,0.4376518218623482
1130,0.4574898785425101
1240,0.5020242914979757
1154,0.4672064777327935
1181,0.47813765182186235
1228,0.497165991902834
1289,0.5218623481781377
1343,0.5437246963562753
1307,0.5291497975708502
1329,0.5380566801619433
998,0.4040485829959514
1275,0.5161943319838057
1127,0.4562753036437247
1187,0.4805668016194332
1459,0.5906882591093118
1316,0.5327935222672064
1281,0.5186234817813765
1416,0.5732793522267207
1446,0.5854251012145749
1232,0.4987854251012146
1312,0.5311740890688259
1156,0.4680161943319838
1285,0.520242914979757
1236,0.5004048582995951
1021,0.4133603238866397
854,0.345748987854251
1017,0.4117408906882591
1178,0.47692307692307695
831,0.33643724696356275
899,0.3639676113360324
1383,0.559919028340081
1460,0.5910931174089069
994,0.40242914979757083
1187,0.4805668016194332
1153,0.46680161943319837
1267,0.5129554655870445
938,0.3797570850202429
1295,0.5242914979757085
1127,0.4562753036437247
1395,0.5647773279352226
1349,0.5461538461538461
1324,0.5360323886639676
1287,0.5210526315789473
1218,0.4931174089068826
1282,0.5190283400809717
1089,0.4408906882591093
1185,0.4797570850202429
1167,0.47246963562753036
1255,0.5080971659919028
1031,0.4174089068825911
931,0.3769230769230769
1387,0.5615384615384615
1081,0.4376518218623482
1271,0.5145748987854251
1337,0.5412955465587045
1214,0.491497975708502
1302,0.5271255060728745
838,0.33927125506072875
860,0.3481781376518219
1218,0.4931174089068826
1553,0.6287449392712551
1065,0.4311740890688259
1300,0.5263157894736842
1125,0.45546558704453444
1015,0.4109311740890688
1092,0.4421052631578947
1119,0.4530364372469636
1402,0.5676113360323887
1350,0.5465587044534413
1063,0.4303643724696356
1217,0.49271255060728747
952,0.3854251012145749
1224,0.49554655870445347
1502,0.6080971659919029
1306,0.5287449392712551
1492,0.6040485829959514
1083,0.43846153846153846
1143,0.46275303643724697
1093,0.44251012145748986
1018,0.4121457489878543
1065,0.4311740890688259
1154,0.4672064777327935
1344,0.5441295546558704
1156,0.4680161943319838
1062,0.42995951417004047
1276,0.5165991902834008
1192,0.4825910931174089
1257,0.5089068825910931
1237,0.5008097165991903
1172,0.4744939271255061
1111,0.44979757085020244
1206,0.4882591093117409
1105,0.4473684210526316
1229,0.49757085020242914
988,0.4
1043,0.4222672064777328
1318,0.5336032388663967
1482,0.6
1174,0.47530364372469636
1342,0.5433198380566802
1142,0.46234817813765183
1451,0.5874493927125506
1174,0.47530364372469636
1091,0.4417004048582996
1404,0.5684210526315789
1145,0.46356275303643724
1035,0.4190283400809717
1348,0.545748987854251
1449,0.5866396761133603
1318,0.5336032388663967
1310,0.5303643724696356
1017,0.4117408906882591
1125,0.45546558704453444
1156,0.4680161943319838
1008,0.4080971659919028
1134,0.4591093117408907
1099,0.4449392712550607
1046,0.4234817813765182
1004,0.4064777327935223
930,0.3765182186234818
984,0.39838056680161943
913,0.3696356275303644
1324,0.5360323886639676
1248,0.5052631578947369
1081,0.4376518218623482
1117,0.4522267206477733
1180,0.4777327935222672
1261,0.5105263157894737
958,0.38785425101214577
967,0.39149797570850203
1321,0.5348178137651822
1347,0.5453441295546558
884,0.35789473684210527
975,0.39473684210526316
1076,0.43562753036437246
1122,0.454251012145749
988,0.4
1153,0.46680161943319837
1378,0.5578947368421052
1435,0.5809716599190283
1163,0.4708502024291498
1173,0.4748987854251012
1114,0.45101214574898785
1191,0.48218623481781375
1097,0.44412955465587045
1201,0.4862348178137652
1321,0.5348178137651822
1295,0.5242914979757085
1121,0.45384615384615384
1247,0.5048582995951417
1212,0.49068825910931174
1104,0.44696356275303645
1092,0.4421052631578947
1123,0.4546558704453441
1138,0.46072874493927124
1265,0.5121457489878543
898,0.36356275303643726
1130,0.4574898785425101
1275,0.5161943319838057
1296,0.5246963562753036
974,0.39433198380566803
1088,0.4404858299595142
1337,0.5412955465587045
1244,0.5036437246963563
1133,0.45870445344129557
1180,0.4777327935222672
1526,0.6178137651821862
1232,0.4987854251012146
1126,0.45587044534412957
1165,0.4716599190283401
1227,0.49676113360323887
1405,0.5688259109311741
1184,0.47935222672064776
1165,0.4716599190283401
1096,0.4437246963562753
1260,0.5101214574898786
942,0.3813765182186235
866,0.35060728744939273
1296,0.5246963562753036
1089,0.4408906882591093
1001,0.4052631578947368
1155,0.4676113360323887
1219,0.49352226720647774
1294,0.5238866396761134
1099,0.4449392712550607
1059,0.42874493927125507
1350,0.5465587044534413
1354,0.5481781376518219
1391,0.5631578947368421
1320,0.5344129554655871
1107,0.44817813765182185
951,0.38502024291497977
924,0.3740890688259109
966,0.3910931174089069
1257,0.5089068825910931
1259,0.5097165991902834
1208,0.48906882591093115
903,0.36558704453441293
1086,0.43967611336032386
1300,0.5263157894736842
1297,0.5251012145748988
1404,0.5684210526315789
910,0.3684210526315789
1251,0.5064777327935223
1147,0.4643724696356275
1072,0.4340080971659919
1171,0.47408906882591095
1477,0.5979757085020243
1328,0.5376518218623482
1454,0.588663967611336
1228,0.497165991902834
980,0.3967611336032389
1149,0.46518218623481783
1293,0.5234817813765182
1238,0.5012145748987854
1358,0.5497975708502024
1237,0.5008097165991903
1548,0.6267206477732794
1086,0.43967611336032386
1219,0.49352226720647774
1163,0.4708502024291498
1307,0.5291497975708502
1097,0.44412955465587045
1157,0.46842105263157896
1328,0.5376518218623482
1300,0.5263157894736842
1129,0.457085020242915
1273,0.5153846153846153
947,0.3834008097165992
1119,0.4530364372469636
1062,0.42995951417004047
1374,0.5562753036437247
1220,0.4939271255060729
1168,0.4728744939271255
1144,0.4631578947368421
1117,0.4522267206477733
1029,0.4165991902834008
1181,0.47813765182186235
1340,0.5425101214574899
1415,0.5728744939271255
1240,0.5020242914979757
1395,0.5647773279352226
898,0.36356275303643726
1202,0.48663967611336034
1245,0.5040485829959515
1376,0.557085020242915
1165,0.4716599190283401
1509,0.6109311740890688
1294,0.5238866396761134
1200,0.48582995951417
1045,0.4230769230769231
1419,0.5744939271255061
1050,0.4251012145748988
1385,0.5607287449392713
1321,0.5348178137651822
1136,0.45991902834008097
1218,0.4931174089068826
1099,0.4449392712550607
1294,0.5238866396761134
1447,0.58582995951417
1087,0.44008097165991905
1205,0.48785425101214575
1323,0.5356275303643725
1439,0.5825910931174089
1231,0.4983805668016194
1493,0.6044534412955466
1148,0.4647773279352227
1262,0.5109311740890689
1283,0.5194331983805668
1258,0.5093117408906883
1395,0.5647773279352226
1309,0.5299595141700405
1299,0.525910931174089
1424,0.5765182186234817
1492,0.6040485829959514
1459,0.5906882591093118
1308,0.5295546558704454
1268,0.5133603238866397
1548,0.6267206477732794
1192,0.4825910931174089
1317,0.5331983805668016
1292,0.5230769230769231
1256,0.5085020242914979
1427,0.5777327935222673
1169,0.47327935222672063
1521,0.6157894736842106
1482,0.6
1391,0.5631578947368421
1358,0.5497975708502024
1469,0.5947368421052631
1439,0.5825910931174089
1268,0.5133603238866397
1555,0.6295546558704453
1214,0.491497975708502
1247,0.5048582995951417
1248,0.5052631578947369
1359,0.5502024291497976
1142,0.46234817813765183
1525,0.6174089068825911
1226,0.49635627530364373
1347,0.5453441295546558
1400,0.5668016194331984
1281,0.5186234817813765
1487,0.6020242914979758
1200,0.48582995951417
1165,0.4716599190283401
1306,0.5287449392712551
1280,0.5182186234817814
1381,0.5591093117408907
1220,0.4939271255060729
1465,0.5931174089068826
1254,0.5076923076923077
1111,0.44979757085020244
1552,0.6283400809716599
1197,0.4846153846153846
1339,0.5421052631578948
1334,0.540080971659919
1186,0.4801619433198381
1448,0.5862348178137652
1364,0.5522267206477732
1113,0.4506072874493927
1501,0.6076923076923076
1380,0.5587044534412956
1253,0.5072874493927125
1184,0.47935222672064776
1000,0.4048582995951417
1057,0.4279352226720648
999,0.40445344129554656
1334,0.540080971659919
1291,0.522672064777328
1295,0.5242914979757085
1037,0.41983805668016194
1228,0.497165991902834
1637,0.6627530364372469
1408,0.5700404858299595
1048,0.4242914979757085
1413,0.5720647773279353
1396,0.5651821862348179
1170,0.47368421052631576
1192,0.4825910931174089
1231,0.4983805668016194
1335,0.5404858299595142
1260,0.5101214574898786
1420,0.5748987854251012
1379,0.5582995951417004
1241,0.5024291497975708
1286,0.5206477732793522
1037,0.41983805668016194
1467,0.5939271255060729
994,0.40242914979757083
1639,0.6635627530364372
1201,0.4862348178137652
1262,0.5109311740890689
1503,0.608502024291498
1231,0.4983805668016194
1284,0.5198380566801619
1446,0.5854251012145749
1259,0.5097165991902834
1439,0.5825910931174089
1118,0.45263157894736844
1594,0.6453441295546559
1260,0.5101214574898786
1185,0.4797570850202429
1338,0.5417004048582996
1259,0.5097165991902834
1310,0.5303643724696356
1384,0.5603238866396761
1338,0.5417004048582996
1455,0.5890688259109311
1304,0.5279352226720648
1439,0.5825910931174089
1547,0.6263157894736842
1454,0.588663967611336
1356,0.5489878542510122
1327,0.537246963562753
1310,0.5303643724696356
1454,0.588663967611336
1462,0.5919028340080972
1147,0.4643724696356275
1150,0.46558704453441296
1256,0.5085020242914979
1196,0.4842105263157895
1187,0.4805668016194332
1356,0.5489878542510122
1242,0.5028340080971659
1203,0.4870445344129555
1297,0.5251012145748988
1391,0.5631578947368421
1055,0.4271255060728745
1272,0.5149797570850202
1095,0.4433198380566802
1271,0.5145748987854251
1063,0.4303643724696356
1290,0.5222672064777328
1300,0.5263157894736842
1447,0.58582995951417
1380,0.5587044534412956
1131,0.45789473684210524
1093,0.44251012145748986
997,0.4036437246963563
1438,0.5821862348178137
1279,0.5178137651821862
923,0.3736842105263158
1267,0.5129554655870445
1356,0.5489878542510122
1295,0.5242914979757085
1292,0.5230769230769231
1353,0.5477732793522267
1423,0.5761133603238866
1350,0.5465587044534413
1096,0.4437246963562753
1000,0.4048582995951417
1268,0.5133603238866397
1144,0.4631578947368421
1095,0.4433198380566802
1237,0.5008097165991903
1445,0.5850202429149798
1436,0.5813765182186235
1345,0.5445344129554656
1653,0.6692307692307692
1097,0.44412955465587045
1306,0.5287449392712551
1362,0.551417004048583
1430,0.5789473684210527
1656,0.6704453441295547
1088,0.4404858299595142
1469,0.5947368421052631
1575,0.6376518218623481
1373,0.5558704453441295
1427,0.5777327935222673
1334,0.540080971659919
1479,0.5987854251012146
1341,0.542914979757085
1258,0.5093117408906883
1302,0.5271255060728745
1576,0.6380566801619433
1373,0.5558704453441295
1271,0.5145748987854251
975,0.39473684210526316
1173,0.4748987854251012
1120,0.4534412955465587
1178,0.47692307692307695
1268,0.5133603238866397
1346,0.5449392712550607
1439,0.5825910931174089
1299,0.525910931174089
1211,0.4902834008097166
1359,0.5502024291497976
1356,0.5489878542510122
1206,0.4882591093117409
1181,0.47813765182186235
1462,0.5919028340080972
1672,0.676923076923077
1118,0.45263157894736844
1395,0.5647773279352226
1409,0.5704453441295546
1230,0.4979757085020243
1129,0.457085020242915
1404,0.5684210526315789
1408,0.5700404858299595
1232,0.4987854251012146
1457,0.5898785425101215
1408,0.5700404858299595
1143,0.46275303643724697
981,0.397165991902834
1440,0.582995951417004
1194,0.4834008097165992
1290,0.5222672064777328
1518,0.6145748987854251
1326,0.5368421052631579
1328,0.5376518218623482
1377,0.5574898785425101
1264,0.5117408906882591
1158,0.4688259109311741
1150,0.46558704453441296
1544,0.6251012145748988
924,0.3740890688259109
1070,0.4331983805668016
1226,0.49635627530364373
1179,0.4773279352226721
1037,0.41983805668016194
1017,0.4117408906882591
1197,0.4846153846153846
1338,0.5417004048582996
1094,0.44291497975708505
1226,0.49635627530364373
1331,0.5388663967611336
1130,0.4574898785425101
1210,0.4898785425101215
1192,0.4825910931174089
1334,0.540080971659919
1465,0.5931174089068826
1599,0.6473684210526316
1490,0.6032388663967612
1299,0.525910931174089
1111,0.44979757085020244
1527,0.6182186234817814
1361,0.5510121457489878
1127,0.4562753036437247
1111,0.44979757085020244
1420,0.5748987854251012
1390,0.562753036437247
1440,0.582995951417004
1504,0.6089068825910932
1521,0.6157894736842106
1143,0.46275303643724697
1248,0.5052631578947369
1511,0.6117408906882591
1166,0.4720647773279352
1324,0.5360323886639676
1462,0.5919028340080972
1537,0.6222672064777328
1415,0.5728744939271255
1133,0.45870445344129557
1323,0.5356275303643725
1309,0.5299595141700405
1233,0.49919028340080973
1031,0.4174089068825911
985,0.39878542510121456
1331,0.5388663967611336
1167,0.47246963562753036
835,0.33805668016194335
1214,0.491497975708502
1088,0.4404858299595142
1321,0.5348178137651822
1066,0.43157894736842106
1107,0.44817813765182185
1200,0.48582995951417
1315,0.5323886639676113
1263,0.511336032388664
1263,0.511336032388664
1376,0.557085020242915
1153,0.46680161943319837
1214,0.491497975708502
1216,0.49230769230769234
1359,0.5502024291497976
1096,0.4437246963562753
1305,0.52834008097166
1000,0.4048582995951417
1196,0.4842105263157895
1129,0.457085020242915
1197,0.4846153846153846
987,0.39959514170040483
920,0.3724696356275304
1244,0.5036437246963563
1117,0.4522267206477733
1239,0.5016194331983805
1079,0.4368421052631579
1259,0.5097165991902834
1177,0.47651821862348176
1122,0.454251012145749
1312,0.5311740890688259
1164,0.47125506072874496
1406,0.5692307692307692
1644,0.665587044534413
1081,0.4376518218623482
1189,0.4813765182186235
1432,0.5797570850202429
1465,0.5931174089068826
1246,0.5044534412955466
1579,0.6392712550607288
1161,0.4700404858299595
1082,0.4380566801619433
1366,0.5530364372469636
1293,0.5234817813765182
1300,0.5263157894736842
1325,0.5364372469635628
946,0.38299595141700404
1226,0.49635627530364373
1079,0.4368421052631579
1009,0.40850202429149796
1172,0.4744939271255061
1309,0.5299595141700405
1165,0.4716599190283401
1070,0.4331983805668016
1052,0.42591093117408907
1322,0.5352226720647774
1012,0.4097165991902834
1288,0.5214574898785425
1257,0.5089068825910931
1187,0.4805668016194332
1295,0.5242914979757085
1184,0.47935222672064776
1305,0.52834008097166
1190,0.4817813765182186
1326,0.5368421052631579
1141,0.4619433198380567
1179,0.4773279352226721
1497,0.6060728744939271
1185,0.4797570850202429
1254,0.5076923076923077
1208,0.48906882591093115
1509,0.6109311740890688
1198,0.48502024291497975
1470,0.5951417004048583
1321,0.5348178137651822
1301,0.5267206477732793
1079,0.4368421052631579
890,0.3603238866396761
1127,0.4562753036437247
1292,0.5230769230769231
1143,0.46275303643724697
1540,0.6234817813765182
958,0.38785425101214577
1144,0.4631578947368421
1052,0.42591093117408907
1318,0.5336032388663967
1617,0.6546558704453441
1566,0.6340080971659919
1118,0.45263157894736844
1424,0.5765182186234817
1314,0.5319838056680162
1379,0.5582995951417004
1392,0.5635627530364372
1302,0.5271255060728745
1236,0.5004048582995951
1220,0.4939271255060729
1427,0.5777327935222673
1304,0.5279352226720648
1286,0.5206477732793522
1509,0.6109311740890688
1239,0.5016194331983805
1190,0.4817813765182186
1463,0.5923076923076923
1476,0.5975708502024292
1273,0.5153846153846153
1419,0.5744939271255061
1114,0.45101214574898785
1268,0.5133603238866397
1440,0.582995951417004
1137,0.4603238866396761
1342,0.5433198380566802
1683,0.6813765182186234
1313,0.531578947368421
1532,0.620242914979757
1383,0.559919028340081
1482,0.6
1439,0.5825910931174089
1475,0.597165991902834
1166,0.4720647773279352
1476,0.5975708502024292
1396,0.5651821862348179
1695,0.6862348178137652
1176,0.4761133603238866
1342,0.5433198380566802
1351,0.5469635627530365
1116,0.4518218623481781
1086,0.43967611336032386
1166,0.4720647773279352
1427,0.5777327935222673
1127,0.4562753036437247
1388,0.5619433198380567
1085,0.4392712550607287
1315,0.5323886639676113
1340,0.5425101214574899
1243,0.5032388663967612
1488,0.6024291497975709
1418,0.5740890688259109
1379,0.5582995951417004
1615,0.6538461538461539
1347,0.5453441295546558
1189,0.4813765182186235
1378,0.5578947368421052
1284,0.5198380566801619
1496,0.605668016194332
1236,0.5004048582995951
1338,0.5417004048582996
1130,0.4574898785425101
1181,0.47813765182186235
1343,0.5437246963562753
1037,0.41983805668016194
1288,0.5214574898785425
1307,0.5291497975708502
824,0.33360323886639676
1114,0.45101214574898785
1129,0.457085020242915
1016,0.41133603238866395
835,0.33805668016194335
1202,0.48663967611336034
1033,0.4182186234817814
1105,0.4473684210526316
960,0.38866396761133604
1027,0.41578947368421054
915,0.37044534412955465
1151,0.4659919028340081
888,0.3595141700404858
1151,0.4659919028340081
1143,0.46275303643724697
1213,0.4910931174089069
1189,0.4813765182186235
1213,0.4910931174089069
947,0.3834008097165992
1046,0.4234817813765182
1082,0.4380566801619433
1197,0.4846153846153846
1142,0.46234817813765183
1218,0.4931174089068826
1035,0.4190283400809717
940,0.3805668016194332
1217,0.49271255060728747
1229,0.49757085020242914
1102,0.4461538461538462
1123,0.4546558704453441
1077,0.4360323886639676
1331,0.5388663967611336
1009,0.40850202429149796
1195,0.48380566801619435
1466,0.5935222672064777
1354,0.5481781376518219
1138,0.46072874493927124
1068,0.43238866396761133
1432,0.5797570850202429
1296,0.5246963562753036
1291,0.522672064777328
1585,0.6417004048582996
1209,0.48947368421052634
1165,0.4716599190283401
1444,0.5846153846153846
1298,0.5255060728744939
942,0.3813765182186235
1108,0.448582995951417
1195,0.48380566801619435
1395,0.5647773279352226
1251,0.5064777327935223
1067,0.4319838056680162
879,0.35587044534412954
991,0.4012145748987854
907,0.3672064777327935
931,0.3769230769230769
1250,0.5060728744939271
1216,0.49230769230769234
881,0.35668016194331986
1132,0.4582995951417004
1082,0.4380566801619433
1315,0.5323886639676113
1341,0.542914979757085
1184,0.47935222672064776
1158,0.4688259109311741
965,0.39068825910931176
940,0.3805668016194332
1091,0.4417004048582996
1281,0.5186234817813765
1442,0.5838056680161944
1153,0.46680161943319837
1158,0.4688259109311741
1393,0.5639676113360323
1528,0.6186234817813765
1445,0.5850202429149798
1543,0.6246963562753036
1430,0.5789473684210527
1658,0.671255060728745
1340,0.5425101214574899
1517,0.6141700404858299
1230,0.4979757085020243
1394,0.5643724696356275
1153,0.46680161943319837
1578,0.6388663967611335
1299,0.525910931174089
1295,0.5242914979757085
1194,0.4834008097165992
1249,0.505668016194332
1444,0.5846153846153846
1422,0.5757085020242915
1143,0.46275303643724697
1237,0.5008097165991903
1393,0.5639676113360323
1258,0.5093117408906883
1636,0.6623481781376518
1379,0.5582995951417004
1110,0.4493927125506073
1249,0.505668016194332
1202,0.48663967611336034
1269,0.5137651821862348
1530,0.6194331983805668
1314,0.5319838056680162
1188,0.48097165991902835
1266,0.5125506072874494
1496,0.605668016194332
1354,0.5481781376518219
1051,0.42550607287449393
1230,0.4979757085020243
1202,0.48663967611336034
913,0.3696356275303644
1382,0.5595141700404859
1171,0.47408906882591095
1383,0.559919028340081
1526,0.6178137651821862
1548,0.6267206477732794
1527,0.6182186234817814
1391,0.5631578947368421
1109,0.4489878542510121
1186,0.4801619433198381
1279,0.5178137651821862
1258,0.5093117408906883
1324,0.5360323886639676
1207,0.488663967611336
1371,0.5550607287449393
1661,0.6724696356275304
