84,0.75
82,0.7321428571428571
18,0.16071428571428573
11,0.09821428571428571
88,0.7857142857142857
47,0.41964285714285715
78,0.6964285714285714
65,0.5803571428571429
69,0.6160714285714286
83,0.7410714285714286
31,0.2767857142857143
99,0.8839285714285714
38,0.3392857142857143
93,0.8303571428571429
69,0.6160714285714286
16,0.14285714285714285
88,0.7857142857142857
23,0.20535714285714285
88,0.7857142857142857
68,0.6071428571428571
94,0.8392857142857143
103,0.9196428571428571
97,0.8660714285714286
93,0.8303571428571429
38,0.3392857142857143
31,0.2767857142857143
74,0.6607142857142857
20,0.17857142857142858
24,0.21428571428571427
82,0.7321428571428571
77,0.6875
85,0.7589285714285714
8,0.07142857142857142
12,0.10714285714285714
14,0.125
1,0.008928571428571428
13,0.11607142857142858
85,0.7589285714285714
24,0.21428571428571427
12,0.10714285714285714
24,0.21428571428571427
90,0.8035714285714286
16,0.14285714285714285
3,0.026785714285714284
11,0.09821428571428571
24,0.21428571428571427
63,0.5625
77,0.6875
73,0.6517857142857143
39,0.3482142857142857
109,0.9732142857142857
88,0.7857142857142857
27,0.24107142857142858
16,0.14285714285714285
26,0.23214285714285715
78,0.6964285714285714
15,0.13392857142857142
91,0.8125
34,0.30357142857142855
95,0.8482142857142857
24,0.21428571428571427
26,0.23214285714285715
38,0.3392857142857143
78,0.6964285714285714
86,0.7678571428571429
37,0.33035714285714285
67,0.5982142857142857
32,0.2857142857142857
14,0.125
35,0.3125
10,0.08928571428571429
24,0.21428571428571427
29,0.25892857142857145
94,0.8392857142857143
76,0.6785714285714286
72,0.6428571428571429
22,0.19642857142857142
38,0.3392857142857143
82,0.7321428571428571
90,0.8035714285714286
18,0.16071428571428573
32,0.2857142857142857
95,0.8482142857142857
80,0.7142857142857143
80,0.7142857142857143
78,0.6964285714285714
82,0.7321428571428571
83,0.7410714285714286
66,0.5892857142857143
29,0.25892857142857145
77,0.6875
29,0.25892857142857145
80,0.7142857142857143
93,0.8303571428571429
16,0.14285714285714285
90,0.8035714285714286
16,0.14285714285714285
27,0.24107142857142858
103,0.9196428571428571
29,0.25892857142857145
86,0.7678571428571429
77,0.6875
81,0.7232142857142857
75,0.6696428571428571
17,0.15178571428571427
32,0.2857142857142857
92,0.8214285714285714
30,0.26785714285714285
74,0.6607142857142857
86,0.7678571428571429
41,0.36607142857142855
32,0.2857142857142857
60,0.5357142857142857
48,0.42857142857142855
55,0.49107142857142855
41,0.36607142857142855
64,0.5714285714285714
26,0.23214285714285715
74,0.6607142857142857
51,0.45535714285714285
33,0.29464285714285715
68,0.6071428571428571
89,0.7946428571428571
77,0.6875
90,0.8035714285714286
63,0.5625
71,0.6339285714285714
76,0.6785714285714286
25,0.22321428571428573
68,0.6071428571428571
61,0.5446428571428571
51,0.45535714285714285
54,0.48214285714285715
57,0.5089285714285714
62,0.5535714285714286
69,0.6160714285714286
16,0.14285714285714285
48,0.42857142857142855
45,0.4017857142857143
16,0.14285714285714285
57,0.5089285714285714
67,0.5982142857142857
65,0.5803571428571429
32,0.2857142857142857
57,0.5089285714285714
23,0.20535714285714285
52,0.4642857142857143
59,0.5267857142857143
58,0.5178571428571429
60,0.5357142857142857
34,0.30357142857142855
69,0.6160714285714286
21,0.1875
74,0.6607142857142857
36,0.32142857142857145
86,0.7678571428571429
48,0.42857142857142855
67,0.5982142857142857
23,0.20535714285714285
26,0.23214285714285715
43,0.38392857142857145
22,0.19642857142857142
77,0.6875
70,0.625
100,0.8928571428571429
82,0.7321428571428571
75,0.6696428571428571
68,0.6071428571428571
90,0.8035714285714286
78,0.6964285714285714
69,0.6160714285714286
72,0.6428571428571429
38,0.3392857142857143
44,0.39285714285714285
86,0.7678571428571429
79,0.7053571428571429
47,0.41964285714285715
55,0.49107142857142855
62,0.5535714285714286
64,0.5714285714285714
86,0.7678571428571429
35,0.3125
71,0.6339285714285714
95,0.8482142857142857
55,0.49107142857142855
48,0.42857142857142855
83,0.7410714285714286
43,0.38392857142857145
43,0.38392857142857145
71,0.6339285714285714
28,0.25
44,0.39285714285714285
17,0.15178571428571427
38,0.3392857142857143
63,0.5625
70,0.625
82,0.7321428571428571
80,0.7142857142857143
28,0.25
50,0.44642857142857145
107,0.9553571428571429
57,0.5089285714285714
66,0.5892857142857143
23,0.20535714285714285
46,0.4107142857142857
87,0.7767857142857143
49,0.4375
74,0.6607142857142857
57,0.5089285714285714
57,0.5089285714285714
54,0.48214285714285715
80,0.7142857142857143
69,0.6160714285714286
61,0.5446428571428571
70,0.625
48,0.42857142857142855
6,0.05357142857142857
63,0.5625
66,0.5892857142857143
24,0.21428571428571427
61,0.5446428571428571
69,0.6160714285714286
83,0.7410714285714286
88,0.7857142857142857
58,0.5178571428571429
88,0.7857142857142857
35,0.3125
62,0.5535714285714286
37,0.33035714285714285
68,0.6071428571428571
56,0.5
52,0.4642857142857143
85,0.7589285714285714
71,0.6339285714285714
73,0.6517857142857143
48,0.42857142857142855
22,0.19642857142857142
59,0.5267857142857143
89,0.7946428571428571
65,0.5803571428571429
60,0.5357142857142857
77,0.6875
24,0.21428571428571427
70,0.625
62,0.5535714285714286
73,0.6517857142857143
58,0.5178571428571429
39,0.3482142857142857
59,0.5267857142857143
33,0.29464285714285715
38,0.3392857142857143
84,0.75
76,0.6785714285714286
90,0.8035714285714286
45,0.4017857142857143
85,0.7589285714285714
74,0.6607142857142857
62,0.5535714285714286
56,0.5
29,0.25892857142857145
71,0.6339285714285714
58,0.5178571428571429
71,0.6339285714285714
51,0.45535714285714285
34,0.30357142857142855
45,0.4017857142857143
44,0.39285714285714285
53,0.4732142857142857
77,0.6875
56,0.5
33,0.29464285714285715
90,0.8035714285714286
45,0.4017857142857143
10,0.08928571428571429
45,0.4017857142857143
47,0.41964285714285715
34,0.30357142857142855
54,0.48214285714285715
58,0.5178571428571429
64,0.5714285714285714
53,0.4732142857142857
95,0.8482142857142857
68,0.6071428571428571
47,0.41964285714285715
39,0.3482142857142857
56,0.5
47,0.41964285714285715
90,0.8035714285714286
33,0.29464285714285715
52,0.4642857142857143
73,0.6517857142857143
45,0.4017857142857143
21,0.1875
84,0.75
71,0.6339285714285714
26,0.23214285714285715
65,0.5803571428571429
30,0.26785714285714285
30,0.26785714285714285
60,0.5357142857142857
13,0.11607142857142858
55,0.49107142857142855
26,0.23214285714285715
76,0.6785714285714286
46,0.4107142857142857
100,0.8928571428571429
53,0.4732142857142857
69,0.6160714285714286
51,0.45535714285714285
32,0.2857142857142857
43,0.38392857142857145
26,0.23214285714285715
33,0.29464285714285715
83,0.7410714285714286
31,0.2767857142857143
85,0.7589285714285714
74,0.6607142857142857
64,0.5714285714285714
59,0.5267857142857143
60,0.5357142857142857
76,0.6785714285714286
94,0.8392857142857143
35,0.3125
68,0.6071428571428571
37,0.33035714285714285
58,0.5178571428571429
45,0.4017857142857143
40,0.35714285714285715
66,0.5892857142857143
76,0.6785714285714286
46,0.4107142857142857
54,0.48214285714285715
48,0.42857142857142855
44,0.39285714285714285
53,0.4732142857142857
36,0.32142857142857145
61,0.5446428571428571
50,0.44642857142857145
66,0.5892857142857143
89,0.7946428571428571
68,0.6071428571428571
79,0.7053571428571429
80,0.7142857142857143
79,0.7053571428571429
36,0.32142857142857145
58,0.5178571428571429
73,0.6517857142857143
91,0.8125
79,0.7053571428571429
49,0.4375
70,0.625
40,0.35714285714285715
62,0.5535714285714286
51,0.45535714285714285
86,0.7678571428571429
83,0.7410714285714286
56,0.5
60,0.5357142857142857
50,0.44642857142857145
88,0.7857142857142857
84,0.75
80,0.7142857142857143
84,0.75
50,0.44642857142857145
48,0.42857142857142855
14,0.125
70,0.625
46,0.4107142857142857
29,0.25892857142857145
35,0.3125
68,0.6071428571428571
43,0.38392857142857145
42,0.375
64,0.5714285714285714
71,0.6339285714285714
88,0.7857142857142857
64,0.5714285714285714
50,0.44642857142857145
57,0.5089285714285714
38,0.3392857142857143
61,0.5446428571428571
29,0.25892857142857145
41,0.36607142857142855
65,0.5803571428571429
62,0.5535714285714286
59,0.5267857142857143
37,0.33035714285714285
58,0.5178571428571429
46,0.4107142857142857
35,0.3125
59,0.5267857142857143
95,0.8482142857142857
54,0.48214285714285715
54,0.48214285714285715
22,0.19642857142857142
101,0.9017857142857143
89,0.7946428571428571
62,0.5535714285714286
37,0.33035714285714285
54,0.48214285714285715
29,0.25892857142857145
54,0.48214285714285715
55,0.49107142857142855
24,0.21428571428571427
54,0.48214285714285715
44,0.39285714285714285
56,0.5
30,0.26785714285714285
82,0.7321428571428571
77,0.6875
77,0.6875
15,0.13392857142857142
8,0.07142857142857142
63,0.5625
60,0.5357142857142857
28,0.25
65,0.5803571428571429
20,0.17857142857142858
35,0.3125
23,0.20535714285714285
53,0.4732142857142857
54,0.48214285714285715
80,0.7142857142857143
53,0.4732142857142857
51,0.45535714285714285
47,0.41964285714285715
40,0.35714285714285715
48,0.42857142857142855
71,0.6339285714285714
77,0.6875
43,0.38392857142857145
92,0.8214285714285714
37,0.33035714285714285
80,0.7142857142857143
86,0.7678571428571429
48,0.42857142857142855
82,0.7321428571428571
62,0.5535714285714286
101,0.9017857142857143
55,0.49107142857142855
65,0.5803571428571429
61,0.5446428571428571
61,0.5446428571428571
61,0.5446428571428571
55,0.49107142857142855
64,0.5714285714285714
47,0.41964285714285715
94,0.8392857142857143
45,0.4017857142857143
35,0.3125
99,0.8839285714285714
48,0.42857142857142855
57,0.5089285714285714
63,0.5625
43,0.38392857142857145
91,0.8125
35,0.3125
77,0.6875
98,0.875
54,0.48214285714285715
60,0.5357142857142857
59,0.5267857142857143
53,0.4732142857142857
57,0.5089285714285714
39,0.3482142857142857
31,0.2767857142857143
54,0.48214285714285715
56,0.5
57,0.5089285714285714
14,0.125
41,0.36607142857142855
89,0.7946428571428571
51,0.45535714285714285
65,0.5803571428571429
32,0.2857142857142857
81,0.7232142857142857
46,0.4107142857142857
77,0.6875
56,0.5
77,0.6875
48,0.42857142857142855
44,0.39285714285714285
68,0.6071428571428571
72,0.6428571428571429
41,0.36607142857142855
92,0.8214285714285714
49,0.4375
42,0.375
35,0.3125
47,0.41964285714285715
35,0.3125
57,0.5089285714285714
70,0.625
73,0.6517857142857143
85,0.7589285714285714
51,0.45535714285714285
62,0.5535714285714286
35,0.3125
24,0.21428571428571427
82,0.7321428571428571
42,0.375
95,0.8482142857142857
30,0.26785714285714285
42,0.375
48,0.42857142857142855
26,0.23214285714285715
28,0.25
27,0.24107142857142858
31,0.2767857142857143
28,0.25
90,0.8035714285714286
43,0.38392857142857145
63,0.5625
51,0.45535714285714285
23,0.20535714285714285
64,0.5714285714285714
65,0.5803571428571429
45,0.4017857142857143
57,0.5089285714285714
39,0.3482142857142857
40,0.35714285714285715
77,0.6875
87,0.7767857142857143
30,0.26785714285714285
62,0.5535714285714286
70,0.625
45,0.4017857142857143
64,0.5714285714285714
77,0.6875
54,0.48214285714285715
48,0.42857142857142855
42,0.375
59,0.5267857142857143
53,0.4732142857142857
52,0.4642857142857143
73,0.6517857142857143
48,0.42857142857142855
70,0.625
53,0.4732142857142857
29,0.25892857142857145
55,0.49107142857142855
54,0.48214285714285715
85,0.7589285714285714
25,0.22321428571428573
56,0.5
25,0.22321428571428573
30,0.26785714285714285
65,0.5803571428571429
67,0.5982142857142857
79,0.7053571428571429
84,0.75
50,0.44642857142857145
72,0.6428571428571429
43,0.38392857142857145
38,0.3392857142857143
77,0.6875
24,0.21428571428571427
72,0.6428571428571429
58,0.5178571428571429
25,0.22321428571428573
45,0.4017857142857143
29,0.25892857142857145
53,0.4732142857142857
45,0.4017857142857143
39,0.3482142857142857
52,0.4642857142857143
10,0.08928571428571429
56,0.5
81,0.7232142857142857
44,0.39285714285714285
42,0.375
83,0.7410714285714286
48,0.42857142857142855
25,0.22321428571428573
55,0.49107142857142855
42,0.375
39,0.3482142857142857
75,0.6696428571428571
82,0.7321428571428571
68,0.6071428571428571
58,0.5178571428571429
70,0.625
50,0.44642857142857145
51,0.45535714285714285
35,0.3125
65,0.5803571428571429
50,0.44642857142857145
58,0.5178571428571429
31,0.2767857142857143
43,0.38392857142857145
19,0.16964285714285715
57,0.5089285714285714
75,0.6696428571428571
23,0.20535714285714285
64,0.5714285714285714
93,0.8303571428571429
20,0.17857142857142858
61,0.5446428571428571
63,0.5625
88,0.7857142857142857
68,0.6071428571428571
80,0.7142857142857143
79,0.7053571428571429
62,0.5535714285714286
67,0.5982142857142857
64,0.5714285714285714
47,0.41964285714285715
54,0.48214285714285715
47,0.41964285714285715
93,0.8303571428571429
11,0.09821428571428571
40,0.35714285714285715
35,0.3125
79,0.7053571428571429
50,0.44642857142857145
48,0.42857142857142855
60,0.5357142857142857
72,0.6428571428571429
53,0.4732142857142857
65,0.5803571428571429
27,0.24107142857142858
80,0.7142857142857143
30,0.26785714285714285
92,0.8214285714285714
69,0.6160714285714286
47,0.41964285714285715
60,0.5357142857142857
39,0.3482142857142857
64,0.5714285714285714
63,0.5625
87,0.7767857142857143
91,0.8125
63,0.5625
63,0.5625
62,0.5535714285714286
79,0.7053571428571429
35,0.3125
52,0.4642857142857143
75,0.6696428571428571
41,0.36607142857142855
44,0.39285714285714285
59,0.5267857142857143
84,0.75
29,0.25892857142857145
66,0.5892857142857143
53,0.4732142857142857
46,0.4107142857142857
43,0.38392857142857145
45,0.4017857142857143
50,0.44642857142857145
18,0.16071428571428573
74,0.6607142857142857
42,0.375
83,0.7410714285714286
56,0.5
84,0.75
60,0.5357142857142857
48,0.42857142857142855
68,0.6071428571428571
50,0.44642857142857145
56,0.5
41,0.36607142857142855
55,0.49107142857142855
43,0.38392857142857145
70,0.625
26,0.23214285714285715
95,0.8482142857142857
24,0.21428571428571427
77,0.6875
82,0.7321428571428571
59,0.5267857142857143
95,0.8482142857142857
75,0.6696428571428571
47,0.41964285714285715
53,0.4732142857142857
67,0.5982142857142857
80,0.7142857142857143
59,0.5267857142857143
54,0.48214285714285715
36,0.32142857142857145
45,0.4017857142857143
74,0.6607142857142857
72,0.6428571428571429
45,0.4017857142857143
33,0.29464285714285715
68,0.6071428571428571
60,0.5357142857142857
92,0.8214285714285714
30,0.26785714285714285
77,0.6875
90,0.8035714285714286
89,0.7946428571428571
77,0.6875
61,0.5446428571428571
59,0.5267857142857143
79,0.7053571428571429
51,0.45535714285714285
69,0.6160714285714286
22,0.19642857142857142
81,0.7232142857142857
38,0.3392857142857143
67,0.5982142857142857
61,0.5446428571428571
57,0.5089285714285714
85,0.7589285714285714
80,0.7142857142857143
52,0.4642857142857143
41,0.36607142857142855
102,0.9107142857142857
66,0.5892857142857143
66,0.5892857142857143
78,0.6964285714285714
62,0.5535714285714286
72,0.6428571428571429
56,0.5
71,0.6339285714285714
95,0.8482142857142857
47,0.41964285714285715
12,0.10714285714285714
25,0.22321428571428573
61,0.5446428571428571
7,0.0625
56,0.5
81,0.7232142857142857
92,0.8214285714285714
64,0.5714285714285714
82,0.7321428571428571
42,0.375
46,0.4107142857142857
67,0.5982142857142857
76,0.6785714285714286
50,0.44642857142857145
79,0.7053571428571429
66,0.5892857142857143
73,0.6517857142857143
46,0.4107142857142857
68,0.6071428571428571
63,0.5625
54,0.48214285714285715
39,0.3482142857142857
43,0.38392857142857145
33,0.29464285714285715
25,0.22321428571428573
21,0.1875
49,0.4375
22,0.19642857142857142
23,0.20535714285714285
48,0.42857142857142855
83,0.7410714285714286
97,0.8660714285714286
70,0.625
77,0.6875
70,0.625
65,0.5803571428571429
51,0.45535714285714285
66,0.5892857142857143
61,0.5446428571428571
31,0.2767857142857143
87,0.7767857142857143
67,0.5982142857142857
25,0.22321428571428573
58,0.5178571428571429
88,0.7857142857142857
83,0.7410714285714286
65,0.5803571428571429
22,0.19642857142857142
83,0.7410714285714286
28,0.25
36,0.32142857142857145
68,0.6071428571428571
71,0.6339285714285714
63,0.5625
85,0.7589285714285714
91,0.8125
70,0.625
86,0.7678571428571429
37,0.33035714285714285
85,0.7589285714285714
92,0.8214285714285714
12,0.10714285714285714
81,0.7232142857142857
45,0.4017857142857143
23,0.20535714285714285
54,0.48214285714285715
60,0.5357142857142857
34,0.30357142857142855
59,0.5267857142857143
25,0.22321428571428573
55,0.49107142857142855
82,0.7321428571428571
58,0.5178571428571429
53,0.4732142857142857
26,0.23214285714285715
56,0.5
26,0.23214285714285715
55,0.49107142857142855
59,0.5267857142857143
61,0.5446428571428571
71,0.6339285714285714
27,0.24107142857142858
42,0.375
51,0.45535714285714285
107,0.9553571428571429
92,0.8214285714285714
102,0.9107142857142857
24,0.21428571428571427
82,0.7321428571428571
42,0.375
91,0.8125
81,0.7232142857142857
83,0.7410714285714286
94,0.8392857142857143
52,0.4642857142857143
58,0.5178571428571429
56,0.5
31,0.2767857142857143
54,0.48214285714285715
99,0.8839285714285714
32,0.2857142857142857
73,0.6517857142857143
71,0.6339285714285714
25,0.22321428571428573
52,0.4642857142857143
61,0.5446428571428571
93,0.8303571428571429
72,0.6428571428571429
84,0.75
34,0.30357142857142855
39,0.3482142857142857
47,0.41964285714285715
67,0.5982142857142857
31,0.2767857142857143
80,0.7142857142857143
43,0.38392857142857145
26,0.23214285714285715
27,0.24107142857142858
10,0.08928571428571429
61,0.5446428571428571
44,0.39285714285714285
89,0.7946428571428571
100,0.8928571428571429
79,0.7053571428571429
46,0.4107142857142857
69,0.6160714285714286
23,0.20535714285714285
57,0.5089285714285714
90,0.8035714285714286
74,0.6607142857142857
44,0.39285714285714285
68,0.6071428571428571
91,0.8125
70,0.625
64,0.5714285714285714
71,0.6339285714285714
46,0.4107142857142857
61,0.5446428571428571
47,0.41964285714285715
66,0.5892857142857143
77,0.6875
11,0.09821428571428571
50,0.44642857142857145
44,0.39285714285714285
14,0.125
78,0.6964285714285714
23,0.20535714285714285
72,0.6428571428571429
45,0.4017857142857143
69,0.6160714285714286
58,0.5178571428571429
61,0.5446428571428571
13,0.11607142857142858
27,0.24107142857142858
30,0.26785714285714285
39,0.3482142857142857
63,0.5625
49,0.4375
70,0.625
31,0.2767857142857143
68,0.6071428571428571
51,0.45535714285714285
74,0.6607142857142857
103,0.9196428571428571
93,0.8303571428571429
40,0.35714285714285715
72,0.6428571428571429
74,0.6607142857142857
24,0.21428571428571427
34,0.30357142857142855
102,0.9107142857142857
51,0.45535714285714285
73,0.6517857142857143
95,0.8482142857142857
41,0.36607142857142855
52,0.4642857142857143
59,0.5267857142857143
76,0.6785714285714286
27,0.24107142857142858
37,0.33035714285714285
85,0.7589285714285714
33,0.29464285714285715
30,0.26785714285714285
70,0.625
20,0.17857142857142858
84,0.75
35,0.3125
57,0.5089285714285714
42,0.375
28,0.25
36,0.32142857142857145
42,0.375
68,0.6071428571428571
87,0.7767857142857143
79,0.7053571428571429
49,0.4375
65,0.5803571428571429
62,0.5535714285714286
48,0.42857142857142855
106,0.9464285714285714
66,0.5892857142857143
95,0.8482142857142857
31,0.2767857142857143
44,0.39285714285714285
65,0.5803571428571429
19,0.16964285714285715
22,0.19642857142857142
81,0.7232142857142857
62,0.5535714285714286
45,0.4017857142857143
48,0.42857142857142855
58,0.5178571428571429
31,0.2767857142857143
75,0.6696428571428571
70,0.625
63,0.5625
52,0.4642857142857143
60,0.5357142857142857
48,0.42857142857142855
84,0.75
89,0.7946428571428571
49,0.4375
71,0.6339285714285714
78,0.6964285714285714
66,0.5892857142857143
33,0.29464285714285715
74,0.6607142857142857
63,0.5625
43,0.38392857142857145
36,0.32142857142857145
61,0.5446428571428571
33,0.29464285714285715
79,0.7053571428571429
24,0.21428571428571427
62,0.5535714285714286
76,0.6785714285714286
85,0.7589285714285714
53,0.4732142857142857
33,0.29464285714285715
20,0.17857142857142858
40,0.35714285714285715
92,0.8214285714285714
73,0.6517857142857143
39,0.3482142857142857
79,0.7053571428571429
22,0.19642857142857142
65,0.5803571428571429
21,0.1875
70,0.625
48,0.42857142857142855
24,0.21428571428571427
56,0.5
86,0.7678571428571429
54,0.48214285714285715
56,0.5
54,0.48214285714285715
21,0.1875
60,0.5357142857142857
83,0.7410714285714286
70,0.625
75,0.6696428571428571
76,0.6785714285714286
37,0.33035714285714285
79,0.7053571428571429
13,0.11607142857142858
61,0.5446428571428571
40,0.35714285714285715
39,0.3482142857142857
86,0.7678571428571429
85,0.7589285714285714
87,0.7767857142857143
66,0.5892857142857143
70,0.625
77,0.6875
61,0.5446428571428571
87,0.7767857142857143
44,0.39285714285714285
52,0.4642857142857143
52,0.4642857142857143
80,0.7142857142857143
58,0.5178571428571429
73,0.6517857142857143
55,0.49107142857142855
43,0.38392857142857145
65,0.5803571428571429
35,0.3125
44,0.39285714285714285
74,0.6607142857142857
55,0.49107142857142855
36,0.32142857142857145
71,0.6339285714285714
71,0.6339285714285714
89,0.7946428571428571
80,0.7142857142857143
45,0.4017857142857143
62,0.5535714285714286
27,0.24107142857142858
99,0.8839285714285714
43,0.38392857142857145
74,0.6607142857142857
94,0.8392857142857143
79,0.7053571428571429
74,0.6607142857142857
44,0.39285714285714285
60,0.5357142857142857
40,0.35714285714285715
57,0.5089285714285714
65,0.5803571428571429
43,0.38392857142857145
38,0.3392857142857143
42,0.375
48,0.42857142857142855
70,0.625
46,0.4107142857142857
66,0.5892857142857143
29,0.25892857142857145
42,0.375
59,0.5267857142857143
44,0.39285714285714285
70,0.625
72,0.6428571428571429
40,0.35714285714285715
72,0.6428571428571429
67,0.5982142857142857
39,0.3482142857142857
50,0.44642857142857145
79,0.7053571428571429
78,0.6964285714285714
58,0.5178571428571429
44,0.39285714285714285
73,0.6517857142857143
22,0.19642857142857142
55,0.49107142857142855
39,0.3482142857142857
36,0.32142857142857145
62,0.5535714285714286
51,0.45535714285714285
63,0.5625
41,0.36607142857142855
27,0.24107142857142858
58,0.5178571428571429
43,0.38392857142857145
49,0.4375
35,0.3125
60,0.5357142857142857
59,0.5267857142857143
35,0.3125
44,0.39285714285714285
61,0.5446428571428571
96,0.8571428571428571
62,0.5535714285714286
65,0.5803571428571429
47,0.41964285714285715
31,0.2767857142857143
72,0.6428571428571429
39,0.3482142857142857
53,0.4732142857142857
53,0.4732142857142857
31,0.2767857142857143
82,0.7321428571428571
20,0.17857142857142858
59,0.5267857142857143
62,0.5535714285714286
49,0.4375
56,0.5
51,0.45535714285714285
27,0.24107142857142858
72,0.6428571428571429
54,0.48214285714285715
23,0.20535714285714285
24,0.21428571428571427
33,0.29464285714285715
27,0.24107142857142858
18,0.16071428571428573
87,0.7767857142857143
58,0.5178571428571429
33,0.29464285714285715
39,0.3482142857142857
69,0.6160714285714286
56,0.5
41,0.36607142857142855
94,0.8392857142857143
55,0.49107142857142855
63,0.5625
76,0.6785714285714286
69,0.6160714285714286
94,0.8392857142857143
47,0.41964285714285715
34,0.30357142857142855
64,0.5714285714285714
66,0.5892857142857143
33,0.29464285714285715
84,0.75
43,0.38392857142857145
51,0.45535714285714285
47,0.41964285714285715
47,0.41964285714285715
51,0.45535714285714285
74,0.6607142857142857
33,0.29464285714285715
78,0.6964285714285714
94,0.8392857142857143
79,0.7053571428571429
55,0.49107142857142855
76,0.6785714285714286
13,0.11607142857142858
62,0.5535714285714286
45,0.4017857142857143
53,0.4732142857142857
74,0.6607142857142857
50,0.44642857142857145
27,0.24107142857142858
42,0.375
53,0.4732142857142857
57,0.5089285714285714
66,0.5892857142857143
47,0.41964285714285715
59,0.5267857142857143
51,0.45535714285714285
43,0.38392857142857145
30,0.26785714285714285
63,0.5625
48,0.42857142857142855
69,0.6160714285714286
91,0.8125
89,0.7946428571428571
58,0.5178571428571429
55,0.49107142857142855
44,0.39285714285714285
87,0.7767857142857143
102,0.9107142857142857
76,0.6785714285714286
50,0.44642857142857145
82,0.7321428571428571
