48,0.42857142857142855
26,0.23214285714285715
66,0.5892857142857143
51,0.45535714285714285
56,0.5
54,0.48214285714285715
72,0.6428571428571429
30,0.26785714285714285
18,0.16071428571428573
40,0.35714285714285715
73,0.6517857142857143
73,0.6517857142857143
38,0.3392857142857143
49,0.4375
75,0.6696428571428571
72,0.6428571428571429
57,0.5089285714285714
95,0.8482142857142857
65,0.5803571428571429
88,0.7857142857142857
79,0.7053571428571429
42,0.375
78,0.6964285714285714
67,0.5982142857142857
39,0.3482142857142857
49,0.4375
52,0.4642857142857143
69,0.6160714285714286
106,0.9464285714285714
83,0.7410714285714286
66,0.5892857142857143
76,0.6785714285714286
78,0.6964285714285714
40,0.35714285714285715
98,0.875
101,0.9017857142857143
69,0.6160714285714286
45,0.4017857142857143
59,0.5267857142857143
82,0.7321428571428571
46,0.4107142857142857
69,0.6160714285714286
28,0.25
84,0.75
57,0.5089285714285714
54,0.48214285714285715
41,0.36607142857142855
40,0.35714285714285715
55,0.49107142857142855
58,0.5178571428571429
78,0.6964285714285714
62,0.5535714285714286
71,0.6339285714285714
54,0.48214285714285715
57,0.5089285714285714
47,0.41964285714285715
98,0.875
45,0.4017857142857143
45,0.4017857142857143
55,0.49107142857142855
63,0.5625
102,0.9107142857142857
28,0.25
39,0.3482142857142857
28,0.25
57,0.5089285714285714
81,0.7232142857142857
64,0.5714285714285714
42,0.375
40,0.35714285714285715
23,0.20535714285714285
23,0.20535714285714285
26,0.23214285714285715
41,0.36607142857142855
65,0.5803571428571429
53,0.4732142857142857
40,0.35714285714285715
38,0.3392857142857143
49,0.4375
68,0.6071428571428571
62,0.5535714285714286
23,0.20535714285714285
50,0.44642857142857145
33,0.29464285714285715
40,0.35714285714285715
45,0.4017857142857143
69,0.6160714285714286
60,0.5357142857142857
68,0.6071428571428571
69,0.6160714285714286
41,0.36607142857142855
48,0.42857142857142855
77,0.6875
35,0.3125
53,0.4732142857142857
83,0.7410714285714286
66,0.5892857142857143
95,0.8482142857142857
55,0.49107142857142855
12,0.10714285714285714
62,0.5535714285714286
71,0.6339285714285714
30,0.26785714285714285
33,0.29464285714285715
65,0.5803571428571429
56,0.5
52,0.4642857142857143
52,0.4642857142857143
79,0.7053571428571429
54,0.48214285714285715
31,0.2767857142857143
70,0.625
58,0.5178571428571429
28,0.25
26,0.23214285714285715
45,0.4017857142857143
54,0.48214285714285715
44,0.39285714285714285
87,0.7767857142857143
48,0.42857142857142855
54,0.48214285714285715
72,0.6428571428571429
74,0.6607142857142857
66,0.5892857142857143
64,0.5714285714285714
58,0.5178571428571429
53,0.4732142857142857
6,0.05357142857142857
56,0.5
79,0.7053571428571429
67,0.5982142857142857
73,0.6517857142857143
52,0.4642857142857143
67,0.5982142857142857
45,0.4017857142857143
50,0.44642857142857145
67,0.5982142857142857
60,0.5357142857142857
37,0.33035714285714285
97,0.8660714285714286
58,0.5178571428571429
72,0.6428571428571429
80,0.7142857142857143
58,0.5178571428571429
69,0.6160714285714286
6,0.05357142857142857
75,0.6696428571428571
56,0.5
19,0.16964285714285715
28,0.25
32,0.2857142857142857
77,0.6875
83,0.7410714285714286
74,0.6607142857142857
91,0.8125
44,0.39285714285714285
49,0.4375
61,0.5446428571428571
74,0.6607142857142857
20,0.17857142857142858
30,0.26785714285714285
34,0.30357142857142855
25,0.22321428571428573
111,0.9910714285714286
53,0.4732142857142857
51,0.45535714285714285
60,0.5357142857142857
57,0.5089285714285714
48,0.42857142857142855
44,0.39285714285714285
68,0.6071428571428571
52,0.4642857142857143
84,0.75
36,0.32142857142857145
25,0.22321428571428573
23,0.20535714285714285
47,0.41964285714285715
28,0.25
20,0.17857142857142858
49,0.4375
99,0.8839285714285714
58,0.5178571428571429
32,0.2857142857142857
10,0.08928571428571429
50,0.44642857142857145
45,0.4017857142857143
14,0.125
55,0.49107142857142855
52,0.4642857142857143
80,0.7142857142857143
62,0.5535714285714286
32,0.2857142857142857
34,0.30357142857142855
99,0.8839285714285714
80,0.7142857142857143
74,0.6607142857142857
99,0.8839285714285714
64,0.5714285714285714
48,0.42857142857142855
53,0.4732142857142857
54,0.48214285714285715
85,0.7589285714285714
48,0.42857142857142855
87,0.7767857142857143
49,0.4375
75,0.6696428571428571
81,0.7232142857142857
44,0.39285714285714285
49,0.4375
87,0.7767857142857143
43,0.38392857142857145
60,0.5357142857142857
83,0.7410714285714286
51,0.45535714285714285
44,0.39285714285714285
30,0.26785714285714285
82,0.7321428571428571
25,0.22321428571428573
46,0.4107142857142857
79,0.7053571428571429
58,0.5178571428571429
59,0.5267857142857143
40,0.35714285714285715
40,0.35714285714285715
36,0.32142857142857145
65,0.5803571428571429
58,0.5178571428571429
89,0.7946428571428571
49,0.4375
83,0.7410714285714286
71,0.6339285714285714
82,0.7321428571428571
81,0.7232142857142857
52,0.4642857142857143
63,0.5625
46,0.4107142857142857
25,0.22321428571428573
54,0.48214285714285715
77,0.6875
99,0.8839285714285714
69,0.6160714285714286
71,0.6339285714285714
59,0.5267857142857143
65,0.5803571428571429
28,0.25
56,0.5
73,0.6517857142857143
64,0.5714285714285714
58,0.5178571428571429
62,0.5535714285714286
41,0.36607142857142855
10,0.08928571428571429
43,0.38392857142857145
61,0.5446428571428571
71,0.6339285714285714
62,0.5535714285714286
69,0.6160714285714286
32,0.2857142857142857
56,0.5
8,0.07142857142857142
101,0.9017857142857143
33,0.29464285714285715
53,0.4732142857142857
29,0.25892857142857145
36,0.32142857142857145
44,0.39285714285714285
76,0.6785714285714286
92,0.8214285714285714
42,0.375
91,0.8125
55,0.49107142857142855
37,0.33035714285714285
59,0.5267857142857143
33,0.29464285714285715
17,0.15178571428571427
105,0.9375
52,0.4642857142857143
13,0.11607142857142858
65,0.5803571428571429
63,0.5625
50,0.44642857142857145
64,0.5714285714285714
81,0.7232142857142857
48,0.42857142857142855
33,0.29464285714285715
84,0.75
33,0.29464285714285715
86,0.7678571428571429
62,0.5535714285714286
67,0.5982142857142857
78,0.6964285714285714
33,0.29464285714285715
64,0.5714285714285714
88,0.7857142857142857
44,0.39285714285714285
27,0.24107142857142858
67,0.5982142857142857
65,0.5803571428571429
107,0.9553571428571429
32,0.2857142857142857
29,0.25892857142857145
67,0.5982142857142857
87,0.7767857142857143
78,0.6964285714285714
59,0.5267857142857143
95,0.8482142857142857
11,0.09821428571428571
58,0.5178571428571429
43,0.38392857142857145
74,0.6607142857142857
79,0.7053571428571429
80,0.7142857142857143
70,0.625
10,0.08928571428571429
112,1.0
35,0.3125
97,0.8660714285714286
63,0.5625
64,0.5714285714285714
101,0.9017857142857143
84,0.75
56,0.5
70,0.625
63,0.5625
42,0.375
79,0.7053571428571429
65,0.5803571428571429
102,0.9107142857142857
75,0.6696428571428571
77,0.6875
41,0.36607142857142855
95,0.8482142857142857
46,0.4107142857142857
75,0.6696428571428571
84,0.75
42,0.375
82,0.7321428571428571
74,0.6607142857142857
38,0.3392857142857143
69,0.6160714285714286
38,0.3392857142857143
50,0.44642857142857145
85,0.7589285714285714
46,0.4107142857142857
41,0.36607142857142855
42,0.375
89,0.7946428571428571
78,0.6964285714285714
33,0.29464285714285715
62,0.5535714285714286
47,0.41964285714285715
66,0.5892857142857143
70,0.625
40,0.35714285714285715
48,0.42857142857142855
39,0.3482142857142857
43,0.38392857142857145
67,0.5982142857142857
100,0.8928571428571429
98,0.875
67,0.5982142857142857
70,0.625
5,0.044642857142857144
31,0.2767857142857143
38,0.3392857142857143
31,0.2767857142857143
46,0.4107142857142857
103,0.9196428571428571
77,0.6875
34,0.30357142857142855
75,0.6696428571428571
81,0.7232142857142857
93,0.8303571428571429
60,0.5357142857142857
18,0.16071428571428573
53,0.4732142857142857
25,0.22321428571428573
54,0.48214285714285715
50,0.44642857142857145
61,0.5446428571428571
57,0.5089285714285714
66,0.5892857142857143
50,0.44642857142857145
1,0.008928571428571428
34,0.30357142857142855
74,0.6607142857142857
67,0.5982142857142857
84,0.75
60,0.5357142857142857
30,0.26785714285714285
43,0.38392857142857145
95,0.8482142857142857
52,0.4642857142857143
57,0.5089285714285714
23,0.20535714285714285
63,0.5625
53,0.4732142857142857
68,0.6071428571428571
44,0.39285714285714285
39,0.3482142857142857
8,0.07142857142857142
36,0.32142857142857145
76,0.6785714285714286
44,0.39285714285714285
0,0.0
12,0.10714285714285714
82,0.7321428571428571
55,0.49107142857142855
55,0.49107142857142855
18,0.16071428571428573
104,0.9285714285714286
34,0.30357142857142855
24,0.21428571428571427
35,0.3125
101,0.9017857142857143
39,0.3482142857142857
78,0.6964285714285714
43,0.38392857142857145
32,0.2857142857142857
76,0.6785714285714286
51,0.45535714285714285
27,0.24107142857142858
45,0.4017857142857143
67,0.5982142857142857
12,0.10714285714285714
43,0.38392857142857145
103,0.9196428571428571
107,0.9553571428571429
40,0.35714285714285715
68,0.6071428571428571
78,0.6964285714285714
29,0.25892857142857145
71,0.6339285714285714
57,0.5089285714285714
30,0.26785714285714285
41,0.36607142857142855
13,0.11607142857142858
74,0.6607142857142857
1,0.008928571428571428
97,0.8660714285714286
54,0.48214285714285715
78,0.6964285714285714
37,0.33035714285714285
39,0.3482142857142857
43,0.38392857142857145
44,0.39285714285714285
70,0.625
48,0.42857142857142855
70,0.625
76,0.6785714285714286
105,0.9375
79,0.7053571428571429
43,0.38392857142857145
6,0.05357142857142857
46,0.4107142857142857
78,0.6964285714285714
101,0.9017857142857143
85,0.7589285714285714
85,0.7589285714285714
80,0.7142857142857143
77,0.6875
38,0.3392857142857143
64,0.5714285714285714
49,0.4375
61,0.5446428571428571
84,0.75
80,0.7142857142857143
76,0.6785714285714286
66,0.5892857142857143
101,0.9017857142857143
48,0.42857142857142855
45,0.4017857142857143
15,0.13392857142857142
28,0.25
42,0.375
40,0.35714285714285715
78,0.6964285714285714
46,0.4107142857142857
56,0.5
104,0.9285714285714286
58,0.5178571428571429
84,0.75
41,0.36607142857142855
28,0.25
42,0.375
83,0.7410714285714286
55,0.49107142857142855
2,0.017857142857142856
40,0.35714285714285715
46,0.4107142857142857
10,0.08928571428571429
43,0.38392857142857145
48,0.42857142857142855
68,0.6071428571428571
40,0.35714285714285715
41,0.36607142857142855
28,0.25
64,0.5714285714285714
57,0.5089285714285714
67,0.5982142857142857
102,0.9107142857142857
87,0.7767857142857143
16,0.14285714285714285
38,0.3392857142857143
107,0.9553571428571429
33,0.29464285714285715
34,0.30357142857142855
70,0.625
28,0.25
22,0.19642857142857142
58,0.5178571428571429
42,0.375
84,0.75
66,0.5892857142857143
54,0.48214285714285715
8,0.07142857142857142
63,0.5625
25,0.22321428571428573
49,0.4375
3,0.026785714285714284
80,0.7142857142857143
77,0.6875
37,0.33035714285714285
33,0.29464285714285715
96,0.8571428571428571
81,0.7232142857142857
65,0.5803571428571429
36,0.32142857142857145
38,0.3392857142857143
73,0.6517857142857143
17,0.15178571428571427
7,0.0625
55,0.49107142857142855
26,0.23214285714285715
52,0.4642857142857143
39,0.3482142857142857
46,0.4107142857142857
48,0.42857142857142855
57,0.5089285714285714
14,0.125
95,0.8482142857142857
72,0.6428571428571429
96,0.8571428571428571
20,0.17857142857142858
53,0.4732142857142857
42,0.375
48,0.42857142857142855
60,0.5357142857142857
49,0.4375
53,0.4732142857142857
35,0.3125
36,0.32142857142857145
47,0.41964285714285715
36,0.32142857142857145
64,0.5714285714285714
86,0.7678571428571429
54,0.48214285714285715
51,0.45535714285714285
81,0.7232142857142857
79,0.7053571428571429
21,0.1875
52,0.4642857142857143
61,0.5446428571428571
75,0.6696428571428571
36,0.32142857142857145
14,0.125
63,0.5625
54,0.48214285714285715
85,0.7589285714285714
87,0.7767857142857143
85,0.7589285714285714
78,0.6964285714285714
22,0.19642857142857142
93,0.8303571428571429
92,0.8214285714285714
82,0.7321428571428571
81,0.7232142857142857
46,0.4107142857142857
42,0.375
58,0.5178571428571429
104,0.9285714285714286
98,0.875
40,0.35714285714285715
40,0.35714285714285715
79,0.7053571428571429
20,0.17857142857142858
71,0.6339285714285714
59,0.5267857142857143
96,0.8571428571428571
78,0.6964285714285714
74,0.6607142857142857
75,0.6696428571428571
68,0.6071428571428571
69,0.6160714285714286
107,0.9553571428571429
39,0.3482142857142857
7,0.0625
94,0.8392857142857143
78,0.6964285714285714
105,0.9375
71,0.6339285714285714
25,0.22321428571428573
77,0.6875
43,0.38392857142857145
50,0.44642857142857145
99,0.8839285714285714
62,0.5535714285714286
60,0.5357142857142857
17,0.15178571428571427
76,0.6785714285714286
55,0.49107142857142855
53,0.4732142857142857
14,0.125
26,0.23214285714285715
31,0.2767857142857143
103,0.9196428571428571
52,0.4642857142857143
27,0.24107142857142858
36,0.32142857142857145
39,0.3482142857142857
37,0.33035714285714285
26,0.23214285714285715
78,0.6964285714285714
71,0.6339285714285714
80,0.7142857142857143
19,0.16964285714285715
33,0.29464285714285715
97,0.8660714285714286
100,0.8928571428571429
75,0.6696428571428571
23,0.20535714285714285
91,0.8125
96,0.8571428571428571
58,0.5178571428571429
68,0.6071428571428571
24,0.21428571428571427
79,0.7053571428571429
49,0.4375
76,0.6785714285714286
106,0.9464285714285714
53,0.4732142857142857
63,0.5625
98,0.875
104,0.9285714285714286
69,0.6160714285714286
20,0.17857142857142858
43,0.38392857142857145
60,0.5357142857142857
40,0.35714285714285715
72,0.6428571428571429
55,0.49107142857142855
27,0.24107142857142858
38,0.3392857142857143
29,0.25892857142857145
40,0.35714285714285715
91,0.8125
8,0.07142857142857142
37,0.33035714285714285
73,0.6517857142857143
12,0.10714285714285714
52,0.4642857142857143
106,0.9464285714285714
53,0.4732142857142857
81,0.7232142857142857
88,0.7857142857142857
27,0.24107142857142858
30,0.26785714285714285
86,0.7678571428571429
86,0.7678571428571429
41,0.36607142857142855
59,0.5267857142857143
61,0.5446428571428571
68,0.6071428571428571
40,0.35714285714285715
75,0.6696428571428571
100,0.8928571428571429
61,0.5446428571428571
51,0.45535714285714285
92,0.8214285714285714
72,0.6428571428571429
22,0.19642857142857142
78,0.6964285714285714
81,0.7232142857142857
66,0.5892857142857143
84,0.75
39,0.3482142857142857
80,0.7142857142857143
25,0.22321428571428573
63,0.5625
87,0.7767857142857143
69,0.6160714285714286
70,0.625
64,0.5714285714285714
81,0.7232142857142857
60,0.5357142857142857
84,0.75
38,0.3392857142857143
75,0.6696428571428571
79,0.7053571428571429
13,0.11607142857142858
35,0.3125
90,0.8035714285714286
81,0.7232142857142857
46,0.4107142857142857
77,0.6875
95,0.8482142857142857
20,0.17857142857142858
93,0.8303571428571429
40,0.35714285714285715
86,0.7678571428571429
94,0.8392857142857143
105,0.9375
83,0.7410714285714286
83,0.7410714285714286
86,0.7678571428571429
91,0.8125
67,0.5982142857142857
82,0.7321428571428571
76,0.6785714285714286
28,0.25
57,0.5089285714285714
56,0.5
45,0.4017857142857143
33,0.29464285714285715
44,0.39285714285714285
52,0.4642857142857143
88,0.7857142857142857
64,0.5714285714285714
55,0.49107142857142855
52,0.4642857142857143
84,0.75
110,0.9821428571428571
41,0.36607142857142855
56,0.5
21,0.1875
62,0.5535714285714286
56,0.5
100,0.8928571428571429
59,0.5267857142857143
75,0.6696428571428571
32,0.2857142857142857
75,0.6696428571428571
33,0.29464285714285715
99,0.8839285714285714
45,0.4017857142857143
24,0.21428571428571427
35,0.3125
62,0.5535714285714286
61,0.5446428571428571
86,0.7678571428571429
65,0.5803571428571429
63,0.5625
54,0.48214285714285715
29,0.25892857142857145
60,0.5357142857142857
59,0.5267857142857143
58,0.5178571428571429
46,0.4107142857142857
59,0.5267857142857143
10,0.08928571428571429
74,0.6607142857142857
94,0.8392857142857143
15,0.13392857142857142
95,0.8482142857142857
9,0.08035714285714286
76,0.6785714285714286
48,0.42857142857142855
87,0.7767857142857143
41,0.36607142857142855
71,0.6339285714285714
65,0.5803571428571429
58,0.5178571428571429
103,0.9196428571428571
98,0.875
57,0.5089285714285714
51,0.45535714285714285
49,0.4375
75,0.6696428571428571
83,0.7410714285714286
97,0.8660714285714286
69,0.6160714285714286
12,0.10714285714285714
24,0.21428571428571427
65,0.5803571428571429
92,0.8214285714285714
34,0.30357142857142855
12,0.10714285714285714
87,0.7767857142857143
65,0.5803571428571429
99,0.8839285714285714
40,0.35714285714285715
73,0.6517857142857143
38,0.3392857142857143
60,0.5357142857142857
89,0.7946428571428571
52,0.4642857142857143
78,0.6964285714285714
55,0.49107142857142855
83,0.7410714285714286
17,0.15178571428571427
13,0.11607142857142858
73,0.6517857142857143
37,0.33035714285714285
92,0.8214285714285714
79,0.7053571428571429
83,0.7410714285714286
94,0.8392857142857143
77,0.6875
75,0.6696428571428571
58,0.5178571428571429
77,0.6875
57,0.5089285714285714
35,0.3125
40,0.35714285714285715
59,0.5267857142857143
41,0.36607142857142855
81,0.7232142857142857
86,0.7678571428571429
8,0.07142857142857142
39,0.3482142857142857
52,0.4642857142857143
50,0.44642857142857145
48,0.42857142857142855
85,0.7589285714285714
31,0.2767857142857143
85,0.7589285714285714
77,0.6875
29,0.25892857142857145
51,0.45535714285714285
31,0.2767857142857143
63,0.5625
47,0.41964285714285715
28,0.25
17,0.15178571428571427
6,0.05357142857142857
68,0.6071428571428571
47,0.41964285714285715
80,0.7142857142857143
19,0.16964285714285715
53,0.4732142857142857
42,0.375
59,0.5267857142857143
71,0.6339285714285714
42,0.375
91,0.8125
59,0.5267857142857143
62,0.5535714285714286
77,0.6875
65,0.5803571428571429
40,0.35714285714285715
78,0.6964285714285714
39,0.3482142857142857
42,0.375
53,0.4732142857142857
40,0.35714285714285715
53,0.4732142857142857
15,0.13392857142857142
57,0.5089285714285714
76,0.6785714285714286
31,0.2767857142857143
55,0.49107142857142855
65,0.5803571428571429
88,0.7857142857142857
75,0.6696428571428571
101,0.9017857142857143
76,0.6785714285714286
93,0.8303571428571429
29,0.25892857142857145
78,0.6964285714285714
26,0.23214285714285715
36,0.32142857142857145
23,0.20535714285714285
36,0.32142857142857145
63,0.5625
81,0.7232142857142857
40,0.35714285714285715
36,0.32142857142857145
43,0.38392857142857145
79,0.7053571428571429
63,0.5625
89,0.7946428571428571
69,0.6160714285714286
71,0.6339285714285714
33,0.29464285714285715
60,0.5357142857142857
78,0.6964285714285714
3,0.026785714285714284
49,0.4375
61,0.5446428571428571
84,0.75
13,0.11607142857142858
83,0.7410714285714286
57,0.5089285714285714
45,0.4017857142857143
28,0.25
37,0.33035714285714285
42,0.375
1,0.008928571428571428
73,0.6517857142857143
76,0.6785714285714286
79,0.7053571428571429
28,0.25
71,0.6339285714285714
10,0.08928571428571429
55,0.49107142857142855
34,0.30357142857142855
35,0.3125
79,0.7053571428571429
46,0.4107142857142857
31,0.2767857142857143
26,0.23214285714285715
77,0.6875
79,0.7053571428571429
32,0.2857142857142857
87,0.7767857142857143
78,0.6964285714285714
42,0.375
10,0.08928571428571429
72,0.6428571428571429
65,0.5803571428571429
44,0.39285714285714285
25,0.22321428571428573
6,0.05357142857142857
82,0.7321428571428571
41,0.36607142857142855
39,0.3482142857142857
76,0.6785714285714286
50,0.44642857142857145
21,0.1875
13,0.11607142857142858
68,0.6071428571428571
14,0.125
99,0.8839285714285714
51,0.45535714285714285
81,0.7232142857142857
77,0.6875
83,0.7410714285714286
50,0.44642857142857145
48,0.42857142857142855
58,0.5178571428571429
21,0.1875
51,0.45535714285714285
85,0.7589285714285714
30,0.26785714285714285
39,0.3482142857142857
37,0.33035714285714285
88,0.7857142857142857
64,0.5714285714285714
55,0.49107142857142855
56,0.5
71,0.6339285714285714
64,0.5714285714285714
45,0.4017857142857143
82,0.7321428571428571
75,0.6696428571428571
87,0.7767857142857143
69,0.6160714285714286
63,0.5625
35,0.3125
36,0.32142857142857145
78,0.6964285714285714
78,0.6964285714285714
86,0.7678571428571429
40,0.35714285714285715
34,0.30357142857142855
33,0.29464285714285715
71,0.6339285714285714
96,0.8571428571428571
90,0.8035714285714286
87,0.7767857142857143
85,0.7589285714285714
40,0.35714285714285715
57,0.5089285714285714
77,0.6875
85,0.7589285714285714
83,0.7410714285714286
101,0.9017857142857143
50,0.44642857142857145
36,0.32142857142857145
34,0.30357142857142855
85,0.7589285714285714
53,0.4732142857142857
83,0.7410714285714286
45,0.4017857142857143
15,0.13392857142857142
83,0.7410714285714286
77,0.6875
20,0.17857142857142858
56,0.5
68,0.6071428571428571
82,0.7321428571428571
63,0.5625
64,0.5714285714285714
49,0.4375
41,0.36607142857142855
84,0.75
77,0.6875
36,0.32142857142857145
55,0.49107142857142855
42,0.375
34,0.30357142857142855
60,0.5357142857142857
45,0.4017857142857143
91,0.8125
44,0.39285714285714285
48,0.42857142857142855
38,0.3392857142857143
91,0.8125
76,0.6785714285714286
37,0.33035714285714285
41,0.36607142857142855
47,0.41964285714285715
74,0.6607142857142857
91,0.8125
35,0.3125
60,0.5357142857142857
90,0.8035714285714286
64,0.5714285714285714
100,0.8928571428571429
67,0.5982142857142857
28,0.25
32,0.2857142857142857
59,0.5267857142857143
77,0.6875
41,0.36607142857142855
80,0.7142857142857143
83,0.7410714285714286
55,0.49107142857142855
17,0.15178571428571427
42,0.375
48,0.42857142857142855
72,0.6428571428571429
89,0.7946428571428571
28,0.25
86,0.7678571428571429
45,0.4017857142857143
74,0.6607142857142857
70,0.625
41,0.36607142857142855
31,0.2767857142857143
58,0.5178571428571429
68,0.6071428571428571
57,0.5089285714285714
65,0.5803571428571429
65,0.5803571428571429
33,0.29464285714285715
27,0.24107142857142858
28,0.25
37,0.33035714285714285
84,0.75
72,0.6428571428571429
61,0.5446428571428571
85,0.7589285714285714
80,0.7142857142857143
79,0.7053571428571429
82,0.7321428571428571
76,0.6785714285714286
26,0.23214285714285715
71,0.6339285714285714
46,0.4107142857142857
56,0.5
55,0.49107142857142855
90,0.8035714285714286
33,0.29464285714285715
30,0.26785714285714285
81,0.7232142857142857
37,0.33035714285714285
77,0.6875
29,0.25892857142857145
90,0.8035714285714286
30,0.26785714285714285
82,0.7321428571428571
47,0.41964285714285715
33,0.29464285714285715
51,0.45535714285714285
84,0.75
60,0.5357142857142857
58,0.5178571428571429
11,0.09821428571428571
40,0.35714285714285715
79,0.7053571428571429
30,0.26785714285714285
22,0.19642857142857142
54,0.48214285714285715
90,0.8035714285714286
43,0.38392857142857145
24,0.21428571428571427
71,0.6339285714285714
19,0.16964285714285715
42,0.375
70,0.625
87,0.7767857142857143
28,0.25
62,0.5535714285714286
17,0.15178571428571427
40,0.35714285714285715
71,0.6339285714285714
76,0.6785714285714286
44,0.39285714285714285
35,0.3125
87,0.7767857142857143
82,0.7321428571428571
75,0.6696428571428571
86,0.7678571428571429
64,0.5714285714285714
72,0.6428571428571429
71,0.6339285714285714
82,0.7321428571428571
38,0.3392857142857143
74,0.6607142857142857
75,0.6696428571428571
61,0.5446428571428571
90,0.8035714285714286
75,0.6696428571428571
58,0.5178571428571429
88,0.7857142857142857
90,0.8035714285714286
55,0.49107142857142855
78,0.6964285714285714
33,0.29464285714285715
73,0.6517857142857143
70,0.625
94,0.8392857142857143
73,0.6517857142857143
80,0.7142857142857143
86,0.7678571428571429
73,0.6517857142857143
46,0.4107142857142857
96,0.8571428571428571
47,0.41964285714285715
92,0.8214285714285714
34,0.30357142857142855
20,0.17857142857142858
58,0.5178571428571429
60,0.5357142857142857
59,0.5267857142857143
46,0.4107142857142857
81,0.7232142857142857
53,0.4732142857142857
83,0.7410714285714286
63,0.5625
48,0.42857142857142855
39,0.3482142857142857
48,0.42857142857142855
36,0.32142857142857145
84,0.75
50,0.44642857142857145
49,0.4375
32,0.2857142857142857
64,0.5714285714285714
46,0.4107142857142857
61,0.5446428571428571
