62,0.5535714285714286
79,0.7053571428571429
73,0.6517857142857143
38,0.3392857142857143
65,0.5803571428571429
80,0.7142857142857143
58,0.5178571428571429
34,0.30357142857142855
48,0.42857142857142855
22,0.19642857142857142
68,0.6071428571428571
44,0.39285714285714285
14,0.125
43,0.38392857142857145
70,0.625
44,0.39285714285714285
36,0.32142857142857145
36,0.32142857142857145
58,0.5178571428571429
81,0.7232142857142857
63,0.5625
59,0.5267857142857143
50,0.44642857142857145
51,0.45535714285714285
69,0.6160714285714286
57,0.5089285714285714
81,0.7232142857142857
57,0.5089285714285714
33,0.29464285714285715
57,0.5089285714285714
63,0.5625
56,0.5
61,0.5446428571428571
34,0.30357142857142855
62,0.5535714285714286
46,0.4107142857142857
82,0.7321428571428571
59,0.5267857142857143
27,0.24107142857142858
39,0.3482142857142857
45,0.4017857142857143
53,0.4732142857142857
46,0.4107142857142857
68,0.6071428571428571
51,0.45535714285714285
41,0.36607142857142855
63,0.5625
61,0.5446428571428571
37,0.33035714285714285
40,0.35714285714285715
41,0.36607142857142855
79,0.7053571428571429
16,0.14285714285714285
47,0.41964285714285715
51,0.45535714285714285
45,0.4017857142857143
51,0.45535714285714285
78,0.6964285714285714
19,0.16964285714285715
51,0.45535714285714285
59,0.5267857142857143
34,0.30357142857142855
39,0.3482142857142857
48,0.42857142857142855
33,0.29464285714285715
28,0.25
54,0.48214285714285715
53,0.4732142857142857
44,0.39285714285714285
41,0.36607142857142855
74,0.6607142857142857
57,0.5089285714285714
53,0.4732142857142857
12,0.10714285714285714
92,0.8214285714285714
63,0.5625
59,0.5267857142857143
62,0.5535714285714286
68,0.6071428571428571
45,0.4017857142857143
46,0.4107142857142857
44,0.39285714285714285
37,0.33035714285714285
88,0.7857142857142857
76,0.6785714285714286
85,0.7589285714285714
68,0.6071428571428571
40,0.35714285714285715
13,0.11607142857142858
40,0.35714285714285715
72,0.6428571428571429
64,0.5714285714285714
17,0.15178571428571427
65,0.5803571428571429
106,0.9464285714285714
47,0.41964285714285715
44,0.39285714285714285
15,0.13392857142857142
51,0.45535714285714285
39,0.3482142857142857
8,0.07142857142857142
83,0.7410714285714286
65,0.5803571428571429
73,0.6517857142857143
82,0.7321428571428571
1,0.008928571428571428
30,0.26785714285714285
10,0.08928571428571429
75,0.6696428571428571
55,0.49107142857142855
28,0.25
45,0.4017857142857143
81,0.7232142857142857
94,0.8392857142857143
30,0.26785714285714285
49,0.4375
30,0.26785714285714285
58,0.5178571428571429
71,0.6339285714285714
54,0.48214285714285715
47,0.41964285714285715
30,0.26785714285714285
22,0.19642857142857142
48,0.42857142857142855
67,0.5982142857142857
38,0.3392857142857143
32,0.2857142857142857
12,0.10714285714285714
53,0.4732142857142857
46,0.4107142857142857
43,0.38392857142857145
77,0.6875
11,0.09821428571428571
101,0.9017857142857143
37,0.33035714285714285
69,0.6160714285714286
91,0.8125
65,0.5803571428571429
67,0.5982142857142857
34,0.30357142857142855
50,0.44642857142857145
83,0.7410714285714286
62,0.5535714285714286
61,0.5446428571428571
38,0.3392857142857143
50,0.44642857142857145
54,0.48214285714285715
90,0.8035714285714286
32,0.2857142857142857
10,0.08928571428571429
38,0.3392857142857143
3,0.026785714285714284
31,0.2767857142857143
80,0.7142857142857143
31,0.2767857142857143
17,0.15178571428571427
12,0.10714285714285714
41,0.36607142857142855
53,0.4732142857142857
21,0.1875
34,0.30357142857142855
17,0.15178571428571427
38,0.3392857142857143
55,0.49107142857142855
43,0.38392857142857145
82,0.7321428571428571
54,0.48214285714285715
67,0.5982142857142857
101,0.9017857142857143
88,0.7857142857142857
28,0.25
29,0.25892857142857145
12,0.10714285714285714
49,0.4375
96,0.8571428571428571
63,0.5625
50,0.44642857142857145
28,0.25
13,0.11607142857142858
64,0.5714285714285714
88,0.7857142857142857
61,0.5446428571428571
61,0.5446428571428571
35,0.3125
12,0.10714285714285714
29,0.25892857142857145
67,0.5982142857142857
100,0.8928571428571429
108,0.9642857142857143
100,0.8928571428571429
56,0.5
76,0.6785714285714286
102,0.9107142857142857
26,0.23214285714285715
42,0.375
9,0.08035714285714286
27,0.24107142857142858
80,0.7142857142857143
34,0.30357142857142855
102,0.9107142857142857
99,0.8839285714285714
73,0.6517857142857143
67,0.5982142857142857
47,0.41964285714285715
74,0.6607142857142857
39,0.3482142857142857
25,0.22321428571428573
62,0.5535714285714286
32,0.2857142857142857
65,0.5803571428571429
73,0.6517857142857143
39,0.3482142857142857
5,0.044642857142857144
56,0.5
56,0.5
96,0.8571428571428571
78,0.6964285714285714
52,0.4642857142857143
44,0.39285714285714285
32,0.2857142857142857
37,0.33035714285714285
77,0.6875
44,0.39285714285714285
11,0.09821428571428571
20,0.17857142857142858
106,0.9464285714285714
52,0.4642857142857143
97,0.8660714285714286
72,0.6428571428571429
45,0.4017857142857143
105,0.9375
82,0.7321428571428571
15,0.13392857142857142
90,0.8035714285714286
65,0.5803571428571429
22,0.19642857142857142
62,0.5535714285714286
41,0.36607142857142855
41,0.36607142857142855
53,0.4732142857142857
51,0.45535714285714285
42,0.375
44,0.39285714285714285
40,0.35714285714285715
42,0.375
88,0.7857142857142857
32,0.2857142857142857
15,0.13392857142857142
55,0.49107142857142855
39,0.3482142857142857
13,0.11607142857142858
21,0.1875
22,0.19642857142857142
11,0.09821428571428571
84,0.75
40,0.35714285714285715
43,0.38392857142857145
74,0.6607142857142857
47,0.41964285714285715
49,0.4375
68,0.6071428571428571
89,0.7946428571428571
33,0.29464285714285715
94,0.8392857142857143
85,0.7589285714285714
70,0.625
51,0.45535714285714285
7,0.0625
85,0.7589285714285714
91,0.8125
85,0.7589285714285714
10,0.08928571428571429
45,0.4017857142857143
18,0.16071428571428573
36,0.32142857142857145
36,0.32142857142857145
28,0.25
35,0.3125
11,0.09821428571428571
99,0.8839285714285714
102,0.9107142857142857
40,0.35714285714285715
36,0.32142857142857145
90,0.8035714285714286
64,0.5714285714285714
46,0.4107142857142857
12,0.10714285714285714
77,0.6875
40,0.35714285714285715
47,0.41964285714285715
105,0.9375
15,0.13392857142857142
11,0.09821428571428571
6,0.05357142857142857
21,0.1875
106,0.9464285714285714
51,0.45535714285714285
99,0.8839285714285714
11,0.09821428571428571
20,0.17857142857142858
74,0.6607142857142857
87,0.7767857142857143
17,0.15178571428571427
103,0.9196428571428571
104,0.9285714285714286
78,0.6964285714285714
91,0.8125
89,0.7946428571428571
88,0.7857142857142857
0,0.0
71,0.6339285714285714
27,0.24107142857142858
41,0.36607142857142855
71,0.6339285714285714
49,0.4375
102,0.9107142857142857
95,0.8482142857142857
103,0.9196428571428571
91,0.8125
45,0.4017857142857143
35,0.3125
64,0.5714285714285714
18,0.16071428571428573
49,0.4375
97,0.8660714285714286
40,0.35714285714285715
8,0.07142857142857142
26,0.23214285714285715
58,0.5178571428571429
98,0.875
41,0.36607142857142855
46,0.4107142857142857
98,0.875
103,0.9196428571428571
43,0.38392857142857145
30,0.26785714285714285
104,0.9285714285714286
77,0.6875
96,0.8571428571428571
89,0.7946428571428571
45,0.4017857142857143
5,0.044642857142857144
54,0.48214285714285715
95,0.8482142857142857
90,0.8035714285714286
58,0.5178571428571429
41,0.36607142857142855
9,0.08035714285714286
14,0.125
12,0.10714285714285714
101,0.9017857142857143
8,0.07142857142857142
80,0.7142857142857143
71,0.6339285714285714
90,0.8035714285714286
66,0.5892857142857143
62,0.5535714285714286
21,0.1875
6,0.05357142857142857
66,0.5892857142857143
96,0.8571428571428571
33,0.29464285714285715
7,0.0625
35,0.3125
26,0.23214285714285715
93,0.8303571428571429
93,0.8303571428571429
54,0.48214285714285715
25,0.22321428571428573
91,0.8125
86,0.7678571428571429
77,0.6875
105,0.9375
20,0.17857142857142858
77,0.6875
45,0.4017857142857143
17,0.15178571428571427
42,0.375
32,0.2857142857142857
26,0.23214285714285715
33,0.29464285714285715
46,0.4107142857142857
17,0.15178571428571427
31,0.2767857142857143
78,0.6964285714285714
90,0.8035714285714286
19,0.16964285714285715
59,0.5267857142857143
38,0.3392857142857143
105,0.9375
37,0.33035714285714285
21,0.1875
36,0.32142857142857145
96,0.8571428571428571
91,0.8125
27,0.24107142857142858
98,0.875
31,0.2767857142857143
107,0.9553571428571429
29,0.25892857142857145
97,0.8660714285714286
35,0.3125
81,0.7232142857142857
22,0.19642857142857142
87,0.7767857142857143
96,0.8571428571428571
70,0.625
28,0.25
75,0.6696428571428571
32,0.2857142857142857
27,0.24107142857142858
20,0.17857142857142858
81,0.7232142857142857
77,0.6875
47,0.41964285714285715
93,0.8303571428571429
30,0.26785714285714285
9,0.08035714285714286
32,0.2857142857142857
27,0.24107142857142858
19,0.16964285714285715
94,0.8392857142857143
104,0.9285714285714286
33,0.29464285714285715
85,0.7589285714285714
84,0.75
97,0.8660714285714286
96,0.8571428571428571
82,0.7321428571428571
22,0.19642857142857142
42,0.375
26,0.23214285714285715
83,0.7410714285714286
24,0.21428571428571427
25,0.22321428571428573
86,0.7678571428571429
103,0.9196428571428571
84,0.75
29,0.25892857142857145
81,0.7232142857142857
28,0.25
95,0.8482142857142857
23,0.20535714285714285
17,0.15178571428571427
26,0.23214285714285715
93,0.8303571428571429
18,0.16071428571428573
12,0.10714285714285714
19,0.16964285714285715
12,0.10714285714285714
26,0.23214285714285715
18,0.16071428571428573
85,0.7589285714285714
54,0.48214285714285715
103,0.9196428571428571
87,0.7767857142857143
33,0.29464285714285715
18,0.16071428571428573
16,0.14285714285714285
37,0.33035714285714285
85,0.7589285714285714
100,0.8928571428571429
85,0.7589285714285714
4,0.03571428571428571
78,0.6964285714285714
3,0.026785714285714284
98,0.875
41,0.36607142857142855
17,0.15178571428571427
89,0.7946428571428571
21,0.1875
30,0.26785714285714285
78,0.6964285714285714
20,0.17857142857142858
26,0.23214285714285715
69,0.6160714285714286
83,0.7410714285714286
13,0.11607142857142858
32,0.2857142857142857
14,0.125
101,0.9017857142857143
74,0.6607142857142857
27,0.24107142857142858
86,0.7678571428571429
21,0.1875
8,0.07142857142857142
17,0.15178571428571427
85,0.7589285714285714
32,0.2857142857142857
26,0.23214285714285715
14,0.125
32,0.2857142857142857
79,0.7053571428571429
95,0.8482142857142857
17,0.15178571428571427
18,0.16071428571428573
11,0.09821428571428571
89,0.7946428571428571
93,0.8303571428571429
88,0.7857142857142857
84,0.75
97,0.8660714285714286
19,0.16964285714285715
73,0.6517857142857143
91,0.8125
46,0.4107142857142857
88,0.7857142857142857
83,0.7410714285714286
34,0.30357142857142855
73,0.6517857142857143
83,0.7410714285714286
91,0.8125
95,0.8482142857142857
33,0.29464285714285715
65,0.5803571428571429
99,0.8839285714285714
91,0.8125
31,0.2767857142857143
25,0.22321428571428573
89,0.7946428571428571
55,0.49107142857142855
83,0.7410714285714286
78,0.6964285714285714
77,0.6875
92,0.8214285714285714
29,0.25892857142857145
70,0.625
31,0.2767857142857143
32,0.2857142857142857
36,0.32142857142857145
31,0.2767857142857143
42,0.375
77,0.6875
67,0.5982142857142857
99,0.8839285714285714
6,0.05357142857142857
74,0.6607142857142857
92,0.8214285714285714
33,0.29464285714285715
23,0.20535714285714285
25,0.22321428571428573
80,0.7142857142857143
17,0.15178571428571427
85,0.7589285714285714
108,0.9642857142857143
99,0.8839285714285714
12,0.10714285714285714
31,0.2767857142857143
101,0.9017857142857143
37,0.33035714285714285
23,0.20535714285714285
15,0.13392857142857142
90,0.8035714285714286
54,0.48214285714285715
27,0.24107142857142858
97,0.8660714285714286
12,0.10714285714285714
97,0.8660714285714286
89,0.7946428571428571
24,0.21428571428571427
16,0.14285714285714285
35,0.3125
94,0.8392857142857143
95,0.8482142857142857
107,0.9553571428571429
24,0.21428571428571427
42,0.375
83,0.7410714285714286
87,0.7767857142857143
93,0.8303571428571429
94,0.8392857142857143
88,0.7857142857142857
99,0.8839285714285714
13,0.11607142857142858
24,0.21428571428571427
104,0.9285714285714286
5,0.044642857142857144
84,0.75
37,0.33035714285714285
22,0.19642857142857142
22,0.19642857142857142
91,0.8125
16,0.14285714285714285
13,0.11607142857142858
18,0.16071428571428573
82,0.7321428571428571
104,0.9285714285714286
89,0.7946428571428571
51,0.45535714285714285
44,0.39285714285714285
54,0.48214285714285715
95,0.8482142857142857
64,0.5714285714285714
96,0.8571428571428571
12,0.10714285714285714
59,0.5267857142857143
9,0.08035714285714286
80,0.7142857142857143
78,0.6964285714285714
45,0.4017857142857143
0,0.0
59,0.5267857142857143
34,0.30357142857142855
73,0.6517857142857143
81,0.7232142857142857
63,0.5625
50,0.44642857142857145
56,0.5
31,0.2767857142857143
20,0.17857142857142858
71,0.6339285714285714
24,0.21428571428571427
91,0.8125
18,0.16071428571428573
66,0.5892857142857143
62,0.5535714285714286
55,0.49107142857142855
112,1.0
77,0.6875
93,0.8303571428571429
102,0.9107142857142857
65,0.5803571428571429
72,0.6428571428571429
43,0.38392857142857145
92,0.8214285714285714
73,0.6517857142857143
62,0.5535714285714286
69,0.6160714285714286
65,0.5803571428571429
73,0.6517857142857143
92,0.8214285714285714
70,0.625
43,0.38392857142857145
71,0.6339285714285714
109,0.9732142857142857
104,0.9285714285714286
78,0.6964285714285714
85,0.7589285714285714
109,0.9732142857142857
75,0.6696428571428571
79,0.7053571428571429
17,0.15178571428571427
71,0.6339285714285714
40,0.35714285714285715
71,0.6339285714285714
45,0.4017857142857143
21,0.1875
80,0.7142857142857143
10,0.08928571428571429
44,0.39285714285714285
107,0.9553571428571429
44,0.39285714285714285
112,1.0
74,0.6607142857142857
69,0.6160714285714286
18,0.16071428571428573
99,0.8839285714285714
52,0.4642857142857143
38,0.3392857142857143
5,0.044642857142857144
84,0.75
43,0.38392857142857145
69,0.6160714285714286
36,0.32142857142857145
108,0.9642857142857143
110,0.9821428571428571
23,0.20535714285714285
23,0.20535714285714285
55,0.49107142857142855
49,0.4375
54,0.48214285714285715
71,0.6339285714285714
15,0.13392857142857142
64,0.5714285714285714
13,0.11607142857142858
72,0.6428571428571429
62,0.5535714285714286
96,0.8571428571428571
73,0.6517857142857143
52,0.4642857142857143
89,0.7946428571428571
28,0.25
11,0.09821428571428571
48,0.42857142857142855
72,0.6428571428571429
81,0.7232142857142857
49,0.4375
89,0.7946428571428571
48,0.42857142857142855
33,0.29464285714285715
36,0.32142857142857145
93,0.8303571428571429
69,0.6160714285714286
53,0.4732142857142857
48,0.42857142857142855
57,0.5089285714285714
42,0.375
79,0.7053571428571429
55,0.49107142857142855
16,0.14285714285714285
44,0.39285714285714285
19,0.16964285714285715
100,0.8928571428571429
7,0.0625
44,0.39285714285714285
54,0.48214285714285715
59,0.5267857142857143
78,0.6964285714285714
66,0.5892857142857143
66,0.5892857142857143
67,0.5982142857142857
78,0.6964285714285714
90,0.8035714285714286
43,0.38392857142857145
53,0.4732142857142857
76,0.6785714285714286
43,0.38392857142857145
50,0.44642857142857145
83,0.7410714285714286
89,0.7946428571428571
10,0.08928571428571429
16,0.14285714285714285
101,0.9017857142857143
82,0.7321428571428571
103,0.9196428571428571
54,0.48214285714285715
54,0.48214285714285715
79,0.7053571428571429
56,0.5
66,0.5892857142857143
38,0.3392857142857143
36,0.32142857142857145
43,0.38392857142857145
73,0.6517857142857143
86,0.7678571428571429
39,0.3482142857142857
73,0.6517857142857143
68,0.6071428571428571
104,0.9285714285714286
10,0.08928571428571429
79,0.7053571428571429
54,0.48214285714285715
43,0.38392857142857145
78,0.6964285714285714
9,0.08035714285714286
34,0.30357142857142855
89,0.7946428571428571
39,0.3482142857142857
25,0.22321428571428573
82,0.7321428571428571
87,0.7767857142857143
46,0.4107142857142857
48,0.42857142857142855
25,0.22321428571428573
99,0.8839285714285714
33,0.29464285714285715
67,0.5982142857142857
28,0.25
48,0.42857142857142855
45,0.4017857142857143
103,0.9196428571428571
70,0.625
60,0.5357142857142857
94,0.8392857142857143
63,0.5625
61,0.5446428571428571
2,0.017857142857142856
59,0.5267857142857143
75,0.6696428571428571
104,0.9285714285714286
108,0.9642857142857143
94,0.8392857142857143
77,0.6875
87,0.7767857142857143
54,0.48214285714285715
80,0.7142857142857143
83,0.7410714285714286
32,0.2857142857142857
56,0.5
38,0.3392857142857143
70,0.625
57,0.5089285714285714
90,0.8035714285714286
87,0.7767857142857143
45,0.4017857142857143
49,0.4375
74,0.6607142857142857
39,0.3482142857142857
85,0.7589285714285714
73,0.6517857142857143
46,0.4107142857142857
47,0.41964285714285715
49,0.4375
43,0.38392857142857145
66,0.5892857142857143
66,0.5892857142857143
91,0.8125
37,0.33035714285714285
46,0.4107142857142857
83,0.7410714285714286
82,0.7321428571428571
90,0.8035714285714286
51,0.45535714285714285
61,0.5446428571428571
63,0.5625
58,0.5178571428571429
92,0.8214285714285714
58,0.5178571428571429
56,0.5
55,0.49107142857142855
51,0.45535714285714285
39,0.3482142857142857
93,0.8303571428571429
61,0.5446428571428571
19,0.16964285714285715
22,0.19642857142857142
44,0.39285714285714285
18,0.16071428571428573
65,0.5803571428571429
100,0.8928571428571429
69,0.6160714285714286
68,0.6071428571428571
49,0.4375
13,0.11607142857142858
53,0.4732142857142857
84,0.75
95,0.8482142857142857
76,0.6785714285714286
58,0.5178571428571429
31,0.2767857142857143
44,0.39285714285714285
54,0.48214285714285715
74,0.6607142857142857
51,0.45535714285714285
33,0.29464285714285715
38,0.3392857142857143
3,0.026785714285714284
23,0.20535714285714285
52,0.4642857142857143
75,0.6696428571428571
64,0.5714285714285714
18,0.16071428571428573
63,0.5625
33,0.29464285714285715
41,0.36607142857142855
76,0.6785714285714286
85,0.7589285714285714
42,0.375
19,0.16964285714285715
53,0.4732142857142857
74,0.6607142857142857
27,0.24107142857142858
54,0.48214285714285715
27,0.24107142857142858
67,0.5982142857142857
83,0.7410714285714286
43,0.38392857142857145
75,0.6696428571428571
54,0.48214285714285715
47,0.41964285714285715
40,0.35714285714285715
58,0.5178571428571429
45,0.4017857142857143
40,0.35714285714285715
69,0.6160714285714286
87,0.7767857142857143
42,0.375
91,0.8125
27,0.24107142857142858
59,0.5267857142857143
43,0.38392857142857145
19,0.16964285714285715
14,0.125
83,0.7410714285714286
83,0.7410714285714286
38,0.3392857142857143
89,0.7946428571428571
57,0.5089285714285714
35,0.3125
44,0.39285714285714285
58,0.5178571428571429
12,0.10714285714285714
66,0.5892857142857143
49,0.4375
71,0.6339285714285714
68,0.6071428571428571
59,0.5267857142857143
37,0.33035714285714285
53,0.4732142857142857
46,0.4107142857142857
21,0.1875
60,0.5357142857142857
37,0.33035714285714285
89,0.7946428571428571
21,0.1875
66,0.5892857142857143
92,0.8214285714285714
59,0.5267857142857143
37,0.33035714285714285
20,0.17857142857142858
68,0.6071428571428571
29,0.25892857142857145
15,0.13392857142857142
30,0.26785714285714285
41,0.36607142857142855
88,0.7857142857142857
31,0.2767857142857143
78,0.6964285714285714
91,0.8125
81,0.7232142857142857
100,0.8928571428571429
38,0.3392857142857143
98,0.875
14,0.125
21,0.1875
46,0.4107142857142857
69,0.6160714285714286
31,0.2767857142857143
112,1.0
37,0.33035714285714285
40,0.35714285714285715
33,0.29464285714285715
84,0.75
19,0.16964285714285715
21,0.1875
34,0.30357142857142855
98,0.875
72,0.6428571428571429
42,0.375
59,0.5267857142857143
74,0.6607142857142857
77,0.6875
92,0.8214285714285714
50,0.44642857142857145
69,0.6160714285714286
91,0.8125
86,0.7678571428571429
33,0.29464285714285715
77,0.6875
50,0.44642857142857145
4,0.03571428571428571
45,0.4017857142857143
17,0.15178571428571427
53,0.4732142857142857
36,0.32142857142857145
99,0.8839285714285714
87,0.7767857142857143
35,0.3125
65,0.5803571428571429
93,0.8303571428571429
38,0.3392857142857143
64,0.5714285714285714
62,0.5535714285714286
12,0.10714285714285714
46,0.4107142857142857
30,0.26785714285714285
84,0.75
94,0.8392857142857143
20,0.17857142857142858
77,0.6875
98,0.875
56,0.5
82,0.7321428571428571
41,0.36607142857142855
3,0.026785714285714284
52,0.4642857142857143
76,0.6785714285714286
59,0.5267857142857143
42,0.375
71,0.6339285714285714
42,0.375
45,0.4017857142857143
63,0.5625
39,0.3482142857142857
85,0.7589285714285714
35,0.3125
47,0.41964285714285715
28,0.25
78,0.6964285714285714
51,0.45535714285714285
78,0.6964285714285714
97,0.8660714285714286
73,0.6517857142857143
93,0.8303571428571429
45,0.4017857142857143
72,0.6428571428571429
90,0.8035714285714286
62,0.5535714285714286
64,0.5714285714285714
41,0.36607142857142855
42,0.375
91,0.8125
93,0.8303571428571429
16,0.14285714285714285
100,0.8928571428571429
69,0.6160714285714286
72,0.6428571428571429
111,0.9910714285714286
77,0.6875
96,0.8571428571428571
24,0.21428571428571427
54,0.48214285714285715
41,0.36607142857142855
59,0.5267857142857143
74,0.6607142857142857
62,0.5535714285714286
59,0.5267857142857143
51,0.45535714285714285
71,0.6339285714285714
96,0.8571428571428571
75,0.6696428571428571
51,0.45535714285714285
92,0.8214285714285714
100,0.8928571428571429
104,0.9285714285714286
53,0.4732142857142857
63,0.5625
51,0.45535714285714285
10,0.08928571428571429
103,0.9196428571428571
90,0.8035714285714286
22,0.19642857142857142
28,0.25
24,0.21428571428571427
37,0.33035714285714285
32,0.2857142857142857
37,0.33035714285714285
25,0.22321428571428573
21,0.1875
75,0.6696428571428571
97,0.8660714285714286
10,0.08928571428571429
36,0.32142857142857145
29,0.25892857142857145
30,0.26785714285714285
7,0.0625
28,0.25
29,0.25892857142857145
21,0.1875
73,0.6517857142857143
74,0.6607142857142857
83,0.7410714285714286
59,0.5267857142857143
99,0.8839285714285714
51,0.45535714285714285
32,0.2857142857142857
15,0.13392857142857142
52,0.4642857142857143
43,0.38392857142857145
105,0.9375
13,0.11607142857142858
84,0.75
41,0.36607142857142855
66,0.5892857142857143
94,0.8392857142857143
49,0.4375
51,0.45535714285714285
49,0.4375
59,0.5267857142857143
103,0.9196428571428571
7,0.0625
96,0.8571428571428571
90,0.8035714285714286
48,0.42857142857142855
56,0.5
66,0.5892857142857143
80,0.7142857142857143
60,0.5357142857142857
54,0.48214285714285715
12,0.10714285714285714
53,0.4732142857142857
47,0.41964285714285715
112,1.0
94,0.8392857142857143
15,0.13392857142857142
67,0.5982142857142857
22,0.19642857142857142
68,0.6071428571428571
15,0.13392857142857142
77,0.6875
50,0.44642857142857145
24,0.21428571428571427
24,0.21428571428571427
40,0.35714285714285715
107,0.9553571428571429
87,0.7767857142857143
70,0.625
65,0.5803571428571429
87,0.7767857142857143
16,0.14285714285714285
56,0.5
21,0.1875
85,0.7589285714285714
13,0.11607142857142858
70,0.625
91,0.8125
66,0.5892857142857143
18,0.16071428571428573
9,0.08035714285714286
41,0.36607142857142855
71,0.6339285714285714
13,0.11607142857142858
80,0.7142857142857143
13,0.11607142857142858
52,0.4642857142857143
50,0.44642857142857145
53,0.4732142857142857
56,0.5
56,0.5
81,0.7232142857142857
52,0.4642857142857143
61,0.5446428571428571
16,0.14285714285714285
36,0.32142857142857145
48,0.42857142857142855
56,0.5
49,0.4375
10,0.08928571428571429
43,0.38392857142857145
67,0.5982142857142857
78,0.6964285714285714
58,0.5178571428571429
57,0.5089285714285714
37,0.33035714285714285
77,0.6875
58,0.5178571428571429
45,0.4017857142857143
38,0.3392857142857143
106,0.9464285714285714
41,0.36607142857142855
51,0.45535714285714285
50,0.44642857142857145
55,0.49107142857142855
19,0.16964285714285715
39,0.3482142857142857
63,0.5625
61,0.5446428571428571
74,0.6607142857142857
23,0.20535714285714285
76,0.6785714285714286
112,1.0
82,0.7321428571428571
57,0.5089285714285714
10,0.08928571428571429
32,0.2857142857142857
41,0.36607142857142855
60,0.5357142857142857
73,0.6517857142857143
65,0.5803571428571429
52,0.4642857142857143
62,0.5535714285714286
76,0.6785714285714286
