64,0.5714285714285714
52,0.4642857142857143
64,0.5714285714285714
53,0.4732142857142857
38,0.3392857142857143
75,0.6696428571428571
71,0.6339285714285714
60,0.5357142857142857
94,0.8392857142857143
23,0.20535714285714285
12,0.10714285714285714
46,0.4107142857142857
77,0.6875
101,0.9017857142857143
54,0.48214285714285715
53,0.4732142857142857
89,0.7946428571428571
38,0.3392857142857143
99,0.8839285714285714
70,0.625
65,0.5803571428571429
16,0.14285714285714285
88,0.7857142857142857
76,0.6785714285714286
32,0.2857142857142857
25,0.22321428571428573
28,0.25
74,0.6607142857142857
48,0.42857142857142855
63,0.5625
53,0.4732142857142857
69,0.6160714285714286
89,0.7946428571428571
28,0.25
9,0.08035714285714286
24,0.21428571428571427
50,0.44642857142857145
70,0.625
44,0.39285714285714285
90,0.8035714285714286
38,0.3392857142857143
67,0.5982142857142857
4,0.03571428571428571
30,0.26785714285714285
38,0.3392857142857143
40,0.35714285714285715
36,0.32142857142857145
58,0.5178571428571429
44,0.39285714285714285
35,0.3125
28,0.25
75,0.6696428571428571
35,0.3125
61,0.5446428571428571
54,0.48214285714285715
84,0.75
63,0.5625
62,0.5535714285714286
24,0.21428571428571427
33,0.29464285714285715
63,0.5625
29,0.25892857142857145
21,0.1875
72,0.6428571428571429
35,0.3125
74,0.6607142857142857
24,0.21428571428571427
55,0.49107142857142855
56,0.5
22,0.19642857142857142
68,0.6071428571428571
35,0.3125
15,0.13392857142857142
62,0.5535714285714286
75,0.6696428571428571
86,0.7678571428571429
21,0.1875
37,0.33035714285714285
49,0.4375
84,0.75
69,0.6160714285714286
54,0.48214285714285715
13,0.11607142857142858
35,0.3125
59,0.5267857142857143
69,0.6160714285714286
88,0.7857142857142857
70,0.625
0,0.0
78,0.6964285714285714
53,0.4732142857142857
57,0.5089285714285714
63,0.5625
30,0.26785714285714285
52,0.4642857142857143
47,0.41964285714285715
23,0.20535714285714285
69,0.6160714285714286
46,0.4107142857142857
32,0.2857142857142857
46,0.4107142857142857
42,0.375
34,0.30357142857142855
34,0.30357142857142855
48,0.42857142857142855
103,0.9196428571428571
12,0.10714285714285714
41,0.36607142857142855
70,0.625
92,0.8214285714285714
57,0.5089285714285714
23,0.20535714285714285
55,0.49107142857142855
85,0.7589285714285714
17,0.15178571428571427
39,0.3482142857142857
38,0.3392857142857143
38,0.3392857142857143
61,0.5446428571428571
85,0.7589285714285714
54,0.48214285714285715
47,0.41964285714285715
44,0.39285714285714285
37,0.33035714285714285
83,0.7410714285714286
30,0.26785714285714285
12,0.10714285714285714
93,0.8303571428571429
16,0.14285714285714285
105,0.9375
42,0.375
84,0.75
22,0.19642857142857142
45,0.4017857142857143
50,0.44642857142857145
78,0.6964285714285714
12,0.10714285714285714
86,0.7678571428571429
45,0.4017857142857143
87,0.7767857142857143
29,0.25892857142857145
32,0.2857142857142857
38,0.3392857142857143
68,0.6071428571428571
8,0.07142857142857142
27,0.24107142857142858
76,0.6785714285714286
46,0.4107142857142857
19,0.16964285714285715
27,0.24107142857142858
37,0.33035714285714285
106,0.9464285714285714
76,0.6785714285714286
33,0.29464285714285715
41,0.36607142857142855
100,0.8928571428571429
88,0.7857142857142857
58,0.5178571428571429
21,0.1875
18,0.16071428571428573
15,0.13392857142857142
63,0.5625
53,0.4732142857142857
48,0.42857142857142855
87,0.7767857142857143
12,0.10714285714285714
48,0.42857142857142855
6,0.05357142857142857
38,0.3392857142857143
19,0.16964285714285715
14,0.125
91,0.8125
44,0.39285714285714285
64,0.5714285714285714
62,0.5535714285714286
73,0.6517857142857143
95,0.8482142857142857
17,0.15178571428571427
57,0.5089285714285714
30,0.26785714285714285
41,0.36607142857142855
64,0.5714285714285714
54,0.48214285714285715
47,0.41964285714285715
30,0.26785714285714285
35,0.3125
79,0.7053571428571429
86,0.7678571428571429
94,0.8392857142857143
27,0.24107142857142858
14,0.125
82,0.7321428571428571
65,0.5803571428571429
99,0.8839285714285714
18,0.16071428571428573
21,0.1875
47,0.41964285714285715
93,0.8303571428571429
21,0.1875
48,0.42857142857142855
89,0.7946428571428571
52,0.4642857142857143
82,0.7321428571428571
46,0.4107142857142857
51,0.45535714285714285
59,0.5267857142857143
80,0.7142857142857143
93,0.8303571428571429
81,0.7232142857142857
98,0.875
63,0.5625
75,0.6696428571428571
77,0.6875
41,0.36607142857142855
102,0.9107142857142857
53,0.4732142857142857
48,0.42857142857142855
48,0.42857142857142855
17,0.15178571428571427
33,0.29464285714285715
63,0.5625
47,0.41964285714285715
82,0.7321428571428571
65,0.5803571428571429
96,0.8571428571428571
19,0.16964285714285715
51,0.45535714285714285
47,0.41964285714285715
70,0.625
34,0.30357142857142855
31,0.2767857142857143
98,0.875
17,0.15178571428571427
96,0.8571428571428571
93,0.8303571428571429
59,0.5267857142857143
50,0.44642857142857145
44,0.39285714285714285
50,0.44642857142857145
46,0.4107142857142857
31,0.2767857142857143
62,0.5535714285714286
35,0.3125
31,0.2767857142857143
35,0.3125
63,0.5625
98,0.875
82,0.7321428571428571
31,0.2767857142857143
84,0.75
23,0.20535714285714285
50,0.44642857142857145
44,0.39285714285714285
62,0.5535714285714286
57,0.5089285714285714
40,0.35714285714285715
48,0.42857142857142855
82,0.7321428571428571
33,0.29464285714285715
109,0.9732142857142857
76,0.6785714285714286
68,0.6071428571428571
98,0.875
49,0.4375
64,0.5714285714285714
59,0.5267857142857143
13,0.11607142857142858
43,0.38392857142857145
4,0.03571428571428571
20,0.17857142857142858
27,0.24107142857142858
26,0.23214285714285715
30,0.26785714285714285
67,0.5982142857142857
69,0.6160714285714286
47,0.41964285714285715
94,0.8392857142857143
36,0.32142857142857145
24,0.21428571428571427
55,0.49107142857142855
76,0.6785714285714286
46,0.4107142857142857
79,0.7053571428571429
40,0.35714285714285715
25,0.22321428571428573
48,0.42857142857142855
59,0.5267857142857143
49,0.4375
75,0.6696428571428571
17,0.15178571428571427
34,0.30357142857142855
46,0.4107142857142857
65,0.5803571428571429
54,0.48214285714285715
60,0.5357142857142857
17,0.15178571428571427
44,0.39285714285714285
43,0.38392857142857145
16,0.14285714285714285
104,0.9285714285714286
97,0.8660714285714286
63,0.5625
42,0.375
65,0.5803571428571429
44,0.39285714285714285
73,0.6517857142857143
67,0.5982142857142857
79,0.7053571428571429
82,0.7321428571428571
65,0.5803571428571429
69,0.6160714285714286
104,0.9285714285714286
67,0.5982142857142857
62,0.5535714285714286
95,0.8482142857142857
94,0.8392857142857143
48,0.42857142857142855
84,0.75
52,0.4642857142857143
81,0.7232142857142857
33,0.29464285714285715
31,0.2767857142857143
33,0.29464285714285715
47,0.41964285714285715
18,0.16071428571428573
79,0.7053571428571429
47,0.41964285714285715
31,0.2767857142857143
79,0.7053571428571429
21,0.1875
49,0.4375
47,0.41964285714285715
31,0.2767857142857143
74,0.6607142857142857
52,0.4642857142857143
69,0.6160714285714286
51,0.45535714285714285
65,0.5803571428571429
68,0.6071428571428571
50,0.44642857142857145
111,0.9910714285714286
59,0.5267857142857143
35,0.3125
65,0.5803571428571429
86,0.7678571428571429
97,0.8660714285714286
20,0.17857142857142858
1,0.008928571428571428
77,0.6875
28,0.25
94,0.8392857142857143
39,0.3482142857142857
62,0.5535714285714286
51,0.45535714285714285
23,0.20535714285714285
57,0.5089285714285714
46,0.4107142857142857
59,0.5267857142857143
61,0.5446428571428571
112,1.0
67,0.5982142857142857
50,0.44642857142857145
51,0.45535714285714285
96,0.8571428571428571
15,0.13392857142857142
53,0.4732142857142857
62,0.5535714285714286
58,0.5178571428571429
55,0.49107142857142855
63,0.5625
74,0.6607142857142857
13,0.11607142857142858
74,0.6607142857142857
78,0.6964285714285714
68,0.6071428571428571
46,0.4107142857142857
76,0.6785714285714286
34,0.30357142857142855
32,0.2857142857142857
41,0.36607142857142855
20,0.17857142857142858
46,0.4107142857142857
40,0.35714285714285715
25,0.22321428571428573
49,0.4375
65,0.5803571428571429
15,0.13392857142857142
111,0.9910714285714286
37,0.33035714285714285
35,0.3125
0,0.0
73,0.6517857142857143
75,0.6696428571428571
82,0.7321428571428571
55,0.49107142857142855
47,0.41964285714285715
60,0.5357142857142857
47,0.41964285714285715
27,0.24107142857142858
58,0.5178571428571429
55,0.49107142857142855
62,0.5535714285714286
72,0.6428571428571429
74,0.6607142857142857
30,0.26785714285714285
62,0.5535714285714286
53,0.4732142857142857
58,0.5178571428571429
33,0.29464285714285715
77,0.6875
33,0.29464285714285715
20,0.17857142857142858
30,0.26785714285714285
55,0.49107142857142855
31,0.2767857142857143
26,0.23214285714285715
28,0.25
70,0.625
41,0.36607142857142855
51,0.45535714285714285
27,0.24107142857142858
92,0.8214285714285714
108,0.9642857142857143
107,0.9553571428571429
47,0.41964285714285715
45,0.4017857142857143
10,0.08928571428571429
30,0.26785714285714285
82,0.7321428571428571
99,0.8839285714285714
79,0.7053571428571429
61,0.5446428571428571
56,0.5
71,0.6339285714285714
77,0.6875
31,0.2767857142857143
13,0.11607142857142858
112,1.0
81,0.7232142857142857
54,0.48214285714285715
92,0.8214285714285714
56,0.5
58,0.5178571428571429
85,0.7589285714285714
57,0.5089285714285714
50,0.44642857142857145
83,0.7410714285714286
50,0.44642857142857145
33,0.29464285714285715
37,0.33035714285714285
58,0.5178571428571429
85,0.7589285714285714
11,0.09821428571428571
76,0.6785714285714286
12,0.10714285714285714
37,0.33035714285714285
110,0.9821428571428571
59,0.5267857142857143
62,0.5535714285714286
82,0.7321428571428571
50,0.44642857142857145
60,0.5357142857142857
33,0.29464285714285715
95,0.8482142857142857
82,0.7321428571428571
26,0.23214285714285715
56,0.5
7,0.0625
58,0.5178571428571429
24,0.21428571428571427
36,0.32142857142857145
52,0.4642857142857143
55,0.49107142857142855
56,0.5
39,0.3482142857142857
73,0.6517857142857143
4,0.03571428571428571
53,0.4732142857142857
34,0.30357142857142855
18,0.16071428571428573
55,0.49107142857142855
43,0.38392857142857145
67,0.5982142857142857
8,0.07142857142857142
76,0.6785714285714286
37,0.33035714285714285
57,0.5089285714285714
35,0.3125
27,0.24107142857142858
52,0.4642857142857143
96,0.8571428571428571
78,0.6964285714285714
108,0.9642857142857143
80,0.7142857142857143
33,0.29464285714285715
61,0.5446428571428571
82,0.7321428571428571
19,0.16964285714285715
33,0.29464285714285715
39,0.3482142857142857
70,0.625
41,0.36607142857142855
67,0.5982142857142857
29,0.25892857142857145
45,0.4017857142857143
49,0.4375
78,0.6964285714285714
75,0.6696428571428571
0,0.0
86,0.7678571428571429
43,0.38392857142857145
3,0.026785714285714284
79,0.7053571428571429
112,1.0
25,0.22321428571428573
72,0.6428571428571429
40,0.35714285714285715
41,0.36607142857142855
48,0.42857142857142855
47,0.41964285714285715
112,1.0
47,0.41964285714285715
63,0.5625
78,0.6964285714285714
112,1.0
69,0.6160714285714286
112,1.0
89,0.7946428571428571
40,0.35714285714285715
42,0.375
0,0.0
1,0.008928571428571428
86,0.7678571428571429
0,0.0
52,0.4642857142857143
51,0.45535714285714285
108,0.9642857142857143
69,0.6160714285714286
50,0.44642857142857145
44,0.39285714285714285
70,0.625
19,0.16964285714285715
92,0.8214285714285714
62,0.5535714285714286
77,0.6875
70,0.625
12,0.10714285714285714
9,0.08035714285714286
33,0.29464285714285715
37,0.33035714285714285
98,0.875
70,0.625
74,0.6607142857142857
47,0.41964285714285715
75,0.6696428571428571
68,0.6071428571428571
43,0.38392857142857145
12,0.10714285714285714
58,0.5178571428571429
28,0.25
80,0.7142857142857143
84,0.75
12,0.10714285714285714
107,0.9553571428571429
47,0.41964285714285715
60,0.5357142857142857
12,0.10714285714285714
41,0.36607142857142855
51,0.45535714285714285
34,0.30357142857142855
46,0.4107142857142857
76,0.6785714285714286
95,0.8482142857142857
77,0.6875
69,0.6160714285714286
44,0.39285714285714285
31,0.2767857142857143
98,0.875
81,0.7232142857142857
82,0.7321428571428571
34,0.30357142857142855
26,0.23214285714285715
65,0.5803571428571429
36,0.32142857142857145
31,0.2767857142857143
78,0.6964285714285714
88,0.7857142857142857
38,0.3392857142857143
43,0.38392857142857145
7,0.0625
83,0.7410714285714286
84,0.75
36,0.32142857142857145
83,0.7410714285714286
49,0.4375
9,0.08035714285714286
47,0.41964285714285715
105,0.9375
76,0.6785714285714286
48,0.42857142857142855
48,0.42857142857142855
88,0.7857142857142857
86,0.7678571428571429
83,0.7410714285714286
45,0.4017857142857143
69,0.6160714285714286
99,0.8839285714285714
12,0.10714285714285714
56,0.5
48,0.42857142857142855
60,0.5357142857142857
20,0.17857142857142858
53,0.4732142857142857
28,0.25
53,0.4732142857142857
93,0.8303571428571429
61,0.5446428571428571
97,0.8660714285714286
19,0.16964285714285715
91,0.8125
53,0.4732142857142857
81,0.7232142857142857
57,0.5089285714285714
10,0.08928571428571429
46,0.4107142857142857
39,0.3482142857142857
18,0.16071428571428573
48,0.42857142857142855
82,0.7321428571428571
92,0.8214285714285714
54,0.48214285714285715
40,0.35714285714285715
67,0.5982142857142857
89,0.7946428571428571
61,0.5446428571428571
77,0.6875
103,0.9196428571428571
92,0.8214285714285714
74,0.6607142857142857
31,0.2767857142857143
22,0.19642857142857142
98,0.875
92,0.8214285714285714
80,0.7142857142857143
24,0.21428571428571427
78,0.6964285714285714
12,0.10714285714285714
17,0.15178571428571427
57,0.5089285714285714
60,0.5357142857142857
26,0.23214285714285715
7,0.0625
68,0.6071428571428571
0,0.0
1,0.008928571428571428
41,0.36607142857142855
101,0.9017857142857143
110,0.9821428571428571
52,0.4642857142857143
70,0.625
56,0.5
22,0.19642857142857142
80,0.7142857142857143
66,0.5892857142857143
81,0.7232142857142857
8,0.07142857142857142
107,0.9553571428571429
104,0.9285714285714286
30,0.26785714285714285
68,0.6071428571428571
69,0.6160714285714286
63,0.5625
82,0.7321428571428571
67,0.5982142857142857
83,0.7410714285714286
40,0.35714285714285715
51,0.45535714285714285
67,0.5982142857142857
102,0.9107142857142857
49,0.4375
83,0.7410714285714286
42,0.375
79,0.7053571428571429
27,0.24107142857142858
65,0.5803571428571429
86,0.7678571428571429
1,0.008928571428571428
89,0.7946428571428571
71,0.6339285714285714
11,0.09821428571428571
83,0.7410714285714286
44,0.39285714285714285
41,0.36607142857142855
44,0.39285714285714285
101,0.9017857142857143
51,0.45535714285714285
67,0.5982142857142857
68,0.6071428571428571
66,0.5892857142857143
10,0.08928571428571429
44,0.39285714285714285
1,0.008928571428571428
101,0.9017857142857143
26,0.23214285714285715
84,0.75
75,0.6696428571428571
68,0.6071428571428571
11,0.09821428571428571
69,0.6160714285714286
10,0.08928571428571429
76,0.6785714285714286
40,0.35714285714285715
78,0.6964285714285714
41,0.36607142857142855
101,0.9017857142857143
76,0.6785714285714286
73,0.6517857142857143
2,0.017857142857142856
80,0.7142857142857143
48,0.42857142857142855
85,0.7589285714285714
111,0.9910714285714286
31,0.2767857142857143
21,0.1875
2,0.017857142857142856
35,0.3125
84,0.75
85,0.7589285714285714
93,0.8303571428571429
99,0.8839285714285714
76,0.6785714285714286
92,0.8214285714285714
77,0.6875
42,0.375
11,0.09821428571428571
42,0.375
96,0.8571428571428571
96,0.8571428571428571
60,0.5357142857142857
100,0.8928571428571429
102,0.9107142857142857
70,0.625
67,0.5982142857142857
79,0.7053571428571429
101,0.9017857142857143
80,0.7142857142857143
7,0.0625
78,0.6964285714285714
35,0.3125
39,0.3482142857142857
84,0.75
38,0.3392857142857143
64,0.5714285714285714
1,0.008928571428571428
105,0.9375
84,0.75
8,0.07142857142857142
30,0.26785714285714285
112,1.0
99,0.8839285714285714
111,0.9910714285714286
77,0.6875
28,0.25
102,0.9107142857142857
9,0.08035714285714286
66,0.5892857142857143
106,0.9464285714285714
105,0.9375
73,0.6517857142857143
42,0.375
9,0.08035714285714286
41,0.36607142857142855
102,0.9107142857142857
77,0.6875
89,0.7946428571428571
106,0.9464285714285714
71,0.6339285714285714
100,0.8928571428571429
103,0.9196428571428571
75,0.6696428571428571
108,0.9642857142857143
85,0.7589285714285714
37,0.33035714285714285
38,0.3392857142857143
54,0.48214285714285715
100,0.8928571428571429
38,0.3392857142857143
4,0.03571428571428571
68,0.6071428571428571
105,0.9375
6,0.05357142857142857
74,0.6607142857142857
17,0.15178571428571427
41,0.36607142857142855
30,0.26785714285714285
35,0.3125
79,0.7053571428571429
49,0.4375
87,0.7767857142857143
70,0.625
97,0.8660714285714286
107,0.9553571428571429
7,0.0625
14,0.125
13,0.11607142857142858
104,0.9285714285714286
100,0.8928571428571429
37,0.33035714285714285
93,0.8303571428571429
12,0.10714285714285714
79,0.7053571428571429
43,0.38392857142857145
101,0.9017857142857143
65,0.5803571428571429
80,0.7142857142857143
108,0.9642857142857143
18,0.16071428571428573
54,0.48214285714285715
69,0.6160714285714286
58,0.5178571428571429
43,0.38392857142857145
66,0.5892857142857143
61,0.5446428571428571
28,0.25
73,0.6517857142857143
76,0.6785714285714286
24,0.21428571428571427
81,0.7232142857142857
13,0.11607142857142858
103,0.9196428571428571
58,0.5178571428571429
42,0.375
49,0.4375
102,0.9107142857142857
31,0.2767857142857143
9,0.08035714285714286
56,0.5
102,0.9107142857142857
14,0.125
39,0.3482142857142857
59,0.5267857142857143
56,0.5
92,0.8214285714285714
94,0.8392857142857143
59,0.5267857142857143
102,0.9107142857142857
4,0.03571428571428571
52,0.4642857142857143
45,0.4017857142857143
8,0.07142857142857142
52,0.4642857142857143
55,0.49107142857142855
27,0.24107142857142858
8,0.07142857142857142
53,0.4732142857142857
98,0.875
73,0.6517857142857143
85,0.7589285714285714
53,0.4732142857142857
10,0.08928571428571429
54,0.48214285714285715
105,0.9375
105,0.9375
78,0.6964285714285714
57,0.5089285714285714
94,0.8392857142857143
59,0.5267857142857143
96,0.8571428571428571
105,0.9375
105,0.9375
9,0.08035714285714286
14,0.125
54,0.48214285714285715
55,0.49107142857142855
10,0.08928571428571429
62,0.5535714285714286
14,0.125
68,0.6071428571428571
6,0.05357142857142857
48,0.42857142857142855
16,0.14285714285714285
108,0.9642857142857143
6,0.05357142857142857
11,0.09821428571428571
10,0.08928571428571429
62,0.5535714285714286
43,0.38392857142857145
10,0.08928571428571429
15,0.13392857142857142
23,0.20535714285714285
14,0.125
68,0.6071428571428571
41,0.36607142857142855
66,0.5892857142857143
45,0.4017857142857143
96,0.8571428571428571
36,0.32142857142857145
43,0.38392857142857145
66,0.5892857142857143
15,0.13392857142857142
69,0.6160714285714286
63,0.5625
43,0.38392857142857145
54,0.48214285714285715
14,0.125
78,0.6964285714285714
18,0.16071428571428573
80,0.7142857142857143
68,0.6071428571428571
67,0.5982142857142857
14,0.125
103,0.9196428571428571
70,0.625
7,0.0625
69,0.6160714285714286
82,0.7321428571428571
49,0.4375
38,0.3392857142857143
43,0.38392857142857145
76,0.6785714285714286
75,0.6696428571428571
60,0.5357142857142857
42,0.375
58,0.5178571428571429
42,0.375
48,0.42857142857142855
64,0.5714285714285714
59,0.5267857142857143
33,0.29464285714285715
3,0.026785714285714284
50,0.44642857142857145
46,0.4107142857142857
60,0.5357142857142857
55,0.49107142857142855
13,0.11607142857142858
29,0.25892857142857145
42,0.375
80,0.7142857142857143
81,0.7232142857142857
83,0.7410714285714286
87,0.7767857142857143
46,0.4107142857142857
42,0.375
45,0.4017857142857143
72,0.6428571428571429
74,0.6607142857142857
91,0.8125
68,0.6071428571428571
77,0.6875
66,0.5892857142857143
88,0.7857142857142857
11,0.09821428571428571
14,0.125
37,0.33035714285714285
40,0.35714285714285715
25,0.22321428571428573
64,0.5714285714285714
26,0.23214285714285715
64,0.5714285714285714
60,0.5357142857142857
33,0.29464285714285715
40,0.35714285714285715
74,0.6607142857142857
16,0.14285714285714285
81,0.7232142857142857
76,0.6785714285714286
27,0.24107142857142858
110,0.9821428571428571
66,0.5892857142857143
62,0.5535714285714286
23,0.20535714285714285
91,0.8125
56,0.5
48,0.42857142857142855
42,0.375
34,0.30357142857142855
26,0.23214285714285715
103,0.9196428571428571
59,0.5267857142857143
64,0.5714285714285714
82,0.7321428571428571
13,0.11607142857142858
41,0.36607142857142855
88,0.7857142857142857
42,0.375
75,0.6696428571428571
97,0.8660714285714286
58,0.5178571428571429
53,0.4732142857142857
61,0.5446428571428571
53,0.4732142857142857
71,0.6339285714285714
73,0.6517857142857143
88,0.7857142857142857
59,0.5267857142857143
68,0.6071428571428571
64,0.5714285714285714
73,0.6517857142857143
50,0.44642857142857145
83,0.7410714285714286
71,0.6339285714285714
52,0.4642857142857143
81,0.7232142857142857
53,0.4732142857142857
26,0.23214285714285715
55,0.49107142857142855
22,0.19642857142857142
26,0.23214285714285715
47,0.41964285714285715
61,0.5446428571428571
48,0.42857142857142855
89,0.7946428571428571
57,0.5089285714285714
78,0.6964285714285714
100,0.8928571428571429
56,0.5
61,0.5446428571428571
87,0.7767857142857143
89,0.7946428571428571
83,0.7410714285714286
42,0.375
90,0.8035714285714286
67,0.5982142857142857
50,0.44642857142857145
13,0.11607142857142858
70,0.625
83,0.7410714285714286
73,0.6517857142857143
100,0.8928571428571429
39,0.3482142857142857
78,0.6964285714285714
67,0.5982142857142857
82,0.7321428571428571
51,0.45535714285714285
41,0.36607142857142855
21,0.1875
41,0.36607142857142855
86,0.7678571428571429
64,0.5714285714285714
34,0.30357142857142855
55,0.49107142857142855
39,0.3482142857142857
79,0.7053571428571429
75,0.6696428571428571
80,0.7142857142857143
47,0.41964285714285715
62,0.5535714285714286
28,0.25
51,0.45535714285714285
26,0.23214285714285715
35,0.3125
58,0.5178571428571429
33,0.29464285714285715
66,0.5892857142857143
84,0.75
16,0.14285714285714285
38,0.3392857142857143
33,0.29464285714285715
37,0.33035714285714285
29,0.25892857142857145
42,0.375
23,0.20535714285714285
65,0.5803571428571429
29,0.25892857142857145
51,0.45535714285714285
55,0.49107142857142855
32,0.2857142857142857
91,0.8125
88,0.7857142857142857
40,0.35714285714285715
93,0.8303571428571429
62,0.5535714285714286
61,0.5446428571428571
43,0.38392857142857145
55,0.49107142857142855
34,0.30357142857142855
65,0.5803571428571429
51,0.45535714285714285
44,0.39285714285714285
32,0.2857142857142857
92,0.8214285714285714
44,0.39285714285714285
35,0.3125
77,0.6875
1,0.008928571428571428
45,0.4017857142857143
39,0.3482142857142857
40,0.35714285714285715
33,0.29464285714285715
70,0.625
49,0.4375
44,0.39285714285714285
45,0.4017857142857143
50,0.44642857142857145
65,0.5803571428571429
37,0.33035714285714285
55,0.49107142857142855
65,0.5803571428571429
55,0.49107142857142855
38,0.3392857142857143
68,0.6071428571428571
70,0.625
89,0.7946428571428571
68,0.6071428571428571
74,0.6607142857142857
39,0.3482142857142857
39,0.3482142857142857
53,0.4732142857142857
56,0.5
30,0.26785714285714285
70,0.625
63,0.5625
65,0.5803571428571429
32,0.2857142857142857
43,0.38392857142857145
88,0.7857142857142857
64,0.5714285714285714
84,0.75
58,0.5178571428571429
81,0.7232142857142857
8,0.07142857142857142
82,0.7321428571428571
42,0.375
68,0.6071428571428571
47,0.41964285714285715
47,0.41964285714285715
48,0.42857142857142855
42,0.375
51,0.45535714285714285
61,0.5446428571428571
49,0.4375
96,0.8571428571428571
85,0.7589285714285714
44,0.39285714285714285
29,0.25892857142857145
50,0.44642857142857145
30,0.26785714285714285
53,0.4732142857142857
78,0.6964285714285714
22,0.19642857142857142
66,0.5892857142857143
41,0.36607142857142855
36,0.32142857142857145
45,0.4017857142857143
68,0.6071428571428571
44,0.39285714285714285
67,0.5982142857142857
50,0.44642857142857145
41,0.36607142857142855
81,0.7232142857142857
73,0.6517857142857143
71,0.6339285714285714
