0.022222222222222223 0.0 0.0 0.6059544422057322 0.020968458462905376 0.0 0.9790925124258458
0.008888888888888889 0.23788546255506604 0.08743169398907102 0.6612057103543171 0.009477269361765142 0.04761904761904767 0.990251723585057
0.022222222222222223 0.0 0.0 0.6033915535024926 0.02093884199614986 0.0 0.979284912618246
0.011111111111111112 0.1277533039647577 0.021857923497267784 0.6266064671482628 0.011698504368428847 0.0 0.9882315215648549
0.013333333333333334 0.07488986784140972 0.016393442622950838 0.6184485724114207 0.013919739375092551 0.0 0.9861471861471862
0.015555555555555555 0.04405286343612336 0.010928961748633892 0.6092602830605925 0.01581519324744558 0.0 0.9844797178130512
0.017777777777777778 0.026431718061673992 0.010928961748633892 0.618267043659569 0.01782911298682067 0.0 0.9827160493827161
0.02 0.013215859030836996 0.005464480874316946 0.6016470377699737 0.019250703391085443 0.0 0.9808561808561809
0.02 0.013215859030836996 0.005464480874316946 0.6035151339363155 0.019635717458907152 0.0 0.9804393137726471
0.022222222222222223 0.0 0.0 0.6059057092622625 0.021353472530727086 0.0 0.978675645342312
0.02 0.013215859030836996 0.0 0.6060629829979675 0.019487635125129573 0.0 0.9804072470739138
0.02 0.013215859030836996 0.005464480874316946 0.6078406630683462 0.019369169258107506 0.0 0.9810165143498477
0.02 0.013215859030836996 0.005464480874316946 0.6001795380020354 0.019221086924329927 0.0 0.9810485810485811