0.008888888888888889 0.23348017621145378 0.049180327868852514 0.5973684210526315 0.00888494002665482 0.0 0.9909251242584576
0.011111111111111112 0.12334801762114533 0.032786885245901676 0.5859210526315789 0.010721160965496817 0.0 0.9892255892255892
0.015555555555555555 0.04405286343612336 0.016393442622950838 0.605444575491015 0.01513401451206871 0.0 0.9852172518839186
0.011111111111111112 0.12334801762114533 0.032786885245901676 0.5904798761609906 0.010958092699540945 0.0 0.9891293891293892
0.013333333333333334 0.07488986784140972 0.016393442622950838 0.6025040133012268 0.013297793573226715 0.0 0.98666025332692
0.017777777777777778 0.022026431718061623 0.0 0.6062628560196007 0.01738486598548793 0.0 0.9827481160814494
0.02 0.008810572687224627 0.0 0.6168336145374329 0.019872649192951283 0.0 0.980246913580247
0.017777777777777778 0.022026431718061623 0.0 0.6022979586571469 0.017266400118465867 0.0 0.9829725829725829
0.022222222222222223 0.0 0.0 0.6054685103911113 0.021768103065304308 0.0 0.9787077120410455
0.02 0.008810572687224627 0.0 0.6144525085862805 0.019665333925662668 0.0 0.9805034471701138
0.02 0.008810572687224627 0.0 0.6146567569522935 0.01978379979268473 0.0 0.9804713804713805