0.024444444444444446 0.0 0.0 0.6169405147655924 0.023160077002813563 0.0 0.9771043771043771
0.0044444444444444444 0.5374449339207048 0.2896174863387978 0.6111111111111112 0.0045017029468384425 0.1428571428571429 0.9953823953823954
0.024444444444444446 0.0 0.0 0.6181507441646762 0.023456241670368725 0.0 0.9767195767195768
0.008888888888888889 0.19823788546255505 0.049180327868852514 0.5854288499025341 0.009210721160965496 0.0 0.9906685906685907
0.006666666666666667 0.3083700440528634 0.07650273224043713 0.5782651072124757 0.006959869687546276 0.0 0.9929132595799263
0.011111111111111112 0.11013215859030834 0.05464480874316935 0.5677640178878569 0.011046942099807493 0.0 0.9889690556357223
0.013333333333333334 0.07488986784140972 0.02732240437158473 0.5961724572870082 0.013238560639715681 0.0 0.9867564534231201
0.015555555555555555 0.04405286343612336 0.016393442622950838 0.5991683222996801 0.015163630978824226 0.0 0.9849286515953183
0.017777777777777778 0.026431718061673992 0.016393442622950838 0.605532520025554 0.017207167184954835 0.0 0.9829084495751162
0.02 0.008810572687224627 0.005464480874316946 0.6143090910828269 0.019309936324596474 0.0 0.9806317139650473
0.015555555555555555 0.04405286343612336 0.016393442622950838 0.5940205321894839 0.01551902857989042 0.0 0.9848003848003848
0.022222222222222223 0.004405286343612369 0.0 0.6127700672411716 0.021205390196949503 0.0 0.9788039121372455
0.024444444444444446 0.0 0.0 0.613837011801408 0.023130460536058047 0.0 0.977008177008177
0.013333333333333334 0.07488986784140972 0.032786885245901676 0.595193211787639 0.013149711239449134 0.0 0.9867885201218535
0.017777777777777778 0.026431718061673992 0.005464480874316946 0.5960009914897132 0.01723678365171035 0.0 0.9830367163700497
0.015555555555555555 0.04405286343612336 0.021857923497267784 0.5908734253935493 0.015400562712868354 0.0 0.9848645181978516
0.02 0.008810572687224627 0.005464480874316946 0.6097307027099339 0.01928031985784096 0.0 0.9808241141574475
0.022222222222222223 0.004405286343612369 0.0 0.619095683107551 0.021560787798015697 0.0 0.9785153118486452
0.024444444444444446 0.0 0.0 0.6225670004230376 0.02327854286983563 0.0 0.9767516434183101
0.022222222222222223 0.004405286343612369 0.0 0.6085671496068813 0.021116540796682955 0.0 0.979028379028379
0.024444444444444446 0.0 0.0 0.6220238000733357 0.02333777580334666 0.0 0.97665544332211
0.022222222222222223 0.004405286343612369 0.0 0.6229816644006532 0.02129423959721605 0.0 0.9787077120410453
0.017777777777777778 0.026431718061673992 0.010928961748633892 0.6098814745196323 0.017296016585221383 0.0 0.9826839826839827
0.022222222222222223 0.004405286343612369 0.005464480874316946 0.6070041850898406 0.020909225529394344 0.0 0.979284912618246
0.022222222222222223 0.004405286343612369 0.005464480874316946 0.6173937966249629 0.021027691396416408 0.0 0.9788680455347122
0.017777777777777778 0.026431718061673992 0.016393442622950838 0.6028111025111799 0.01738486598548793 0.0 0.9828443161776496
0.015555555555555555 0.04405286343612336 0.005464480874316946 0.6039537159893196 0.015578261513401451 0.0 0.9843514510181177
0.022222222222222223 0.004405286343612369 0.0 0.6151418547625979 0.02162002073152673 0.0 0.9787718454385121
0.024444444444444446 0.0 0.0 0.6200150073524687 0.0230416111357915 0.0 0.9771685105018438
0.013333333333333334 0.07488986784140972 0.049180327868852514 0.577513391321441 0.012912779505405005 0.0 0.9874298540965207
0.022222222222222223 0.004405286343612369 0.0 0.613864265154255 0.021264623130460535 0.0 0.9787077120410453
0.022222222222222223 0.004405286343612369 0.0 0.616294357899105 0.021590404264771212 0.0 0.978675645342312
0.024444444444444446 0.0 0.0 0.6237760390624169 0.02327854286983563 0.0 0.9766875100208434