0.022222222222222223 0.0 0.0 0.6106631103483531 0.021264623130460535 0.0 0.9788359788359788
0.011111111111111112 0.12334801762114533 0.016393442622950838 0.6094100447196421 0.011757737301939878 0.0 0.9883597883597883
0.022222222222222223 0.0 0.0 0.6089642826691332 0.021501554864504665 0.0 0.9787397787397788
0.013333333333333334 0.08370044052863435 0.005464480874316946 0.5936928325086218 0.01347549237375981 0.0 0.9865961199294533
0.015555555555555555 0.04405286343612336 0.010928961748633892 0.5953650623542265 0.015370946246112838 0.0 0.9848003848003848
0.017777777777777778 0.022026431718061623 0.010928961748633892 0.5985366531902908 0.017118317784688288 0.0 0.9829405162738496
0.015555555555555555 0.04405286343612336 0.010928961748633892 0.5941000691774685 0.01513401451206871 0.0 0.9849607182940516
0.02 0.004405286343612369 0.0 0.5995427716370698 0.019161853990818895 0.0 0.9810806477473144
0.017777777777777778 0.022026431718061623 0.0 0.5956764740309078 0.017147934251443803 0.0 0.9828443161776496
0.022222222222222223 0.0 0.0 0.6095327381214896 0.021175773730193987 0.0 0.9790604457271124
0.013333333333333334 0.08370044052863435 0.010928961748633892 0.5924272093002743 0.013386642973493262 0.0 0.9868205868205868
0.022222222222222223 0.0 0.0 0.6102217837202358 0.021501554864504665 0.0 0.9785473785473786
0.022222222222222223 0.0 0.0 0.6083721296285797 0.02153117133126018 0.0 0.9784511784511785
0.022222222222222223 0.0 0.0 0.6094526632065334 0.021560787798015697 0.0 0.9786435786435786
0.022222222222222223 0.0 0.0 0.6089237936890156 0.02123500666370502 0.0 0.978932178932179