0.022222222222222223 0.0 0.0 0.6066172396383955 0.021175773730193987 0.0 0.979028379028379
0.006666666666666667 0.32599118942731276 0.19672131147540983 0.5555555555555556 0.006574855619724567 0.04761904761904767 0.9932659932659933
0.008888888888888889 0.1806167400881057 0.03825136612021862 0.6085827313381492 0.009329187027987561 0.0 0.9904441237774572
0.013333333333333334 0.06167400881057272 0.016393442622950838 0.6065666208003669 0.013505108840515326 0.0 0.9865961199294533
0.011111111111111112 0.1145374449339207 0.032786885245901676 0.6001578087375302 0.011283873833851621 0.0 0.988680455347122
0.015555555555555555 0.03964757709251099 0.005464480874316946 0.6147920864252133 0.015637494446912484 0.0 0.9846079846079846
0.017777777777777778 0.022026431718061623 0.005464480874316946 0.6047262764755024 0.01762179771953206 0.0 0.9824915824915825
0.02 0.008810572687224627 0.005464480874316946 0.6012394165193444 0.01919147045757441 0.0 0.9809844476511144
0.02 0.008810572687224627 0.005464480874316946 0.6075605707120154 0.019458018658374057 0.0 0.9807920474587142
0.017777777777777778 0.022026431718061623 0.016393442622950838 0.5968534343561985 0.017059084851177256 0.0 0.9830367163700497
0.017777777777777778 0.022026431718061623 0.005464480874316946 0.6101282618310481 0.0173256330519769 0.0 0.9826839826839827
0.017777777777777778 0.022026431718061623 0.005464480874316946 0.604751527804104 0.01723678365171035 0.0 0.9829084495751162
0.02 0.008810572687224627 0.005464480874316946 0.6051073523951492 0.01928031985784096 0.0 0.980695847362514