0.024444444444444446 0.0 0.0 0.6163834050366559 0.024226269806012144 0.0 0.9760782427449094
0.0022222222222222222 0.748898678414097 0.5737704918032787 1.0 0.002132385606397157 0.33333333333333337 0.9977232643899311
0.024444444444444446 0.0 0.0 0.6199924275930468 0.024344735673034208 0.0 0.975693442360109
0.0044444444444444444 0.46696035242290745 0.2295081967213115 0.45 0.004560935880349474 0.04761904761904767 0.9954465287798622
0.006666666666666667 0.2819383259911894 0.1202185792349727 0.5350877192982456 0.006752554420257663 0.0 0.99323392656726
0.008888888888888889 0.17180616740088106 0.06557377049180324 0.5825020066506134 0.008944172960165852 0.0 0.9911495911495911
0.011111111111111112 0.09691629955947134 0.03825136612021862 0.5933974028207775 0.01122464090034059 0.0 0.9887766554433222
0.013333333333333334 0.06167400881057272 0.032786885245901676 0.6067093796582961 0.013386642973493262 0.0 0.9866281866281866
0.013333333333333334 0.06167400881057272 0.02732240437158473 0.6195820433436533 0.013505108840515326 0.0 0.9865319865319866
0.015555555555555555 0.03964757709251099 0.02732240437158473 0.6042571999560058 0.015252480379090775 0.0 0.9852172518839185
0.017777777777777778 0.022026431718061623 0.021857923497267784 0.597516572418441 0.017059084851177256 0.0 0.9828763828763829
0.017777777777777778 0.022026431718061623 0.016393442622950838 0.6130901922172376 0.017503331852509997 0.0 0.9829084495751162
0.02 0.013215859030836996 0.010928961748633892 0.6067718656663446 0.019665333925662668 0.0 0.9802789802789803
0.02 0.013215859030836996 0.010928961748633892 0.6095149536422757 0.0197245668591737 0.0 0.9801827801827802
0.022222222222222223 0.004405286343612369 0.0 0.6098659502787471 0.022005034799348438 0.0 0.9782267115600449
0.024444444444444446 0.0 0.0 0.6144189805722314 0.023900488671701466 0.0 0.9765271765271766
0.006666666666666667 0.2819383259911894 0.1311475409836066 0.5388888888888889 0.006752554420257663 0.0 0.9931377264710598
0.024444444444444446 0.0 0.0 0.616826011106197 0.024048571005479046 0.0 0.9762065095398429
0.015555555555555555 0.03964757709251099 0.021857923497267784 0.6013571217960868 0.01513401451206871 0.0 0.984992784992785
0.022222222222222223 0.004405286343612369 0.005464480874316946 0.6143711969718163 0.02173848659854879 0.0 0.9782267115600449
0.024444444444444446 0.0 0.0 0.6190245444270212 0.024492818006811787 0.0 0.9756613756613757
0.015555555555555555 0.03964757709251099 0.016393442622950838 0.6175352597179222 0.015548645046645935 0.0 0.984640051306718
0.022222222222222223 0.004405286343612369 0.005464480874316946 0.6092702417599221 0.021708870131793276 0.0 0.9784191117524451
0.024444444444444446 0.0 0.0 0.6190642845286808 0.02416703687250111 0.0 0.975949975949976
0.013333333333333334 0.06167400881057272 0.02732240437158473 0.6068896915491343 0.013505108840515326 0.0 0.9866923200256533
0.022222222222222223 0.004405286343612369 0.0 0.6161225913367298 0.022005034799348438 0.0 0.9778739778739779
0.013333333333333334 0.06167400881057272 0.032786885245901676 0.598784543056989 0.013297793573226715 0.0 0.9868526535193202
0.024444444444444446 0.0 0.0 0.6255492469346959 0.02401895453872353 0.0 0.9759179092512426
0.022222222222222223 0.004405286343612369 0.0 0.6095247650717208 0.022005034799348438 0.0 0.9782267115600449
0.024444444444444446 0.0 0.0 0.6199334007925339 0.02440396860654524 0.0 0.9757255090588424