0.02 0.0 0.0 0.6021044407041569 0.019221086924329927 0.0 0.9809844476511144
0.006666666666666667 0.33920704845814975 0.10382513661202186 0.612280701754386 0.007019102621057308 0.04761904761904767 0.9926567259900594
0.02 0.0 0.0 0.6020170225085085 0.019221086924329927 0.0 0.9809844476511144
0.008888888888888889 0.18502202643171806 0.04371584699453557 0.5782536406375416 0.009092255293943433 0.0 0.9908609908609909
0.013333333333333334 0.06607929515418498 0.021857923497267784 0.6106137484233458 0.013445875907004294 0.0 0.9865319865319866
0.011111111111111112 0.09691629955947134 0.021857923497267784 0.5936515307877537 0.011461572634384718 0.0 0.9885521885521885
0.017777777777777778 0.017621145374449365 0.0 0.5951438014477045 0.017118317784688288 0.0 0.9829725829725829
0.015555555555555555 0.048458149779735726 0.005464480874316946 0.58853640646542 0.015193247445579742 0.0 0.9848645181978516
0.017777777777777778 0.017621145374449365 0.0 0.5977631825334722 0.017444098918998962 0.0 0.9825557158890492
0.015555555555555555 0.048458149779735726 0.0 0.5859802963020565 0.01513401451206871 0.0 0.984992784992785
0.017777777777777778 0.017621145374449365 0.0 0.5966867212472032 0.017355249518732414 0.0 0.9827801827801828
0.02 0.0 0.0 0.610658128898583 0.019487635125129573 0.0 0.980246913580247
0.017777777777777778 0.017621145374449365 0.0 0.5977631825334722 0.01738486598548793 0.0 0.9825557158890492
0.017777777777777778 0.017621145374449365 0.0 0.6035609182944431 0.01723678365171035 0.0 0.9825557158890492
0.02 0.0 0.0 0.6058913781437002 0.019487635125129573 0.0 0.9804072470739138
0.017777777777777778 0.017621145374449365 0.005464480874316946 0.5965374729513936 0.017355249518732414 0.0 0.9827801827801828
0.015555555555555555 0.048458149779735726 0.005464480874316946 0.627978442839124 0.01602250851473419 0.0 0.9839666506333173
0.015555555555555555 0.048458149779735726 0.005464480874316946 0.5880478777205889 0.01528209684584629 0.0 0.9848645181978516
0.017777777777777778 0.017621145374449365 0.0 0.6006647598310578 0.017532948319265513 0.0 0.9825557158890492
0.02 0.0 0.0 0.6068968704965866 0.019250703391085443 0.0 0.9807920474587142
0.017777777777777778 0.017621145374449365 0.0 0.594777404889081 0.017266400118465867 0.0 0.9829725829725829
0.02 0.0 0.0 0.6036008615471979 0.019369169258107506 0.0 0.9806637806637807
0.02 0.0 0.0 0.6046240275987438 0.01928031985784096 0.0 0.9808882475549142