0.022222222222222223 0.0 0.0 0.6136752346762668 0.02162002073152673 0.0 0.9784511784511785
0.0044444444444444444 0.4713656387665198 0.24590163934426235 0.5789473684210527 0.004945949948171183 0.09523809523809523 0.9952220618887285
0.008888888888888889 0.1674008810572687 0.032786885245901676 0.6321637426900585 0.00956611876203169 0.0 0.9905082571749239
0.011111111111111112 0.11013215859030834 0.016393442622950838 0.6348538011695906 0.011787353768695394 0.0 0.9880711880711881
0.017777777777777778 0.017621145374449365 0.010928961748633892 0.5959984331114363 0.017059084851177256 0.0 0.9830367163700497
0.013333333333333334 0.07488986784140972 0.010928961748633892 0.6042532393074188 0.013653191174292907 0.0 0.9864678531345198
0.015555555555555555 0.04405286343612336 0.0 0.6194757727652463 0.01611135791500074 0.0 0.9840628507295174
0.02 0.008810572687224627 0.0 0.6010359255038048 0.019546868058640605 0.0 0.980695847362514
0.013333333333333334 0.07488986784140972 0.005464480874316946 0.6109881320949433 0.013771657041314972 0.0 0.9864037197370531
0.02 0.008810572687224627 0.0 0.6036989180887531 0.019635717458907152 0.0 0.9804713804713805
0.022222222222222223 0.0 0.0 0.6145202256941165 0.021708870131793276 0.0 0.9782267115600449
0.013333333333333334 0.07488986784140972 0.010928961748633892 0.6042532393074188 0.013505108840515326 0.0 0.98666025332692
0.015555555555555555 0.04405286343612336 0.005464480874316946 0.6200685537372843 0.015992892047978675 0.0 0.9841590508257175
0.015555555555555555 0.04405286343612336 0.005464480874316946 0.6151804873996382 0.015696727380423516 0.0 0.9844797178130512
0.015555555555555555 0.04405286343612336 0.010928961748633892 0.6020459645846642 0.015548645046645935 0.0 0.9846079846079846
0.006666666666666667 0.31277533039647576 0.15300546448087426 0.6091617933723197 0.006959869687546276 0.04761904761904767 0.9931697931697931