0.022222222222222223 0.0 0.0 0.6103032499549527 0.021205390196949503 0.0 0.9791245791245792
0.0044444444444444444 0.5110132158590308 0.20218579234972678 0.5789473684210527 0.004797867614393603 0.09523809523809523 0.9952541285874619
0.006666666666666667 0.2599118942731278 0.049180327868852514 0.5938596491228071 0.007374500222123501 0.0 0.9925925925925926
0.008888888888888889 0.19383259911894268 0.02732240437158473 0.6460038986354776 0.009832666962831334 0.0 0.9901555234888568
0.011111111111111112 0.13215859030837007 0.032786885245901676 0.5992397660818714 0.011135791500074042 0.0 0.9888087221420555
0.013333333333333334 0.07488986784140972 0.021857923497267784 0.6100925925925925 0.01332741003998223 0.0 0.9864037197370531
0.015555555555555555 0.04405286343612336 0.005464480874316946 0.6124290944447954 0.015607877980156967 0.0 0.9844476511143178
0.017777777777777778 0.022026431718061623 0.005464480874316946 0.6066574217406259 0.01747371538575448 0.0 0.9825877825877826
0.02 0.008810572687224627 0.0 0.602872068568018 0.019102621057307864 0.0 0.9810485810485811
0.02 0.008810572687224627 0.0 0.6093479637694031 0.01919147045757441 0.0 0.9808241141574475
0.02 0.008810572687224627 0.0 0.618829310476627 0.019487635125129573 0.0 0.9805355138688472
0.02 0.008810572687224627 0.0 0.6130755981729922 0.019458018658374057 0.0 0.9806637806637807
0.015555555555555555 0.04405286343612336 0.010928961748633892 0.604121882671197 0.015489412113134904 0.0 0.9844476511143178
0.02 0.008810572687224627 0.0 0.6000209275493071 0.019013771657041316 0.0 0.9812730479397146
0.017777777777777778 0.022026431718061623 0.005464480874316946 0.622268249405025 0.01776988005330964 0.0 0.9822991822991823
0.02 0.008810572687224627 0.0 0.6105004477424496 0.019309936324596474 0.0 0.9809844476511144