0.02666666666666667 0.0 0.0 0.617536388763169 0.02517399674218866 0.0 0.9750200416867084
0.0044444444444444444 0.4845814977973568 0.2295081967213115 0.5789473684210527 0.00459055234710499 0.09523809523809523 0.9951899951899952
0.02666666666666667 0.0 0.0 0.6202427238224452 0.026062490744854137 0.0 0.9738977072310406
0.022222222222222223 0.004405286343612369 0.0 0.6114484331744394 0.022005034799348438 0.0 0.9782267115600449
0.008888888888888889 0.21145374449339205 0.05464480874316935 0.5968810916179337 0.009329187027987561 0.0 0.9907647907647907
0.011111111111111112 0.13215859030837007 0.016393442622950838 0.6229222566219471 0.011698504368428847 0.0 0.9882635882635883
0.011111111111111112 0.13215859030837007 0.010928961748633892 0.6447768317853457 0.011994669035984007 0.0 0.987974987974988
0.013333333333333334 0.09251101321585908 0.021857923497267784 0.6092672858617132 0.013416259440248778 0.0 0.9864357864357864
0.015555555555555555 0.06167400881057272 0.010928961748633892 0.5984897760273701 0.014867466311269065 0.0 0.9852172518839186
0.017777777777777778 0.03524229074889873 0.010928961748633892 0.60828241384273 0.01685176958388864 0.0 0.9831970498637166
0.02 0.017621145374449365 0.010928961748633892 0.6067025884427847 0.018865689323263733 0.0 0.9814654481321148
0.02 0.017621145374449365 0.016393442622950838 0.6026705240875778 0.019250703391085443 0.0 0.9812409812409812
0.02666666666666667 0.0 0.0 0.6127349437914453 0.02558862727676588 0.0 0.9745711079044412
0.017777777777777778 0.03524229074889873 0.010928961748633892 0.6017060332905092 0.016822153117133126 0.0 0.9832932499599166
0.02 0.017621145374449365 0.010928961748633892 0.6064148490780328 0.01928031985784096 0.0 0.9810485810485811
0.02666666666666667 0.0 0.0 0.627058501497356 0.026447504812675847 0.0 0.9739939073272407
0.02666666666666667 0.0 0.0 0.6147853758728372 0.025499777876499333 0.0 0.9744428411095079
0.02 0.017621145374449365 0.0 0.6057620904112132 0.01928031985784096 0.0 0.9807279140612474
0.02666666666666667 0.0 0.0 0.6196575375948442 0.02615134014512069 0.0 0.9739618406285073
0.008888888888888889 0.21145374449339205 0.09836065573770492 0.5699568570118106 0.0090330223604324 0.0 0.9910533910533911
0.02 0.017621145374449365 0.010928961748633892 0.6111331399031348 0.019369169258107506 0.0 0.9808241141574475
0.013333333333333334 0.09251101321585908 0.021857923497267784 0.6031659213392959 0.01332741003998223 0.0 0.98666025332692
0.02666666666666667 0.0 0.0 0.6202361435720569 0.02576632607729898 0.0 0.9742504409171077
0.006666666666666667 0.2819383259911894 0.05464480874316935 0.6201754385964913 0.007433733155634533 0.0 0.9926246592913259