0.024444444444444446 0.0 0.0 0.6163545123607045 0.023841255738190435 0.0 0.9761744428411095
0.011111111111111112 0.15859030837004406 0.032786885245901676 0.6164938080495357 0.011698504368428847 0.0 0.9881994548661216
0.024444444444444446 0.0 0.0 0.612437723095618 0.023308159336591146 0.0 0.9771043771043771
0.013333333333333334 0.08810572687224671 0.021857923497267784 0.6163622291021672 0.013978972308603583 0.0 0.9859868526535194
0.015555555555555555 0.048458149779735726 0.005464480874316946 0.6164875014333218 0.015933659114467643 0.0 0.9842231842231842
0.017777777777777778 0.026431718061673992 0.0 0.6241165106393435 0.017977195320598254 0.0 0.9820747154080488
0.02 0.008810572687224627 0.0 0.6212294079425145 0.0199022656597068 0.0 0.9799262465929133
0.022222222222222223 0.004405286343612369 0.0 0.6071349134945627 0.021412705464238117 0.0 0.9788039121372455
0.02 0.008810572687224627 0.0 0.613598965414626 0.019635717458907152 0.0 0.980343113676447
0.022222222222222223 0.004405286343612369 0.0 0.6270476026667978 0.021649637198282244 0.0 0.9782267115600449
0.024444444444444446 0.0 0.0 0.6143089074668023 0.023397008736857693 0.0 0.9768799102132436
0.022222222222222223 0.004405286343612369 0.0 0.6214753386734811 0.022093884199614985 0.0 0.9779060445727112
0.022222222222222223 0.004405286343612369 0.0 0.6199078578799941 0.021827335998815343 0.0 0.9783229116562451
0.024444444444444446 0.0 0.0 0.6147239633743996 0.02372278987116837 0.0 0.9764309764309764
0.024444444444444446 0.0 0.0 0.614531248764995 0.02348585813712424 0.0 0.9767837101170435
0.024444444444444446 0.0 0.0 0.6177806154973337 0.02387087220494595 0.0 0.9761744428411095
0.022222222222222223 0.004405286343612369 0.0 0.6206802755590166 0.02167925366503776 0.0 0.9784832451499118
0.022222222222222223 0.004405286343612369 0.0 0.6180426283573858 0.022005034799348438 0.0 0.9781305114638448
0.024444444444444446 0.0 0.0 0.6164576230443103 0.02357470753739079 0.0 0.9766233766233766
0.022222222222222223 0.004405286343612369 0.0 0.6255976017637526 0.02167925366503776 0.0 0.9781305114638448
0.024444444444444446 0.0 0.0 0.6182052733987718 0.023693173404412852 0.0 0.9763668430335097
0.022222222222222223 0.004405286343612369 0.0 0.6220969225896987 0.021945801865837406 0.0 0.9780984447651114
0.022222222222222223 0.004405286343612369 0.0 0.6262545115512093 0.021797719532059827 0.0 0.9780984447651114
0.02 0.008810572687224627 0.0 0.6084146402225608 0.019546868058640605 0.0 0.9805675805675806