0.02666666666666667 0.0 0.0 0.6103133579526767 0.025203613208944174 0.0 0.9753086419753086
0.006666666666666667 0.3480176211453745 0.10382513661202186 0.5995872033023736 0.007048719087812824 0.0 0.9931697931697931
0.02666666666666667 0.0 0.0 0.6122756478987129 0.025085147341922107 0.0 0.9753727753727754
0.008888888888888889 0.21145374449339205 0.05464480874316935 0.6089439284485724 0.009329187027987561 0.0 0.9907327240660574
0.011111111111111112 0.1145374449339207 0.04371584699453557 0.5853009975920193 0.011076558566563009 0.0 0.9888728555395222
0.013333333333333334 0.07048458149779735 0.021857923497267784 0.6034388258227267 0.013357026506737747 0.0 0.9865640532307199
0.015555555555555555 0.048458149779735726 0.005464480874316946 0.6151369027143022 0.01543017917962387 0.0 0.9845759179092513
0.017777777777777778 0.03083700440528636 0.005464480874316946 0.6243866406211608 0.017651414186287576 0.0 0.9824274490941157
0.02 0.013215859030836996 0.005464480874316946 0.6168658984061461 0.019635717458907152 0.0 0.9803110469777137
0.024444444444444446 0.004405286343612369 0.005464480874316946 0.6073969932716065 0.022863912335258404 0.0 0.977360910694244
0.022222222222222223 0.008810572687224627 0.0 0.6223835187096284 0.022005034799348438 0.0 0.9780663780663781
0.022222222222222223 0.008810572687224627 0.005464480874316946 0.6205209374198024 0.021560787798015697 0.0 0.9783870450537118
0.024444444444444446 0.004405286343612369 0.0 0.6275239234449764 0.023693173404412852 0.0 0.9763668430335097
0.02666666666666667 0.0 0.0 0.6138726777465167 0.025114763808677623 0.0 0.9751803751803753
0.022222222222222223 0.008810572687224627 0.005464480874316946 0.623923001949318 0.021590404264771212 0.0 0.9782267115600449
0.024444444444444446 0.004405286343612369 0.0 0.6142431192818191 0.023663556937657336 0.0 0.9766875100208434
0.022222222222222223 0.008810572687224627 0.0 0.6172654644403873 0.021708870131793276 0.0 0.9786115119448453
0.022222222222222223 0.008810572687224627 0.005464480874316946 0.6239780415090014 0.021708870131793276 0.0 0.9782587782587783
0.024444444444444446 0.004405286343612369 0.005464480874316946 0.6244404099512462 0.023160077002813563 0.0 0.9767516434183101
0.02666666666666667 0.0 0.0 0.6148920889052468 0.02478898267436695 0.0 0.9755331088664422
0.022222222222222223 0.008810572687224627 0.005464480874316946 0.6151610612756127 0.021264623130460535 0.0 0.9787718454385121
0.022222222222222223 0.008810572687224627 0.0 0.6177466405665583 0.021975418332592922 0.0 0.9782587782587783
0.02666666666666667 0.0 0.0 0.6131370764884696 0.02505553087516659 0.0 0.9751483084816418
0.022222222222222223 0.008810572687224627 0.005464480874316946 0.625807533539732 0.02185695246557086 0.0 0.9779381112714446
0.02666666666666667 0.0 0.0 0.6126787857825011 0.02517399674218866 0.0 0.9751483084816418
0.022222222222222223 0.008810572687224627 0.0 0.6244502869373874 0.021827335998815343 0.0 0.9782267115600449