0.011111111111111112 0.1409691629955947 0.07103825136612019 0.5828538871689026 0.010869243299274396 0.0 0.9892576559243226
0.024444444444444446 0.0 0.0 0.619282709894165 0.02372278987116837 0.0 0.9764951098284432
0.013333333333333334 0.08370044052863435 0.03825136612021862 0.5975212131636279 0.013208944172960166 0.0 0.9866923200256533
0.015555555555555555 0.05726872246696035 0.032786885245901676 0.5973336118072959 0.015045165111802162 0.0 0.9850889850889851
0.017777777777777778 0.03524229074889873 0.02732240437158473 0.6088992395203696 0.017266400118465867 0.0 0.9829405162738496
0.017777777777777778 0.03524229074889873 0.005464480874316946 0.612359022556391 0.017858729453576187 0.0 0.9820426487093153
0.02 0.017621145374449365 0.005464480874316946 0.6207742088063295 0.020139197393750925 0.0 0.9797979797979798
0.02 0.017621145374449365 0.005464480874316946 0.6183124785001719 0.0199022656597068 0.0 0.9802148468815136
0.022222222222222223 0.004405286343612369 0.0 0.6208903522422615 0.022005034799348438 0.0 0.9782587782587783
0.02 0.017621145374449365 0.005464480874316946 0.6145048248344172 0.019813416259440247 0.0 0.980343113676447
0.02 0.017621145374449365 0.005464480874316946 0.6208410971601117 0.019991115059973346 0.0 0.97999037999038
0.017777777777777778 0.03524229074889873 0.02732240437158473 0.609343364538798 0.0173256330519769 0.0 0.9828443161776496
0.02 0.017621145374449365 0.005464480874316946 0.6212730048159616 0.019991115059973346 0.0 0.97999037999038
0.015555555555555555 0.05726872246696035 0.02732240437158473 0.6032831261159435 0.015400562712868354 0.0 0.9846079846079846