0.022222222222222223 0.0 0.0 0.6083226584980972 0.02114615726343847 0.0 0.9793490460157127
0.006666666666666667 0.3832599118942731 0.10382513661202186 0.5929824561403509 0.006604472086480083 0.04761904761904767 0.9930415263748598
0.008888888888888889 0.2202643171806168 0.032786885245901676 0.5803405572755418 0.008973789426921367 0.0 0.9907968574635242
0.011111111111111112 0.11013215859030834 0.021857923497267784 0.5670368937048503 0.010810010365763364 0.0 0.9891614558281225
0.011111111111111112 0.11013215859030834 0.021857923497267784 0.5670368937048503 0.010750777432252332 0.0 0.9891293891293892
0.013333333333333334 0.06167400881057272 0.021857923497267784 0.5827846577227382 0.013208944172960166 0.0 0.9868847202180535
0.017777777777777778 0.008810572687224627 0.0 0.6064634187008137 0.017740263586554124 0.0 0.982267115600449
0.015555555555555555 0.03524229074889873 0.0 0.5945395994655172 0.015074781578557678 0.0 0.9851531184864518
0.013333333333333334 0.06167400881057272 0.010928961748633892 0.5839723082215343 0.013238560639715681 0.0 0.9867885201218535
0.02 0.004405286343612369 0.0 0.6147684024877007 0.019546868058640605 0.0 0.980695847362514
0.02 0.004405286343612369 0.0 0.6173342021993985 0.020198430327261957 0.0 0.9798300464967132
0.022222222222222223 0.0 0.0 0.6079357424481265 0.020909225529394344 0.0 0.9795735129068462
0.011111111111111112 0.11013215859030834 0.06557377049180324 0.5593743550051599 0.010602695098474751 0.0 0.9894500561167228
0.02 0.004405286343612369 0.0 0.6180126412163306 0.020020731526728862 0.0 0.9800224466891134
0.022222222222222223 0.0 0.0 0.6110709098454199 0.021353472530727086 0.0 0.9788359788359788
0.02 0.004405286343612369 0.0 0.6213041454398525 0.020139197393750925 0.0 0.9797659130992464
0.022222222222222223 0.0 0.0 0.6077295362589482 0.021886568932326374 0.0 0.9782587782587783
0.015555555555555555 0.03524229074889873 0.010928961748633892 0.5901696058540375 0.014926699244780097 0.0 0.9853134519801187
0.02 0.004405286343612369 0.0 0.5997127554725594 0.01933955279135199 0.0 0.9809203142536476
0.02 0.004405286343612369 0.0 0.6190135776532837 0.019872649192951283 0.0 0.9801186467853135
0.022222222222222223 0.0 0.0 0.6107547053909284 0.02147193839774915 0.0 0.9789963123296457
0.02 0.004405286343612369 0.0 0.6137260362234563 0.019872649192951283 0.0 0.980343113676447