0.022222222222222223 0.0 0.0 0.6088291450933352 0.021590404264771212 0.0 0.9787077120410455
0.0022222222222222222 0.762114537444934 0.639344262295082 1.0 0.0019546868058640606 0.38095238095238093 0.9979156645823313
0.022222222222222223 0.0 0.0 0.6087383680417738 0.02173848659854879 0.0 0.9785153118486452
0.006666666666666667 0.3348017621145375 0.12568306010928965 0.5252837977296181 0.006634088553235599 0.0 0.9932980599647266
0.0044444444444444444 0.5110132158590308 0.36612021857923494 0.5 0.00429438767954983 0.1428571428571429 0.995703062369729
0.008888888888888889 0.21585903083700442 0.021857923497267784 0.6446766425868593 0.00971420109580927 0.0 0.9901875901875902
0.011111111111111112 0.10132158590308371 0.010928961748633892 0.6157533539731681 0.011846586702206426 0.0 0.9879108545775213
0.013333333333333334 0.06607929515418498 0.02732240437158473 0.6102740511409243 0.013653191174292907 0.0 0.9862113195446529
0.015555555555555555 0.03964757709251099 0.005464480874316946 0.6205677592674497 0.01587442618095661 0.0 0.9841911175244509
0.017777777777777778 0.017621145374449365 0.005464480874316946 0.6043811586712957 0.017681030653043092 0.0 0.9824595157928492
0.02 0.008810572687224627 0.0 0.6053959344271522 0.019398785724863025 0.0 0.980695847362514
0.02 0.008810572687224627 0.005464480874316946 0.6118258425727466 0.019872649192951283 0.0 0.9804713804713805
0.02 0.008810572687224627 0.005464480874316946 0.6002409813555325 0.019221086924329927 0.0 0.9810485810485811
0.008888888888888889 0.21585903083700442 0.11475409836065575 0.5941692466460268 0.008973789426921367 0.04761904761904767 0.9908930575597242
0.022222222222222223 0.0 0.0 0.6149556132244471 0.02123500666370502 0.0 0.9789642456309123
0.015555555555555555 0.03964757709251099 0.010928961748633892 0.5960042766544313 0.015755960313934548 0.0 0.9843835177168511
0.022222222222222223 0.0 0.0 0.6104625450420086 0.021205390196949503 0.0 0.9790925124258458
0.02 0.008810572687224627 0.005464480874316946 0.6129416665826626 0.019487635125129573 0.0 0.9808561808561809
0.02 0.008810572687224627 0.005464480874316946 0.6173838893782135 0.01978379979268473 0.0 0.9804713804713805
0.02 0.008810572687224627 0.005464480874316946 0.6184690334748386 0.020020731526728862 0.0 0.9801507134840468
0.022222222222222223 0.0 0.0 0.6097895463478541 0.02153117133126018 0.0 0.9787718454385121
0.02 0.008810572687224627 0.005464480874316946 0.617199093237535 0.019754183325929216 0.0 0.9805034471701138
0.02 0.008810572687224627 0.005464480874316946 0.6101982150260015 0.019754183325929216 0.0 0.9805355138688472
0.02 0.008810572687224627 0.005464480874316946 0.6121004182149694 0.019813416259440247 0.0 0.9805355138688472