0.022222222222222223 0.0 0.0 0.6087224163101356 0.02147193839774915 0.0 0.979028379028379
0.008888888888888889 0.1806167400881057 0.049180327868852514 0.5942007797270955 0.009418036428254109 0.0 0.9905403238736572
0.011111111111111112 0.1145374449339207 0.02732240437158473 0.6106505847953217 0.011550422034651266 0.0 0.9883918550585218
0.013333333333333334 0.06607929515418498 0.016393442622950838 0.612853743836716 0.013653191174292907 0.0 0.9863395863395864
0.015555555555555555 0.03524229074889873 0.010928961748633892 0.6194935869084475 0.015726343847179032 0.0 0.9844797178130512
0.017777777777777778 0.022026431718061623 0.010928961748633892 0.6086510481385536 0.017532948319265513 0.0 0.9825557158890492
0.017777777777777778 0.022026431718061623 0.0 0.6284367475060197 0.01800681178735377 0.0 0.9822029822029822
0.02 0.008810572687224627 0.0 0.6084421634150736 0.019309936324596474 0.0 0.980952380952381
0.022222222222222223 0.0 0.0 0.6152285397589836 0.02132385606397157 0.0 0.9787397787397788
0.02 0.008810572687224627 0.0 0.6108024350090914 0.01957648452539612 0.0 0.980695847362514
0.017777777777777778 0.022026431718061623 0.0 0.6240415683817385 0.017740263586554124 0.0 0.9824595157928492
0.017777777777777778 0.022026431718061623 0.0 0.6364185586515306 0.017888345920331703 0.0 0.9821388488055155
0.02 0.008810572687224627 0.0 0.6125972099366063 0.019872649192951283 0.0 0.9802148468815136
0.022222222222222223 0.0 0.0 0.6053083664796771 0.021175773730193987 0.0 0.9793490460157127
0.022222222222222223 0.0 0.0 0.608183200623861 0.021442321930993633 0.0 0.978932178932179
0.02 0.008810572687224627 0.010928961748633892 0.6013126808405446 0.01913223752406338 0.0 0.9812089145422479