0.024444444444444446 0.0 0.0 0.6169463766367792 0.02348585813712424 0.0 0.9767195767195768
0.015555555555555555 0.07048458149779735 0.005464480874316946 0.6231168198273463 0.01602250851473419 0.0 0.9840949174282507
0.024444444444444446 0.0 0.0 0.614089445985731 0.02357470753739079 0.0 0.9765913099246433
0.017777777777777778 0.03524229074889873 0.005464480874316946 0.6328503550543024 0.0180660447208648 0.0 0.982010582010582
0.02 0.017621145374449365 0.0 0.6327420880632956 0.020228046794017473 0.0 0.9799583132916466
0.022222222222222223 0.004405286343612369 0.0 0.6216830884400545 0.021827335998815343 0.0 0.9782587782587783
0.024444444444444446 0.0 0.0 0.618860151716189 0.023545091070635273 0.0 0.9764951098284432
0.017777777777777778 0.03524229074889873 0.005464480874316946 0.6276034756007667 0.018095661187620318 0.0 0.9821067821067822
0.024444444444444446 0.0 0.0 0.6155971144438638 0.023397008736857693 0.0 0.9767195767195768
0.017777777777777778 0.03524229074889873 0.005464480874316946 0.6285556108408278 0.01836220938841996 0.0 0.9818502485169152
0.024444444444444446 0.0 0.0 0.6156797511054478 0.023160077002813563 0.0 0.9771364438031105
0.017777777777777778 0.03524229074889873 0.005464480874316946 0.6025213273568536 0.01723678365171035 0.0 0.9828122494789162
0.017777777777777778 0.03524229074889873 0.005464480874316946 0.6316270148410242 0.018243743521397897 0.0 0.9818823152156486
0.024444444444444446 0.0 0.0 0.6146339109806602 0.02348585813712424 0.0 0.9767837101170435
0.022222222222222223 0.004405286343612369 0.0 0.623524047045719 0.02185695246557086 0.0 0.9782908449575116
0.024444444444444446 0.0 0.0 0.6211541554420813 0.02327854286983563 0.0 0.9767516434183101