0.024444444444444446 0.0 0.0 0.6058004941082623 0.022715830001480822 0.0 0.977713644380311
0.017777777777777778 0.022026431718061623 0.005464480874316946 0.6040250749422575 0.017503331852509997 0.0 0.9825557158890492
0.02 0.013215859030836996 0.0 0.605571441539579 0.01951725159188509 0.0 0.9808561808561809
0.022222222222222223 0.004405286343612369 0.0 0.6034308338720105 0.02129423959721605 0.0 0.9792207792207792
0.022222222222222223 0.004405286343612369 0.0 0.6145220349348318 0.021945801865837406 0.0 0.9784511784511785
0.022222222222222223 0.004405286343612369 0.0 0.6140708798139141 0.02167925366503776 0.0 0.9787077120410455
0.02 0.013215859030836996 0.0 0.6107272538645089 0.019546868058640605 0.0 0.9806637806637807
0.022222222222222223 0.004405286343612369 0.0 0.6139362704145988 0.021708870131793276 0.0 0.978675645342312
0.022222222222222223 0.004405286343612369 0.0 0.6049984649184856 0.02114615726343847 0.0 0.9792207792207792
0.024444444444444446 0.0 0.0 0.6067721898766087 0.02274544646823634 0.0 0.9775212441879109
0.022222222222222223 0.004405286343612369 0.0 0.6143586362420212 0.02173848659854879 0.0 0.9786115119448453
0.022222222222222223 0.004405286343612369 0.0 0.6143881626724766 0.021975418332592922 0.0 0.9786115119448453
0.022222222222222223 0.004405286343612369 0.0 0.6152945954210146 0.02185695246557086 0.0 0.9785473785473786
0.022222222222222223 0.004405286343612369 0.0 0.6134788359788362 0.02185695246557086 0.0 0.978675645342312