0.024444444444444446 0.0 0.0 0.6138646741974917 0.023308159336591146 0.0 0.9774250440917108
0.011111111111111112 0.1409691629955947 0.08196721311475408 0.5908776229790161 0.010958092699540945 0.0 0.9892897226230559
0.024444444444444446 0.0 0.0 0.6134212287540464 0.02318969346956908 0.0 0.9774250440917108
0.013333333333333334 0.08370044052863435 0.049180327868852514 0.5996589512998182 0.013090478305938102 0.0 0.9872374539041205
0.015555555555555555 0.04405286343612336 0.021857923497267784 0.6186862171769291 0.01581519324744558 0.0 0.9844476511143178
0.017777777777777778 0.017621145374449365 0.005464480874316946 0.6225843407538453 0.017888345920331703 0.0 0.9823953823953824
0.02 0.013215859030836996 0.0 0.6296040004695836 0.020139197393750925 0.0 0.9802789802789803
0.022222222222222223 0.004405286343612369 0.0 0.6172466915991168 0.021886568932326374 0.0 0.9786115119448453
0.022222222222222223 0.004405286343612369 0.0 0.6191359053742957 0.02185695246557086 0.0 0.9784511784511785
0.02 0.013215859030836996 0.0 0.6264507947428484 0.019991115059973346 0.0 0.9804713804713805
0.022222222222222223 0.004405286343612369 0.005464480874316946 0.6092176729741231 0.021175773730193987 0.0 0.9791245791245792
0.02 0.013215859030836996 0.010928961748633892 0.6128189311787094 0.019546868058640605 0.0 0.9806637806637807
0.024444444444444446 0.0 0.0 0.6169760030131548 0.02342662520361321 0.0 0.977008177008177
0.022222222222222223 0.004405286343612369 0.0 0.620299011942459 0.021797719532059827 0.0 0.9785473785473786
0.02 0.013215859030836996 0.0 0.6293833712822361 0.020228046794017473 0.0 0.980343113676447
0.022222222222222223 0.004405286343612369 0.005464480874316946 0.6064971745183306 0.02114615726343847 0.0 0.9793169793169794
0.02 0.013215859030836996 0.0 0.6291917839260461 0.020198430327261957 0.0 0.9801827801827802
0.02 0.013215859030836996 0.0 0.6268118041563605 0.019991115059973346 0.0 0.9804713804713805
0.02 0.013215859030836996 0.0 0.6244986956771013 0.0199022656597068 0.0 0.980695847362514
0.015555555555555555 0.04405286343612336 0.016393442622950838 0.6119318487628969 0.015637494446912484 0.0 0.9846079846079846
0.02 0.013215859030836996 0.010928961748633892 0.6107342760916032 0.01951725159188509 0.0 0.9808561808561809
0.024444444444444446 0.0 0.0 0.6210677772519879 0.023456241670368725 0.0 0.9768157768157768
0.024444444444444446 0.0 0.0 0.6151585695006749 0.02348585813712424 0.0 0.976911976911977
0.02 0.013215859030836996 0.005464480874316946 0.6104998518375713 0.019487635125129573 0.0 0.9810485810485811
0.024444444444444446 0.0 0.0 0.6136128491391653 0.023515474603879757 0.0 0.9770723104056438
0.024444444444444446 0.0 0.0 0.6150670975051783 0.023604324004146304 0.0 0.9768478435145103
0.022222222222222223 0.004405286343612369 0.005464480874316946 0.6100167504398674 0.021175773730193987 0.0 0.9791245791245792