0.024444444444444446 0.0 0.0 0.6098401337537279 0.023130460536058047 0.0 0.9773288439955107
0.008888888888888889 0.24669603524229078 0.1693989071038251 0.5872821350762527 0.008796090626388272 0.04761904761904767 0.9912137245470579
0.024444444444444446 0.0 0.0 0.6109352177203288 0.023219309936324598 0.0 0.9771685105018438
0.011111111111111112 0.15859030837004406 0.049180327868852514 0.6214628482972137 0.011402339700873686 0.0 0.9884880551547218
0.013333333333333334 0.09691629955947134 0.016393442622950838 0.6237481366815733 0.013653191174292907 0.0 0.9862754529421196
0.015555555555555555 0.048458149779735726 0.02732240437158473 0.6146479351974707 0.01551902857989042 0.0 0.9845438512105179
0.017777777777777778 0.03083700440528636 0.010928961748633892 0.6189805088702147 0.017681030653043092 0.0 0.9825557158890492
0.02 0.013215859030836996 0.005464480874316946 0.6093536629301594 0.01933955279135199 0.0 0.9808241141574475
0.022222222222222223 0.004405286343612369 0.005464480874316946 0.6041897128403836 0.02093884199614986 0.0 0.9794773128106462
0.024444444444444446 0.0 0.0 0.6113215891748117 0.02333777580334666 0.0 0.9770402437069104
0.024444444444444446 0.0 0.0 0.6111130240900858 0.023248926403080114 0.0 0.9771685105018438
0.024444444444444446 0.0 0.0 0.6087313680783988 0.02327854286983563 0.0 0.9769761103094436
0.024444444444444446 0.0 0.0 0.6115879877229442 0.022952761735524952 0.0 0.977360910694244
0.024444444444444446 0.0 0.0 0.6107016123164447 0.023011994669035984 0.0 0.9773288439955107
0.024444444444444446 0.0 0.0 0.6090092240373692 0.02348585813712424 0.0 0.9768157768157768
0.017777777777777778 0.03083700440528636 0.005464480874316946 0.6199187130992747 0.017740263586554124 0.0 0.9823312489979157
0.024444444444444446 0.0 0.0 0.6093545838718932 0.023160077002813563 0.0 0.9773929773929774
0.024444444444444446 0.0 0.0 0.6094170953198536 0.023367392270102177 0.0 0.9771043771043771
0.024444444444444446 0.0 0.0 0.6109266177891283 0.023456241670368725 0.0 0.9768799102132436
0.024444444444444446 0.0 0.0 0.6124832835176206 0.02310084406930253 0.0 0.9771043771043771
0.024444444444444446 0.0 0.0 0.6109263050643574 0.02342662520361321 0.0 0.9767837101170435
0.02 0.013215859030836996 0.0 0.6209473467374653 0.019635717458907152 0.0 0.9805355138688472