0.024444444444444446 0.0 0.0 0.6131806729562148 0.023397008736857693 0.0 0.9765271765271766
0.015555555555555555 0.05726872246696035 0.010928961748633892 0.6105295627022739 0.015489412113134904 0.0 0.984287317620651
0.017777777777777778 0.03524229074889873 0.010928961748633892 0.6177186005981341 0.01738486598548793 0.0 0.9824595157928492
0.02 0.017621145374449365 0.0 0.6190571915900864 0.019665333925662668 0.0 0.9801507134840468
0.022222222222222223 0.004405286343612369 0.0 0.6084491656911679 0.021264623130460535 0.0 0.9788039121372455
0.022222222222222223 0.004405286343612369 0.0 0.6095108203725336 0.020998074929660892 0.0 0.9790604457271124
0.02 0.017621145374449365 0.0 0.6193260588835924 0.019398785724863025 0.0 0.9804072470739138
0.022222222222222223 0.004405286343612369 0.0 0.6068027282887966 0.020968458462905376 0.0 0.9792528459195126
0.024444444444444446 0.0 0.0 0.6145277684132175 0.023130460536058047 0.0 0.9767837101170435
0.02 0.017621145374449365 0.005464480874316946 0.6056135013984603 0.019013771657041316 0.0 0.9809203142536476
0.02 0.017621145374449365 0.0 0.6221893581994201 0.019458018658374057 0.0 0.9803110469777137