0.024444444444444446 0.0 0.0 0.6108110817630942 0.023515474603879757 0.0 0.9767516434183101
0.013333333333333334 0.11013215859030834 0.049180327868852514 0.5854258194505874 0.013208944172960166 0.0 0.9870771204104538
0.024444444444444446 0.0 0.0 0.6076835883414832 0.02348585813712424 0.0 0.9769440436107103
0.015555555555555555 0.06607929515418498 0.021857923497267784 0.5985534564703073 0.015548645046645935 0.0 0.9845759179092513
0.017777777777777778 0.026431718061673992 0.005464480874316946 0.6089367764649717 0.0180660447208648 0.0 0.982010582010582
0.02 0.013215859030836996 0.0 0.6041976629083181 0.019694950392418184 0.0 0.9804713804713805
0.022222222222222223 0.004405286343612369 0.0 0.6122997654602402 0.0221235006663705 0.0 0.9780663780663781
0.022222222222222223 0.004405286343612369 0.005464480874316946 0.6101228362090076 0.02153117133126018 0.0 0.9788680455347122
0.024444444444444446 0.0 0.0 0.6185514983812199 0.02387087220494595 0.0 0.9763347763347764
0.024444444444444446 0.0 0.0 0.609706325666078 0.023604324004146304 0.0 0.9765271765271766
0.02 0.013215859030836996 0.005464480874316946 0.6165166968346792 0.02010958092699541 0.0 0.9801186467853135
0.024444444444444446 0.0 0.0 0.6133930921160023 0.023456241670368725 0.0 0.9769440436107103
0.022222222222222223 0.004405286343612369 0.0 0.6026079643133306 0.02132385606397157 0.0 0.9788359788359788
0.024444444444444446 0.0 0.0 0.6153573275709499 0.023663556937657336 0.0 0.9766875100208434
0.024444444444444446 0.0 0.0 0.6185070914637479 0.024137420405745593 0.0 0.9761103094436429
0.024444444444444446 0.0 0.0 0.6153160479011872 0.023900488671701466 0.0 0.9762385762385762
0.024444444444444446 0.0 0.0 0.6167001453998359 0.023900488671701466 0.0 0.9762385762385762
0.022222222222222223 0.004405286343612369 0.0 0.6087407317102881 0.02173848659854879 0.0 0.9784832451499118
0.024444444444444446 0.0 0.0 0.6189424825260739 0.02381163927143492 0.0 0.9763347763347764
0.024444444444444446 0.0 0.0 0.6171332133638635 0.023959721605212498 0.0 0.9761423761423762
0.022222222222222223 0.004405286343612369 0.005464480874316946 0.6083675902509753 0.02147193839774915 0.0 0.9788359788359788
0.024444444444444446 0.0 0.0 0.6159856698169393 0.02387087220494595 0.0 0.9765271765271766
0.024444444444444446 0.0 0.0 0.618140019595128 0.024107803938990077 0.0 0.9761423761423762
0.024444444444444446 0.0 0.0 0.6160373922603025 0.023752406337923887 0.0 0.9765913099246433
0.022222222222222223 0.004405286343612369 0.005464480874316946 0.6077410374856196 0.02147193839774915 0.0 0.978932178932179
0.024444444444444446 0.0 0.0 0.6121174980849905 0.02333777580334666 0.0 0.9771364438031105
0.022222222222222223 0.004405286343612369 0.005464480874316946 0.6082179514480857 0.021560787798015697 0.0 0.9790925124258458
0.024444444444444446 0.0 0.0 0.6158279783511981 0.02387087220494595 0.0 0.9763347763347764
0.024444444444444446 0.0 0.0 0.6152975189585096 0.02401895453872353 0.0 0.9761744428411095
0.024444444444444446 0.0 0.0 0.6155791276147313 0.023959721605212498 0.0 0.9762385762385762
0.024444444444444446 0.0 0.0 0.6200797843367506 0.02401895453872353 0.0 0.9763989097322431