0.011111111111111112 0.14537444933920707 0.060109289617486295 0.5909115927072583 0.011165407966829558 0.0 0.9890011223344557
0.022222222222222223 0.0 0.0 0.6208111803725841 0.02167925366503776 0.0 0.9781305114638448
0.017777777777777778 0.017621145374449365 0.0 0.6084532277823411 0.017532948319265513 0.0 0.9824915824915825
0.02 0.008810572687224627 0.0 0.6153492903009157 0.0197245668591737 0.0 0.9804072470739138
0.02 0.008810572687224627 0.0 0.6148774885197744 0.019991115059973346 0.0 0.9800865800865801
0.013333333333333334 0.07929515418502198 0.03825136612021862 0.6046382295608302 0.013149711239449134 0.0 0.9870450537117204
0.015555555555555555 0.048458149779735726 0.010928961748633892 0.6210960407554835 0.01605212498148971 0.0 0.9839025172358505
0.008888888888888889 0.22466960352422904 0.07103825136612019 0.569891640866873 0.009062638827187917 0.0 0.9910854577521244
0.02 0.008810572687224627 0.0 0.624636533463288 0.020020731526728862 0.0 0.9798621131954466
0.02 0.008810572687224627 0.0 0.6196600058151918 0.0199022656597068 0.0 0.97999037999038
0.015555555555555555 0.048458149779735726 0.02732240437158473 0.5978909692531984 0.01513401451206871 0.0 0.9849286515953183