0.024444444444444446 0.0 0.0 0.614321393339125 0.02381163927143492 0.0 0.976302709636043
0.013333333333333334 0.10132158590308371 0.02732240437158473 0.6294335511982571 0.01386050644158152 0.0 0.9862113195446529
0.024444444444444446 0.0 0.0 0.6139973993077007 0.023545091070635273 0.0 0.9768799102132436
0.017777777777777778 0.03964757709251099 0.005464480874316946 0.6090382205513786 0.017592181252776545 0.0 0.9824274490941158
0.015555555555555555 0.07048458149779735 0.016393442622950838 0.6256132569987058 0.015844809714201095 0.0 0.984287317620651
0.015555555555555555 0.07048458149779735 0.010928961748633892 0.6210186413746784 0.01581519324744558 0.0 0.9843835177168511
0.02 0.017621145374449365 0.005464480874316946 0.6129120800366933 0.0197245668591737 0.0 0.9803751803751803
0.022222222222222223 0.004405286343612369 0.0 0.6067813398618355 0.021412705464238117 0.0 0.9788039121372455
0.024444444444444446 0.0 0.0 0.6193521967290615 0.023663556937657336 0.0 0.9764630431297098
0.017777777777777778 0.03964757709251099 0.005464480874316946 0.6094129318394025 0.017681030653043092 0.0 0.9822029822029822
0.017777777777777778 0.03964757709251099 0.0 0.6248722295935918 0.017888345920331703 0.0 0.9823953823953824
0.024444444444444446 0.0 0.0 0.617406892291497 0.02387087220494595 0.0 0.9761744428411095
0.024444444444444446 0.0 0.0 0.6163564497859462 0.023841255738190435 0.0 0.9761744428411095
0.022222222222222223 0.004405286343612369 0.0 0.6078405647213698 0.02153117133126018 0.0 0.9787397787397788
0.024444444444444446 0.0 0.0 0.6179103568352093 0.023545091070635273 0.0 0.9766233766233766
0.02 0.017621145374449365 0.005464480874316946 0.6150531045751634 0.019843032726195763 0.0 0.9803110469777137
0.02 0.017621145374449365 0.005464480874316946 0.614746732026144 0.019813416259440247 0.0 0.9801507134840468