0.011111111111111112 0.10572687224669608 0.016393442622950838 0.5975077399380805 0.011461572634384718 0.0 0.988680455347122
0.022222222222222223 0.0 0.0 0.6085049770395489 0.021827335998815343 0.0 0.9782587782587783
0.022222222222222223 0.0 0.0 0.6094585183001077 0.021560787798015697 0.0 0.9785153118486452
0.013333333333333334 0.06607929515418498 0.016393442622950838 0.606072698085082 0.013653191174292907 0.0 0.9864357864357864
0.013333333333333334 0.06607929515418498 0.016393442622950838 0.6055552688911822 0.013505108840515326 0.0 0.98666025332692
0.015555555555555555 0.03524229074889873 0.010928961748633892 0.5965248965083109 0.015252480379090775 0.0 0.9849286515953183
0.017777777777777778 0.017621145374449365 0.010928961748633892 0.6012918983382826 0.017444098918998962 0.0 0.9827160493827161
0.02 0.004405286343612369 0.005464480874316946 0.60223864399561 0.019161853990818895 0.0 0.980952380952381
0.022222222222222223 0.0 0.0 0.6096336702322256 0.021945801865837406 0.0 0.9781946448613116
0.022222222222222223 0.0 0.0 0.6104477970525444 0.02167925366503776 0.0 0.9784511784511785
0.013333333333333334 0.06607929515418498 0.016393442622950838 0.5857459006994611 0.013297793573226715 0.0 0.9867564534231201
0.022222222222222223 0.0 0.0 0.6130189853719267 0.021768103065304308 0.0 0.9782267115600449