0.022222222222222223 0.0 0.0 0.6228066353246954 0.022390048867170147 0.0 0.9774250440917108
0.013333333333333334 0.09691629955947134 0.049180327868852514 0.5916096204563696 0.013357026506737747 0.0 0.9867885201218535
0.022222222222222223 0.0 0.0 0.6171521805603334 0.022153117133126017 0.0 0.9778419111752445
0.015555555555555555 0.03964757709251099 0.010928961748633892 0.6014103887168902 0.015489412113134904 0.0 0.9845759179092513
0.017777777777777778 0.017621145374449365 0.005464480874316946 0.6124422576047962 0.017740263586554124 0.0 0.9822991822991823
0.02 0.004405286343612369 0.005464480874316946 0.604726720122747 0.019398785724863025 0.0 0.9805675805675806
0.022222222222222223 0.0 0.0 0.6148711784908896 0.022005034799348438 0.0 0.9779381112714446
0.022222222222222223 0.0 0.0 0.615845031969903 0.02185695246557086 0.0 0.9781305114638448
0.022222222222222223 0.0 0.0 0.6136420572127488 0.021886568932326374 0.0 0.9778739778739779
0.022222222222222223 0.0 0.0 0.6161303113238099 0.021827335998815343 0.0 0.9780022446689114
0.022222222222222223 0.0 0.0 0.61900822317231 0.021945801865837406 0.0 0.9779060445727112
0.022222222222222223 0.0 0.0 0.6190808448135591 0.021886568932326374 0.0 0.9779060445727112
0.022222222222222223 0.0 0.0 0.6134176536111522 0.021708870131793276 0.0 0.978322911656245
0.022222222222222223 0.0 0.0 0.6168840401657741 0.021975418332592922 0.0 0.977970177970178
0.022222222222222223 0.0 0.0 0.6202209226770631 0.0223011994669036 0.0 0.9776495109828444
0.022222222222222223 0.0 0.0 0.6118996701994639 0.02185695246557086 0.0 0.9781625781625782
0.022222222222222223 0.0 0.0 0.6179329587585523 0.022005034799348438 0.0 0.9778419111752445
0.022222222222222223 0.0 0.0 0.612115624027389 0.021649637198282244 0.0 0.9782587782587783
0.022222222222222223 0.0 0.0 0.6159176536111522 0.021797719532059827 0.0 0.9781305114638448
0.022222222222222223 0.0 0.0 0.6152693553054751 0.02221235006663705 0.0 0.9776815776815777
0.022222222222222223 0.0 0.0 0.6195209838321295 0.022419665333925663 0.0 0.9775853775853776
0.022222222222222223 0.0 0.0 0.613768811168192 0.021768103065304308 0.0 0.9780663780663781
0.022222222222222223 0.0 0.0 0.6110571437506424 0.02153117133126018 0.0 0.9782908449575116
0.022222222222222223 0.0 0.0 0.6176666475557085 0.022390048867170147 0.0 0.9773929773929774
0.022222222222222223 0.0 0.0 0.6118346929415043 0.02191618539908189 0.0 0.9781625781625782
0.022222222222222223 0.0 0.0 0.6187548255169516 0.022034651266103954 0.0 0.9779060445727112
0.022222222222222223 0.0 0.0 0.6136690173145282 0.0221235006663705 0.0 0.9779060445727112
0.022222222222222223 0.0 0.0 0.6164672438176051 0.021945801865837406 0.0 0.9780984447651114
0.022222222222222223 0.0 0.0 0.6189036998815123 0.02244928180068118 0.0 0.9774571107904442
0.022222222222222223 0.0 0.0 0.617158760190236 0.022093884199614985 0.0 0.9777457110790444
0.022222222222222223 0.0 0.0 0.6149042540993007 0.022093884199614985 0.0 0.9779381112714446
0.022222222222222223 0.0 0.0 0.6097292124227109 0.02167925366503776 0.0 0.9782908449575116
0.022222222222222223 0.0 0.0 0.6167932631142127 0.021797719532059827 0.0 0.9780984447651114