0.011111111111111112 0.1541850220264317 0.049180327868852514 0.6157825937392502 0.011639271434917815 0.0 0.9881673881673881
0.015555555555555555 0.06167400881057272 0.010928961748633892 0.628010385440726 0.01605212498148971 0.0 0.983934583934584
0.013333333333333334 0.09691629955947134 0.021857923497267784 0.6279242632725606 0.013949355841848067 0.0 0.9859227192560526
0.022222222222222223 0.004405286343612369 0.005464480874316946 0.610483545713164 0.02173848659854879 0.0 0.978579445246112
0.017777777777777778 0.03964757709251099 0.021857923497267784 0.5942105969181932 0.017207167184954835 0.0 0.9828443161776496
0.02 0.013215859030836996 0.010928961748633892 0.6098747996451817 0.01942840219161854 0.0 0.9807920474587142
0.017777777777777778 0.03964757709251099 0.010928961748633892 0.6024245623289188 0.01708870131793277 0.0 0.9829725829725829
0.02 0.013215859030836996 0.010928961748633892 0.5998927707712539 0.019309936324596474 0.0 0.9808561808561809
0.022222222222222223 0.004405286343612369 0.005464480874316946 0.6133599213346377 0.02147193839774915 0.0 0.9787718454385121
0.024444444444444446 0.0 0.0 0.6115481196103209 0.023456241670368725 0.0 0.9769761103094436
0.017777777777777778 0.03964757709251099 0.016393442622950838 0.6007641613264124 0.017059084851177256 0.0 0.9829725829725829
0.024444444444444446 0.0 0.0 0.6146917690465399 0.023663556937657336 0.0 0.9768799102132436
0.022222222222222223 0.004405286343612369 0.005464480874316946 0.6104444501529127 0.021768103065304308 0.0 0.9784511784511785
0.02 0.013215859030836996 0.010928961748633892 0.601870004159736 0.019546868058640605 0.0 0.9806317139650473