0.024444444444444446 0.0 0.0 0.6132045912463869 0.023515474603879757 0.0 0.9767516434183101
0.013333333333333334 0.11013215859030834 0.06557377049180324 0.5976540206725965 0.013001628905671553 0.0 0.987365720699054
0.015555555555555555 0.052863436123347984 0.005464480874316946 0.6128884887288247 0.01581519324744558 0.0 0.9843193843193844
0.017777777777777778 0.03083700440528636 0.005464480874316946 0.6106717687074829 0.01756256478602103 0.0 0.9824595157928492
0.02 0.017621145374449365 0.010928961748633892 0.6103825058288423 0.019221086924329927 0.0 0.9809203142536476
0.02 0.017621145374449365 0.010928961748633892 0.6101972489775638 0.019487635125129573 0.0 0.9806637806637807
0.022222222222222223 0.008810572687224627 0.010928961748633892 0.6086906399986896 0.020909225529394344 0.0 0.9793490460157127
0.022222222222222223 0.008810572687224627 0.010928961748633892 0.6051958033175784 0.020820376129127793 0.0 0.9795735129068462
0.022222222222222223 0.008810572687224627 0.0 0.6192110996445362 0.021827335998815343 0.0 0.978322911656245
0.022222222222222223 0.008810572687224627 0.005464480874316946 0.61235339269911 0.021797719532059827 0.0 0.9782267115600449
0.024444444444444446 0.0 0.0 0.6108205210681993 0.02342662520361321 0.0 0.9769761103094436
0.02 0.017621145374449365 0.005464480874316946 0.6199021860206071 0.02010958092699541 0.0 0.9797979797979798
0.022222222222222223 0.008810572687224627 0.005464480874316946 0.6084542489960448 0.021708870131793276 0.0 0.9784511784511785
0.024444444444444446 0.0 0.0 0.6133908188474755 0.023782022804679403 0.0 0.9764951098284432