0.02666666666666667 0.0 0.0 0.6166849561973402 0.025470161409743817 0.0 0.9745390412057079
0.017777777777777778 0.026431718061673992 0.005464480874316946 0.6270066579263284 0.01762179771953206 0.0 0.9828443161776496
0.02 0.017621145374449365 0.0 0.6180454028589993 0.019813416259440247 0.0 0.9801507134840468
0.022222222222222223 0.008810572687224627 0.0 0.6218452312698961 0.02185695246557086 0.0 0.9784832451499118
0.024444444444444446 0.004405286343612369 0.0 0.6155864096343973 0.02327854286983563 0.0 0.976911976911977
0.022222222222222223 0.008810572687224627 0.0 0.6208578363119128 0.02173848659854879 0.0 0.9785473785473786
0.024444444444444446 0.004405286343612369 0.0 0.6141173068417651 0.023308159336591146 0.0 0.977008177008177
0.024444444444444446 0.004405286343612369 0.0 0.625445141373934 0.02363394047090182 0.0 0.9765271765271766
0.022222222222222223 0.008810572687224627 0.0 0.6224602219055266 0.022005034799348438 0.0 0.9782587782587783
0.022222222222222223 0.008810572687224627 0.0 0.608148769779317 0.0213830889974826 0.0 0.978932178932179
0.024444444444444446 0.004405286343612369 0.0 0.6096991433059544 0.023011994669035984 0.0 0.9773929773929774
0.024444444444444446 0.004405286343612369 0.0 0.6412546294434841 0.023930105138456982 0.0 0.976046176046176
0.022222222222222223 0.008810572687224627 0.0 0.6226460759742496 0.0221235006663705 0.0 0.9782267115600449
0.024444444444444446 0.004405286343612369 0.0 0.6281265329098147 0.023782022804679403 0.0 0.9765592432259099
0.024444444444444446 0.004405286343612369 0.0 0.6274678451923035 0.023663556937657336 0.0 0.9766875100208434
0.024444444444444446 0.004405286343612369 0.0 0.6325421173253991 0.024048571005479046 0.0 0.9761423761423762
0.02666666666666667 0.0 0.0 0.6190501978814672 0.025559010810010364 0.0 0.9743145743145744
0.024444444444444446 0.004405286343612369 0.0 0.6294345712766766 0.023989338071968014 0.0 0.9762385762385762
0.02666666666666667 0.0 0.0 0.6167537277250901 0.024818599141122465 0.0 0.975597242263909
0.024444444444444446 0.004405286343612369 0.0 0.6174092823241432 0.023367392270102177 0.0 0.9766875100208434
0.02666666666666667 0.0 0.0 0.617937870666199 0.02499629794165556 0.0 0.9751483084816418
0.024444444444444446 0.004405286343612369 0.0 0.615027883193518 0.02318969346956908 0.0 0.9771364438031105
0.02666666666666667 0.0 0.0 0.6190696178892776 0.02517399674218866 0.0 0.9751483084816418
0.024444444444444446 0.004405286343612369 0.0 0.6148879388585273 0.023130460536058047 0.0 0.9772326438993106
0.024444444444444446 0.004405286343612369 0.0 0.628046475368457 0.024048571005479046 0.0 0.976302709636043
0.024444444444444446 0.004405286343612369 0.0 0.6323416607472335 0.024433585073300755 0.0 0.9757896424563092
0.024444444444444446 0.004405286343612369 0.0 0.622107351712615 0.023663556937657336 0.0 0.9767195767195768
0.024444444444444446 0.004405286343612369 0.0 0.6138244624312738 0.023130460536058047 0.0 0.9774250440917108