0.024444444444444446 0.0 0.0 0.6091439769380949 0.023071227602547015 0.0 0.9771685105018438
0.013333333333333334 0.09251101321585908 0.03825136612021862 0.5928478057889823 0.013238560639715681 0.0 0.987012987012987
0.024444444444444446 0.0 0.0 0.6092236621620244 0.023130460536058047 0.0 0.9775853775853776
0.015555555555555555 0.052863436123347984 0.02732240437158473 0.6042342960576044 0.015341329779357323 0.0 0.9847683181016514
0.017777777777777778 0.026431718061673992 0.005464480874316946 0.6005881502398529 0.017414482452243446 0.0 0.9827801827801828
0.02 0.008810572687224627 0.0 0.6019292249813406 0.01928031985784096 0.0 0.9812409812409812
0.022222222222222223 0.004405286343612369 0.0 0.6016850149048294 0.020790759662372277 0.0 0.9798300464967132
0.022222222222222223 0.004405286343612369 0.0 0.60945751654988 0.021205390196949503 0.0 0.9794773128106462
0.024444444444444446 0.0 0.0 0.6057324028193718 0.02327854286983563 0.0 0.977264710598044
0.024444444444444446 0.0 0.0 0.6054794866608829 0.023011994669035984 0.0 0.9774891774891775
0.02 0.008810572687224627 0.0 0.6042297249534091 0.01933955279135199 0.0 0.9811447811447812
0.022222222222222223 0.004405286343612369 0.0 0.6113509326357625 0.021353472530727086 0.0 0.9790925124258458
0.024444444444444446 0.0 0.0 0.6092260634415152 0.022863912335258404 0.0 0.977713644380311
0.022222222222222223 0.004405286343612369 0.0 0.6088346883212725 0.021412705464238117 0.0 0.9790925124258458
0.022222222222222223 0.004405286343612369 0.0 0.6109980487921666 0.021708870131793276 0.0 0.9787718454385121
0.024444444444444446 0.0 0.0 0.6146876154461295 0.023367392270102177 0.0 0.9771043771043771
0.022222222222222223 0.004405286343612369 0.0 0.6077752723521559 0.021590404264771212 0.0 0.979028379028379
0.024444444444444446 0.0 0.0 0.6073010302703521 0.023130460536058047 0.0 0.9774571107904442
0.022222222222222223 0.004405286343612369 0.0 0.6006418432502026 0.020849992595883313 0.0 0.9797338464005131
0.024444444444444446 0.0 0.0 0.6097400240251354 0.022804679401747373 0.0 0.9778098444765112
0.022222222222222223 0.004405286343612369 0.0 0.6077260406336775 0.02093884199614986 0.0 0.9796055796055796
0.024444444444444446 0.0 0.0 0.6073301918552413 0.023219309936324598 0.0 0.977360910694244
0.024444444444444446 0.0 0.0 0.6111068051315729 0.02372278987116837 0.0 0.9767516434183101
0.024444444444444446 0.0 0.0 0.6144741378332711 0.023367392270102177 0.0 0.9771364438031105
0.02 0.008810572687224627 0.0 0.6020102431060894 0.019369169258107506 0.0 0.9810165143498477
0.024444444444444446 0.0 0.0 0.6072709305111502 0.023011994669035984 0.0 0.9775212441879109
0.024444444444444446 0.0 0.0 0.6136513022581136 0.023841255738190435 0.0 0.9765592432259099
0.024444444444444446 0.0 0.0 0.6162862198001519 0.02401895453872353 0.0 0.9762065095398429
0.024444444444444446 0.0 0.0 0.6069851782517138 0.02289352880201392 0.0 0.9776815776815777
0.022222222222222223 0.004405286343612369 0.0 0.6120104518040536 0.021442321930993633 0.0 0.979028379028379
0.022222222222222223 0.004405286343612369 0.0 0.6076070791189471 0.021116540796682955 0.0 0.9795414462081129
0.022222222222222223 0.004405286343612369 0.0 0.6120639771878162 0.02147193839774915 0.0 0.9789963123296457
0.024444444444444446 0.0 0.0 0.6071361461348797 0.0230416111357915 0.0 0.9776495109828444
0.022222222222222223 0.004405286343612369 0.0 0.6127826300710719 0.021501554864504665 0.0 0.978932178932179
0.024444444444444446 0.0 0.0 0.609010048805996 0.022804679401747373 0.0 0.9778098444765112
0.024444444444444446 0.0 0.0 0.6094496616527296 0.022923145268769436 0.0 0.9777457110790444
0.022222222222222223 0.004405286343612369 0.0 0.6024654837193538 0.020968458462905376 0.0 0.9793169793169794
0.024444444444444446 0.0 0.0 0.6053760529428981 0.022952761735524952 0.0 0.9775853775853776
0.02 0.008810572687224627 0.0 0.6025069731371332 0.019221086924329927 0.0 0.9813371813371814