0.024444444444444446 0.0 0.0 0.6122698294137924 0.023219309936324598 0.0 0.9767837101170435
0.006666666666666667 0.37885462555066074 0.2513661202185792 0.6180555555555556 0.006456389752702503 0.09523809523809523 0.9934583934583935
0.006666666666666667 0.37885462555066074 0.180327868852459 0.6612200435729848 0.006634088553235599 0.04761904761904767 0.9934904601571268
0.008888888888888889 0.21145374449339205 0.07650273224043713 0.6126340155945419 0.008855323559899304 0.0 0.9910213243546577
0.017777777777777778 0.026431718061673992 0.005464480874316946 0.6051838059785318 0.01756256478602103 0.0 0.9824915824915825
0.011111111111111112 0.1674008810572687 0.04371584699453557 0.6287409700722395 0.011254257367096105 0.0 0.9890011223344557
0.015555555555555555 0.06607929515418498 0.021857923497267784 0.616793354768808 0.015104398045313194 0.0 0.984640051306718
0.015555555555555555 0.06607929515418498 0.04371584699453557 0.6046574185229646 0.014867466311269065 0.0 0.9851851851851852
0.02 0.013215859030836996 0.010928961748633892 0.6147101481918303 0.01957648452539612 0.0 0.9806637806637807
0.02 0.013215859030836996 0.005464480874316946 0.6072615669074648 0.019458018658374057 0.0 0.9807920474587142
0.022222222222222223 0.004405286343612369 0.005464480874316946 0.6067155161659806 0.021175773730193987 0.0 0.979028379028379
0.022222222222222223 0.004405286343612369 0.0 0.6216641549407289 0.02185695246557086 0.0 0.9782267115600449
0.022222222222222223 0.004405286343612369 0.0 0.621533053767316 0.022005034799348438 0.0 0.9780343113676447
0.024444444444444446 0.0 0.0 0.6155401710432673 0.023456241670368725 0.0 0.9765913099246433
0.024444444444444446 0.0 0.0 0.6109674759365162 0.023308159336591146 0.0 0.9767516434183101
0.022222222222222223 0.004405286343612369 0.0 0.6255094708448684 0.021975418332592922 0.0 0.9781305114638448
0.024444444444444446 0.0 0.0 0.6152233808503159 0.023989338071968014 0.0 0.9759820426487094
0.024444444444444446 0.0 0.0 0.6191377456392937 0.02381163927143492 0.0 0.9761744428411095
0.024444444444444446 0.0 0.0 0.6152831112815633 0.02372278987116837 0.0 0.9762385762385762
0.024444444444444446 0.0 0.0 0.6152637223457658 0.023782022804679403 0.0 0.9762385762385762
0.024444444444444446 0.0 0.0 0.615232762593444 0.023604324004146304 0.0 0.976302709636043
0.024444444444444446 0.0 0.0 0.6165465975373097 0.023782022804679403 0.0 0.9762385762385762
0.024444444444444446 0.0 0.0 0.6152448806783174 0.023604324004146304 0.0 0.9764630431297098
0.022222222222222223 0.004405286343612369 0.005464480874316946 0.6088298433783471 0.02147193839774915 0.0 0.9787077120410453
0.02 0.013215859030836996 0.005464480874316946 0.6118886029070497 0.019754183325929216 0.0 0.9804713804713805
0.024444444444444446 0.0 0.0 0.6154679316211825 0.023930105138456982 0.0 0.9761103094436429
0.013333333333333334 0.10132158590308371 0.05464480874316935 0.5987410519763461 0.012764697171627424 0.0 0.9869488536155203