0.024444444444444446 0.0 0.0 0.6145242494004105 0.023782022804679403 0.0 0.9763989097322431
0.024444444444444446 0.0 0.0 0.6115313338505007 0.023248926403080114 0.0 0.9771685105018438
0.017777777777777778 0.03524229074889873 0.005464480874316946 0.6029469665734039 0.01762179771953206 0.0 0.9824915824915825
0.02 0.008810572687224627 0.005464480874316946 0.6011695888534124 0.01919147045757441 0.0 0.9808561808561809
0.022222222222222223 0.004405286343612369 0.005464480874316946 0.6149116779715336 0.021708870131793276 0.0 0.9781946448613116
0.024444444444444446 0.0 0.0 0.6130019220857951 0.023160077002813563 0.0 0.9770402437069104
0.017777777777777778 0.03524229074889873 0.016393442622950838 0.604620793999111 0.01762179771953206 0.0 0.9825877825877826
0.024444444444444446 0.0 0.0 0.6151312258433003 0.023930105138456982 0.0 0.9762065095398429
0.022222222222222223 0.004405286343612369 0.005464480874316946 0.6062879059937886 0.021175773730193987 0.0 0.9789642456309123
0.024444444444444446 0.0 0.0 0.6186068541022103 0.02401895453872353 0.0 0.9759820426487094
0.017777777777777778 0.03524229074889873 0.016393442622950838 0.6102176616260538 0.017710647119798608 0.0 0.982363315696649
0.024444444444444446 0.0 0.0 0.6113509706980015 0.023515474603879757 0.0 0.9768157768157768
0.024444444444444446 0.0 0.0 0.6217631963839395 0.023959721605212498 0.0 0.9759820426487094
0.022222222222222223 0.004405286343612369 0.005464480874316946 0.6136776833990458 0.02167925366503776 0.0 0.9784511784511785
0.024444444444444446 0.0 0.0 0.6151312258433003 0.023841255738190435 0.0 0.9763989097322431
0.024444444444444446 0.0 0.0 0.6128487379493572 0.023930105138456982 0.0 0.9762065095398429
0.024444444444444446 0.0 0.0 0.6219077534093015 0.02416703687250111 0.0 0.9757255090588424
0.022222222222222223 0.004405286343612369 0.0 0.6095399915033559 0.02114615726343847 0.0 0.9790925124258458
0.013333333333333334 0.09251101321585908 0.021857923497267784 0.6172999082674004 0.013919739375092551 0.0 0.9859868526535194
0.015555555555555555 0.052863436123347984 0.005464480874316946 0.6022979952214802 0.015637494446912484 0.0 0.9843835177168511
0.024444444444444446 0.0 0.0 0.6182338688143644 0.023663556937657336 0.0 0.9764309764309764
0.022222222222222223 0.004405286343612369 0.0 0.6101061462903571 0.02132385606397157 0.0 0.9787077120410455