0.024444444444444446 0.0 0.0 0.6160961988101028 0.02401895453872353 0.0 0.9764630431297098
0.013333333333333334 0.11013215859030834 0.04371584699453557 0.582008240297714 0.012705464238116393 0.0 0.9874939874939875
0.024444444444444446 0.0 0.0 0.6161670661952117 0.023841255738190435 0.0 0.9764951098284432
0.015555555555555555 0.07048458149779735 0.02732240437158473 0.5990952760689602 0.015104398045313194 0.0 0.9850248516915183
0.017777777777777778 0.04405286343612336 0.010928961748633892 0.6085293726741096 0.01776988005330964 0.0 0.9822991822991823
0.02 0.022026431718061623 0.010928961748633892 0.6101297603039092 0.019813416259440247 0.0 0.980246913580247
0.022222222222222223 0.008810572687224627 0.005464480874316946 0.6181860809182793 0.02173848659854879 0.0 0.9784191117524451
0.02 0.022026431718061623 0.016393442622950838 0.608132665169559 0.01951725159188509 0.0 0.9804393137726471
0.024444444444444446 0.0 0.0 0.6209656362182397 0.02381163927143492 0.0 0.9762706429373096
0.022222222222222223 0.008810572687224627 0.010928961748633892 0.6151870391963274 0.02129423959721605 0.0 0.9787718454385121
0.022222222222222223 0.008810572687224627 0.005464480874316946 0.6191304079668376 0.021827335998815343 0.0 0.9781946448613116
0.017777777777777778 0.04405286343612336 0.032786885245901676 0.5947354104198421 0.016881386050644157 0.0 0.9834215167548501
0.02 0.022026431718061623 0.016393442622950838 0.6014496917102697 0.019398785724863025 0.0 0.9808561808561809
0.017777777777777778 0.04405286343612336 0.016393442622950838 0.6033216654346686 0.017355249518732414 0.0 0.9829084495751162
0.024444444444444446 0.0 0.0 0.6181166800488503 0.024196653339256628 0.0 0.9760141093474427
0.022222222222222223 0.008810572687224627 0.005464480874316946 0.6181860809182793 0.021945801865837406 0.0 0.9782587782587783
0.024444444444444446 0.0 0.0 0.616061642722915 0.02425588627276766 0.0 0.9760782427449094
0.022222222222222223 0.008810572687224627 0.010928961748633892 0.6163066956359012 0.021353472530727086 0.0 0.9788359788359788
0.022222222222222223 0.008810572687224627 0.010928961748633892 0.6117049890063307 0.02153117133126018 0.0 0.9788680455347122
0.024444444444444446 0.0 0.0 0.6162276213950857 0.024107803938990077 0.0 0.9762385762385762
0.024444444444444446 0.0 0.0 0.6142499499437301 0.023900488671701466 0.0 0.9765271765271766