0.014705882352941176 0.679245283018868 0.2666666666666667 1.0 0.01723147616312464 0.1428571428571429 0.9797446059004844
0.08823529411764706 0.0 0.0 0.5685148185148186 0.08788052843193567 0.0 0.9125935711140467
0.08823529411764706 0.0 0.0 0.5703185703185703 0.08788052843193567 0.0 0.9125935711140467
0.014705882352941176 0.679245283018868 0.4 1.0 0.018954623779437105 0.2142857142857143 0.9834874504623514
0.029411764705882353 0.39622641509433965 0.07999999999999996 0.5714285714285714 0.03331418724870764 0.0 0.9656538969616909
0.04411764705882353 0.21698113207547165 0.040000000000000036 0.5512820512820512 0.04623779437105112 0.0 0.9513430206957287
0.058823529411764705 0.07547169811320753 0.026666666666666616 0.5395299145299145 0.05973578403216542 0.0 0.9390136503742844
0.07352941176470588 0.028301886792452824 0.0 0.5730186480186481 0.07639287765651924 0.0 0.924922941435491
0.07352941176470588 0.028301886792452824 0.0 0.5646270396270395 0.07352096496266514 0.0 0.9273447820343461
0.029411764705882353 0.39622641509433965 0.12 0.5 0.032739804709936815 0.0 0.9665345662703655
0.08823529411764706 0.0 0.0 0.5804195804195803 0.09075244112578977 0.0 0.9101717305151915