0,0.0
0,0.0
0,0.0
0,0.0
0,0.0
4,0.36363636363636365
0,0.0
0,0.0
0,0.0
0,0.0
0,0.0
3,0.2727272727272727
0,0.0
0,0.0
0,0.0
0,0.0
0,0.0
0,0.0
0,0.0
0,0.0
2,0.18181818181818182
0,0.0
4,0.36363636363636365
2,0.18181818181818182
0,0.0
0,0.0
0,0.0
0,0.0
4,0.36363636363636365
0,0.0
0,0.0
0,0.0
0,0.0
0,0.0
0,0.0
0,0.0
0,0.0
0,0.0
1,0.09090909090909091
2,0.18181818181818182
0,0.0
0,0.0
0,0.0
0,0.0
0,0.0
0,0.0
0,0.0
0,0.0
0,0.0
0,0.0
0,0.0
0,0.0
1,0.09090909090909091
0,0.0
0,0.0
0,0.0
0,0.0
1,0.09090909090909091
0,0.0
3,0.2727272727272727
3,0.2727272727272727
1,0.09090909090909091
0,0.0
0,0.0
2,0.18181818181818182
1,0.09090909090909091
1,0.09090909090909091
2,0.18181818181818182
