0,0.0
0,0.0
0,0.0
0,0.0
2,0.18181818181818182
0,0.0
0,0.0
0,0.0
0,0.0
2,0.18181818181818182
0,0.0
2,0.18181818181818182
0,0.0
0,0.0
0,0.0
0,0.0
2,0.18181818181818182
3,0.2727272727272727
0,0.0
0,0.0
2,0.18181818181818182
0,0.0
0,0.0
0,0.0
0,0.0
0,0.0
0,0.0
0,0.0
0,0.0
0,0.0
0,0.0
0,0.0
0,0.0
0,0.0
6,0.5454545454545454
2,0.18181818181818182
0,0.0
0,0.0
0,0.0
3,0.2727272727272727
0,0.0
0,0.0
0,0.0
0,0.0
0,0.0
0,0.0
0,0.0
0,0.0
0,0.0
0,0.0
0,0.0
0,0.0
0,0.0
1,0.09090909090909091
0,0.0
0,0.0
0,0.0
6,0.5454545454545454
0,0.0
0,0.0
0,0.0
6,0.5454545454545454
0,0.0
0,0.0
2,0.18181818181818182
0,0.0
2,0.18181818181818182
0,0.0
